Date,Open,High,Low,Close,Volume,OpenInt
20050225,6.24,6.5,6.24,6.47,39000,0
20050228,6.47,6.57,6.44,6.57,24300,0
20050301,6.6,6.61,6.57,6.58,16700,0
20050302,6.58,6.61,6.49,6.54,16800,0
20050303,6.56,6.59,6.52,6.55,19600,0
20050304,6.59,6.62,6.57,6.6,13000,0
20050307,6.51,6.6,6.49,6.6,30000,0
20050308,6.58,6.59,6.51,6.58,11300,0
20050309,6.57,6.57,6.53,6.55,8700,0
20050310,6.52,6.52,6.45,6.47,5800,0
20050311,6.49,6.52,6.47,6.5,14100,0
20050314,6.55,6.55,6.39,6.42,13500,0
20050315,6.37,6.37,6.16,6.3,58000,0
20050316,6.29,6.32,6.14,6.18,43000,0
20050317,6.15,6.24,6.13,6.2,17500,0
20050318,6.27,6.27,6.19,6.19,8200,0
20050321,6.2,6.2,6.13,6.13,6900,0
20050322,6.16,6.16,6.1,6.1,23000,0
20050323,6.11,6.11,5.96,5.97,39700,0
20050324,6,6.12,6,6.1,20500,0
20050328,6.08,6.16,6.06,6.1,10100,0
20050329,6.06,6.07,5.82,5.93,22600,0
20050330,5.9,5.92,5.82,5.91,26500,0
20050331,5.92,5.99,5.91,5.98,25200,0
20050401,6.02,6.05,5.96,5.98,11200,0
20050404,5.93,5.98,5.92,5.93,17000,0
20050405,5.96,5.99,5.93,5.98,8800,0
20050406,6,6.1,6,6,23900,0
20050407,6,6.06,6,6.04,10700,0
20050408,6.08,6.1,6,6,14200,0
20050411,5.91,6.02,5.9,5.96,67500,0
20050412,5.96,5.98,5.95,5.98,6700,0
20050413,6.02,6.06,6,6,37100,0
20050414,5.96,5.96,5.88,5.96,11900,0
20050415,5.84,5.84,5.72,5.73,16200,0
20050418,5.71,5.73,5.67,5.71,14600,0
20050419,5.75,5.82,5.75,5.82,9100,0
20050420,5.86,5.86,5.76,5.78,19200,0
20050421,5.74,5.88,5.74,5.86,13800,0
20050422,5.87,5.87,5.81,5.82,29300,0
20050425,5.84,5.87,5.8,5.81,57200,0
20050426,5.85,5.85,5.8,5.8,13000,0
20050427,5.75,5.78,5.74,5.75,8300,0
20050428,5.76,5.79,5.74,5.75,14800,0
20050429,5.73,5.77,5.73,5.77,12200,0
20050502,5.78,5.84,5.77,5.8,12500,0
20050503,5.86,5.86,5.84,5.84,12000,0
20050504,5.84,5.92,5.84,5.92,13400,0
20050505,5.91,6.02,5.91,5.94,9700,0
20050506,5.96,6,5.96,5.96,8900,0
20050509,5.97,6,5.96,5.99,7100,0
20050510,6,6.02,5.91,5.91,7800,0
20050511,5.94,5.94,5.91,5.94,4000,0
20050512,5.9,5.94,5.88,5.88,4300,0
20050513,5.86,5.86,5.8,5.83,7400,0
20050516,5.86,5.86,5.8,5.82,6100,0
20050517,5.8,5.86,5.75,5.86,10700,0
20050518,5.86,5.94,5.86,5.92,28800,0
20050519,5.96,5.98,5.91,5.91,10700,0
20050520,5.93,5.93,5.88,5.88,8300,0
20050523,5.88,5.92,5.86,5.9,11600,0
20050524,5.91,5.92,5.89,5.91,25500,0
20050525,5.92,5.92,5.88,5.89,9500,0
20050526,5.88,5.96,5.88,5.95,13600,0
20050527,5.98,6.04,5.95,6.03,29600,0
20050531,6.04,6.1,5.97,6,32600,0
20050601,5.98,6.06,5.98,6.06,19500,0
20050602,6.06,6.1,6.04,6.06,10800,0
20050603,6.08,6.08,6.06,6.08,23400,0
20050606,6.08,6.1,6.07,6.07,28100,0
20050607,6.08,6.08,6.02,6.06,11800,0
20050608,6.09,6.11,6.09,6.09,14300,0
20050609,6.08,6.08,6.04,6.04,12700,0
20050610,6.08,6.12,6.05,6.1,17700,0
20050613,6.09,6.14,6.06,6.08,27100,0
20050614,6.05,6.1,6.05,6.06,23700,0
20050615,6.08,6.16,6.06,6.13,26400,0
20050616,6.14,6.15,6.09,6.14,10800,0
20050617,6.12,6.18,6.1,6.16,28100,0
20050620,6.16,6.16,6.11,6.11,18400,0
20050621,6.13,6.15,6.11,6.11,4500,0
20050622,6.14,6.21,6.14,6.15,15000,0
20050623,6.19,6.22,6.18,6.2,37700,0
20050624,6.17,6.21,6.17,6.21,6100,0
20050627,6.2,6.26,6.18,6.18,14900,0
20050628,6.2,6.24,6.18,6.21,11000,0
20050629,6.24,6.24,6.22,6.24,9700,0
20050630,6.24,6.24,6.2,6.22,2600,0
20050701,6.2,6.21,6.18,6.2,2600,0
20050705,6.21,6.24,6.19,6.22,11300,0
20050706,6.2,6.21,6.15,6.17,11300,0
20050707,6.16,6.16,6.12,6.12,14200,0
20050708,6.16,6.16,6.12,6.13,18300,0
20050711,6.22,6.24,6.19,6.22,11600,0
20050712,6.24,6.27,6.24,6.26,12900,0
20050713,6.31,6.31,6.27,6.27,10000,0
20050714,6.3,6.33,6.3,6.32,4900,0
20050715,6.31,6.34,6.3,6.34,7600,0
20050718,6.37,6.39,6.33,6.35,18200,0
20050719,6.37,6.38,6.35,6.38,8900,0
20050720,6.35,6.37,6.34,6.37,8600,0
20050721,6.4,6.47,6.4,6.47,20800,0
20050722,6.45,6.46,6.41,6.44,16700,0
20050725,6.43,6.52,6.43,6.49,31100,0
20050726,6.41,6.48,6.41,6.46,32800,0
20050727,6.47,6.49,6.44,6.44,11200,0
20050728,6.42,6.51,6.42,6.51,23300,0
20050729,6.51,6.53,6.48,6.49,9800,0
20050801,6.52,6.53,6.47,6.5,13200,0
20050802,6.56,6.65,6.56,6.65,45200,0
20050803,6.69,6.71,6.67,6.71,53700,0
20050804,6.71,6.73,6.7,6.73,40800,0
20050805,6.65,6.7,6.65,6.66,20100,0
20050808,6.58,6.63,6.55,6.56,28300,0
20050809,6.55,6.61,6.55,6.59,28500,0
20050810,6.62,6.69,6.62,6.67,20400,0
20050811,6.68,6.72,6.68,6.7,40200,0
20050812,6.69,6.69,6.64,6.64,29900,0
20050815,6.8,6.81,6.73,6.8,59600,0
20050816,6.76,6.77,6.72,6.73,23500,0
20050817,6.69,6.69,6.66,6.67,25900,0
20050818,6.65,6.65,6.59,6.61,19900,0
20050819,6.58,6.61,6.52,6.55,8300,0
20050822,6.54,6.55,6.5,6.52,34000,0
20050823,6.52,6.56,6.51,6.55,13600,0
20050824,6.52,6.53,6.49,6.49,14600,0
20050825,6.49,6.53,6.49,6.49,9600,0
20050826,6.5,6.5,6.49,6.49,5200,0
20050829,6.48,6.48,6.41,6.41,8300,0
20050830,6.44,6.44,6.29,6.31,24500,0
20050831,6.29,6.32,6.28,6.31,48200,0
20050901,6.31,6.39,6.31,6.37,52400,0
20050902,6.41,6.44,6.41,6.44,13700,0
20050906,6.39,6.46,6.39,6.45,36800,0
20050907,6.47,6.5,6.47,6.5,12300,0
20050908,6.49,6.51,6.47,6.49,29400,0
20050909,6.49,6.5,6.49,6.5,83200,0
20050912,6.51,6.52,6.48,6.49,34300,0
20050913,6.47,6.47,6.42,6.46,52400,0
20050914,6.47,6.49,6.47,6.48,16400,0
20050915,6.47,6.51,6.45,6.47,11200,0
20050916,6.49,6.53,6.49,6.53,13800,0
20050919,6.53,6.53,6.49,6.5,11500,0
20050920,6.54,6.6,6.54,6.55,36500,0
20050921,6.54,6.55,6.51,6.53,10800,0
20050922,6.51,6.51,6.47,6.47,14200,0
20050923,6.46,6.49,6.32,6.34,20600,0
20050926,6.42,6.45,6.38,6.42,42000,0
20050927,6.39,6.44,6.36,6.38,20700,0
20050928,6.44,6.45,6.42,6.43,12500,0
20050929,6.48,6.55,6.47,6.49,41500,0
20050930,6.55,6.65,6.53,6.62,46600,0
20051003,6.62,6.62,6.51,6.6,23600,0
20051004,6.6,6.67,6.59,6.62,30600,0
20051005,6.59,6.59,6.51,6.51,43600,0
20051006,6.47,6.47,6.35,6.35,19600,0
20051007,6.38,6.39,6.37,6.39,40800,0
20051010,6.42,6.45,6.4,6.4,40100,0
20051011,6.44,6.46,6.42,6.44,16300,0
20051012,6.39,6.39,6.32,6.32,21300,0
20051013,6.29,6.31,6.14,6.18,48200,0
20051014,6.18,6.24,6.18,6.24,27200,0
20051017,6.26,6.27,6.24,6.25,3500,0
20051018,6.24,6.25,6.19,6.19,11800,0
20051019,6.11,6.11,5.95,6.09,39500,0
20051020,6.06,6.08,6.04,6.04,15900,0
20051021,6.04,6.04,5.99,6,23100,0
20051024,5.99,6.06,5.98,6.04,16700,0
20051025,6.07,6.08,6.04,6.05,11800,0
20051026,6.06,6.11,6.04,6.07,8100,0
20051027,6.04,6.04,5.99,5.99,14900,0
20051028,5.95,6,5.94,6,20700,0
20051031,6.1,6.12,6.04,6.08,30700,0
20051101,6.14,6.16,6.08,6.15,25600,0
20051102,6.16,6.21,6.16,6.21,16900,0
20051103,6.23,6.23,6.15,6.15,4500,0
20051104,6.19,6.22,6.18,6.18,22500,0
20051107,6.16,6.18,6.16,6.18,7700,0
20051108,6.19,6.21,6.16,6.16,16700,0
20051109,6.21,6.26,6.21,6.21,10800,0
20051110,6.24,6.26,6.22,6.26,7000,0
20051111,6.33,6.33,6.32,6.33,5900,0
20051114,6.25,6.34,6.25,6.31,11600,0
20051115,6.28,6.32,6.27,6.29,11800,0
20051116,6.31,6.36,6.29,6.29,7100,0
20051117,6.33,6.37,6.3,6.33,10300,0
20051118,6.35,6.39,6.33,6.37,21400,0
20051121,6.4,6.42,6.35,6.37,14600,0
20051122,6.35,6.35,6.33,6.34,6100,0
20051123,6.39,6.4,6.39,6.4,6800,0
20051125,6.41,6.43,6.41,6.42,1600,0
20051128,6.45,6.52,6.45,6.45,28600,0
20051129,6.39,6.44,6.39,6.41,15000,0
20051130,6.45,6.47,6.44,6.45,49300,0
20051201,6.47,6.53,6.47,6.53,28000,0
20051202,6.54,6.6,6.54,6.55,5500,0
20051205,6.55,6.58,6.55,6.55,30000,0
20051206,6.57,6.64,6.56,6.6,21500,0
20051207,6.63,6.67,6.62,6.66,30100,0
20051208,6.65,6.66,6.58,6.6,11200,0
20051209,6.6,6.65,6.6,6.64,7400,0
20051212,6.64,6.74,6.64,6.72,22600,0
20051213,6.74,6.8,6.71,6.72,14700,0
20051214,6.73,6.8,6.73,6.77,11500,0
20051215,6.74,6.77,6.73,6.73,13500,0
20051216,6.73,6.78,6.7,6.7,10900,0
20051219,6.74,6.79,6.74,6.76,17700,0
20051220,6.78,6.81,6.78,6.81,13200,0
20051221,6.82,6.92,6.82,6.91,13600,0
20051222,6.83,6.89,6.83,6.89,16400,0
20051223,6.9,6.92,6.89,6.91,5600,0
20051227,6.92,6.93,6.9,6.9,9500,0
20051228,6.95,6.96,6.88,6.93,19700,0
20051229,7.01,7.09,7.01,7.02,24100,0
20051230,7.01,7.04,6.97,7.01,16000,0
20060103,7.18,7.26,7.01,7.25,37200,0
20060104,7.26,7.58,7.26,7.57,36500,0
20060105,7.59,7.6,7.51,7.54,41800,0
20060106,7.6,7.6,7.55,7.56,41800,0
20060109,7.56,7.73,7.54,7.72,64900,0
20060110,7.68,7.69,7.54,7.62,44800,0
20060111,7.66,7.66,7.6,7.64,41700,0
20060112,7.68,7.7,7.56,7.56,25600,0
20060113,7.7,7.7,7.61,7.63,18800,0
20060117,7.59,7.6,7.42,7.48,88100,0
20060118,7.4,7.4,7.33,7.33,19000,0
20060119,7.37,7.54,7.37,7.52,57200,0
20060120,7.5,7.52,7.4,7.4,22000,0
20060123,7.36,7.36,7.23,7.27,54600,0
20060124,7.31,7.42,7.31,7.42,29200,0
20060125,7.45,7.51,7.43,7.49,24200,0
20060126,7.62,7.7,7.6,7.7,17700,0
20060127,7.76,7.81,7.76,7.81,16600,0
20060130,7.78,7.85,7.78,7.85,13600,0
20060131,7.84,7.86,7.83,7.86,17800,0
20060201,7.85,7.85,7.79,7.81,16500,0
20060202,7.81,7.93,7.7,7.71,33200,0
20060203,7.68,7.68,7.43,7.48,58900,0
20060206,7.54,7.58,7.53,7.58,56700,0
20060207,7.59,7.7,7.59,7.65,33800,0
20060208,7.57,7.58,7.51,7.57,16000,0
20060209,7.59,7.65,7.59,7.62,19700,0
20060210,7.61,7.64,7.57,7.64,15000,0
20060213,7.64,7.64,7.49,7.49,12400,0
20060214,7.56,7.64,7.54,7.58,19400,0
20060215,7.59,7.62,7.49,7.5,20600,0
20060216,7.59,7.64,7.56,7.62,10500,0
20060217,7.64,7.66,7.56,7.59,12500,0
20060221,7.65,7.78,7.62,7.71,25900,0
20060222,7.75,7.75,7.68,7.68,6700,0
20060223,7.72,7.75,7.69,7.75,7400,0
20060224,7.75,7.85,7.72,7.83,14600,0
20060227,7.81,7.87,7.79,7.85,17600,0
20060228,7.77,7.8,7.7,7.7,10400,0
20060301,7.72,7.81,7.7,7.7,9300,0
20060302,7.73,7.77,7.71,7.71,8900,0
20060303,7.67,7.69,7.65,7.68,6700,0
20060306,7.75,7.81,7.74,7.75,16300,0
20060307,7.67,7.67,7.54,7.54,33200,0
20060308,7.45,7.47,7.39,7.4,60300,0
20060309,7.4,7.51,7.4,7.46,19400,0
20060310,7.5,7.57,7.49,7.55,19600,0
20060313,7.72,7.73,7.62,7.64,17600,0
20060314,7.63,7.63,7.52,7.59,16900,0
20060315,7.62,7.67,7.6,7.67,3800,0
20060316,7.61,7.7,7.61,7.62,10000,0
20060317,7.67,7.67,7.62,7.63,12900,0
20060320,7.66,7.78,7.66,7.76,6300,0
20060321,7.72,7.73,7.62,7.64,14400,0
20060322,7.57,7.59,7.52,7.57,16300,0
20060323,7.55,7.56,7.43,7.45,33500,0
20060324,7.45,7.56,7.45,7.52,24800,0
20060327,7.54,7.66,7.54,7.6,31400,0
20060328,7.56,7.6,7.49,7.56,31300,0
20060329,7.59,7.65,7.56,7.56,14800,0
20060330,7.63,7.7,7.62,7.68,20100,0
20060331,7.72,7.76,7.68,7.76,15400,0
20060403,7.81,7.94,7.81,7.94,43500,0
20060404,8.08,8.19,8,8.19,58900,0
20060405,8.21,8.29,8.21,8.27,44100,0
20060406,8.29,8.35,8.24,8.24,25500,0
20060407,8.27,8.32,8.21,8.23,14000,0
20060410,8.27,8.31,8.24,8.28,15100,0
20060411,8.29,8.29,8.09,8.09,26300,0
20060412,8.05,8.23,8.05,8.23,14900,0
20060413,8.23,8.35,8.2,8.34,13700,0
20060417,8.33,8.42,8.33,8.39,16600,0
20060418,8.41,8.76,8.41,8.76,9700,0
20060419,8.77,8.87,8.74,8.86,33100,0
20060420,8.78,8.86,8.72,8.86,19700,0
20060421,8.97,8.99,8.81,8.88,24200,0
20060424,8.84,8.85,8.63,8.76,22500,0
20060425,8.82,8.86,8.58,8.62,32900,0
20060426,8.66,8.76,8.65,8.76,15500,0
20060427,8.7,8.91,8.7,8.84,18000,0
20060428,8.76,8.85,8.7,8.85,48100,0
20060501,8.78,9.05,8.78,8.95,20700,0
20060502,8.96,9.13,8.96,9.13,16600,0
20060503,9.24,9.34,9.12,9.33,36100,0
20060504,9.35,9.49,9.29,9.46,45100,0
20060505,9.53,9.58,9.5,9.57,29900,0
20060508,9.59,9.75,9.59,9.7,29500,0
20060509,9.65,9.71,9.6,9.65,29300,0
20060510,9.72,9.83,9.69,9.79,62700,0
20060511,9.84,10.01,9.77,9.78,71800,0
20060512,9.63,9.64,9.38,9.48,56400,0
20060515,9.46,9.46,8.74,8.85,54900,0
20060516,8.84,9.03,8.83,9.03,26700,0
20060517,8.99,9.3,8.91,8.95,56500,0
20060518,8.86,9.02,8.7,8.84,39800,0
20060519,8.91,8.91,8.7,8.82,20900,0
20060522,8.72,8.72,7.98,8.1,129900,0
20060523,8.19,8.51,8.19,8.41,67300,0
20060524,8.23,8.23,7.85,8.06,53600,0
20060525,8.06,8.25,8.05,8.19,36000,0
20060526,8.19,8.34,8.13,8.3,29900,0
20060530,8.02,8.17,7.81,7.81,60200,0
20060531,7.92,7.98,7.72,7.73,45400,0
20060601,7.77,7.98,7.72,7.97,60600,0
20060602,8.11,8.18,8.08,8.13,23300,0
20060605,8.09,8.09,7.89,7.89,13000,0
20060606,8.1,8.13,7.88,7.91,30700,0
20060607,7.88,7.97,7.87,7.89,21900,0
20060608,7.78,7.78,7.45,7.51,77500,0
20060609,7.6,7.64,7.39,7.43,33400,0
20060612,7.32,7.37,7.14,7.14,56200,0
20060613,6.92,7.01,6.91,6.92,60800,0
20060614,6.97,7.07,6.94,7.07,27100,0
20060615,7.22,7.49,7.22,7.49,34900,0
20060616,7.52,7.58,7.47,7.55,16500,0
20060619,7.56,7.57,7.39,7.45,29900,0
20060620,7.46,7.49,7.26,7.41,11400,0
20060621,7.4,7.57,7.39,7.57,12500,0
20060622,7.6,7.62,7.39,7.43,13800,0
20060623,7.42,7.54,7.41,7.51,13200,0
20060626,7.52,7.53,7.45,7.52,6900,0
20060627,7.49,7.59,7.47,7.47,15600,0
20060628,7.43,7.51,7.43,7.47,8100,0
20060629,7.62,7.81,7.6,7.79,26100,0
20060630,7.97,7.98,7.75,7.98,40500,0
20060703,8.04,8.1,8.02,8.06,13200,0
20060705,8.06,8.08,8.02,8.08,36600,0
20060706,8.13,8.15,8.06,8.06,3700,0
20060707,8.1,8.2,8.1,8.13,17200,0
20060710,8.08,8.12,8.02,8.02,21500,0
20060711,8.17,8.17,7.91,8.02,13700,0
20060712,8.03,8.1,8.03,8.08,10400,0
20060713,8.02,8.02,7.77,7.81,21600,0
20060714,7.47,7.68,7.46,7.53,31700,0
20060717,7.47,7.54,7.4,7.43,24800,0
20060718,7.51,7.51,7.28,7.35,41600,0
20060719,7.37,7.72,7.37,7.67,26200,0
20060720,7.89,7.91,7.67,7.75,30600,0
20060721,7.68,7.77,7.68,7.68,15400,0
20060724,7.72,7.83,7.7,7.83,30300,0
20060725,7.87,7.89,7.7,7.77,48000,0
20060726,7.79,7.79,7.73,7.73,33800,0
20060727,7.79,7.89,7.78,7.85,21600,0
20060728,7.89,7.98,7.86,7.96,11800,0
20060731,7.97,7.99,7.79,7.91,8400,0
20060801,8,8.02,7.81,7.87,15400,0
20060802,7.91,7.94,7.85,7.9,12300,0
20060803,7.81,7.87,7.77,7.87,5500,0
20060804,7.91,7.96,7.89,7.94,12800,0
20060807,7.85,7.94,7.85,7.94,6500,0
20060808,7.9,7.94,7.89,7.89,11800,0
20060809,7.94,8.1,7.94,8.02,24700,0
20060810,8.04,8.08,7.87,8,13100,0
20060811,8,8.06,7.89,7.94,11700,0
20060814,8,8.06,7.87,7.94,36700,0
20060815,8.02,8.1,8.02,8.09,19100,0
20060816,8.13,8.23,8.11,8.15,27700,0
20060817,8.15,8.23,8.1,8.19,12000,0
20060818,8.28,8.29,8.15,8.17,7800,0
20060821,8.06,8.08,7.89,8,14900,0
20060822,8.04,8.13,8.03,8.1,5300,0
20060823,7.94,8,7.86,7.86,21500,0
20060824,7.87,8.1,7.87,8.02,13200,0
20060825,8.02,8.02,7.89,7.91,12300,0
20060828,7.91,8.11,7.89,8.06,30100,0
20060829,8.08,8.08,7.9,7.97,25700,0
20060830,8.02,8.06,7.96,8.02,72200,0
20060831,8.05,8.1,8,8.04,24700,0
20060901,8.04,8.1,8.04,8.05,29400,0
20060905,8.1,8.15,8.08,8.1,57700,0
20060906,8.06,8.11,8.02,8.04,15800,0
20060907,8.02,8.06,8,8.01,11500,0
20060908,8.08,8.13,8.08,8.09,14700,0
20060911,8.09,8.09,8.02,8.02,16600,0
20060912,8.09,8.1,8.05,8.09,15200,0
20060913,8.09,8.16,8.08,8.15,19000,0
20060914,8.13,8.13,8.06,8.07,13100,0
20060915,8.1,8.14,8.07,8.1,9100,0
20060918,8.21,8.28,8.2,8.24,16500,0
20060919,8.24,8.28,8.22,8.22,26300,0
20060920,8.28,8.33,8.25,8.32,10400,0
20060921,8.37,8.38,8.32,8.32,8700,0
20060922,8.27,8.31,8.21,8.25,43600,0
20060925,8.23,8.32,8.23,8.28,26500,0
20060926,8.28,8.32,8.25,8.27,18600,0
20060927,8.3,8.33,8.27,8.32,18400,0
20060928,8.36,8.38,8.34,8.38,42700,0
20060929,8.35,8.4,8.35,8.4,7200,0
20061002,8.29,8.43,8.29,8.39,25100,0
20061003,8.37,8.42,8.36,8.38,11900,0
20061004,8.36,8.43,8.33,8.42,12600,0
20061005,8.48,8.57,8.48,8.56,12000,0
20061006,8.53,8.64,8.47,8.55,48100,0
20061009,8.49,8.49,8.29,8.37,59600,0
20061010,8.37,8.39,8.34,8.34,69600,0
20061011,8.34,8.36,8.31,8.33,21600,0
20061012,8.33,8.4,8.32,8.37,13700,0
20061013,8.42,8.53,8.42,8.51,26500,0
20061016,8.5,8.6,8.5,8.59,15000,0
20061017,8.59,8.6,8.47,8.53,49100,0
20061018,8.53,8.65,8.48,8.58,17000,0
20061019,8.53,8.55,8.48,8.51,20300,0
20061020,8.58,8.7,8.58,8.65,25400,0
20061023,8.62,8.74,8.62,8.73,13600,0
20061024,8.67,8.76,8.66,8.72,13700,0
20061025,8.94,8.94,8.8,8.83,43800,0
20061026,8.86,8.86,8.82,8.86,29000,0
20061027,8.9,8.97,8.82,8.83,21800,0
20061030,8.77,8.94,8.74,8.93,11600,0
20061031,8.86,9.11,8.86,9.11,15300,0
20061101,9.16,9.24,8.95,9.1,15900,0
20061102,9.1,9.14,8.99,9.03,17000,0
20061103,9.05,9.27,9.05,9.13,15400,0
20061106,9.18,9.27,9.18,9.24,18800,0
20061107,9.29,9.36,9.27,9.36,20200,0
20061108,9.21,9.32,9.21,9.29,31000,0
20061109,9.33,9.37,9.33,9.37,84000,0
20061110,9.27,9.5,9.24,9.46,15700,0
20061113,9.17,9.52,9.17,9.52,24200,0
20061114,9.56,9.6,9.42,9.54,19600,0
20061115,9.52,9.6,9.46,9.56,29300,0
20061116,9.33,9.6,9.33,9.57,24300,0
20061117,9.6,9.6,9.47,9.51,12100,0
20061120,9.43,9.6,9.37,9.54,18000,0
20061121,9.58,9.73,9.5,9.68,22900,0
20061122,9.84,9.84,9.74,9.83,27800,0
20061124,9.82,9.98,9.81,9.98,9900,0
20061127,10.01,10.01,9.81,9.87,28700,0
20061128,9.67,9.67,9.29,9.6,60400,0
20061129,9.64,9.84,9.64,9.81,26500,0
20061130,9.8,9.87,9.75,9.79,10600,0
20061201,9.82,9.82,9.75,9.77,12800,0
20061204,9.92,10.19,9.87,10.18,53300,0
20061205,10.29,10.33,10.22,10.29,41000,0
20061206,10.34,10.34,10.23,10.25,41500,0
20061207,10.26,10.26,9.97,10.08,51300,0
20061208,10.12,10.17,9.98,10.09,36800,0
20061211,10.29,10.29,10.14,10.17,38800,0
20061212,10.17,10.18,9.99,10.02,31400,0
20061213,10.03,10.1,9.98,10.09,23500,0
20061214,10.15,10.15,10.11,10.15,85700,0
20061215,10.17,10.26,10.16,10.22,33400,0
20061218,10.28,10.34,10.25,10.27,67600,0
20061219,10.13,10.2,9.97,10.11,48800,0
20061220,10.34,10.34,10.18,10.27,67900,0
20061221,10.28,10.39,10.27,10.34,59800,0
20061222,10.43,10.44,10.34,10.44,50200,0
20061226,10.45,10.67,10.43,10.67,174400,0
20061227,10.53,10.59,10.41,10.59,68700,0
20061228,10.64,10.67,10.53,10.67,40300,0
20061229,10.6,10.68,10.58,10.67,27500,0
20070103,10.77,10.92,10.72,10.86,106200,0
20070104,10.8,10.84,10.6,10.79,53600,0
20070105,10.69,10.7,10.37,10.48,57200,0
20070108,10.48,10.49,9.38,10.2,75100,0
20070109,10.23,10.35,9.83,10.23,73500,0
20070110,10.02,10.02,9.81,9.92,107200,0
20070111,9.72,10.06,9.6,10.06,106000,0
20070112,10.39,10.4,10.32,10.39,74900,0
20070116,10.57,10.65,10.41,10.62,115300,0
20070117,10.56,10.66,10.49,10.5,47500,0
20070118,10.38,10.58,10.3,10.45,27900,0
20070119,10.33,10.53,10.32,10.53,19100,0
20070122,10.53,10.63,10.33,10.43,30100,0
20070123,10.39,10.67,10.39,10.64,28900,0
20070124,10.64,10.83,10.64,10.83,18900,0
20070125,10.84,10.93,10.68,10.7,31300,0
20070126,10.62,10.62,10.47,10.6,37700,0
20070129,10.57,10.57,10.32,10.36,28000,0
20070130,10.42,10.48,10.33,10.42,15700,0
20070131,10.33,10.37,10.07,10.14,50100,0
20070201,10.04,10.32,10.04,10.3,28600,0
20070202,10.37,10.37,10.27,10.3,22200,0
20070205,10.28,10.39,10.28,10.38,35400,0
20070206,10.39,10.51,10.39,10.5,16700,0
20070207,10.53,10.58,10.53,10.54,8500,0
20070208,10.57,10.57,10.42,10.47,12600,0
20070209,10.49,10.63,10.49,10.56,42800,0
20070212,10.55,10.72,10.55,10.66,28900,0
20070213,10.72,10.75,10.63,10.72,17100,0
20070214,10.72,10.77,10.46,10.76,39000,0
20070215,10.81,10.96,10.78,10.88,30600,0
20070216,10.96,10.99,10.75,10.82,30300,0
20070220,10.53,10.71,10.44,10.71,36100,0
20070221,10.79,10.86,10.69,10.8,36400,0
20070222,10.77,10.98,10.77,10.93,40200,0
20070223,10.98,11,10.77,10.89,21800,0
20070226,10.91,10.96,10.73,10.81,30300,0
20070227,10.58,10.58,9.93,10.14,109900,0
20070228,10.09,10.25,10.04,10.15,36000,0
20070301,9.95,9.95,9.68,9.76,48800,0
20070302,9.76,9.83,9.66,9.66,47400,0
20070305,9.13,9.42,8.99,8.99,167400,0
20070306,9.11,9.37,9.11,9.36,89700,0
20070307,9.32,9.36,9.26,9.27,132700,0
20070308,9.39,9.53,9.39,9.39,86400,0
20070309,9.48,9.57,9.48,9.55,32500,0
20070312,9.64,9.77,9.63,9.76,29600,0
20070313,9.68,9.76,9.57,9.57,88800,0
20070314,9.42,9.48,9.27,9.46,36500,0
20070315,9.55,9.61,9.51,9.58,23700,0
20070316,9.64,9.72,9.48,9.57,17300,0
20070319,9.69,9.81,9.65,9.77,33800,0
20070320,9.79,9.86,9.78,9.86,18600,0
20070321,9.86,10.23,9.86,10.23,27600,0
20070322,10.25,10.37,10.25,10.31,21800,0
20070323,10.32,10.32,10.15,10.15,12000,0
20070326,10.2,10.2,10.09,10.12,13900,0
20070327,10.08,10.11,9.93,9.93,40900,0
20070328,9.86,9.86,9.79,9.8,86600,0
20070329,9.88,9.94,9.84,9.92,86500,0
20070330,10,10.01,9.92,9.94,62500,0
20070402,10.05,10.06,9.9,10.01,40600,0
20070403,10.15,10.2,10.08,10.2,23100,0
20070404,10.27,10.37,10.26,10.33,25400,0
20070405,10.39,10.48,10.38,10.46,15300,0
20070409,10.67,10.75,10.57,10.7,29700,0
20070410,10.75,10.82,10.7,10.72,15400,0
20070411,10.72,10.72,10.59,10.59,47500,0
20070412,10.57,10.67,10.57,10.66,39700,0
20070413,10.67,10.7,10.66,10.7,13900,0
20070416,10.79,10.82,10.66,10.72,76800,0
20070417,10.77,10.8,10.7,10.7,13200,0
20070418,10.7,10.72,10.63,10.72,13000,0
20070419,10.39,10.53,10.35,10.46,33000,0
20070420,10.58,10.65,10.55,10.63,21400,0
20070423,10.68,10.71,10.62,10.62,10900,0
20070424,10.63,10.67,10.63,10.64,14400,0
20070425,10.72,10.75,10.67,10.68,23300,0
20070426,10.84,10.84,10.62,10.63,49900,0
20070427,10.62,10.65,10.51,10.59,34400,0
20070430,10.53,10.65,10.52,10.52,20100,0
20070501,10.72,10.72,10.5,10.52,17800,0
20070502,10.63,10.67,10.61,10.64,30000,0
20070503,10.65,10.72,10.63,10.63,19900,0
20070504,10.67,10.72,10.56,10.68,56700,0
20070507,10.73,10.82,10.67,10.71,58600,0
20070508,10.68,10.74,10.67,10.68,30900,0
20070509,10.77,10.79,10.73,10.77,31500,0
20070510,10.77,10.82,10.59,10.59,75900,0
20070511,10.61,10.82,10.61,10.77,35700,0
20070514,10.89,10.93,10.89,10.89,38800,0
20070515,10.89,10.92,10.82,10.86,24400,0
20070516,10.86,11.02,10.86,11,34120,0
20070517,10.91,10.99,10.91,10.96,14600,0
20070518,10.91,11.01,10.91,10.91,8700,0
20070521,11,11.14,10.97,11.1,33000,0
20070522,11.12,11.18,11.07,11.08,13630,0
20070523,11.1,11.28,11.1,11.12,33600,0
20070524,11.07,11.1,10.95,10.95,43000,0
20070525,10.93,10.97,10.89,10.95,19800,0
20070529,11.06,11.19,11,11.05,48300,0
20070530,11.01,11.14,10.99,11.13,17400,0
20070531,11.07,11.26,11.07,11.14,116000,0
20070601,11.19,11.28,11.16,11.24,40400,0
20070604,11.25,11.32,11.25,11.32,33800,0
20070605,11.29,11.32,11.28,11.29,28700,0
20070606,11.32,11.32,11.2,11.2,58500,0
20070607,11.17,11.25,11.09,11.1,36400,0
20070608,11.1,11.16,11.1,11.14,17700,0
20070611,11.16,11.31,11.12,11.31,37000,0
20070612,11.31,11.32,11.1,11.11,24100,0
20070613,11.12,11.24,11.12,11.24,35400,0
20070614,11.28,11.4,11.28,11.33,38800,0
20070615,11.42,11.47,11.37,11.42,54700,0
20070618,11.61,11.74,11.59,11.63,47700,0
20070619,11.75,11.86,11.7,11.79,48800,0
20070620,11.76,11.82,11.75,11.8,11600,0
20070621,11.8,11.93,11.8,11.85,27400,0
20070622,11.8,11.86,11.8,11.8,19800,0
20070625,11.78,11.8,11.71,11.71,23800,0
20070626,11.75,11.78,11.69,11.73,9300,0
20070627,11.7,11.73,11.64,11.73,18200,0
20070628,11.78,11.87,11.78,11.86,7400,0
20070629,11.86,11.88,11.77,11.85,16300,0
20070702,11.86,11.98,11.86,11.98,18900,0
20070703,12.01,12.4,12.01,12.22,40500,0
20070705,12.27,12.41,12.18,12.32,34200,0
20070706,12.44,12.55,12.42,12.5,18100,0
20070709,12.66,12.88,12.66,12.88,27500,0
20070710,12.95,13.15,12.89,13.06,49000,0
20070711,13.1,13.1,12.88,12.95,32200,0
20070712,13.06,13.34,13.03,13.34,26400,0
20070713,13.34,13.46,13.29,13.41,34000,0
20070716,13.3,13.32,13.11,13.25,53600,0
20070717,13.27,13.28,13.11,13.13,19400,0
20070718,13.02,13.03,12.74,12.82,36900,0
20070719,13.12,13.2,13.02,13.2,22100,0
20070720,13.3,13.34,13.17,13.2,21300,0
20070723,13.35,13.62,13.35,13.56,31900,0
20070724,13.58,13.77,13.35,13.35,31400,0
20070725,13.42,13.57,13.34,13.45,52600,0
20070726,13.39,13.39,12.81,12.85,81900,0
20070727,12.88,12.95,12.74,12.74,28600,0
20070730,12.65,12.98,12.6,12.98,52200,0
20070731,13.39,13.43,13.05,13.05,34800,0
20070801,12.62,12.71,12.37,12.62,63800,0
20070802,12.62,12.67,12.55,12.61,27300,0
20070803,12.49,12.56,12.17,12.17,32600,0
20070806,12.11,12.32,12.1,12.26,61400,0
20070807,12.35,12.37,12.1,12.37,36300,0
20070808,12.45,12.74,12.45,12.7,56700,0
20070809,12.64,12.64,12.3,12.45,69200,0
20070810,12.24,12.24,12.03,12.23,109500,0
20070813,12.4,12.43,12.31,12.41,36600,0
20070814,12.57,12.59,12,12.1,49500,0
20070815,12.03,12.03,11.59,11.59,36100,0
20070816,11.03,11.13,10.39,10.98,100700,0
20070817,11.26,11.64,10.89,11.51,89500,0
20070820,12.31,12.31,11.64,11.89,137700,0
20070821,11.74,11.87,11.74,11.85,38600,0
20070822,11.99,12.39,11.99,12.39,37000,0
20070823,12.42,12.63,12.42,12.46,28100,0
20070824,12.45,12.64,12.44,12.64,36200,0
20070827,12.78,12.96,12.67,12.87,43000,0
20070828,12.8,12.93,12.5,12.54,92100,0
20070829,12.34,12.89,12.08,12.87,62400,0
20070830,12.73,12.9,12.66,12.84,21800,0
20070831,13.08,13.26,13.04,13.25,19100,0
20070904,13.34,13.45,13.17,13.17,126200,0
20070905,13.11,13.28,12.82,12.93,70500,0
20070906,13.01,13.34,13.01,13.34,35100,0
20070907,13.16,13.24,13.02,13.02,35700,0
20070910,12.78,13.13,12.78,13.11,33700,0
20070911,13.26,13.47,13.26,13.47,22700,0
20070912,13.47,13.54,13.38,13.48,25000,0
20070913,13.58,13.73,13.5,13.68,27900,0
20070914,13.73,13.91,13.59,13.91,45800,0
20070917,13.85,13.85,13.6,13.62,24600,0
20070918,13.58,14.26,13.53,14.26,61400,0
20070919,15.12,15.12,14.51,14.87,119800,0
20070920,15.05,15.05,14.7,14.72,72400,0
20070921,14.87,14.91,14.69,14.72,49700,0
20070924,15.1,15.14,14.86,14.9,67800,0
20070925,14.99,15.07,14.7,14.75,70600,0
20070926,14.91,14.98,14.87,14.98,24000,0
20070927,15.29,15.29,15.14,15.24,56700,0
20070928,15.22,15.27,15.17,15.19,50000,0
20071001,15.45,15.55,15.22,15.37,94200,0
20071002,15.64,16,15.49,15.65,61500,0
20071003,15.61,15.61,15.32,15.4,78200,0
20071004,15.17,15.31,14.96,15.31,52686,0
20071005,15.45,15.58,15.42,15.54,39400,0
20071008,15.54,15.62,15.4,15.62,57300,0
20071009,15.66,15.81,15.64,15.81,51000,0
20071010,15.8,15.83,15.64,15.76,29800,0
20071011,16.06,16.22,15.88,15.92,67900,0
20071012,15.86,15.93,15.86,15.93,30800,0
20071015,16.21,16.21,15.92,16.04,58700,0
20071016,15.92,15.92,15.78,15.82,45900,0
20071017,15.89,16.16,15.89,16.16,69700,0
20071018,16.01,16.25,15.94,16.25,84000,0
20071019,16.17,16.18,15.69,15.82,65300,0
20071022,15.49,15.49,15.03,15.47,112400,0
20071023,15.66,16.02,15.66,16.02,30100,0
20071024,15.96,15.99,15.68,15.89,33100,0
20071025,15.92,16.11,15.78,16.01,28800,0
20071026,15.92,16.49,15.92,16.45,49700,0
20071029,16.51,16.92,16.51,16.81,36900,0
20071030,16.74,16.74,16.56,16.59,19400,0
20071031,16.67,16.74,16.6,16.74,33600,0
20071101,16.2,16.31,15.59,15.79,201200,0
20071102,15.82,15.93,15.65,15.9,28100,0
20071105,15.9,15.9,15.29,15.4,41786,0
20071106,15.63,16.19,15.63,16.19,80000,0
20071107,16.11,16.11,15.91,15.92,57300,0
20071108,15.87,15.88,15.32,15.54,54800,0
20071109,15.36,15.38,15.26,15.27,81100,0
20071112,15.22,15.22,14.49,14.49,81900,0
20071113,14.51,15.18,14.51,15.18,53102,0
20071114,15.15,15.66,15.08,15.1,53300,0
20071115,14.92,14.92,14.44,14.48,29800,0
20071116,14.51,14.56,14.32,14.5,25100,0
20071119,14.3,14.33,13.87,13.87,45900,0
20071120,13.91,14.37,13.91,14.17,37600,0
20071121,13.72,13.78,13.51,13.52,41300,0
20071123,13.51,13.86,13.51,13.83,14295,0
20071126,13.87,14.05,13.45,13.57,20100,0
20071127,13.53,13.74,13.38,13.7,50600,0
20071128,13.91,14.28,13.81,14.28,61900,0
20071129,14.23,14.23,14.07,14.16,27100,0
20071130,14.48,14.56,14.36,14.45,21700,0
20071203,14.6,14.6,14.3,14.45,16300,0
20071204,14.21,14.39,14.11,14.37,18700,0
20071205,14.58,15.22,14.58,15.18,28100,0
20071206,15.8,15.8,15.33,15.66,41000,0
20071207,15.66,15.68,15.29,15.38,20300,0
20071210,15.38,15.38,15.18,15.28,25400,0
20071211,15.39,15.68,15.02,15.24,62100,0
20071212,15.38,15.39,15.19,15.19,49900,0
20071213,14.98,14.98,14.76,14.79,47700,0
20071214,14.66,14.79,14.66,14.71,38500,0
20071217,14.05,14.09,12.91,13.94,93600,0
20071218,14.28,14.44,14.11,14.19,37600,0
20071219,14.23,14.27,14.19,14.23,59300,0
20071220,14.15,14.17,14.13,14.14,59500,0
20071221,14.28,14.9,14.28,14.89,51200,0
20071224,15.17,15.56,15.05,15.54,84100,0
20071226,13.74,13.74,13.02,13.44,83450,0
20071227,13.4,13.4,12.83,12.93,73378,0
20071228,13.31,13.32,12.75,12.98,34129,0
20071231,13.2,13.2,12.82,12.97,43516,0
20080102,12.86,13.03,12.32,12.52,29888,0
20080103,12.55,12.55,11.99,12.22,35350,0
20080104,12.34,12.34,11.78,11.85,49444,0
20080107,11.92,11.98,11.47,11.77,50337,0
20080108,12.03,12.75,12.03,12.24,103783,0
20080109,12.77,12.87,12.55,12.87,180100,0
20080110,12.56,12.97,12.41,12.82,84800,0
20080111,12.57,12.88,12.57,12.75,87943,0
20080114,12.35,12.81,11.76,12.7,205700,0
20080115,12.53,12.96,12.05,12.16,289810,0
20080116,11.35,12.08,11.33,11.97,111700,0
20080117,11.86,12.11,11.33,11.46,89277,0
20080118,11.51,11.78,11.21,11.33,102800,0
20080122,8.82,11.91,8.82,10.9,432500,0
20080123,10.71,11.2,10.15,11.2,107020,0
20080124,11.27,11.61,11.14,11.6,150000,0
20080125,11.89,12.08,11.38,11.38,119300,0
20080128,11.17,11.34,10.99,11.31,55500,0
20080129,11.49,11.72,11.26,11.46,35900,0
20080130,11.32,11.62,11.11,11.25,81800,0
20080131,10.98,11.48,10.87,11.33,83300,0
20080201,11.62,11.66,11.38,11.63,60360,0
20080204,11.81,11.81,11.45,11.52,39690,0
20080205,11.23,11.23,10.79,10.79,49594,0
20080206,10.96,11.09,10.53,10.61,56854,0
20080207,10.57,11.38,10.56,11.08,63400,0
20080208,10.83,11.27,10.8,10.84,33700,0
20080211,10.73,11.11,10.69,10.99,48200,0
20080212,11.02,11.41,11.02,11.27,29300,0
20080213,11.36,11.7,11.26,11.64,45075,0
20080214,11.64,11.78,11.35,11.35,20400,0
20080215,11.24,11.52,11.1,11.5,27565,0
20080219,12.02,12.12,11.76,11.91,87150,0
20080220,11.8,11.92,11.53,11.92,52200,0
20080221,12.07,12.07,11.35,11.35,27800,0
20080222,11.6,11.62,11.21,11.34,31400,0
20080225,11.44,12.05,11.41,12.02,106926,0
20080226,11.91,12.19,11.75,12.19,49200,0
20080227,12.02,12.51,12.02,12.27,31340,0
20080228,12.2,12.21,11.59,11.6,137850,0
20080229,11.6,11.73,11.38,11.4,49013,0
20080303,11.42,11.6,11.19,11.48,84600,0
20080304,11.33,11.49,10.85,10.99,84150,0
20080305,11,11.41,10.91,11.28,39800,0
20080306,10.95,11.17,10.79,11.17,55700,0
20080307,10.75,11.06,10.69,10.85,46540,0
20080310,10.93,10.93,10.16,10.29,99845,0
20080311,10.55,11.1,10.5,11.09,71200,0
20080312,10.92,11.31,10.9,11.12,30800,0
20080313,10.91,10.94,10.78,10.85,41300,0
20080314,10.75,10.79,10.21,10.21,119100,0
20080317,9.48,9.95,9.42,9.73,104400,0
20080318,9.84,10.62,9.76,10.59,49600,0
20080319,10.45,10.57,10.07,10.07,49200,0
20080320,9.76,10.11,9.62,10.07,115300,0
20080324,10.08,10.94,10.08,10.92,63000,0
20080325,11.13,11.13,10.85,11.02,44900,0
20080326,11.13,11.17,10.75,10.79,34200,0
20080327,10.83,10.93,10.71,10.72,34200,0
20080328,10.77,10.84,10.57,10.6,53376,0
20080331,10.55,11.11,10.43,10.55,69300,0
20080401,10.62,11.11,10.62,11.11,31400,0
20080402,11.03,11.24,11,11.13,35400,0
20080403,11.09,11.26,11.03,11.17,49800,0
20080404,11.05,11.26,11.04,11.16,22000,0
20080407,11.23,11.49,11.23,11.37,47900,0
20080408,11.22,11.34,11.19,11.33,23400,0
20080409,11.22,11.22,11.06,11.09,29800,0
20080410,11.14,11.27,11.12,11.27,30200,0
20080411,11.13,11.37,11.11,11.18,42200,0
20080414,11.09,11.09,10.63,11.01,48470,0
20080415,10.96,11.22,10.96,11.19,24370,0
20080416,11.28,11.61,11.26,11.54,79179,0
20080417,11.54,11.54,11.33,11.37,43300,0
20080418,11.41,11.53,11.36,11.52,40731,0
20080421,11.46,11.54,11.29,11.38,85794,0
20080422,11.36,11.38,11.27,11.27,30517,0
20080423,11.48,11.61,11.39,11.53,59650,0
20080424,11.48,11.62,11.31,11.59,53300,0
20080425,11.6,11.6,11.41,11.54,31490,0
20080428,11.57,11.59,11.46,11.46,22427,0
20080429,11.48,11.55,11.41,11.47,36638,0
20080430,11.48,11.53,11.42,11.53,35891,0
20080501,11.53,11.64,11.5,11.64,34780,0
20080502,11.76,11.91,11.76,11.91,60163,0
20080505,11.79,11.79,11.75,11.79,22499,0
20080506,11.76,12.02,11.7,11.93,57504,0
20080507,11.72,11.72,11.61,11.61,71246,0
20080508,11.49,11.62,11.49,11.6,85508,0
20080509,11.46,11.47,11.33,11.34,25700,0
20080512,11.35,11.45,11.29,11.44,23360,0
20080513,11.59,11.59,11.39,11.52,35671,0
20080514,11.61,11.66,11.6,11.6,33367,0
20080515,11.61,11.76,11.61,11.76,17685,0
20080516,11.85,12.02,11.85,12.01,34508,0
20080519,11.85,12,11.84,11.87,43784,0
20080520,11.74,11.74,11.54,11.57,80701,0
20080521,11.74,11.74,11.46,11.46,35448,0
20080522,11.41,11.52,11.39,11.45,30228,0
20080523,11.41,11.41,11.13,11.13,37767,0
20080527,11.08,11.12,10.95,11.02,35120,0
20080528,11.03,11.03,10.86,11.02,13943,0
20080529,11.02,11.08,10.94,11,22949,0
20080530,11.15,11.26,11.09,11.17,23743,0
20080602,11.13,11.24,10.96,11.01,25757,0
20080603,10.99,11.06,10.86,10.93,65753,0
20080604,10.83,10.9,10.75,10.79,41077,0
20080605,10.82,10.99,10.77,10.99,37028,0
20080606,10.83,10.97,10.74,10.74,31400,0
20080609,10.56,10.72,10.43,10.53,97945,0
20080610,10.26,10.35,10.2,10.26,59683,0
20080611,10.17,10.31,10.04,10.04,49931,0
20080612,10.15,10.23,10.1,10.15,47148,0
20080613,10.13,10.21,10.04,10.14,57528,0
20080616,10.13,10.22,10.12,10.2,31101,0
20080617,10.22,10.29,10.17,10.25,25333,0
20080618,10.26,10.26,10.11,10.26,43643,0
20080619,10.15,10.25,10.1,10.15,80266,0
20080620,10.04,10.04,9.84,9.84,38891,0
20080623,9.87,9.87,9.68,9.78,57379,0
20080624,9.73,9.85,9.65,9.77,86620,0
20080625,9.83,9.96,9.83,9.89,71134,0
20080626,9.81,9.86,9.6,9.61,71207,0
20080627,9.58,9.69,9.52,9.56,54944,0
20080630,9.54,9.68,9.53,9.6,48248,0
20080701,9.56,9.59,9.44,9.51,68589,0
20080702,9.62,9.69,9.39,9.39,183450,0
20080703,9.39,9.44,9.22,9.32,28224,0
20080707,9.42,9.42,9.13,9.25,95767,0
20080708,9.11,9.51,9.11,9.51,64265,0
20080709,9.52,9.61,9.32,9.36,36658,0
20080710,9.45,9.6,9.37,9.47,95502,0
20080711,9.4,9.44,9.31,9.4,57247,0
20080714,9.44,9.56,9.32,9.35,43912,0
20080715,9.14,9.25,8.86,9.08,78763,0
20080716,9.15,9.32,9.1,9.32,49467,0
20080717,9.28,9.47,9.16,9.45,47871,0
20080718,9.48,9.51,9.4,9.46,43929,0
20080721,9.61,9.76,9.57,9.59,35263,0
20080722,9.5,9.7,9.5,9.67,34757,0
20080723,9.73,10.09,9.73,10.05,98444,0
20080724,10.12,10.12,9.67,9.67,84049,0
20080725,9.68,9.81,9.68,9.71,13135,0
20080728,9.95,9.95,9.37,9.4,62893,0
20080729,9.33,9.66,9.33,9.64,26647,0
20080730,9.86,9.89,9.64,9.87,20783,0
20080731,9.82,10.04,9.68,9.96,39878,0
20080801,9.88,9.88,9.74,9.83,19833,0
20080804,9.81,9.82,9.61,9.61,19023,0
20080805,9.62,9.76,9.61,9.76,67926,0
20080806,9.73,9.85,9.65,9.71,42456,0
20080807,9.68,9.68,9.49,9.51,16920,0
20080808,9.31,9.55,9.19,9.55,37703,0
20080811,9.67,9.67,9.48,9.55,13143,0
20080812,9.5,9.5,9.37,9.37,12406,0
20080813,9.13,9.32,9.13,9.31,11505,0
20080814,9.27,9.32,9.23,9.28,16642,0
20080815,9.18,9.22,9.1,9.12,22580,0
20080818,9.16,9.16,8.81,8.82,45530,0
20080819,8.59,8.72,8.52,8.57,40758,0
20080820,8.79,8.79,8.67,8.75,36753,0
20080821,8.66,8.75,8.62,8.72,33405,0
20080822,8.72,8.79,8.68,8.7,31638,0
20080825,8.75,8.75,8.53,8.54,38090,0
20080826,8.58,8.65,8.46,8.47,156080,0
20080827,8.62,8.72,8.61,8.71,22727,0
20080828,8.68,8.87,8.68,8.86,75833,0
20080829,8.89,8.89,8.79,8.81,10571,0
20080902,8.63,8.72,8.57,8.57,64920,0
20080903,8.5,8.64,8.47,8.64,87774,0
20080904,8.53,8.53,8.22,8.27,76765,0
20080905,8.24,8.24,8.05,8.22,49457,0
20080908,8.52,8.57,8.3,8.45,36530,0
20080909,8.43,8.43,8.06,8.06,37453,0
20080910,8.14,8.19,8.06,8.18,28295,0
20080911,7.92,8.04,7.77,8.02,41256,0
20080912,8,8.12,7.97,8.12,38955,0
20080915,7.75,7.84,7.69,7.74,48440,0
20080916,7.37,7.62,7.27,7.6,75008,0
20080917,7.4,7.42,7.21,7.24,124809,0
20080918,7.03,7.35,7.01,7.3,86386,0
20080919,8.76,8.76,8.28,8.29,142432,0
20080922,8.25,8.25,7.83,7.88,84570,0
20080923,7.72,7.77,7.54,7.69,38225,0
20080924,7.65,7.72,7.5,7.69,30699,0
20080925,7.85,8.02,7.83,7.85,19827,0
20080926,7.67,7.73,7.51,7.54,33199,0
20080929,7.51,7.51,6.68,6.68,39140,0
20080930,6.86,7.06,6.84,7.06,54109,0
20081001,7.12,7.14,7.06,7.13,16250,0
20081002,7.01,7.01,6.89,6.95,38650,0
20081003,7.03,7.08,6.79,6.79,32920,0
20081006,6.19,6.38,6.1,6.25,86576,0
20081007,6.68,6.68,6.11,6.14,43465,0
20081008,5.77,6.07,5.46,5.95,152131,0
20081009,6.06,6.11,5.71,6.09,69609,0
20081010,5.27,5.4,4.81,5.17,174976,0
20081013,5.81,6.53,5.72,6.39,124353,0
20081014,6.42,6.71,6.42,6.66,55556,0
20081015,6.43,6.43,6.08,6.1,51469,0
20081016,6.08,6.09,5.9,6.04,39513,0
20081017,5.69,6.37,5.69,6.22,19039,0
20081020,6.35,6.61,6.24,6.59,55030,0
20081021,6.49,6.49,6.26,6.26,52162,0
20081022,6,6,5.7,5.72,40309,0
20081023,5.67,5.67,5.36,5.45,62168,0
20081024,5.08,5.18,4.83,4.88,113165,0
20081027,4.78,4.86,4.54,4.6,93386,0
20081028,4.71,5.33,4.65,5.33,130998,0
20081029,5.44,5.68,5.31,5.56,94607,0
20081030,6.01,6.12,5.89,5.93,111872,0
20081031,5.82,5.94,5.82,5.89,32200,0
20081103,6.4,6.4,6.1,6.14,46166,0
20081104,6.29,6.32,6.16,6.31,43690,0
20081105,6.29,6.29,5.9,5.9,32620,0
20081106,5.77,5.77,5.49,5.52,41074,0
20081107,5.66,5.81,5.66,5.74,38318,0
20081110,5.85,6.05,5.67,5.71,39699,0
20081111,5.24,5.41,5.22,5.23,175938,0
20081112,5.2,5.2,5.02,5.03,96033,0
20081113,5.06,5.63,4.87,5.63,91734,0
20081114,5.37,5.4,5.17,5.17,46167,0
20081117,5.2,5.24,4.92,5.17,52833,0
20081118,5.09,5.09,4.98,5.02,61771,0
20081119,4.95,5,4.86,4.86,85712,0
20081120,4.7,4.7,4.53,4.57,125142,0
20081121,4.83,5.08,4.58,5.08,75160,0
20081124,4.92,5.23,4.77,5.23,58744,0
20081125,5.24,5.27,4.9,5.01,32564,0
20081126,4.86,5.08,4.86,4.98,83530,0
20081128,5.14,5.23,5.1,5.23,62426,0
20081201,5.21,5.22,5,5,127364,0
20081202,5,5.15,5,5.14,44227,0
20081203,5.08,5.22,5.08,5.2,39524,0
20081204,5.09,5.17,4.95,4.96,34125,0
20081205,5.07,5.18,4.97,5.18,43734,0
20081208,5.32,5.63,5.32,5.61,77746,0
20081209,5.61,5.65,5.48,5.6,38646,0
20081210,5.72,5.93,5.71,5.86,87773,0
20081211,6.06,6.08,5.87,5.87,210964,0
20081212,5.8,5.86,5.64,5.8,97987,0
20081215,5.78,5.91,5.65,5.74,149773,0
20081216,5.88,5.98,5.78,5.95,201621,0
20081217,5.83,5.96,5.83,5.94,109713,0
20081218,5.99,6.09,5.97,6.01,128241,0
20081219,6.08,6.2,6.08,6.12,103994,0
20081222,6.2,6.31,6.11,6.14,159012,0
20081223,6.11,6.11,5.8,5.8,315780,0
20081224,6.09,6.09,5.63,5.86,145926,0
20081226,5.86,6.02,5.8,6.02,100908,0
20081229,6.1,6.13,5.66,6,213136,0
20081230,6.04,6.27,6.02,6.27,186127,0
20081231,6.21,6.43,6.21,6.42,73028,0
20090102,6.53,6.75,6.41,6.75,59062,0
20090105,6.86,6.98,6.61,6.98,132741,0
20090106,7.11,7.11,6.9,7.03,97988,0
20090107,7.02,7.1,6.75,6.75,241685,0
20090108,6.57,6.74,6.5,6.69,66470,0
20090109,6.6,6.6,6.33,6.44,84243,0
20090112,6.35,6.5,6.06,6.13,292107,0
20090113,6.25,6.4,6.04,6.14,461560,0
20090114,6.05,6.15,5.91,6.07,152968,0
20090115,5.96,6.1,5.9,6.06,216800,0
20090116,6.06,6.15,6.02,6.11,173146,0
20090120,6.02,6.05,5.87,5.95,146427,0
20090121,5.77,5.9,5.61,5.9,71926,0
20090122,5.86,5.88,5.75,5.77,30834,0
20090123,5.77,5.79,5.61,5.75,37574,0
20090126,5.75,5.9,5.6,5.8,44670,0
20090127,5.82,5.82,5.72,5.76,15764,0
20090128,5.75,6.02,5.75,5.98,139296,0
20090129,5.9,6.11,5.71,5.71,107360,0
20090130,5.82,5.82,5.59,5.72,33460,0
20090202,5.69,5.77,5.54,5.7,107767,0
20090203,5.71,5.97,5.7,5.97,83517,0
20090204,5.97,6.06,5.91,6.04,103682,0
20090205,6.03,6.25,5.97,6.22,34357,0
20090206,6.39,6.46,6.22,6.3,79548,0
20090209,6.23,6.44,6.23,6.31,27791,0
20090210,6.33,6.33,6.04,6.08,60144,0
20090211,6.52,6.52,5.97,6.12,29767,0
20090212,6.01,6.1,5.91,6.1,38293,0
20090213,6.1,6.1,5.98,6.1,37624,0
20090217,5.92,5.92,5.6,5.71,80369,0
20090218,5.65,5.73,5.58,5.73,84774,0
20090219,5.72,5.91,5.52,5.6,65243,0
20090220,5.43,5.52,5.36,5.5,67032,0
20090223,5.57,5.59,5.45,5.45,86828,0
20090224,5.4,5.71,5.33,5.7,76271,0
20090225,5.7,5.7,5.41,5.63,32632,0
20090226,5.72,5.72,5.43,5.49,21724,0
20090227,5.3,5.43,5.3,5.32,16173,0
20090302,5.19,5.2,5,5.01,63650,0
20090303,5.04,5.16,5.03,5.16,140928,0
20090304,5.36,5.52,5.22,5.48,52513,0
20090305,5.19,5.48,5.1,5.25,106666,0
20090306,5.16,5.38,5.11,5.19,62349,0
20090309,5.27,5.27,5.05,5.05,24049,0
20090310,5.01,5.52,5.01,5.5,72172,0
20090311,5.57,5.68,5.45,5.63,74139,0
20090312,5.58,5.9,5.5,5.9,67369,0
20090313,5.91,5.91,5.74,5.84,34053,0
20090316,6,6,5.74,5.74,50041,0
20090317,5.8,5.9,5.7,5.9,34639,0
20090318,5.92,6.1,5.75,6.08,36839,0
20090319,6.09,6.09,5.83,5.92,27415,0
20090320,5.82,5.91,5.74,5.74,39137,0
20090323,6.05,6.4,5.99,6.39,62485,0
20090324,6.44,6.44,6.11,6.15,52290,0
20090325,6.28,6.36,6.08,6.27,34676,0
20090326,6.29,6.53,6.2,6.53,47116,0
20090327,6.33,6.52,6.31,6.36,19820,0
20090330,6.19,6.19,5.96,6.04,41143,0
20090331,6.25,6.25,6.11,6.23,42911,0
20090401,6.11,6.39,6.09,6.39,83969,0
20090402,6.53,6.78,6.53,6.67,27666,0
20090403,6.62,6.71,6.5,6.71,21127,0
20090406,6.69,6.7,6.57,6.7,28381,0
20090407,6.57,6.64,6.38,6.61,119879,0
20090408,6.54,6.74,6.4,6.5,61756,0
20090409,6.65,6.89,6.65,6.78,75355,0
20090413,6.78,7.07,6.65,7,37239,0
20090414,6.92,6.99,6.65,6.85,65246,0
20090415,6.67,6.93,6.67,6.88,49063,0
20090416,7.06,7.06,6.83,7.01,24372,0
20090417,6.91,7.18,6.87,7.05,50203,0
20090420,6.82,6.82,6.65,6.65,93612,0
20090421,6.65,7,6.55,6.95,145785,0
20090422,6.9,7.04,6.72,6.88,80236,0
20090423,6.9,6.9,6.79,6.88,28404,0
20090424,6.81,7,6.81,6.92,29459,0
20090427,6.75,6.82,6.7,6.74,15080,0
20090428,6.5,6.72,6.5,6.68,48442,0
20090429,6.74,6.97,6.74,6.96,34673,0
20090430,7.16,7.43,7.1,7.21,115382,0
20090501,7.3,7.38,7.18,7.25,17147,0
20090504,7.61,7.74,7.55,7.72,86182,0
20090505,7.72,7.85,7.6,7.85,69244,0
20090506,8.09,8.1,7.88,8,127640,0
20090507,8.09,8.13,7.8,7.88,55204,0
20090508,7.91,8.03,7.8,8.03,38937,0
20090511,7.85,8.29,7.85,8,35325,0
20090512,8.05,8.29,8.04,8.09,39614,0
20090513,8.09,8.09,7.69,7.7,22207,0
20090514,7.8,7.82,7.7,7.72,38967,0
20090515,7.67,7.96,7.66,7.82,45205,0
20090518,8.06,8.19,8.06,8.19,118479,0
20090519,8.22,8.29,8.04,8.2,76263,0
20090520,8.29,8.29,8.09,8.09,21182,0
20090521,8.03,8.03,7.83,7.9,37566,0
20090522,7.87,8.04,7.87,8.03,18899,0
20090526,7.81,8.11,7.81,8.1,35836,0
20090527,8.17,8.53,8.09,8.09,94507,0
20090528,8.15,8.38,8.15,8.35,38423,0
20090529,8.5,8.7,8.48,8.55,70188,0
20090601,8.81,9.09,8.8,9.04,50490,0
20090602,8.98,9.16,8.82,8.93,50188,0
20090603,8.99,8.99,8.66,8.69,70965,0
20090604,8.83,8.89,8.6,8.85,59726,0
20090605,8.88,8.91,8.71,8.71,26982,0
20090608,8.6,8.65,8.32,8.57,35415,0
20090609,8.6,8.6,8.45,8.57,95089,0
20090610,8.67,8.67,8.28,8.43,93838,0
20090611,8.52,8.75,8.5,8.63,20686,0
20090612,8.61,8.61,8.36,8.52,41728,0
20090615,8.15,8.26,8.12,8.2,73433,0
20090616,8.15,8.22,7.76,8.05,118158,0
20090617,8.02,8.02,7.86,8,78879,0
20090618,8.11,8.11,8,8.11,47129,0
20090619,8.08,8.19,8.08,8.1,16199,0
20090622,8.01,8.01,7.92,7.93,69804,0
20090623,7.87,7.92,7.71,7.87,42311,0
20090624,7.94,8.06,7.9,7.94,35433,0
20090625,7.81,8.19,7.81,8.19,21204,0
20090626,8.21,8.32,8.21,8.32,32835,0
20090629,8.24,8.39,8.24,8.36,18868,0
20090630,8.25,8.55,8.25,8.38,41188,0
20090701,8.36,8.64,8.36,8.41,53705,0
20090702,8.29,8.44,8.05,8.15,46699,0
20090706,7.68,8.39,7.68,8.33,26300,0
20090707,8.34,8.37,8.22,8.26,34531,0
20090708,8.24,8.26,8.07,8.11,47774,0
20090709,8.19,8.32,8.17,8.19,11182,0
20090710,8.15,8.18,8.13,8.13,5000,0
20090713,8.13,8.23,8,8.19,25888,0
20090714,8.28,8.34,8.13,8.3,23671,0
20090715,8.42,8.61,8.41,8.56,38663,0
20090716,8.59,8.64,8.54,8.62,43530,0
20090717,8.56,8.66,8.56,8.64,9740,0
20090720,8.78,9,8.78,8.9,23669,0
20090721,8.88,9.2,8.82,8.92,50340,0
20090722,8.92,9.03,8.92,9.02,26341,0
20090723,9.14,9.34,9.12,9.23,27104,0
20090724,9.15,9.33,9.13,9.33,33268,0
20090727,9.35,9.5,9.31,9.44,20678,0
20090728,9.5,9.6,9.35,9.38,33277,0
20090729,9.38,9.38,9.15,9.27,24122,0
20090730,8.61,9.52,8.39,9.33,52480,0
20090731,9.37,9.56,9.37,9.56,12545,0
20090803,9.66,9.7,9.64,9.7,42810,0
20090804,9.69,9.79,9.6,9.69,49736,0
20090805,9.55,9.55,9.32,9.55,29945,0
20090806,9.53,9.53,9.35,9.41,3787,0
20090807,9.45,9.48,9.33,9.4,34106,0
20090810,9.45,9.45,9.21,9.31,11715,0
20090811,9.49,9.49,9.16,9.35,26839,0
20090812,9.35,9.35,9.18,9.25,29060,0
20090813,9.35,9.41,9.22,9.33,25153,0
20090814,9.27,9.29,8.99,9.21,63328,0
20090817,8.75,8.78,8.6,8.78,75887,0
20090818,8.81,9.02,8.79,8.99,50746,0
20090819,8.82,9,8.76,8.94,39836,0
20090820,8.95,9.1,8.86,9.08,46873,0
20090821,9.08,9.17,9.02,9.14,26016,0
20090824,9.3,9.43,9.18,9.21,33459,0
20090825,9.25,9.38,9.2,9.22,35227,0
20090826,9.2,9.28,9.12,9.24,19958,0
20090827,9.08,9.23,9.04,9.23,38596,0
20090828,9.19,9.23,9.11,9.14,10359,0
20090831,8.96,9.07,8.87,9.07,18708,0
20090901,9.04,9.08,8.93,8.93,72994,0
20090902,8.81,9,8.81,8.97,16515,0
20090903,9.05,9.15,9.04,9.13,9371,0
20090904,9.15,9.33,9.15,9.33,49895,0
20090908,9.5,9.73,9.5,9.61,69547,0
20090909,9.65,9.66,9.52,9.61,12824,0
20090910,9.68,9.82,9.56,9.73,27903,0
20090911,9.8,9.88,9.6,9.72,41445,0
20090914,9.57,9.73,9.56,9.73,23145,0
20090915,9.69,9.72,9.6,9.69,22501,0
20090916,9.8,9.95,9.8,9.91,15632,0
20090917,9.96,9.96,9.8,9.9,35719,0
20090918,9.98,9.98,9.81,9.93,9211,0
20090921,9.76,9.88,9.68,9.79,12092,0
20090922,9.97,9.97,9.88,9.94,18084,0
20090923,9.91,9.98,9.81,9.84,13429,0
20090924,9.85,9.85,9.31,9.48,57148,0
20090925,9.5,9.77,9.5,9.6,52466,0
20090928,9.58,9.73,9.58,9.67,17528,0
20090929,9.68,9.8,9.59,9.68,48300,0
20090930,9.7,9.79,9.6,9.68,23050,0
20091001,9.51,9.56,9.41,9.44,34201,0
20091002,9.33,9.37,9.11,9.35,28570,0
20091005,9.39,9.53,9.39,9.53,14356,0
20091006,9.54,9.68,9.54,9.61,47740,0
20091007,9.63,9.68,9.6,9.68,17038,0
20091008,9.7,9.99,9.7,9.93,84511,0
20091009,9.85,9.95,9.85,9.93,20507,0
20091012,9.94,10.01,9.91,9.92,31779,0
20091013,9.9,9.9,9.81,9.86,23666,0
20091014,9.93,10.14,9.93,10.1,29004,0
20091015,10.1,10.13,10.03,10.1,20894,0
20091016,9.98,10.02,9.87,9.97,12708,0
20091019,10.04,10.1,10.01,10.08,15830,0
20091020,10.14,10.14,9.95,10,14585,0
20091021,9.95,10.11,9.88,9.98,31409,0
20091022,9.95,9.97,9.86,9.95,31373,0
20091023,10,10.05,9.97,10.05,64829,0
20091026,10.09,10.13,9.98,10.06,43815,0
20091027,10.02,10.02,9.9,9.9,25229,0
20091028,9.9,9.9,9.55,9.6,42609,0
20091029,9.65,9.72,9.53,9.72,25926,0
20091030,9.71,9.72,9.5,9.55,138377,0
20091102,9.67,9.7,9.36,9.53,75194,0
20091103,9.51,9.61,9.44,9.58,15005,0
20091104,9.77,9.77,9.6,9.69,20451,0
20091105,9.78,9.86,9.74,9.86,16121,0
20091106,9.82,9.94,9.77,9.92,38253,0
20091109,9.95,10.18,9.95,10.17,36078,0
20091110,10.18,10.19,10.07,10.17,45662,0
20091111,10.21,10.27,10.17,10.2,25546,0
20091112,10.16,10.25,10.11,10.13,33476,0
20091113,10.19,10.34,10.11,10.31,34901,0
20091116,10.41,10.51,10.41,10.48,27571,0
20091117,10.42,10.44,10.3,10.37,42037,0
20091118,10.33,10.36,10.33,10.35,4375,0
20091119,10.15,10.22,10.07,10.21,19089,0
20091120,10.06,10.12,9.88,10.12,26972,0
20091123,10.29,10.39,9.98,10.15,49993,0
20091124,10.11,10.11,9.93,10.07,14720,0
20091125,10.01,10.23,10.01,10.23,11000,0
20091127,10.01,10.14,9.86,10,43340,0
20091130,10,10.08,9.9,9.92,24576,0
20091201,9.94,10.17,9.94,10.09,77520,0
20091202,10.21,10.27,10.16,10.18,39800,0
20091203,10.18,10.38,10.17,10.18,30637,0
20091204,10.42,10.42,10.18,10.24,17500,0
20091207,10.27,10.4,10.24,10.3,22346,0
20091208,10.25,10.27,10.16,10.23,21887,0
20091209,10.26,10.26,10.09,10.21,10438,0
20091210,10.23,10.36,10.21,10.24,25023,0
20091211,10.18,10.37,10.18,10.23,27649,0
20091214,10.18,10.34,10.18,10.34,14978,0
20091215,10.33,10.33,10.19,10.24,23192,0
20091216,10.26,10.41,10.26,10.32,53795,0
20091217,10.25,10.25,10.15,10.18,12353,0
20091218,10.19,10.21,10.07,10.11,57354,0
20091221,10.11,10.23,10.05,10.19,32269,0
20091222,10.24,10.26,10.1,10.25,34065,0
20091223,10.26,10.45,10.26,10.45,37025,0
20091224,10.5,10.5,10.38,10.4,25271,0
20091228,10.53,10.53,10.25,10.29,127612,0
20091229,10.32,10.32,10.16,10.17,52195,0
20091230,10.18,10.23,10.09,10.23,64869,0
20091231,10.28,10.4,10.25,10.4,44624,0
20100104,10.4,10.55,10.4,10.5,27439,0
20100105,10.54,10.69,10.54,10.66,29668,0
20100106,10.59,10.76,10.59,10.69,11518,0
20100107,10.64,10.65,10.55,10.6,31171,0
20100108,10.48,10.63,10.48,10.6,27888,0
20100111,10.71,10.71,10.45,10.59,42051,0
20100112,10.55,10.56,10.51,10.56,52649,0
20100113,10.51,10.56,10.48,10.52,51109,0
20100114,10.51,10.58,10.41,10.5,47883,0
20100115,10.45,10.49,10.39,10.41,32893,0
20100119,10.39,10.52,10.39,10.49,33344,0
20100120,10.43,10.43,10.26,10.3,21754,0
20100121,10.34,10.34,10.01,10.22,159044,0
20100122,10.12,10.12,9.92,9.95,99022,0
20100125,10,10,9.87,9.87,34841,0
20100126,9.81,9.81,9.63,9.63,41811,0
20100127,9.45,9.45,9.22,9.35,111013,0
20100128,9.39,9.44,9.27,9.35,58258,0
20100129,9.42,9.43,9.26,9.31,80502,0
20100201,9.43,9.47,9.39,9.47,38716,0
20100202,9.47,9.53,9.45,9.47,58330,0
20100203,9.45,9.51,9.45,9.48,25467,0
20100204,9.42,9.42,9.15,9.15,61486,0
20100205,9.09,9.15,8.76,8.92,80067,0
20100208,8.93,9.03,8.93,8.96,40760,0
20100209,9.09,9.18,9.09,9.14,55586,0
20100210,9.06,9.17,9.01,9.13,33876,0
20100211,9.18,9.37,9.18,9.35,23451,0
20100212,9.3,9.32,9.18,9.28,56604,0
20100216,9.33,9.56,9.33,9.53,49899,0
20100217,9.51,9.62,9.51,9.58,10777,0
20100218,9.62,9.63,9.55,9.59,8662,0
20100219,9.55,9.55,9.43,9.5,45587,0
20100222,9.6,9.6,9.47,9.5,25977,0
20100223,9.41,9.49,9.31,9.33,26015,0
20100224,9.35,9.42,9.3,9.42,13909,0
20100225,9.28,9.34,9.08,9.34,33667,0
20100226,9.32,9.43,9.3,9.41,8923,0
20100301,9.52,9.58,9.48,9.48,28410,0
20100302,9.55,9.6,9.49,9.57,43800,0
20100303,9.64,9.73,9.58,9.65,19825,0
20100304,9.62,9.63,9.38,9.6,26952,0
20100305,9.58,9.77,9.58,9.76,10770,0
20100308,9.77,9.87,9.77,9.86,24090,0
20100309,9.86,9.94,9.81,9.9,21615,0
20100310,9.96,10,9.91,9.93,17750,0
20100311,9.84,9.9,9.81,9.9,25485,0
20100312,9.91,9.91,9.85,9.89,6923,0
20100315,9.8,9.9,9.76,9.83,39161,0
20100316,9.9,9.95,9.86,9.95,11680,0
20100317,10,10.08,10,10.04,21374,0
20100318,10.04,10.06,9.58,9.97,67566,0
20100319,9.97,9.97,9.79,9.86,18148,0
20100322,9.84,9.93,9.79,9.89,32873,0
20100323,9.88,9.93,9.81,9.9,19441,0
20100324,9.77,9.82,9.76,9.76,36821,0
20100325,9.85,9.88,9.74,9.75,40058,0
20100326,9.77,9.84,9.74,9.79,16223,0
20100329,9.86,10.02,9.86,9.94,14758,0
20100330,10,10.02,9.95,10.02,13419,0
20100331,9.88,9.98,9.88,9.95,17859,0
20100401,10.03,10.17,10.03,10.17,38448,0
20100405,10.3,10.35,10.23,10.3,35570,0
20100406,10.31,10.31,10.15,10.26,45391,0
20100407,10.27,10.35,10.22,10.25,87152,0
20100408,10.23,10.38,10.18,10.37,35420,0
20100409,10.35,10.43,10.34,10.39,23973,0
20100412,11.31,11.31,10.35,10.36,24474,0
20100413,10.27,10.36,10.23,10.35,13400,0
20100414,10.42,10.51,10.42,10.46,29699,0
20100415,10.43,10.49,10.41,10.42,15461,0
20100416,10.4,10.4,10.14,10.23,23972,0
20100419,10.21,10.21,10,10.1,11627,0
20100420,10.21,10.26,10.16,10.19,21900,0
20100421,10.25,10.25,10.11,10.18,28791,0
20100422,10.08,10.21,10.08,10.21,66997,0
20100423,10.25,10.25,10.12,10.19,22422,0
20100426,10.21,10.31,10.21,10.3,74041,0
20100427,10.2,10.27,10.13,10.17,61286,0
20100428,10.17,10.23,10.1,10.22,46046,0
20100429,10.27,10.37,10.25,10.31,12958,0
20100430,10.34,10.34,10.2,10.26,47246,0
20100503,10.25,10.32,10.23,10.23,18644,0
20100504,10.2,10.2,9.89,9.89,46020,0
20100505,9.86,9.87,9.5,9.68,31368,0
20100506,9.62,9.62,8.85,9.31,115666,0
20100507,9.35,9.43,9.01,9.29,51211,0
20100510,9.77,9.9,9.77,9.85,41964,0
20100511,9.75,9.75,9.51,9.63,45827,0
20100512,9.66,9.73,9.66,9.67,2400,0
20100513,9.66,9.79,9.66,9.7,18000,0
20100514,9.66,9.66,9.31,9.41,27617,0
20100517,9.35,9.44,9.15,9.41,20600,0
20100518,9.4,9.43,9.29,9.32,61944,0
20100519,9.28,9.28,9,9.12,65329,0
20100520,8.8,8.9,8.72,8.9,106073,0
20100521,8.75,9.07,8.66,8.92,46112,0
20100524,8.93,8.97,8.85,8.89,11215,0
20100525,8.5,8.78,8.47,8.78,53201,0
20100526,8.91,8.94,8.5,8.78,40976,0
20100527,8.86,9.15,8.86,9.12,36878,0
20100528,9.19,9.19,9.03,9.15,38585,0
20100601,8.91,9.11,8.91,8.91,20327,0
20100602,8.99,9.18,8.95,9.17,37495,0
20100603,9.2,9.27,9.08,9.21,16570,0
20100604,8.88,9.06,8.86,8.86,26285,0
20100607,8.86,9.03,8.78,8.8,13694,0
20100608,8.85,9.04,8.85,9.04,30792,0
20100609,9,9.14,8.96,8.97,13986,0
20100610,9.02,9.22,9.02,9.21,27520,0
20100611,9.05,9.3,9.05,9.3,24752,0
20100614,9.33,9.46,9.33,9.35,29141,0
20100615,9.38,9.54,9.38,9.54,16449,0
20100616,9.46,9.54,9.45,9.51,29028,0
20100617,9.46,9.46,9.4,9.46,850,0
20100618,9.5,9.55,9.46,9.55,14240,0
20100621,9.65,9.8,9.65,9.7,71615,0
20100622,9.74,9.74,9.56,9.57,10469,0
20100623,9.46,9.62,9.46,9.58,19572,0
20100624,9.51,9.56,9.47,9.51,17750,0
20100625,9.5,9.6,9.42,9.59,11717,0
20100628,9.54,9.57,9.5,9.5,23132,0
20100629,9.25,9.26,9.17,9.22,15705,0
20100630,9.16,9.25,9.14,9.19,39043,0
20100701,9.12,9.19,9.03,9.05,35215,0
20100702,9.12,9.21,9.07,9.08,14303,0
20100706,9.06,9.3,9.06,9.18,56500,0
20100707,9.12,9.45,9.12,9.45,22940,0
20100708,9.61,9.61,9.5,9.55,21398,0
20100709,9.47,9.59,9.47,9.57,39329,0
20100712,9.59,9.59,9.46,9.53,48010,0
20100713,9.6,9.61,9.49,9.57,18681,0
20100714,9.5,9.65,9.5,9.65,25653,0
20100715,9.61,9.63,9.49,9.6,10173,0
20100716,9.6,9.6,9.37,9.43,36473,0
20100719,9.44,9.49,9.36,9.45,15312,0
20100720,9.38,9.65,9.38,9.63,28300,0
20100721,9.61,9.64,9.55,9.55,33360,0
20100722,9.64,9.78,9.64,9.69,35600,0
20100723,9.64,9.81,9.64,9.79,96904,0
20100726,9.74,9.84,9.72,9.84,37080,0
20100727,9.85,9.85,9.69,9.76,33065,0
20100728,9.67,9.79,9.67,9.76,37764,0
20100729,9.79,9.85,9.73,9.79,21318,0
20100730,9.73,9.87,9.73,9.87,20122,0
20100802,10,10.12,9.97,10.11,31757,0
20100803,10.04,10.14,10.02,10.14,87880,0
20100804,10.12,10.15,10.09,10.15,18913,0
20100805,10.07,10.08,10.02,10.08,47767,0
20100806,10.03,10.08,9.88,10.06,36753,0
20100809,10.11,10.14,10.1,10.1,21525,0
20100810,10.02,10.02,9.87,9.96,12050,0
20100811,9.73,9.76,9.67,9.74,35311,0
20100812,9.68,9.75,9.68,9.72,16193,0
20100813,9.8,9.84,9.76,9.76,12108,0
20100816,9.75,9.85,9.75,9.8,11028,0
20100817,9.9,9.96,9.9,9.92,6635,0
20100818,9.93,9.93,9.84,9.88,5753,0
20100819,9.88,9.91,9.8,9.9,49192,0
20100820,9.89,9.93,9.84,9.93,10950,0
20100823,9.95,10,9.93,9.96,22902,0
20100824,9.87,9.87,9.76,9.84,39532,0
20100825,9.75,9.87,9.74,9.82,22412,0
20100826,9.89,9.95,9.78,9.81,35576,0
20100827,9.86,9.95,9.83,9.93,25422,0
20100830,9.97,9.98,9.87,9.87,13849,0
20100831,9.78,9.88,9.75,9.81,49649,0
20100901,10,10.13,10,10.11,77853,0
20100902,10.12,10.15,10,10.15,33310,0
20100903,10.18,10.27,10.18,10.19,26245,0
20100907,10.21,10.22,10.15,10.18,9683,0
20100908,10.16,10.27,10.16,10.17,35094,0
20100909,10.29,10.32,10.23,10.27,24967,0
20100910,10.29,10.29,10.23,10.27,39746,0
20100913,10.36,10.5,10.36,10.37,43202,0
20100914,10.39,10.49,10.39,10.48,27487,0
20100915,10.35,10.48,10.35,10.47,18405,0
20100916,10.44,10.46,10.4,10.46,14810,0
20100917,10.55,10.56,10.51,10.52,33719,0
20100920,10.52,10.68,10.48,10.67,32227,0
20100921,10.64,10.72,10.62,10.68,40492,0
20100922,10.63,10.7,10.6,10.67,20350,0
20100923,10.59,10.83,10.59,10.68,38589,0
20100924,10.78,10.87,10.78,10.83,36359,0
20100927,10.91,10.97,10.89,10.96,66032,0
20100928,10.93,11,10.9,10.99,16723,0
20100929,10.96,10.99,10.92,10.99,31700,0
20100930,11,11.09,10.83,11.02,48608,0
20101001,11.06,11.1,11,11.1,42650,0
20101004,11.12,11.12,10.93,11.05,103614,0
20101005,11.12,11.29,11.1,11.25,40012,0
20101006,11.24,11.32,11.24,11.29,69568,0
20101007,11.34,11.34,11.2,11.23,37393,0
20101008,11.32,11.36,11.25,11.35,41594,0
20101011,11.3,11.3,11.23,11.29,32167,0
20101012,11.22,11.23,11.11,11.23,17982,0
20101013,11.27,11.37,11.27,11.32,22769,0
20101014,11.33,11.36,11.22,11.32,45765,0
20101015,11.36,11.41,11.27,11.41,35610,0
20101018,11.3,11.39,11.25,11.38,30390,0
20101019,11.29,11.32,10.97,11.02,59018,0
20101020,11.05,11.27,11.05,11.22,26109,0
20101021,11.21,11.22,11.06,11.17,40132,0
20101022,11.29,11.29,11.2,11.25,21815,0
20101025,11.33,11.44,11.33,11.35,21223,0
20101026,11.3,11.4,11.24,11.4,40086,0
20101027,11.3,11.31,11.18,11.3,67250,0
20101028,11.4,11.42,11.29,11.35,69401,0
20101029,11.26,11.35,11.25,11.34,21619,0
20101101,11.47,11.49,11.42,11.44,87776,0
20101102,11.55,11.64,11.55,11.64,80871,0
20101103,11.66,11.71,11.56,11.71,56836,0
20101104,11.8,12.02,11.8,11.96,53610,0
20101105,11.97,12.05,11.94,12.03,37655,0
20101108,12.26,12.58,11.99,12.09,82079,0
20101109,12.05,12.05,11.88,11.88,17106,0
20101110,11.89,11.99,11.87,11.92,32708,0
20101111,11.85,11.88,11.77,11.88,40528,0
20101112,11.68,11.7,11.48,11.51,50946,0
20101115,11.51,11.65,11.5,11.58,39775,0
20101116,11.48,11.48,11.24,11.29,34900,0
20101117,11.22,11.56,11.18,11.32,42439,0
20101118,11.45,11.53,11.45,11.5,12943,0
20101119,11.44,11.48,11.36,11.46,37673,0
20101122,11.41,11.51,11.38,11.51,23357,0
20101123,11.27,11.27,11.14,11.22,44882,0
20101124,11.52,11.52,11.44,11.47,8913,0
20101126,11.01,11.29,11.01,11.27,6950,0
20101129,11.21,11.35,11.19,11.35,19220,0
20101130,11.26,11.39,11.2,11.31,52536,0
20101201,11.43,11.59,11.43,11.53,10581,0
20101202,11.6,11.79,11.6,11.79,21833,0
20101203,11.72,11.9,11.72,11.9,15191,0
20101206,11.74,11.75,11.68,11.72,21220,0
20101207,11.77,11.77,11.64,11.66,241060,0
20101208,11.58,11.58,11.45,11.56,14925,0
20101209,11.62,11.64,11.58,11.63,130186,0
20101210,11.59,11.59,11.52,11.55,6465,0
20101213,11.58,11.66,11.49,11.66,38632,0
20101214,11.58,11.74,11.58,11.74,30485,0
20101215,11.72,11.75,11.64,11.64,8709,0
20101216,11.61,11.66,11.61,11.61,12904,0
20101217,11.56,11.62,11.32,11.62,58158,0
20101220,11.6,11.68,11.24,11.67,55541,0
20101221,11.7,11.75,11.63,11.7,27571,0
20101222,11.77,11.78,11.61,11.73,34771,0
20101223,11.63,11.75,11.63,11.69,15476,0
20101227,11.59,11.71,11.58,11.68,9400,0
20101228,11.57,11.68,11.57,11.68,10464,0
20101229,11.68,11.92,11.59,11.8,34313,0
20101230,11.87,11.94,11.86,11.86,40900,0
20101231,11.91,11.97,11.9,11.95,9465,0
20110103,11.96,12.12,11.96,12.04,29483,0
20110104,12.09,12.12,12.05,12.12,4735,0
20110105,12.11,12.2,12.11,12.15,5084,0
20110106,12.14,12.22,12.08,12.15,155516,0
20110107,12.17,12.17,11.99,12.04,22100,0
20110110,11.93,11.95,11.85,11.92,19641,0
20110111,11.92,11.96,11.91,11.95,12414,0
20110112,12.06,12.19,12.06,12.14,3300,0
20110113,12.2,12.25,12.17,12.2,4114,0
20110114,12.12,12.19,12.12,12.12,9950,0
20110118,12.16,12.16,12.06,12.1,14376,0
20110119,12.03,12.1,11.93,12.08,35200,0
20110120,11.99,12.01,11.81,12.01,38551,0
20110121,11.96,11.96,11.93,11.94,9796,0
20110124,11.82,11.92,11.75,11.88,10210,0
20110125,11.77,11.78,11.66,11.7,14554,0
20110126,11.81,11.93,11.81,11.92,11982,0
20110127,11.87,11.93,11.86,11.93,20688,0
20110128,11.89,11.89,11.56,11.64,10920,0
20110131,11.48,11.82,11.48,11.71,12357,0
20110201,11.68,11.88,11.68,11.8,11228,0
20110202,11.68,11.8,11.59,11.75,27311,0
20110203,11.71,11.85,11.65,11.81,7962,0
20110204,11.81,11.9,11.73,11.87,6875,0
20110207,11.85,11.85,11.74,11.75,8559,0
20110208,11.75,11.75,11.65,11.74,12576,0
20110209,11.6,11.6,11.2,11.45,32440,0
20110210,11.26,11.4,11.05,11.35,33193,0
20110211,11.14,11.28,11.14,11.28,14383,0
20110214,11.31,11.31,11.2,11.25,12806,0
20110215,11.19,11.32,11.19,11.25,8785,0
20110216,11.29,11.41,11.27,11.39,6508,0
20110218,11.4,11.45,11.38,11.39,15220,0
20110222,11.15,11.22,11.02,11.09,34481,0
20110223,11.03,11.13,10.98,11.09,21943,0
20110224,11.03,11.05,10.95,11,24386,0
20110225,11.02,11.14,10.98,11.03,7900,0
20110228,10.99,11.08,10.76,11.07,13429,0
20110301,11.11,11.11,11,11.01,25406,0
20110302,11,11.16,11,11.12,28203,0
20110303,11.13,11.27,11.08,11.27,14037,0
20110304,11.31,11.42,11.27,11.41,20617,0
20110307,11.35,11.44,11.22,11.29,8271,0
20110308,11.25,11.45,11.25,11.4,30469,0
20110309,11.38,11.42,11.34,11.36,10295,0
20110310,11.18,11.26,11.16,11.21,18838,0
20110311,11.19,11.38,11.16,11.38,18188,0
20110314,11.19,11.19,11.03,11.18,18062,0
20110315,10.88,10.98,10.75,10.98,37396,0
20110316,10.9,10.93,10.83,10.88,44267,0
20110317,11,11.07,10.98,11.04,8892,0
20110318,11.11,11.11,11.02,11.03,30065,0
20110321,11.17,11.27,11.17,11.19,4750,0
20110322,11.28,11.28,11.21,11.23,17496,0
20110323,11.24,11.41,11.24,11.4,10322,0
20110324,11.39,11.57,11.39,11.51,14610,0
20110325,11.55,11.6,11.49,11.58,15487,0
20110328,11.56,11.61,11.49,11.52,2281,0
20110329,11.54,11.6,11.52,11.6,9334,0
20110330,11.62,11.72,11.62,11.7,9727,0
20110331,11.75,11.84,11.73,11.83,20137,0
20110401,11.86,12.01,11.86,12.01,12967,0
20110404,12.05,12.07,11.97,12.05,7985,0
20110405,12.05,12.11,12.04,12.07,16394,0
20110406,12.18,12.18,12.13,12.16,15447,0
20110407,12.08,12.17,12.08,12.16,6518,0
20110408,12.27,12.33,12.19,12.27,32015,0
20110411,12.23,12.31,12.2,12.26,19305,0
20110412,12.12,12.12,12,12.06,12635,0
20110413,12.21,12.22,12.13,12.16,17940,0
20110414,12.06,12.19,12.06,12.16,7307,0
20110415,12.13,12.24,12.13,12.2,13668,0
20110418,12.08,12.08,11.96,12.02,31494,0
20110419,12.05,12.13,12.05,12.07,11831,0
20110420,12.25,12.35,12.2,12.34,41263,0
20110421,12.48,12.56,12.4,12.51,45332,0
20110425,12.51,12.51,12.37,12.51,9674,0
20110426,12.44,12.55,12.38,12.42,60113,0
20110427,12.36,12.51,12.32,12.46,30176,0
20110428,12.42,12.57,12.42,12.55,41251,0
20110429,12.47,12.59,12.44,12.51,16308,0
20110502,12.53,12.63,12.51,12.6,44326,0
20110503,12.54,12.58,12.39,12.48,22388,0
20110504,12.45,12.48,12.35,12.46,10950,0
20110505,12.45,12.45,12.33,12.45,10421,0
20110506,12.48,12.52,12.38,12.45,3848,0
20110509,12.43,12.43,12.36,12.43,4150,0
20110510,12.44,12.54,12.43,12.48,7335,0
20110511,12.44,12.48,12.43,12.44,14957,0
20110512,12.36,12.36,12.32,12.34,13601,0
20110513,12.32,12.34,12.25,12.3,9469,0
20110516,12.2,12.24,12.2,12.21,6684,0
20110517,12.18,12.23,11.82,12.09,17686,0
20110518,12.22,12.28,12.09,12.28,16254,0
20110519,12.29,12.29,12.16,12.25,4393,0
20110520,12.13,12.13,12.03,12.1,13484,0
20110523,11.81,11.95,11.8,11.95,17999,0
20110524,11.86,11.97,11.86,11.95,14595,0
20110525,11.87,11.97,11.86,11.95,17374,0
20110526,11.97,11.97,11.91,11.97,1473,0
20110527,12,12.12,12,12.12,14143,0
20110531,12.2,12.3,12.2,12.28,8436,0
20110601,12.29,12.32,12.26,12.27,17935,0
20110602,12.27,12.3,12.2,12.3,11401,0
20110603,12.19,12.19,12.16,12.17,8452,0
20110606,12.15,12.18,12.08,12.08,8517,0
20110607,12.15,12.23,12.15,12.2,5461,0
20110608,12.15,12.17,12.05,12.05,15748,0
20110609,12.15,12.24,12.15,12.21,4112,0
20110610,11.66,12.14,11.66,11.97,5957,0
20110613,11.99,11.99,11.57,11.81,12587,0
20110614,11.91,11.96,11.9,11.92,9298,0
20110615,11.74,11.79,11.69,11.72,26318,0
20110616,11.65,11.71,11.55,11.69,10774,0
20110617,11.58,11.63,11.53,11.58,11754,0
20110620,11.47,11.47,11.38,11.44,6695,0
20110621,11.55,11.7,11.55,11.68,7984,0
20110622,11.54,11.58,11.53,11.58,3790,0
20110623,11.49,11.63,11.47,11.59,7196,0
20110624,11.66,11.73,11.65,11.71,15086,0
20110627,11.7,11.76,11.69,11.75,10575,0
20110628,11.67,11.86,11.67,11.84,10451,0
20110629,11.93,12,11.92,12,11251,0
20110630,12,12.13,11.99,12.12,7420,0
20110701,12.13,12.14,12.05,12.14,5699,0
20110705,12.18,12.25,12.07,12.2,25573,0
20110706,12.1,12.27,12.1,12.25,8344,0
20110707,12.26,12.35,12.26,12.35,4071,0
20110708,12.21,12.22,12.11,12.12,7786,0
20110711,12.02,12.1,11.98,12.05,7510,0
20110712,11.95,12.05,11.91,12,24360,0
20110713,12.09,12.1,11.93,11.93,9319,0
20110714,11.95,11.97,11.78,11.82,28454,0
20110715,11.92,11.92,11.78,11.82,12059,0
20110718,11.75,11.82,11.67,11.8,40200,0
20110719,11.91,12.11,11.91,12.1,14013,0
20110720,12.14,12.2,12.12,12.17,13383,0
20110721,12.2,12.33,12.2,12.32,7799,0
20110722,12.29,12.3,12.23,12.23,11627,0
20110725,12.15,12.15,12.01,12.06,6401,0
20110726,12.17,12.2,12.15,12.2,13351,0
20110727,12.19,12.19,12.1,12.1,49966,0
20110728,12.05,12.14,12.05,12.12,8055,0
20110729,12.07,12.17,11.98,12.17,21448,0
20110801,12.24,12.34,12.15,12.3,7776,0
20110802,12.27,12.3,12.16,12.16,17777,0
20110803,12.25,12.25,11.9,12.07,7750,0
20110804,11.83,11.93,11.52,11.52,28627,0
20110805,10.57,11.26,10.57,11.1,71552,0
20110808,10.34,10.65,10.28,10.28,33425,0
20110809,10.29,10.88,10.2,10.88,33953,0
20110810,10.88,10.88,10.52,10.56,45147,0
20110811,10.59,10.91,10.48,10.86,15451,0
20110812,10.88,10.99,10.65,10.85,9845,0
20110815,11.07,11.24,11.07,11.22,15919,0
20110816,11.12,11.12,10.94,11.03,21661,0
20110817,11.13,11.16,10.99,11.13,9396,0
20110818,10.93,11.03,10.68,10.9,43147,0
20110819,10.74,10.74,10.55,10.6,6692,0
20110822,10.92,10.92,10.22,10.43,12410,0
20110823,10.47,10.63,10.28,10.63,8649,0
20110824,10.47,10.69,10.47,10.55,7760,0
20110825,10.6,10.6,10.3,10.33,2500,0
20110826,10.3,10.49,10.2,10.45,4261,0
20110829,10.53,10.76,10.53,10.68,5540,0
20110830,10.68,10.93,10.68,10.92,7478,0
20110831,10.9,11.05,10.9,10.98,6754,0
20110901,11.02,11.09,11,11.05,7548,0
20110902,10.83,10.92,10.63,10.88,16734,0
20110906,10.55,10.65,10.4,10.59,5197,0
20110907,10.9,11.02,10.87,10.98,7113,0
20110908,10.87,10.99,10.77,10.89,19558,0
20110909,10.85,10.91,10.53,10.66,17035,0
20110912,10.41,10.61,10.37,10.61,4214,0
20110913,10.6,10.76,10.55,10.59,7927,0
20110914,10.5,10.56,10.46,10.51,5013,0
20110915,10.54,10.54,10.42,10.49,4572,0
20110916,10.45,10.45,10.33,10.45,3471,0
20110919,10.33,10.33,9.92,10.07,10523,0
20110920,10.2,10.2,10.08,10.13,1729,0
20110921,10.09,10.09,9.95,9.95,956,0
20110922,9.51,9.51,9.31,9.39,15487,0
20110923,9.32,9.5,9.19,9.31,8912,0
20110926,9.31,9.31,9.11,9.23,9150,0
20110927,9.47,9.85,9.42,9.73,26185,0
20110928,9.72,9.72,9.46,9.46,9805,0
20110929,9.56,9.79,9.56,9.64,94380,0
20110930,9.54,9.54,9.23,9.36,11427,0
20111003,9.26,9.37,8.99,8.99,40444,0
20111004,8.84,8.99,8.51,8.88,47385,0
20111005,9.09,9.09,8.89,9.03,34737,0
20111006,9.01,9.14,8.85,9.11,7917,0
20111007,9.19,9.23,9.11,9.16,3585,0
20111010,9.24,9.48,9.18,9.47,9795,0
20111011,9.32,9.61,9.32,9.53,7351,0
20111012,9.73,9.97,9.73,9.91,12307,0
20111013,9.99,9.99,9.75,9.98,3500,0
20111014,10.03,10.05,9.91,10.05,5652,0
20111017,9.94,10.01,9.88,10.01,9657,0
20111018,9.9,10.03,9.76,10.02,13065,0
20111019,9.92,9.93,9.76,9.8,3767,0
20111020,9.7,9.7,9.48,9.58,1430,0
20111021,9.62,9.68,9.27,9.27,6839,0
20111024,9.65,9.79,9.65,9.72,14775,0
20111025,9.75,10.04,9.51,9.93,50475,0
20111026,10.06,10.08,9.86,10.08,14911,0
20111027,10.49,10.56,10.32,10.56,19505,0
20111028,10.55,10.68,10.5,10.68,7765,0
20111031,10.58,10.6,10.28,10.43,13642,0
20111101,10.01,10.31,9.9,10.3,20025,0
20111102,10.39,10.5,10.32,10.42,15485,0
20111103,10.41,10.59,10.35,10.49,12692,0
20111104,10.3,10.5,10.28,10.3,9227,0
20111107,10.3,10.45,10.3,10.45,7456,0
20111108,10.33,10.42,10.24,10.35,5175,0
20111109,10.1,10.21,10.07,10.2,17781,0
20111110,10.28,10.28,10.11,10.11,4304,0
20111111,10.25,10.26,10.15,10.15,7443,0
20111114,10.23,10.24,9.98,10.07,5956,0
20111115,10.02,10.14,10.01,10.14,4000,0
20111116,9.9,10,9.9,9.9,9996,0
20111117,9.81,9.86,9.73,9.81,6452,0
20111118,9.8,9.8,9.5,9.68,19077,0
20111121,9.31,9.4,9.16,9.4,27135,0
20111122,9.28,9.45,9.28,9.4,8842,0
20111123,9.33,9.33,8.93,9.15,36698,0
20111125,8.93,9.09,8.93,9.05,9850,0
20111128,9.3,9.46,9.18,9.27,20488,0
20111129,9.33,9.48,9.32,9.37,16459,0
20111130,9.59,9.83,9.59,9.75,13278,0
20111201,9.62,9.94,9.62,9.79,29299,0
20111202,9.96,10.05,9.88,9.88,19467,0
20111205,9.99,10.02,9.9,9.96,5267,0
20111206,9.88,9.93,9.75,9.84,4655,0
20111207,9.78,9.86,9.71,9.85,12759,0
20111208,9.73,9.81,9.57,9.7,26439,0
20111209,9.64,9.78,9.6,9.74,8393,0
20111212,9.6,9.6,9.4,9.51,15961,0
20111213,9.41,9.44,9.27,9.27,4369,0
20111214,9.27,9.3,9.19,9.22,7270,0
20111215,9.19,9.2,9.01,9.07,51035,0
20111216,9.13,9.23,9.05,9.13,57285,0
20111219,9.06,9.15,8.96,9.06,9643,0
20111220,9.16,9.27,9.11,9.23,36596,0
20111221,9.16,9.28,9.16,9.28,37598,0
20111222,9.27,9.42,9.12,9.42,35005,0
20111223,9.39,9.45,9.29,9.4,25517,0
20111227,9.4,9.42,9.33,9.33,25169,0
20111228,9.27,9.3,9.09,9.3,20078,0
20111229,9.29,9.35,9.28,9.35,6085,0
20111230,9.29,9.5,9.29,9.4,25679,0
20120103,9.61,9.61,9.49,9.55,16118,0
20120104,9.53,9.54,9.45,9.52,3199,0
20120105,9.61,9.61,9.4,9.54,15903,0
20120106,9.54,9.58,9.44,9.5,35300,0
20120109,9.48,9.57,9.45,9.57,8076,0
20120110,9.64,9.68,9.61,9.65,14414,0
20120111,9.53,9.74,9.53,9.72,21732,0
20120112,9.73,9.77,9.66,9.75,10824,0
20120113,9.73,9.75,9.65,9.75,18896,0
20120117,9.82,9.91,9.81,9.89,29933,0
20120118,9.95,10.1,9.95,10.1,15037,0
20120119,10.1,10.19,10.1,10.17,18800,0
20120120,10.23,10.29,10.23,10.29,8747,0
20120123,10.22,10.34,10.22,10.29,8918,0
20120124,10.22,10.31,10.2,10.26,10532,0
20120125,10.28,10.4,10.27,10.4,3760,0
20120126,10.4,10.45,10.35,10.35,10951,0
20120127,10.37,10.42,10.36,10.38,11067,0
20120130,10.38,10.38,10.19,10.33,17069,0
20120131,10.38,10.51,10.34,10.51,15116,0
20120201,10.54,10.61,10.54,10.61,13978,0
20120202,10.57,10.74,10.57,10.74,7844,0
20120203,10.74,10.91,10.74,10.9,29972,0
20120206,11.09,11.09,10.83,10.83,11127,0
20120207,10.69,10.75,10.65,10.71,15196,0
20120208,10.75,10.81,10.75,10.79,5185,0
20120209,10.81,10.89,10.77,10.87,16140,0
20120210,10.86,10.86,10.65,10.72,8908,0
20120213,10.8,10.85,10.76,10.85,21376,0
20120214,10.8,10.8,10.67,10.67,5621,0
20120215,10.68,10.81,10.68,10.81,34236,0
20120216,10.82,10.89,10.8,10.85,5460,0
20120217,10.85,10.9,10.85,10.9,4800,0
20120221,10.89,11.07,10.89,10.95,18988,0
20120222,10.95,10.99,10.93,10.94,12442,0
20120223,10.97,11.07,10.96,11.03,17168,0
20120224,11,11,10.93,10.96,11814,0
20120227,10.84,10.86,10.81,10.85,34839,0
20120228,10.83,10.9,10.83,10.87,13756,0
20120229,10.96,11.02,10.8,10.98,60826,0
20120301,10.98,11.12,10.98,11.11,25455,0
20120302,11.07,11.1,10.96,11.06,34229,0
20120305,11.01,11.06,10.94,11.02,13338,0
20120306,10.85,10.85,10.56,10.64,14572,0
20120307,10.66,10.69,10.65,10.66,3862,0
20120308,10.76,10.8,10.74,10.76,9183,0
20120309,10.8,10.85,10.72,10.74,14055,0
20120312,10.66,10.74,10.66,10.71,16227,0
20120313,10.74,10.92,10.74,10.88,10097,0
20120314,10.86,10.95,10.8,10.8,20772,0
20120315,10.82,10.98,10.81,10.95,15677,0
20120316,10.91,10.95,10.86,10.86,15401,0
20120319,10.86,10.88,10.82,10.82,6038,0
20120320,10.67,10.68,10.52,10.52,24568,0
20120321,10.5,10.63,10.49,10.59,24381,0
20120322,10.57,10.57,10.49,10.54,7339,0
20120323,10.52,10.59,10.5,10.59,3751,0
20120326,10.61,10.69,10.61,10.63,13756,0
20120327,10.64,10.72,10.62,10.68,36539,0
20120328,10.66,10.66,10.56,10.56,12274,0
20120329,10.54,10.54,10.38,10.46,20866,0
20120330,10.48,10.58,10.48,10.58,7249,0
20120402,10.49,10.65,10.49,10.62,5260,0
20120403,10.62,10.65,10.56,10.59,10013,0
20120404,10.53,10.53,10.19,10.41,62287,0
20120405,10.45,10.53,10.45,10.5,9624,0
20120409,10.43,10.43,10.3,10.32,49393,0
20120410,10.33,10.36,10.12,10.18,14335,0
20120411,10.23,10.3,10.23,10.23,22911,0
20120412,10.3,10.46,10.3,10.43,11951,0
20120413,10.33,10.41,10.33,10.4,21854,0
20120416,10.42,10.49,10.42,10.44,25501,0
20120417,10.5,10.55,10.5,10.5,11465,0
20120418,10.48,10.53,10.41,10.49,10024,0
20120419,10.47,10.53,10.47,10.49,9245,0
20120420,10.53,10.53,10.49,10.51,10894,0
20120423,10.3,10.34,10.26,10.3,9412,0
20120424,10.35,10.37,10.26,10.28,14098,0
20120425,10.29,10.36,10.29,10.36,11515,0
20120426,10.34,10.42,10.25,10.42,27921,0
20120427,10.4,10.42,10.36,10.41,4179,0
20120430,10.39,10.48,10.39,10.48,22945,0
20120501,10.48,10.59,10.45,10.51,34823,0
20120502,10.49,10.56,10.43,10.56,31574,0
20120503,10.58,10.58,10.52,10.54,7837,0
20120504,10.52,10.52,10.36,10.42,9309,0
20120507,10.34,10.35,10.27,10.31,12569,0
20120508,10.29,10.29,10.11,10.16,12210,0
20120509,10.03,10.1,10.03,10.09,14086,0
20120510,10.11,10.15,10.11,10.15,3586,0
20120511,10.12,10.13,10.01,10.01,3405,0
20120514,9.92,9.92,9.76,9.76,7699,0
20120515,9.84,9.85,9.76,9.78,6971,0
20120516,9.68,9.68,9.55,9.59,19610,0
20120517,9.61,9.61,9.4,9.4,15300,0
20120518,9.42,9.42,9.23,9.31,34099,0
20120521,9.31,9.46,9.28,9.44,8347,0
20120522,9.51,9.51,9.44,9.49,17764,0
20120523,9.44,9.44,9.29,9.36,5446,0
20120524,9.38,9.38,9.28,9.36,2222,0
20120525,9.32,9.32,9.23,9.26,7167,0
20120529,9.4,9.5,9.4,9.43,27669,0
20120530,9.27,9.33,9.27,9.31,24600,0
20120531,9.32,9.38,9.26,9.36,27885,0
20120601,9.25,9.25,9.13,9.14,7800,0
20120604,9.1,9.1,9.01,9.02,6551,0
20120605,9.11,9.11,9.02,9.05,15484,0
20120606,9.08,9.28,9.08,9.25,27088,0
20120607,9.44,9.46,9.39,9.41,17560,0
20120608,9.36,9.36,9.28,9.32,12029,0
20120611,9.45,9.46,9.37,9.37,49074,0
20120612,9.38,9.42,9.33,9.42,18840,0
20120613,9.41,9.47,9.36,9.41,17612,0
20120614,9.43,9.45,9.35,9.44,10375,0
20120615,9.46,9.54,9.45,9.54,15805,0
20120618,9.45,9.54,9.44,9.53,10480,0
20120619,9.58,9.74,9.58,9.67,9235,0
20120620,9.65,9.67,9.59,9.59,8339,0
20120621,9.57,9.57,9.42,9.42,27709,0
20120622,9.41,9.41,9.37,9.37,3828,0
20120625,9.27,9.27,9.21,9.23,5003,0
20120626,9.27,9.33,9.27,9.29,10578,0
20120627,9.25,9.35,9.25,9.29,58216,0
20120628,9.19,9.29,9.18,9.29,48797,0
20120629,9.49,9.54,9.38,9.54,20396,0
20120702,9.57,9.64,9.53,9.6,13870,0
20120703,9.61,9.67,9.59,9.67,9888,0
20120705,9.65,9.68,9.6,9.65,7605,0
20120706,9.61,9.61,9.54,9.61,10104,0
20120709,9.61,9.61,9.55,9.6,11049,0
20120710,9.6,9.6,9.48,9.49,2419,0
20120711,9.55,9.59,9.53,9.55,7781,0
20120712,9.41,9.41,9.33,9.39,4625,0
20120713,9.35,9.51,9.35,9.51,5828,0
20120716,9.44,9.46,9.42,9.42,25900,0
20120717,9.4,9.56,9.4,9.49,12000,0
20120718,9.41,9.46,9.39,9.43,15218,0
20120719,9.41,9.52,9.37,9.47,40009,0
20120720,9.46,9.46,9.35,9.35,14231,0
20120723,9.17,9.27,9.13,9.25,10940,0
20120724,9.23,9.23,8.97,9.18,32547,0
20120725,9.2,9.26,9.16,9.16,9197,0
20120726,9.21,9.26,9.17,9.26,142833,0
20120727,9.28,9.54,9.28,9.54,41226,0
20120730,9.54,9.57,9.53,9.57,4560,0
20120731,9.54,9.6,9.52,9.59,45560,0
20120801,9.61,9.71,9.57,9.6,19314,0
20120802,9.53,9.53,9.45,9.49,22500,0
20120803,9.53,9.63,9.53,9.57,38460,0
20120806,9.54,9.68,9.54,9.63,27196,0
20120807,9.62,9.69,9.57,9.62,11872,0
20120808,9.58,9.7,9.52,9.67,9175,0
20120809,9.69,9.79,9.69,9.72,15595,0
20120810,9.73,9.78,9.68,9.78,4601,0
20120813,9.75,9.79,9.7,9.73,23963,0
20120814,9.78,9.8,9.75,9.79,17393,0
20120815,9.76,9.84,9.76,9.84,16738,0
20120816,9.83,9.9,9.83,9.86,15814,0
20120817,9.83,9.86,9.81,9.86,3367,0
20120820,9.85,9.86,9.81,9.86,8431,0
20120821,9.8,9.94,9.8,9.83,8880,0
20120822,9.75,9.82,9.74,9.82,6574,0
20120823,9.77,9.79,9.76,9.77,3190,0
20120824,9.75,9.77,9.63,9.77,16537,0
20120827,9.75,9.75,9.65,9.65,15158,0
20120828,9.6,9.67,9.6,9.65,16878,0
20120829,9.63,9.63,9.57,9.6,8131,0
20120830,9.49,9.61,9.48,9.56,28728,0
20120831,9.58,9.68,9.58,9.68,3600,0
20120904,9.66,9.66,9.57,9.6,6400,0
20120905,9.59,9.63,9.54,9.62,29792,0
20120906,9.61,9.69,9.59,9.67,77474,0
20120907,9.7,9.84,9.7,9.84,50582,0
20120910,9.82,9.84,9.7,9.79,30461,0
20120911,9.84,9.86,9.82,9.85,29110,0
20120912,9.86,9.91,9.86,9.88,5092,0
20120913,9.88,10.05,9.87,10.04,18466,0
20120914,10.2,10.22,10.07,10.19,63784,0
20120917,10.17,10.26,10.14,10.19,70800,0
20120918,10.18,10.2,10.16,10.2,8263,0
20120919,10.23,10.3,10.21,10.28,21807,0
20120920,10.21,10.21,10.11,10.15,19990,0
20120921,10.19,10.21,10.16,10.17,18398,0
20120924,10.15,10.17,10.12,10.16,14456,0
20120925,10.18,10.19,10.06,10.07,19016,0
20120926,10.04,10.04,9.94,9.99,16430,0
20120927,10.09,10.25,10.09,10.25,38324,0
20120928,10.23,10.28,10.15,10.28,35009,0
20121001,10.3,10.42,10.3,10.33,16169,0
20121002,10.34,10.37,10.3,10.37,14951,0
20121003,10.35,10.36,10.31,10.34,2750,0
20121004,10.36,10.4,10.35,10.39,5084,0
20121005,10.38,10.44,10.37,10.4,8970,0
20121008,10.37,10.38,10.28,10.38,20059,0
20121009,10.32,10.32,10.22,10.23,13164,0
20121010,10.25,10.25,10.15,10.15,7700,0
20121011,10.25,10.27,10.21,10.21,1997,0
20121012,10.2,10.2,10.12,10.14,15514,0
20121015,10.2,10.2,10.19,10.2,515,0
20121016,10.22,10.26,10.22,10.25,7202,0
20121017,10.28,10.39,10.28,10.37,9915,0
20121018,10.35,10.36,10.27,10.3,20980,0
20121019,10.25,10.25,10.17,10.24,24554,0
20121022,10.17,10.2,10.16,10.2,25178,0
20121023,10.14,10.15,10.02,10.12,35160,0
20121024,10.24,10.27,10.2,10.21,9700,0
20121025,10.25,10.3,10.21,10.24,17467,0
20121026,10.17,10.18,10.1,10.14,7880,0
20121031,10.15,10.19,10.09,10.19,9310,0
20121101,10.19,10.3,10.19,10.28,10453,0
20121102,10.33,10.34,10.23,10.28,21283,0
20121105,10.34,10.38,10.31,10.38,6112,0
20121106,10.38,10.4,10.35,10.35,14775,0
20121107,10.32,10.33,10.17,10.23,17032,0
20121108,10.2,10.21,10.1,10.1,23938,0
20121109,10.11,10.15,10.05,10.11,36911,0
20121112,10.16,10.18,10.15,10.18,11460,0
20121113,10.1,10.15,10.03,10.1,388574,0
20121114,10.1,10.11,9.98,9.98,43249,0
20121115,9.96,9.96,9.87,9.9,19925,0
20121116,9.83,9.99,9.81,9.99,17300,0
20121119,10.05,10.18,10.05,10.12,14736,0
20121120,10.17,10.17,10.1,10.16,20944,0
20121121,10.1,10.22,10.05,10.19,27694,0
20121123,10.34,10.34,10.29,10.31,4971,0
20121126,10.32,10.37,10.29,10.36,14097,0
20121127,10.28,10.68,10.28,10.38,74051,0
20121128,10.34,10.52,10.3,10.47,25970,0
20121129,10.41,10.49,10.41,10.47,15122,0
20121130,10.53,10.56,10.41,10.48,36395,0
20121203,10.46,10.48,10.41,10.45,31934,0
20121204,10.46,10.52,10.44,10.51,15117,0
20121205,10.57,10.63,10.53,10.54,22183,0
20121206,10.56,10.62,10.56,10.58,34366,0
20121207,10.6,10.66,10.56,10.61,19122,0
20121210,10.53,10.75,10.53,10.6,10882,0
20121211,10.66,10.66,10.57,10.57,35246,0
20121212,10.6,10.79,10.48,10.56,24419,0
20121213,10.58,10.6,10.57,10.58,13158,0
20121214,10.63,10.88,10.63,10.73,61851,0
20121217,10.6,10.69,10.48,10.69,83995,0
20121218,10.63,10.63,10.5,10.56,213866,0
20121219,10.58,10.7,10.58,10.66,54949,0
20121220,10.6,10.71,10.6,10.71,13586,0
20121221,10.54,10.61,10.49,10.61,58606,0
20121224,10.55,10.6,10.55,10.58,10903,0
20121226,10.56,10.62,10.5,10.6,30648,0
20121227,10.57,10.6,10.54,10.57,27489,0
20121228,10.56,10.69,10.54,10.6,20197,0
20121231,10.63,10.82,10.63,10.82,10682,0
20130102,11.01,11.08,10.99,11.06,32716,0
20130103,11.08,11.16,11.06,11.06,9485,0
20130104,11.06,11.13,11.06,11.13,14243,0
20130107,11.02,11.06,10.98,11.06,29772,0
20130108,10.98,11,10.92,10.98,23968,0
20130109,11,11.07,10.98,11.07,30096,0
20130110,11.08,11.09,11.06,11.06,9881,0
20130111,11.02,11.02,10.99,11.02,7849,0
20130114,11.01,11.12,10.98,11.08,52121,0
20130115,11.05,11.1,11,11.09,31333,0
20130116,11.07,11.16,11.05,11.09,20957,0
20130117,11.1,11.15,11.07,11.1,12587,0
20130118,11.12,11.12,11.02,11.12,18475,0
20130122,11.02,11.09,11.02,11.08,57417,0
20130123,11.03,11.13,11.03,11.13,13100,0
20130124,11.1,11.2,11.1,11.11,12936,0
20130125,11.13,11.15,10.89,10.99,30539,0
20130128,11.05,11.05,10.92,10.92,10735,0
20130129,10.89,11.04,10.89,11.04,20975,0
20130130,11.02,11.1,10.96,11.06,26183,0
20130131,11.09,11.09,10.97,11.02,11930,0
20130201,11.04,11.13,11.04,11.08,13236,0
20130204,11.02,11.02,10.92,10.95,30038,0
20130205,10.93,11,10.9,11,16609,0
20130206,10.89,10.93,10.88,10.93,13464,0
20130207,10.96,10.96,10.83,10.91,7694,0
20130208,10.93,10.96,10.91,10.95,5523,0
20130211,10.87,10.92,10.85,10.9,51056,0
20130212,10.9,10.94,10.7,10.89,14969,0
20130213,10.9,10.98,10.9,10.95,8136,0
20130214,10.9,10.98,10.9,10.98,126814,0
20130215,10.98,11.08,10.97,11.07,25421,0
20130219,11.07,11.14,11.05,11.09,12949,0
20130220,11.11,11.11,10.94,10.94,25336,0
20130221,10.83,10.83,10.74,10.81,24489,0
20130222,10.88,11.01,10.82,10.93,30338,0
20130225,10.95,10.99,10.88,10.88,47507,0
20130226,10.83,10.85,10.74,10.81,22474,0
20130227,10.88,11.02,10.88,10.99,8750,0
20130228,11.07,11.15,11.07,11.1,28480,0
20130301,10.99,11.06,10.97,11.06,5748,0
20130304,10.95,11,10.93,10.99,16212,0
20130305,11.01,11.14,11.01,11.12,16914,0
20130306,11.08,11.13,11.08,11.12,36438,0
20130307,11.08,11.14,11.01,11.08,66240,0
20130308,11.1,11.16,11.08,11.16,15373,0
20130311,11.12,11.12,11.07,11.1,6830,0
20130312,11.03,11.03,10.96,11.01,20395,0
20130313,10.94,10.96,10.85,10.91,15300,0
20130314,10.91,10.91,10.84,10.91,15664,0
20130315,10.8,10.83,10.79,10.81,7745,0
20130318,10.74,10.74,10.65,10.67,6949,0
20130319,10.64,10.64,10.56,10.59,13900,0
20130320,10.66,10.76,10.66,10.73,13174,0
20130321,10.64,10.69,10.49,10.62,7968,0
20130322,10.64,10.66,10.57,10.62,9813,0
20130325,10.58,10.59,10.55,10.59,11340,0
20130326,10.65,10.72,10.65,10.71,8973,0
20130327,10.69,10.76,10.68,10.72,19827,0
20130328,10.71,10.76,10.7,10.76,34932,0
20130401,10.74,10.76,10.7,10.74,52905,0
20130402,10.76,10.77,10.73,10.73,7036,0
20130403,10.66,10.66,10.63,10.64,30420,0
20130404,10.61,10.63,10.52,10.54,5314,0
20130405,10.48,10.48,10.4,10.43,12970,0
20130408,10.45,10.51,10.34,10.36,12591,0
20130409,10.36,10.4,10.36,10.4,7173,0
20130410,10.37,10.46,10.37,10.46,17180,0
20130411,10.57,10.65,10.54,10.65,25703,0
20130412,10.49,10.5,10.44,10.5,19521,0
20130415,10.36,10.39,10.25,10.26,63943,0
20130416,10.37,10.43,10.31,10.43,33558,0
20130417,10.31,10.37,10.31,10.36,8450,0
20130418,10.41,10.43,10.36,10.41,9469,0
20130419,10.42,10.55,10.42,10.54,12467,0
20130422,10.57,10.59,10.54,10.59,10577,0
20130423,10.57,10.68,10.57,10.66,30557,0
20130424,10.67,10.77,10.67,10.73,11059,0
20130425,10.75,10.8,10.75,10.8,22192,0
20130426,10.79,10.8,10.75,10.79,14757,0
20130429,10.83,10.9,10.82,10.9,10619,0
20130430,10.86,11.02,10.86,11.02,30671,0
20130501,11,11,10.91,10.93,16676,0
20130502,10.96,11.02,10.93,10.99,5166,0
20130503,11,11.06,11,11.04,9200,0
20130506,10.97,11.13,10.97,11.12,38730,0
20130507,11.2,11.26,11.17,11.24,17691,0
20130508,11.29,11.33,11.29,11.31,2910,0
20130509,11.29,11.37,11.26,11.31,28163,0
20130510,11.29,11.3,11.21,11.25,61743,0
20130513,11.15,11.2,11.08,11.08,50946,0
20130514,11.11,11.13,11.11,11.11,4159,0
20130515,11.12,11.19,11.12,11.17,17264,0
20130516,11.17,11.29,11.17,11.22,66465,0
20130517,11.27,11.33,11.25,11.29,15498,0
20130520,11.27,11.37,11.27,11.35,8395,0
20130521,11.34,11.34,11.28,11.34,15288,0
20130522,11.31,11.35,11.22,11.24,20034,0
20130523,11.11,11.13,11.06,11.12,26094,0
20130524,11.02,11.02,10.87,10.94,56741,0
20130528,11.03,11.08,11.01,11.01,103087,0
20130529,11.02,11.08,10.95,10.98,44327,0
20130530,11,11.1,11,11.06,11474,0
20130531,11.04,11.04,10.79,10.86,77374,0
20130603,10.83,10.96,10.83,10.94,29217,0
20130604,10.82,10.9,10.8,10.87,23513,0
20130605,10.8,10.8,10.65,10.74,31514,0
20130606,10.67,10.71,10.59,10.71,11424,0
20130607,10.7,10.74,10.68,10.7,7033,0
20130610,10.66,10.72,10.57,10.57,11362,0
20130611,10.38,10.51,10.38,10.41,13248,0
20130612,10.39,10.39,10.23,10.23,10391,0
20130613,10.22,10.32,10.2,10.26,16473,0
20130614,10.25,10.3,10.11,10.15,11779,0
20130617,10.15,10.25,10.14,10.23,18949,0
20130618,10.23,10.27,10.17,10.27,7209,0
20130619,10.19,10.19,10.05,10.06,5981,0
20130620,9.87,9.93,9.57,9.61,13727,0
20130621,9.64,9.69,9.57,9.62,6191,0
20130624,9.48,9.51,9.32,9.35,19082,0
20130625,9.4,9.48,9.38,9.47,11336,0
20130626,9.57,9.6,9.51,9.6,17373,0
20130627,9.51,9.83,9.51,9.78,29556,0
20130628,9.76,10.1,9.76,10.1,20172,0
20130701,10.09,10.17,10.09,10.13,1822,0
20130702,10.15,10.19,9.99,9.99,17439,0
20130703,9.93,9.96,9.84,9.91,14610,0
20130705,9.91,9.94,9.83,9.9,12515,0
20130708,9.9,9.93,9.88,9.89,6000,0
20130709,9.87,9.97,9.87,9.91,24736,0
20130710,9.95,9.95,9.79,9.84,14730,0
20130711,10.09,10.2,9.96,10.19,32042,0
20130712,10.1,10.12,10.01,10.09,6000,0
20130715,10.1,10.15,10.07,10.1,7248,0
20130716,10.06,10.07,10.02,10.03,2920,0
20130717,10.11,10.13,10.08,10.08,11664,0
20130718,10.06,10.1,10.03,10.04,4650,0
20130719,10.01,10.01,9.94,9.97,14933,0
20130722,10.18,10.18,9.91,9.97,28469,0
20130723,10.02,10.15,10,10.14,24078,0
20130724,10.17,10.17,10.1,10.1,31534,0
20130725,10.1,10.12,10.07,10.09,8442,0
20130726,9.99,10.1,9.99,10.1,38023,0
20130729,10,10.03,9.86,9.98,34308,0
20130730,9.99,10.03,9.87,10.02,42839,0
20130731,10,10.08,9.94,10.04,18200,0
20130801,10.02,10.09,9.93,10.09,41870,0
20130802,10.08,10.13,10.05,10.13,3331,0
20130805,10.07,10.09,9.93,10.08,15951,0
20130806,10.01,10.06,9.95,9.97,27833,0
20130807,9.91,9.91,9.8,9.81,7126,0
20130808,9.87,9.87,9.83,9.87,673,0
20130809,9.75,9.95,9.75,9.86,32790,0
20130812,9.88,9.97,9.88,9.97,16050,0
20130813,9.99,10.09,9.95,10.06,7819,0
20130814,9.98,10.11,9.98,10.08,8497,0
20130815,9.98,10.08,9.98,10.08,43293,0
20130816,10.01,10.05,10.01,10.04,35185,0
20130819,10.01,10.03,9.82,9.85,15881,0
20130820,9.79,9.82,9.75,9.77,30040,0
20130821,9.75,9.75,9.52,9.64,28905,0
20130822,9.62,9.66,9.56,9.61,10041,0
20130823,9.63,9.64,9.58,9.64,4280,0
20130826,9.61,9.65,9.58,9.65,8065,0
20130827,9.61,9.61,9.42,9.49,33477,0
20130828,9.49,9.49,9.38,9.4,21151,0
20130829,9.45,9.53,9.45,9.51,9338,0
20130830,9.57,9.71,9.57,9.67,24305,0
20130903,9.75,9.81,9.73,9.77,22250,0
20130904,9.78,9.85,9.77,9.81,7668,0
20130905,9.81,9.85,9.81,9.84,4487,0
20130906,9.91,9.99,9.91,9.93,2555,0
20130909,9.97,10.21,9.97,10.16,101471,0
20130910,10.16,10.34,10.15,10.34,13350,0
20130911,10.35,10.35,10.27,10.28,2810,0
20130912,10.31,10.31,10.16,10.17,13393,0
20130913,10.16,10.23,9.99,10.19,5560,0
20130916,10.31,10.37,10.24,10.3,7795,0
20130917,10.35,10.36,10.3,10.35,3335,0
20130918,10.29,10.62,10.23,10.62,10456,0
20130919,10.64,10.75,10.47,10.63,9590,0
20130920,10.6,10.6,10.4,10.4,1362,0
20130923,10.36,10.43,10.33,10.39,4964,0
20130924,10.3,10.36,10.25,10.32,3145,0
20130925,10.31,10.31,10.07,10.28,2212,0
20130926,10.23,10.37,10.22,10.26,5587,0
20130927,10.23,10.23,10.13,10.23,2600,0
20130930,10.06,10.12,10.06,10.12,32616,0
20131001,10.17,10.26,10.11,10.25,12059,0
20131002,10.1,10.24,10,10.23,22159,0
20131003,10.27,10.34,10.24,10.33,23419,0
20131004,10.31,10.4,10.25,10.34,11577,0
20131007,10.24,10.26,10.22,10.26,3316,0
20131008,10.27,10.36,10.27,10.28,2753,0
20131009,10.22,10.28,10.17,10.28,14395,0
20131010,10.39,10.58,10.39,10.57,11679,0
20131011,10.5,10.6,10.5,10.57,4000,0
20131014,10.47,10.58,10.46,10.56,9004,0
20131015,10.57,10.57,10.47,10.47,1735,0
20131016,10.53,10.56,10.43,10.53,6700,0
20131017,10.53,10.53,10.45,10.53,3450,0
20131018,10.41,10.71,10.41,10.66,14366,0
20131021,10.59,10.62,10.51,10.58,7055,0
20131022,10.6,10.65,10.5,10.58,5288,0
20131023,10.53,10.53,10.44,10.44,25344,0
20131024,10.41,10.42,10.39,10.41,9140,0
20131025,10.33,10.37,10.33,10.33,5400,0
20131028,10.33,10.42,10.33,10.41,12450,0
20131029,10.44,10.59,10.41,10.49,22105,0
20131030,10.53,10.57,10.48,10.5,48624,0
20131031,10.53,10.67,10.52,10.64,15100,0
20131101,10.62,10.69,10.62,10.64,1902,0
20131104,10.56,10.65,10.56,10.63,8085,0
20131105,10.49,10.66,10.45,10.53,9729,0
20131106,10.62,10.65,10.51,10.59,13701,0
20131107,10.58,10.6,10.45,10.55,3905,0
20131108,10.5,10.51,10.24,10.41,12139,0
20131111,10.5,10.59,10.45,10.59,8338,0
20131112,10.43,10.43,10.39,10.4,974,0
20131113,10.29,10.35,10.23,10.33,10550,0
20131114,10.33,10.41,10.28,10.38,28528,0
20131115,10.42,10.49,10.42,10.49,800,0
20131118,10.55,10.72,10.55,10.7,21201,0
20131119,10.65,10.71,10.63,10.67,24801,0
20131120,10.69,10.69,10.61,10.65,41441,0
20131121,10.58,10.74,10.54,10.74,27462,0
20131122,10.7,10.7,10.6,10.66,14837,0
20131125,10.63,10.67,10.58,10.63,6898,0
20131126,10.58,10.61,10.5,10.56,51680,0
20131127,10.59,10.63,10.56,10.62,26491,0
20131129,10.46,10.73,10.44,10.73,2955,0
20131202,10.69,10.75,10.67,10.72,66174,0
20131203,10.72,10.72,10.56,10.66,19401,0
20131204,10.58,10.66,10.58,10.6,7424,0
20131205,10.69,10.69,10.57,10.58,3450,0
20131206,10.75,10.75,10.62,10.62,8680,0
20131209,10.66,10.71,10.59,10.66,103805,0
20131210,10.57,10.62,10.57,10.6,8087,0
20131211,10.5,10.55,10.43,10.45,56937,0
20131212,10.36,10.41,10.35,10.35,5400,0
20131213,10.44,10.55,10.43,10.49,13517,0
20131216,10.49,10.52,10.46,10.49,6228,0
20131217,10.47,10.48,10.4,10.41,10665,0
20131218,10.39,10.51,10.38,10.51,23462,0
20131219,10.4,10.43,10.28,10.29,24260,0
20131220,10.33,10.4,10.1,10.34,50790,0
20131223,10.36,10.37,10.32,10.36,17270,0
20131224,10.4,10.48,10.39,10.44,75557,0
20131226,10.44,10.45,10.36,10.38,15074,0
20131227,10.45,10.48,10.32,10.42,13189,0
20131230,10.38,10.5,10.38,10.45,39084,0
20131231,10.46,10.51,10.37,10.51,30943,0
20140102,10.42,10.42,10.31,10.32,6124,0
20140103,10.32,10.36,10.25,10.25,10003,0
20140106,10.21,10.22,10.08,10.09,44683,0
20140107,10.13,10.25,10.11,10.22,33946,0
20140108,10.22,10.22,10.17,10.18,4098,0
20140109,10.18,10.28,10.12,10.18,36168,0
20140110,10.25,10.28,10.25,10.28,19048,0
20140113,10.26,10.29,10.18,10.19,48200,0
20140114,10.2,10.23,10.19,10.23,2840,0
20140115,10.21,10.24,10.17,10.23,22502,0
20140116,10.18,10.18,10.12,10.17,18305,0
20140117,10.13,10.24,10.13,10.16,19328,0
20140121,10.16,10.21,10.12,10.13,10933,0
20140122,10.17,10.19,10.08,10.17,50967,0
20140123,10.09,10.11,9.99,10.01,67729,0
20140124,9.95,9.96,9.82,9.87,37403,0
20140127,9.84,9.92,9.75,9.77,36193,0
20140128,9.85,9.89,9.8,9.81,68038,0
20140129,9.79,9.84,9.75,9.81,67820,0
20140130,9.86,9.87,9.79,9.8,47373,0
20140131,9.75,9.85,9.7,9.85,12827,0
20140203,9.79,9.85,9.68,9.69,43223,0
20140204,9.72,9.72,9.62,9.63,28052,0
20140205,9.63,9.66,9.59,9.65,23749,0
20140206,9.66,9.84,9.66,9.83,67930,0
20140207,9.82,9.9,9.82,9.89,14256,0
20140210,9.89,9.9,9.82,9.86,22741,0
20140211,9.87,10.01,9.87,10,8417,0
20140212,9.9,10.1,9.9,10.02,11771,0
20140213,9.98,10.03,9.93,9.99,8759,0
20140214,10.08,10.13,10.06,10.09,6612,0
20140218,10,10.16,10,10.06,14429,0
20140219,10.06,10.06,10.03,10.03,8658,0
20140220,10.03,10.04,10.03,10.04,4194,0
20140221,10.13,10.16,10.13,10.13,7719,0
20140224,10.08,10.15,10.08,10.12,22631,0
20140225,10.11,10.11,9.98,9.99,26757,0
20140226,10.02,10.04,10,10,7053,0
20140227,10.07,10.18,10.05,10.09,14275,0
20140228,10.08,10.11,10.07,10.08,22522,0
20140303,9.99,10.02,9.91,10.02,22899,0
20140304,10.1,10.13,10.1,10.13,8059,0
20140305,10.03,10.08,10.02,10.07,20859,0
20140306,10.13,10.21,10.13,10.18,37507,0
20140307,10.17,10.17,10.11,10.16,19622,0
20140310,10.14,10.14,10.04,10.13,25538,0
20140311,10.11,10.11,10.02,10.05,13332,0
20140312,10.01,10.06,9.96,10,24198,0
20140313,10.02,10.02,9.9,9.91,46774,0
20140314,9.89,9.98,9.87,9.91,41127,0
20140317,9.92,10.02,9.92,9.96,30917,0
20140318,10.04,10.05,10.03,10.05,9700,0
20140319,10.02,10.03,9.91,9.94,25627,0
20140320,9.93,9.96,9.89,9.93,16566,0
20140321,9.99,10.01,9.99,9.99,15028,0
20140324,10.03,10.05,10.02,10.05,69406,0
20140325,10.09,10.13,10.05,10.06,16529,0
20140326,10.09,10.14,10.07,10.11,15800,0
20140327,10.14,10.17,10.11,10.15,34425,0
20140328,10.21,10.28,10.19,10.21,25780,0
20140331,10.3,10.36,10.3,10.33,7039,0
20140401,10.37,10.42,10.35,10.35,58393,0
20140402,10.29,10.38,10.29,10.36,26234,0
20140403,10.31,10.35,10.28,10.34,18159,0
20140404,10.4,10.52,10.36,10.36,48068,0
20140407,10.41,10.41,10.3,10.31,55134,0
20140408,10.39,10.52,10.33,10.47,27726,0
20140409,10.47,10.56,10.45,10.52,3130,0
20140410,10.53,10.61,10.45,10.5,9439,0
20140411,10.38,10.45,10.38,10.43,70915,0
20140414,10.52,10.52,10.4,10.46,7811,0
20140415,10.44,10.45,10.31,10.38,21068,0
20140416,10.42,10.5,10.42,10.45,15527,0
20140417,10.47,10.48,10.43,10.44,12419,0
20140421,10.43,10.5,10.42,10.45,27012,0
20140422,10.45,10.52,10.45,10.51,11958,0
20140423,10.43,10.45,10.36,10.37,21725,0
20140424,10.42,10.42,10.34,10.38,26208,0
20140425,10.31,10.34,10.28,10.31,22237,0
20140428,10.3,10.3,10.22,10.24,50470,0
20140429,10.25,10.32,10.25,10.31,15914,0
20140430,10.24,10.25,10.21,10.24,45122,0
20140501,10.21,10.27,10.21,10.25,7224,0
20140502,10.25,10.34,10.25,10.31,6144,0
20140505,10.29,10.42,10.27,10.3,133133,0
20140506,10.32,10.4,9.82,10.23,53154,0
20140507,10.28,10.37,10.16,10.32,89573,0
20140508,10.28,10.36,10.27,10.31,18602,0
20140509,10.35,10.36,10.3,10.31,4309,0
20140512,10.41,10.42,10.36,10.41,25084,0
20140513,10.44,10.46,10.44,10.45,2675,0
20140514,10.48,10.58,10.4,10.52,28334,0
20140515,10.54,10.56,10.49,10.52,28082,0
20140516,10.59,10.65,10.58,10.64,15787,0
20140519,10.6,10.63,10.58,10.62,15992,0
20140520,10.61,10.62,10.57,10.6,20700,0
20140521,10.62,10.65,10.61,10.63,28747,0
20140522,10.6,10.7,10.6,10.67,34180,0
20140523,10.68,10.71,10.68,10.69,4389,0
20140527,10.65,10.75,10.63,10.66,46187,0
20140528,10.71,10.77,10.66,10.74,85886,0
20140529,10.75,10.81,10.75,10.77,77997,0
20140530,10.72,10.78,10.72,10.76,5400,0
20140602,10.78,10.82,10.78,10.82,23542,0
20140603,10.8,10.88,10.78,10.86,22496,0
20140604,10.85,10.92,10.85,10.92,9037,0
20140605,10.95,10.98,10.91,10.93,9785,0
20140606,10.98,10.98,10.94,10.94,2490,0
20140609,11,11.03,11,11.03,9433,0
20140610,10.98,11.09,10.98,11.08,16000,0
20140611,11.03,11.06,11.01,11.05,13318,0
20140612,11.03,11.03,11,11.01,13109,0
20140613,11.01,11.04,11,11.02,4418,0
20140616,11.02,11.03,10.95,10.98,6277,0
20140617,10.99,10.99,10.98,10.98,5509,0
20140618,10.96,11.03,10.95,11,25833,0
20140619,10.96,11.09,10.96,11.01,13811,0
20140620,10.97,11.02,10.95,10.95,18918,0
20140623,10.95,10.97,10.77,10.86,47914,0
20140624,10.97,10.97,10.84,10.84,10145,0
20140625,10.85,10.85,10.82,10.85,3025,0
20140626,10.9,10.97,10.86,10.97,17070,0
20140627,10.99,10.99,10.96,10.96,2091,0
20140630,11.02,11.13,10.91,11.05,59390,0
20140701,11.01,11.13,11.01,11.13,18096,0
20140702,11.12,11.18,11.1,11.18,6600,0
20140703,11.18,11.24,11.09,11.23,12990,0
20140707,11.18,11.25,11.18,11.23,19427,0
20140708,11.2,11.3,11.16,11.29,65945,0
20140709,11.22,11.27,11.22,11.25,11434,0
20140710,11.12,11.24,11.12,11.17,10510,0
20140711,11.25,11.28,11.19,11.19,6912,0
20140714,11.25,11.33,11.24,11.31,13024,0
20140715,11.31,11.36,11.28,11.32,10617,0
20140716,11.35,11.35,11.31,11.34,1882,0
20140717,11.3,11.34,11.28,11.33,16581,0
20140718,11.36,11.39,11.33,11.35,12500,0
20140721,11.29,11.34,11.29,11.34,1862,0
20140722,11.4,11.45,11.39,11.45,12108,0
20140723,11.41,11.54,11.41,11.51,25668,0
20140724,11.53,11.57,11.53,11.55,5027,0
20140725,11.54,11.57,11.52,11.57,5754,0
20140728,11.55,11.67,11.53,11.62,9257,0
20140729,11.68,11.7,11.64,11.69,5480,0
20140730,11.74,11.83,11.7,11.72,4743,0
20140731,11.73,11.73,11.66,11.69,11573,0
20140801,11.68,11.76,11.65,11.65,11477,0
20140804,11.71,11.84,11.67,11.75,11032,0
20140805,11.73,11.75,11.66,11.68,3841,0
20140806,11.69,11.72,11.68,11.68,659,0
20140807,11.83,11.83,11.65,11.65,3710,0
20140808,11.69,11.7,11.69,11.7,547,0
20140811,11.75,11.79,11.74,11.79,6288,0
20140812,11.73,11.79,11.73,11.77,6135,0
20140813,11.81,11.95,11.76,11.95,7877,0
20140814,11.93,11.93,11.85,11.91,16218,0
20140815,11.91,11.97,11.85,11.87,3185,0
20140818,11.98,11.99,11.92,11.94,4357,0
20140819,11.93,11.96,11.91,11.96,7230,0
20140820,12,12.14,11.94,11.95,2449,0
20140821,11.98,12,11.9,11.95,2676,0
20140822,12,12,11.9,11.98,14282,0
20140825,11.88,11.96,11.88,11.96,2150,0
20140826,11.96,11.97,11.87,11.92,10519,0
20140827,11.88,11.98,11.86,11.98,7106,0
20140828,11.98,12,11.84,11.9,11246,0
20140829,11.9,11.91,11.9,11.9,2500,0
20140902,11.96,11.96,11.86,11.87,3616,0
20140903,11.97,12.05,11.92,12.01,29764,0
20140904,11.97,12.06,11.97,12,5753,0
20140905,11.99,12.05,11.98,12.03,4382,0
20140908,11.95,12.1,11.95,12.1,13707,0
20140909,12.01,12.1,12,12.01,19645,0
20140910,12,12.09,11.93,12.02,3515,0
20140911,11.86,11.94,11.76,11.89,13894,0
20140912,11.83,11.87,11.83,11.87,2080,0
20140915,11.87,11.87,11.76,11.76,3927,0
20140916,11.72,11.82,11.7,11.82,3673,0
20140917,11.79,11.83,11.79,11.81,22400,0
20140918,11.75,11.82,11.66,11.74,11557,0
20140919,11.69,11.82,11.65,11.66,18432,0
20140922,11.63,11.63,11.45,11.52,20373,0
20140923,11.43,11.5,11.35,11.42,15725,0
20140924,11.44,11.57,11.44,11.57,12169,0
20140925,11.48,11.52,11.39,11.44,4678,0
20140926,11.34,11.55,11.34,11.55,846,0
20140929,11.39,11.4,11.25,11.27,5569,0
20140930,11.19,11.38,11,11.28,7745,0
20141001,11.27,11.27,11.11,11.13,15799,0
20141002,11.09,11.09,11.01,11.09,1849,0
20141003,11.04,11.13,11.02,11.06,7192,0
20141006,11.08,11.26,11.08,11.14,4340,0
20141007,11.1,11.17,11.1,11.13,8301,0
20141008,11.09,11.19,10.97,11.19,7385,0
20141009,11.15,11.27,11.11,11.11,5765,0
20141010,11.06,11.06,10.85,10.91,11470,0
20141013,10.98,10.98,10.76,10.8,46840,0
20141014,10.77,10.87,10.7,10.73,70008,0
20141015,10.62,10.79,10.61,10.71,83450,0
20141016,10.62,10.8,10.57,10.67,19993,0
20141017,10.72,10.83,10.72,10.78,5405,0
20141020,10.75,10.86,10.72,10.85,15953,0
20141021,10.9,10.93,10.87,10.93,9877,0
20141022,10.98,11.05,10.98,11.01,8471,0
20141023,11.01,11.07,11.01,11.06,7273,0
20141024,11.02,11.09,10.97,11.06,1970,0
20141027,10.99,10.99,10.93,10.97,1918,0
20141028,11.05,11.14,11.05,11.1,11513,0
20141029,11.21,11.26,11.12,11.14,7038,0
20141030,11.26,11.33,11.19,11.22,3249,0
20141031,11.19,11.34,11.11,11.18,11558,0
20141103,11.11,11.18,11.11,11.15,2581,0
20141104,11.11,11.17,11.1,11.17,8994,0
20141105,11.18,11.2,11.18,11.2,461,0
20141106,11.16,11.16,11.1,11.11,2481,0
20141107,11.07,11.17,11.07,11.17,519,0
20141110,11.07,11.15,10.94,11.05,80790,0
20141111,11.13,11.17,11.12,11.13,4743,0
20141112,11.12,11.24,11.1,11.22,1479,0
20141113,11.17,11.17,11.17,11.17,229,0
20141114,11.2,11.26,11.18,11.21,5533,0
20141117,11.13,11.13,11.02,11.05,11395,0
20141118,11.06,11.07,10.99,11.03,91907,0
20141119,11.04,11.04,10.95,10.95,1730,0
20141120,10.92,10.93,10.92,10.92,425,0
20141121,11.09,11.16,11.01,11.1,9283,0
20141124,11.05,11.16,11.05,11.11,7103,0
20141125,11.19,11.19,11.16,11.16,3596,0
20141126,11.22,11.3,11.19,11.26,5174,0
20141128,11.26,11.3,11.24,11.3,12599,0
20141201,11.17,11.21,11.14,11.18,3530,0
20141202,11.22,11.25,11.21,11.24,2790,0
20141203,11.24,11.24,11.21,11.24,688,0
20141204,11.29,11.38,11.25,11.32,13341,0
20141205,11.38,11.38,11.3,11.36,6030,0
20141208,11.31,11.34,11.31,11.33,3771,0
20141209,11.11,11.29,11.1,11.22,8065,0
20141210,11.21,11.23,11.13,11.13,1962,0
20141211,11.08,11.09,10.95,10.98,15459,0
20141212,11.01,11.07,10.94,10.94,6974,0
20141215,10.9,11.05,10.9,10.97,15078,0
20141216,10.89,11,10.89,10.9,2592,0
20141217,10.88,11.15,10.87,11.1,8664,0
20141218,11.21,11.21,11.03,11.08,876,0
20141219,11.09,11.23,11.01,11.09,6015,0
20141222,11.05,11.16,11.03,11.12,8112,0
20141223,11.04,11.08,11.03,11.04,9498,0
20141224,11.03,11.16,11.03,11.13,19753,0
20141226,11.15,11.2,11.15,11.2,350,0
20141229,11.17,11.2,11.17,11.19,4434,0
20141230,11.08,11.2,11.08,11.13,10586,0
20141231,11.22,11.29,11.07,11.28,13748,0
20150102,11.1,11.15,11.1,11.15,5277,0
20150105,11.22,11.35,11.13,11.14,20680,0
20150106,11.1,11.11,11.09,11.1,17248,0
20150107,11.19,11.27,11.17,11.25,29451,0
20150108,11.3,11.32,11.2,11.32,85867,0
20150109,11.3,11.38,11.3,11.32,62582,0
20150112,11.27,11.33,11.26,11.33,11246,0
20150113,11.34,11.43,11.31,11.31,7910,0
20150114,11.26,11.3,11.23,11.3,8618,0
20150115,11.38,11.44,11.31,11.44,1783,0
20150116,11.37,11.37,11.3,11.32,1678,0
