Date,Open,High,Low,Close,Volume,OpenInt
20120316,19.419,25.032,19.419,22.16,485358,0
20120319,22.314,22.567,22.001,22.237,132742,0
20120320,22.16,22.511,21.798,22.314,180711,0
20120321,22.386,22.386,22.173,22.222,46871,0
20120322,22.058,22.089,21.791,21.791,79625,0
20120323,21.617,22.12,21.611,22.12,39155,0
20120326,22.356,22.356,21.885,22.089,48434,0
20120327,21.924,21.939,21.659,21.845,53766,0
20120328,21.769,22.34,21.769,22.307,36697,0
20120329,22.386,22.386,21.892,21.892,36672,0
20120330,21.892,22.067,21.673,21.823,23063,0
20120402,21.769,22.058,21.689,21.798,56487,0
20120403,21.798,22.511,21.406,22.511,96084,0
20120404,22.314,22.363,22.222,22.314,65144,0
20120405,22.552,22.621,21.588,22.009,73961,0
20120409,22.08,22.08,21.845,22.049,52839,0
20120410,21.805,21.885,21.682,21.745,30684,0
20120411,21.728,21.853,21.689,21.752,100884,0
20120412,21.736,21.993,21.689,21.769,36580,0
20120413,21.697,21.697,20.906,21.487,29754,0
20120416,21.446,21.611,20.624,20.774,213435,0
20120417,20.826,20.835,20.483,20.617,83983,0
20120418,20.632,20.654,19.285,19.996,130308,0
20120419,20.005,21.29,19.184,19.473,369358,0
20120420,19.568,19.91,19.231,19.84,187529,0
20120423,19.644,20.717,19.411,20.68,121434,0
20120424,20.688,21.19,20.225,20.56,174014,0
20120425,20.585,20.928,19.599,20.546,161553,0
20120426,20.358,20.53,20.278,20.414,62347,0
20120427,20.459,20.662,20.429,20.569,48258,0
20120430,20.569,20.688,19.983,20.688,41613,0
20120501,20.71,21.259,20.71,20.977,50331,0
20120502,20.859,20.993,20.539,20.68,25100,0
20120503,20.79,21.14,20.594,20.782,21734,0
20120504,20.79,20.906,20.594,20.79,44537,0
20120507,20.782,21.132,20.741,20.82,31228,0
20120508,20.945,20.945,19.942,20.334,180144,0
20120509,20.201,20.725,19.534,20.546,63094,0
20120510,20.475,21.235,20.475,20.977,40676,0
20120511,21.031,21.031,20.624,20.71,24995,0
20120514,20.396,20.459,19.983,20.021,24899,0
20120515,20.099,20.256,19.301,19.317,35488,0
20120516,19.379,19.809,18.964,18.972,44140,0
20120517,19.09,20.68,18.972,19.739,157001,0
20120518,19.935,20.891,19.788,19.794,71445,0
20120521,19.763,20.037,19.198,19.746,107315,0
20120522,19.772,21.031,19.772,20.508,72018,0
20120523,20.421,20.475,19.614,19.788,37498,0
20120524,19.882,20.569,19.882,20.21,135978,0
20120525,20.155,20.459,19.739,20.414,58869,0
20120529,20.287,20.64,20.193,20.429,73089,0
20120530,20.256,20.256,19.387,19.716,88397,0
20120531,19.7,20.108,19.16,20.108,48290,0
20120601,19.802,19.809,18.565,18.862,158189,0
20120604,18.862,18.933,18.126,18.463,366244,0
20120605,18.441,19.644,18.143,19.568,163979,0
20120606,19.7,20.437,19.63,20.389,55002,0
20120607,20.624,21.219,20.515,20.654,112879,0
20120608,20.617,20.71,19.677,20.483,92453,0
20120611,20.459,20.499,19.746,19.951,55176,0
20120612,19.951,20.358,19.723,20.334,19063,0
20120613,20.241,20.343,19.91,20.343,34698,0
20120614,20.405,21.259,20.264,21.174,64683,0
20120615,21.14,21.219,20.969,21.219,60600,0
20120618,21.116,21.493,20.491,21.102,112118,0
20120619,21.182,21.361,20.805,21.125,53385,0
20120620,21.125,21.125,20.945,21.008,8440,0
20120621,21.055,21.055,20.405,20.508,47158,0
20120622,20.515,20.843,20.061,20.178,36426,0
20120625,20.045,20.155,19.506,19.802,21104,0
20120626,19.716,20.256,19.716,20.108,17671,0
20120627,20.123,20.624,20.091,20.539,12317,0
20120628,20.475,20.578,20.225,20.552,14021,0
20120629,21.14,21.149,20.953,21.14,192620,0
20120702,21.295,22.072,21.116,21.845,99676,0
20120703,21.901,22.103,21.673,21.769,15206,0
20120705,21.782,21.973,21.446,21.463,20691,0
20120706,21.369,21.369,20.75,20.945,17035,0
20120709,21.174,21.454,21.102,21.14,24008,0
20120710,20.82,21.242,20.717,21.235,22984,0
20120711,20.867,21.845,20.867,21.769,45034,0
20120712,21.711,21.892,21.531,21.689,28333,0
20120713,21.745,21.745,20.977,21.487,25614,0
20120716,21.487,21.58,21.102,21.116,25928,0
20120717,21.235,21.594,21.182,21.321,18816,0
20120718,21.201,21.201,20.75,21.038,24775,0
20120719,21.055,21.182,20.756,20.835,19086,0
20120720,20.774,20.774,20.278,20.278,17108,0
20120723,20.193,20.193,19.865,19.927,9941,0
20120724,19.817,19.817,19.073,19.248,18431,0
20120725,19.248,19.732,19.248,19.686,13304,0
20120726,19.817,20.123,19.622,19.644,22038,0
20120727,19.708,19.977,19.534,19.644,9350,0
20120730,19.528,19.644,19.379,19.599,20586,0
20120731,19.63,19.882,19.473,19.614,16047,0
20120801,19.763,20.326,19.652,19.652,37572,0
20120802,19.427,19.652,18.855,19.605,73263,0
20120803,19.802,19.918,19.622,19.63,7603,0
20120806,19.614,19.614,19.175,19.26,5761,0
20120807,19.341,20.021,19.028,19.935,28386,0
20120808,19.927,20.184,19.528,20.139,29758,0
20120809,20.076,21.14,20.076,21.063,27666,0
20120810,20.632,21.14,20.632,21.14,9464,0
20120813,21.088,21.116,20.741,20.741,9267,0
20120814,20.805,20.945,20.334,20.475,28159,0
20120815,20.437,20.985,20.437,20.797,25900,0
20120816,20.725,20.993,20.552,20.71,24819,0
20120817,20.826,21.031,20.53,20.654,62258,0
20120820,20.688,21.125,20.624,20.843,62832,0
20120821,20.826,20.875,20.005,20.091,40675,0
20120822,20.012,20.381,19.403,19.856,38962,0
20120823,19.889,19.951,19.449,19.542,16640,0
20120824,19.568,19.942,19.473,19.542,30207,0
20120827,19.605,19.889,19.348,19.411,20259,0
20120828,19.534,19.874,19.419,19.427,17950,0
20120829,19.31,19.419,19.26,19.341,7413,0
20120830,19.26,19.285,18.972,19.153,29931,0
20120831,19.184,19.499,19.002,19.198,32650,0
20120904,19.248,19.739,19.16,19.239,39174,0
20120905,19.215,20.069,19.153,19.935,58375,0
20120906,19.951,20.312,19.889,20.178,10602,0
20120907,20.123,20.421,19.723,20.295,18268,0
20120910,20.178,20.421,19.935,20.421,19184,0
20120911,20.358,20.696,20.358,20.467,11715,0
20120912,20.374,20.467,19.716,20.272,26876,0
20120913,20.178,20.696,20.053,20.108,26909,0
20120914,20.091,20.64,20.091,20.295,26113,0
20120917,20.241,20.374,19.584,19.622,46231,0
20120918,19.716,19.882,19.456,19.542,26128,0
20120919,19.481,19.84,19.481,19.739,8153,0
20120920,19.584,19.78,19.576,19.694,20113,0
20120921,19.677,19.983,19.677,19.882,6695,0
20120924,19.865,19.983,19.669,19.739,37151,0
20120925,19.754,19.951,19.754,19.927,8166,0
20120926,19.989,20.232,19.788,19.809,6978,0
20120927,19.809,19.809,19.599,19.652,19014,0
20120928,19.652,20.069,19.481,19.983,82671,0
20121001,19.935,20.594,19.78,20.483,45244,0
20121002,20.451,20.969,20.451,20.64,341400,0
20121003,20.662,20.662,20.248,20.326,11735,0
20121004,20.358,20.366,19.809,20.123,35291,0
20121005,20.201,20.21,20.13,20.193,1388074,0
20121008,20.218,20.451,20.123,20.123,12858,0
20121009,20.155,20.475,19.968,19.968,80813,0
20121010,20.091,20.091,19.637,19.637,11491,0
20121011,19.746,19.746,19.191,19.239,32386,0
20121012,19.301,19.387,18.815,18.926,62699,0
20121015,19.105,19.105,18.941,18.988,32428,0
20121016,19.051,19.26,18.988,19.16,22196,0
20121017,19.191,19.449,19.191,19.354,32829,0
20121018,19.427,19.427,19.184,19.341,37609,0
20121019,19.403,19.456,18.839,18.948,179211,0
20121022,18.918,18.972,18.806,18.869,19253,0
20121023,18.791,18.869,18.573,18.58,44801,0
20121024,18.635,18.635,18.494,18.542,20713,0
20121025,18.542,18.893,18.519,18.839,35994,0
20121026,18.869,18.909,18.737,18.806,36000,0
20121031,18.918,19.512,18.722,19.499,23342,0
20121101,19.145,20.75,19.105,19.559,85809,0
20121102,19.652,19.848,19.576,19.652,39432,0
20121105,19.614,20.193,19.614,19.889,23731,0
20121106,19.874,20.17,19.686,20.17,13112,0
20121107,20.061,20.13,19.968,19.968,14260,0
20121108,19.959,20.147,19.732,20.123,24618,0
20121109,20.012,20.278,19.927,20.123,18806,0
20121112,20.053,20.123,19.652,19.763,20286,0
20121113,19.7,19.7,19.324,19.379,53340,0
20121114,19.419,19.419,18.542,18.62,55476,0
20121115,18.659,18.806,18.58,18.596,24886,0
20121116,18.659,18.791,18.659,18.745,8303,0
20121119,18.824,19.011,18.824,18.839,31385,0
20121120,17.743,18.182,17.421,18.015,1693451,0
20121121,17.827,17.946,17.616,17.616,5263805,0
20121123,17.616,17.861,17.616,17.688,438639,0
20121126,17.688,17.812,17.539,17.616,465903,0
20121127,17.554,17.743,17.539,17.616,475335,0
20121128,17.523,17.616,17.461,17.539,477917,0
20121129,17.486,17.531,17.461,17.461,335238,0
20121130,17.461,17.506,17.384,17.461,233288,0
20121203,17.501,17.501,17.384,17.384,177994,0
20121204,17.384,17.506,17.384,17.384,282082,0
20121205,17.384,17.429,17.303,17.303,283138,0
20121206,17.303,17.351,17.187,17.25,420930,0
20121207,17.202,17.272,17.147,17.259,287058,0
20121210,17.259,17.421,17.187,17.265,170282,0
20121211,17.225,17.265,17.147,17.218,305632,0
20121212,17.187,17.281,17.147,17.147,230637,0
20121213,17.108,17.138,17.029,17.108,393605,0
20121214,17.108,17.298,17.069,17.123,146307,0
20121217,17.108,17.384,16.951,17.259,266118,0
20121218,17.506,17.616,17.259,17.58,215825,0
20121219,17.607,17.946,17.514,17.812,294895,0
20121220,17.812,17.993,17.743,17.986,168677,0
20121221,17.986,17.986,17.641,17.673,224192,0
20121224,17.688,17.688,17.336,17.477,84998,0
20121226,17.554,17.554,16.985,17.202,128770,0
20121227,17.147,17.173,16.772,17.045,189475,0
20121228,17.007,17.147,16.772,17.108,183128,0
20121231,17.094,17.594,16.624,17.594,190968,0
20130102,17.681,17.922,17.328,17.876,161604,0
20130103,17.892,18.08,17.844,17.946,227149,0
20130104,18.024,18.182,17.922,18.143,130493,0
20130107,17.964,18.126,17.719,17.964,154974,0
20130108,18.008,18.058,17.625,17.827,176175,0
20130109,17.812,17.812,17.298,17.405,169061,0
20130110,17.438,17.58,17.367,17.461,267080,0
20130111,17.421,17.657,17.165,17.392,206245,0
20130114,17.421,17.546,17.202,17.312,134578,0
20130115,17.085,17.445,17.085,17.259,165621,0
20130116,17.289,17.514,17.281,17.398,161723,0
20130117,17.445,17.719,17.343,17.412,131187,0
20130118,17.398,17.892,17.384,17.892,86705,0
20130122,17.972,18.158,17.922,18.086,223198,0
20130123,18.058,18.126,17.798,17.853,125160,0
20130124,17.836,17.993,17.673,17.759,131012,0
20130125,17.82,18.182,17.82,17.986,129848,0
20130128,18.008,18.22,17.9,18.166,192382,0
20130129,18.228,18.237,18.008,18.174,186911,0
20130130,18.245,18.4,18.024,18.032,191216,0
20130131,18.284,18.4,18.094,18.322,196891,0
20130201,18.275,18.322,18.032,18.126,286806,0
20130204,18.328,18.369,18.096,18.281,159677,0
20130205,18.32,18.377,18.007,18.161,151487,0
20130206,18.111,18.192,17.728,17.897,128381,0
20130207,17.866,17.866,17.711,17.719,76892,0
20130208,17.801,17.992,17.778,17.808,295876,0
20130211,17.824,18.05,17.681,18.007,97132,0
20130212,17.978,18.088,17.866,18.024,81080,0
20130213,18.066,18.066,17.769,17.873,73700,0
20130214,17.866,18.328,17.769,18.264,99289,0
20130215,18.289,18.336,18.058,18.088,62866,0
20130219,17.903,18.111,17.84,17.953,98095,0
20130220,18.015,18.058,17.816,17.873,115824,0
20130221,17.873,17.978,17.688,17.897,124807,0
20130222,17.927,18.529,17.769,18.4,235641,0
20130225,18.488,18.769,18.4,18.529,251431,0
20130226,18.713,18.713,18.407,18.465,128535,0
20130227,18.576,18.807,18.369,18.552,157690,0
20130228,18.609,18.807,18.176,18.45,139979,0
20130301,18.4,18.649,18.169,18.377,58212,0
20130304,18.289,18.377,18.066,18.207,115669,0
20130305,18.185,18.785,18.185,18.465,183932,0
20130306,18.521,18.785,18.521,18.769,171618,0
20130307,18.799,19.329,18.657,19.129,271648,0
20130308,19.665,19.665,18.977,19.026,226114,0
20130311,18.968,19.257,18.872,19.033,140405,0
20130312,18.985,18.985,18.48,18.592,224580,0
20130313,18.657,18.946,18.617,18.833,383821,0
20130314,18.841,18.904,18.737,18.762,426590,0
20130315,18.728,19.192,18.721,19.064,265646,0
20130318,19.056,19.49,18.921,19.338,223096,0
20130319,19.448,19.561,18.833,19.08,180915,0
20130320,19.08,19.36,18.865,19.12,68174,0
20130321,19.049,19.289,18.961,19.271,122489,0
20130322,19.257,19.352,19.098,19.313,96667,0
20130325,19.161,19.36,19.089,19.289,130902,0
20130326,20.066,20.088,19.271,19.368,117321,0
20130327,19.352,19.464,19.271,19.409,115455,0
20130328,19.368,19.448,19.225,19.36,172117,0
20130401,19.49,19.92,19.433,19.665,271036,0
20130402,19.779,19.971,19.609,19.826,162743,0
20130403,19.801,19.92,19.289,19.329,230735,0
20130404,19.289,19.409,18.999,19.225,179449,0
20130405,19.033,19.105,18.649,18.865,111806,0
20130408,18.977,19.298,18.657,19.113,205262,0
20130409,19.233,19.385,18.728,19.064,237809,0
20130410,19.225,19.441,19.169,19.2,109946,0
20130411,19.2,19.521,19.137,19.313,85912,0
20130412,19.464,20.05,19.352,19.69,183640,0
20130415,19.77,20.026,19.225,19.321,103882,0
20130416,19.648,19.69,19.208,19.409,135374,0
20130417,19.697,20.008,19.049,19.306,179812,0
20130418,19.36,19.865,19.28,19.464,48739,0
20130419,19.499,19.912,19.2,19.89,84195,0
20130422,20.008,20.578,19.409,20.289,216234,0
20130423,20.266,20.289,19.665,19.98,124454,0
20130424,20.008,20.008,19.69,19.92,105416,0
20130425,20.008,20.328,19.945,20.219,83241,0
20130426,20.306,20.306,19.713,19.856,173352,0
20130429,19.817,20.362,19.817,20.258,96896,0
20130430,20.007,20.451,19.774,20.451,165965,0
20130501,20.328,20.328,19.752,20.008,216670,0
20130502,20.149,20.149,19.608,19.773,94957,0
20130503,19.796,20.075,19.406,19.649,221426,0
20130506,19.608,19.722,19.444,19.684,88955,0
20130507,19.649,19.829,19.406,19.421,123642,0
20130508,19.578,19.585,19.069,19.585,174215,0
20130509,19.641,19.715,18.995,19.38,393885,0
20130510,19.38,19.684,19.217,19.675,142980,0
20130513,20.098,20.098,19.559,19.684,200442,0
20130514,19.747,19.747,19.438,19.578,324695,0
20130515,19.608,20.09,19.608,19.812,161673,0
20130516,19.755,19.812,19.527,19.634,203928,0
20130517,19.626,19.722,19.461,19.715,104541,0
20130520,19.692,19.715,19.626,19.675,94529,0
20130521,19.641,19.675,19.478,19.608,173548,0
20130522,19.608,19.666,19.534,19.618,53343,0
20130523,19.487,19.608,19.429,19.504,48035,0
20130524,19.519,19.527,19.16,19.323,71108,0
20130528,19.414,19.519,19.281,19.331,151769,0
20130529,19.281,19.331,19.086,19.2,176798,0
20130530,19.185,19.225,18.873,18.915,151197,0
20130531,18.969,19.001,18.517,18.575,453364,0
20130603,18.506,18.71,18.425,18.62,87446,0
20130604,18.514,18.752,18.425,18.465,98957,0
20130605,18.465,18.825,18.416,18.71,72976,0
20130606,18.791,18.939,18.522,18.726,96535,0
20130607,18.71,19.012,18.578,18.833,136839,0
20130610,18.343,18.425,17.826,17.894,2589165,0
20130611,17.844,18.489,17.826,18.385,12476628,0
20130612,18.391,18.539,18.237,18.385,1835679,0
20130613,18.294,18.376,18.261,18.368,1061256,0
20130614,18.425,18.465,18.261,18.376,856373,0
20130617,18.465,18.465,18.326,18.376,610463,0
20130618,18.326,18.352,18.014,18.081,650985,0
20130619,18.179,18.22,17.894,17.976,998178,0
20130620,17.976,18.014,17.567,17.585,1039508,0
20130621,17.78,17.819,17.33,17.599,571777,0
20130624,17.585,17.585,16.898,17.124,869036,0
20130625,17.257,17.508,17.183,17.451,382133,0
20130626,17.567,17.925,17.567,17.885,445678,0
20130627,17.87,18.122,17.729,17.998,464515,0
20130628,18.524,18.625,18.356,18.398,282157,0
20130701,18.014,18.309,17.925,18.097,330742,0
20130702,18.031,18.182,17.117,17.571,626063,0
20130703,17.561,17.588,15.251,15.5,4749431,0
20130705,16.325,16.702,14.951,16.087,2118955,0
20130708,16.39,17.124,16.34,16.898,1340607,0
20130709,17.011,17.673,16.749,17.313,2251880,0
20130710,17.379,17.81,17.298,17.697,523000,0
20130711,17.968,18.058,17.754,17.795,713549,0
20130712,17.856,17.898,17.396,17.488,629145,0
20130715,17.486,17.885,17.281,17.787,249102,0
20130716,17.764,17.812,17.595,17.645,207543,0
20130717,17.78,18.384,17.68,18.224,832278,0
20130718,18.334,18.578,18.228,18.522,435051,0
20130719,18.559,18.591,18.333,18.39,276817,0
20130722,18.391,18.604,18.081,18.211,411297,0
20130723,18.385,18.45,17.737,17.81,482156,0
20130724,17.885,18.261,17.379,17.402,742140,0
20130725,17.502,18.058,17.409,17.856,618153,0
20130726,17.856,18.021,17.58,17.772,607286,0
20130729,17.872,18.013,17.645,17.938,517597,0
20130730,17.973,17.973,17.645,17.88,224723,0
20130731,17.942,17.976,17.737,17.861,435346,0
20130801,17.898,17.898,17.595,17.764,393170,0
20130802,17.864,18.406,17.68,18.35,379794,0
20130805,18.282,18.306,18.004,18.013,213575,0
20130806,18.013,18.19,17.655,17.82,217147,0
20130807,17.803,17.837,17.369,17.518,300339,0
20130808,17.619,17.637,16.801,17.518,679165,0
20130809,17.58,18.123,17.469,17.788,428662,0
20130812,17.728,18.004,17.645,17.746,327637,0
20130813,17.803,17.864,17.509,17.704,221343,0
20130814,17.803,17.856,17.509,17.736,252629,0
20130815,17.728,17.746,17.343,17.509,217874,0
20130816,17.509,17.571,17.378,17.502,185506,0
20130819,17.602,17.645,17.176,17.225,260475,0
20130820,17.225,17.402,17.102,17.369,231756,0
20130821,17.343,17.387,17.208,17.301,245496,0
20130822,17.252,17.396,17.218,17.252,236392,0
20130823,17.285,17.595,17.201,17.509,143780,0
20130826,17.561,17.68,17.262,17.31,112653,0
20130827,17.276,17.67,17.176,17.602,237752,0
20130828,17.68,17.68,17.469,17.528,95960,0
20130829,17.552,17.552,17.276,17.335,149200,0
20130830,17.876,17.927,17.816,17.876,98300,0
20130903,17.602,17.687,17.426,17.67,187762,0
20130904,17.68,17.78,17.276,17.343,424683,0
20130905,17.396,17.552,17.285,17.545,125634,0
20130906,17.602,17.655,17.016,17.176,496439,0
20130909,17.262,17.502,17.218,17.418,314847,0
20130910,17.387,17.461,17.262,17.436,386063,0
20130911,17.387,17.595,17.352,17.588,217131,0
20130912,17.588,17.788,17.469,17.628,353943,0
20130913,17.602,17.764,17.479,17.58,229095,0
20130916,17.628,17.788,17.552,17.561,443735,0
20130917,17.655,17.695,17.545,17.552,87461,0
20130918,17.595,17.595,17.262,17.528,174062,0
20130919,17.552,17.796,17.352,17.595,497351,0
20130920,17.561,18.853,17.343,18.853,554023,0
20130923,17.595,17.872,17.469,17.509,388559,0
20130924,17.595,17.704,17.495,17.588,296517,0
20130925,17.552,17.619,17.343,17.536,113596,0
20130926,17.509,17.68,17.479,17.655,112575,0
20130927,17.595,17.662,17.369,17.595,105651,0
20130930,18.05,18.178,17.885,18.041,140159,0
20131001,17.488,17.68,17.396,17.645,143480,0
20131002,17.67,18.14,17.552,18.14,148964,0
20131003,18.114,18.114,17.552,17.68,173224,0
20131004,17.628,17.803,17.561,17.58,267350,0
20131007,17.509,17.58,17.451,17.536,321612,0
20131008,17.561,17.788,17.402,17.561,265412,0
20131009,17.728,17.754,17.378,17.469,326081,0
20131010,17.595,17.746,17.488,17.68,356303,0
20131011,17.68,17.898,17.518,17.803,211944,0
20131014,17.754,17.928,17.61,17.872,385377,0
20131015,17.82,17.837,17.327,17.402,407544,0
20131016,17.451,17.803,17.402,17.58,510836,0
20131017,17.093,17.387,17.008,17.285,943547,0
20131018,17.378,17.545,17.176,17.387,427494,0
20131021,17.352,17.387,17.093,17.176,435003,0
20131022,17.301,17.301,16.84,16.916,513866,0
20131023,16.883,17.093,16.883,17.032,333489,0
20131024,17.05,17.176,17.016,17.041,232501,0
20131025,17.16,17.16,17.008,17.16,447211,0
20131028,17.218,17.301,17.076,17.117,558789,0
20131029,17.176,17.176,16.924,17.141,531311,0
20131030,17.151,17.185,16.966,17.041,267020,0
20131031,17.577,17.617,17.359,17.513,391166,0
20131101,17.024,17.301,16.976,17.076,519366,0
20131104,17.23,17.567,17.103,17.437,540807,0
20131105,17.428,17.491,17.325,17.463,216877,0
20131106,17.419,17.498,17.368,17.446,273414,0
20131107,17.454,17.454,16.963,17.049,1272384,0
20131108,17.049,17.437,16.991,17.258,654276,0
20131111,17.265,17.351,16.945,17.059,445347,0
20131112,17.059,17.059,16.283,16.446,1088748,0
20131113,16.429,16.585,16.334,16.369,269238,0
20131114,16.404,16.911,16.369,16.748,640680,0
20131115,16.643,17.188,16.643,16.972,441560,0
20131118,17.015,17.076,16.464,16.534,603921,0
20131119,16.54,16.548,16.179,16.351,647721,0
20131120,16.342,16.635,16.334,16.507,335807,0
20131121,16.577,16.765,16.577,16.652,357967,0
20131122,16.698,17.049,16.652,16.816,351919,0
20131125,16.919,17.498,16.714,17.387,719997,0
20131126,17.334,17.861,17.23,17.687,526260,0
20131127,17.662,17.876,17.635,17.704,160349,0
20131129,17.747,17.936,17.712,17.816,161870,0
20131202,17.861,17.895,17.325,17.505,406756,0
20131203,17.54,17.593,17.143,17.188,168448,0
20131204,17.126,17.213,16.972,17.093,214792,0
20131205,17.007,17.153,16.843,16.972,254037,0
20131206,17.023,17.109,16.627,16.671,303340,0
20131209,16.671,17.402,16.429,17.015,631522,0
20131210,17.059,17.662,17.059,17.662,535734,0
20131211,17.617,17.67,17.23,17.258,439382,0
20131212,17.273,17.577,17.118,17.498,980541,0
20131213,17.607,17.617,17.203,17.396,402164,0
20131216,17.513,17.549,17.437,17.498,211454,0
20131217,17.446,17.498,17.23,17.273,225576,0
20131218,17.317,17.463,17.067,17.188,232579,0
20131219,17.118,17.153,16.843,17.059,447157,0
20131220,16.972,17.446,16.972,17.153,786735,0
20131223,17.059,17.832,17.059,17.807,392933,0
20131224,17.747,18.368,17.747,18.282,285686,0
20131226,18.368,18.386,18.1,18.188,162526,0
20131227,18.212,18.352,17.92,18.022,192502,0
20131230,18.212,18.247,17.419,17.472,494277,0
20131231,17.472,17.799,17.472,17.644,495012,0
20140102,17.654,17.876,17.396,17.523,278463,0
20140103,17.577,17.851,17.446,17.679,214748,0
20140106,17.876,18.162,17.704,18.108,268855,0
20140107,18.178,18.487,18.108,18.48,236170,0
20140108,18.54,18.686,18.315,18.574,593489,0
20140109,18.523,18.677,18.013,18.092,491550,0
20140110,18.092,18.789,18.092,18.532,775565,0
20140113,18.532,18.852,18.334,18.352,269131,0
20140114,18.487,18.781,18.24,18.721,334817,0
20140115,18.721,18.893,18.523,18.532,231238,0
20140116,18.558,18.781,18.41,18.653,291780,0
20140117,18.634,18.825,18.359,18.359,173249,0
20140121,18.377,18.506,18.307,18.455,347465,0
20140122,18.48,18.729,18.401,18.712,235946,0
20140123,18.756,18.842,18.696,18.773,258069,0
20140124,18.764,18.806,18.558,18.609,438524,0
20140127,18.609,18.729,18.41,18.574,186135,0
20140128,18.653,18.92,18.643,18.893,197449,0
20140129,18.858,18.858,18.212,18.29,453978,0
20140130,18.893,19.498,18.833,19.333,939761,0
20140131,19.16,19.867,19.014,19.349,559715,0
20140203,19.385,19.591,18.548,18.9,592303,0
20140204,19.256,19.343,18.91,18.92,363779,0
20140205,18.858,19.082,18.747,18.928,347560,0
20140206,19.185,19.248,18.831,18.954,199641,0
20140207,18.954,19.608,18.946,19.379,335768,0
20140210,19.476,19.529,18.928,19.078,211344,0
20140211,19.069,19.467,18.937,19.007,299748,0
20140212,19.043,19.229,18.954,19.043,163262,0
20140213,19.026,19.219,19.017,19.097,316317,0
20140214,19.369,19.441,18.954,19.097,431999,0
20140218,19.097,19.211,18.565,18.574,870078,0
20140219,18.671,18.803,17.945,18.371,801314,0
20140220,18.803,18.937,18.451,18.458,945800,0
20140221,18.512,18.822,18.21,18.344,708989,0
20140224,18.396,18.547,18.361,18.387,455320,0
20140225,18.494,18.937,18.467,18.849,433753,0
20140226,18.794,19.733,18.716,19.238,421859,0
20140227,19.087,19.467,18.494,18.769,829197,0
20140228,18.787,19.432,18.787,19.166,509731,0
20140303,19.36,19.715,19.291,19.546,594888,0
20140304,18.849,19.345,18.761,18.9,8373877,0
20140305,19.064,19.278,19.047,19.198,761713,0
20140306,19.189,19.377,19.064,19.198,530447,0
20140307,19.217,19.584,19.082,19.565,880125,0
20140310,19.431,19.717,19.307,19.52,451317,0
20140311,19.592,19.6,19.288,19.448,401111,0
20140312,19.485,19.781,19.189,19.742,597438,0
20140313,19.751,20.18,19.742,19.958,1111115,0
20140314,20.307,20.701,20.18,20.485,1410433,0
20140317,20.44,20.512,20.234,20.44,618850,0
20140318,20.422,20.44,20.02,20.18,688023,0
20140319,20.189,20.218,19.912,19.968,404690,0
20140320,19.912,20.234,19.682,20.1,608096,0
20140321,20.198,20.234,19.751,19.796,1780772,0
20140324,19.805,19.949,19.422,19.475,520633,0
20140325,19.511,19.609,18.753,18.895,879301,0
20140326,19.055,19.055,18.378,18.591,874502,0
20140327,18.556,18.833,18.529,18.753,403255,0
20140328,18.796,19.1,18.734,18.859,350518,0
20140331,18.976,19.001,18.627,18.655,522393,0
20140401,18.743,18.805,18.431,18.664,595762,0
20140402,18.664,18.913,18.512,18.753,604870,0
20140403,18.746,18.855,18.673,18.818,275083,0
20140404,18.693,19.188,18.647,18.989,414301,0
20140407,19.044,19.233,18.981,19.206,290861,0
20140408,19.215,19.332,19.079,19.134,223271,0
20140409,19.134,19.188,18.972,19.061,209879,0
20140410,19.116,19.169,18.989,19.007,233455,0
20140411,18.972,19.026,18.756,18.882,243456,0
20140414,18.89,18.998,18.647,18.89,350335,0
20140415,18.927,18.953,18.62,18.719,292867,0
20140416,18.756,18.882,18.702,18.783,241609,0
20140417,18.746,19.197,18.746,19.152,301060,0
20140421,19.152,19.152,17.845,18.188,2337930,0
20140422,18.259,18.737,18.07,18.259,743108,0
20140423,18.259,18.313,18.025,18.115,443145,0
20140424,18.251,18.791,18.251,18.458,461708,0
20140425,18.458,18.475,18.251,18.268,459436,0
20140428,18.341,18.719,18.341,18.387,450681,0
20140429,18.431,19.079,18.296,18.863,729660,0
20140430,18.927,19.243,18.927,19.134,712847,0
20140501,19.188,19.224,19.035,19.089,401691,0
20140502,19.161,19.277,19.079,19.277,476846,0
20140505,19.29,19.436,19.053,19.163,320713,0
20140506,19.189,19.29,18.862,18.908,335269,0
20140507,19.09,19.3,18.563,18.663,494422,0
20140508,18.298,18.407,18.035,18.098,1529045,0
20140509,17.753,17.863,17.28,17.335,14558680,0
20140512,17.416,17.78,17.397,17.681,2782297,0
20140513,17.717,17.863,17.544,17.616,1467929,0
20140514,17.552,17.863,17.506,17.734,1005255,0
20140515,17.734,17.734,17.416,17.635,1028222,0
20140516,17.552,17.934,17.506,17.899,697567,0
20140519,17.954,18.136,17.789,18.107,1331054,0
20140520,18.098,18.29,18.063,18.08,1428390,0
20140521,18.08,18.19,17.964,18.08,636165,0
20140522,17.981,18.227,17.972,18.08,735010,0
20140523,18.026,18.207,17.989,18.007,552342,0
20140527,18.126,18.207,17.964,18.126,860346,0
20140528,18.136,18.172,18.035,18.107,542393,0
20140529,18.098,18.207,18.045,18.19,620966,0
20140530,18.207,18.207,17.964,18.016,704506,0
20140602,18.088,18.088,17.798,17.854,775355,0
20140603,17.884,17.893,17.682,17.719,934125,0
20140604,17.69,18.002,17.636,17.977,720411,0
20140605,18.04,18.214,17.977,18.04,638556,0
20140606,18.05,18.141,17.993,18.06,638771,0
20140609,18.06,18.252,18.021,18.224,998557,0
20140610,18.204,18.252,18.031,18.104,342288,0
20140611,18.06,18.141,17.968,18.113,461512,0
20140612,18.094,18.269,18.094,18.187,591577,0
20140613,18.224,18.297,18.15,18.278,568082,0
20140616,18.306,18.462,18.233,18.462,595554,0
20140617,18.416,18.47,18.353,18.371,512698,0
20140618,18.388,18.462,18.204,18.445,521456,0
20140619,18.416,18.59,18.353,18.518,767705,0
20140620,18.462,18.527,18.371,18.518,863773,0
20140623,18.462,18.692,18.388,18.581,802776,0
20140624,18.6,18.672,18.499,18.572,701695,0
20140625,18.572,18.6,18.445,18.48,514158,0
20140626,18.499,18.646,18.47,18.61,519623,0
20140627,18.6,18.664,18.527,18.59,569934,0
20140630,18.6,18.757,18.509,18.627,559284,0
20140701,18.664,18.957,18.664,18.839,718252,0
20140702,18.86,19.009,18.86,18.944,422210,0
20140703,18.926,18.999,18.778,18.852,158337,0
20140707,18.869,18.926,18.62,18.739,387794,0
20140708,18.73,18.795,18.601,18.684,307924,0
20140709,18.694,18.852,18.638,18.852,298358,0
20140710,18.704,18.749,18.499,18.611,503248,0
20140711,18.684,18.684,18.352,18.509,658602,0
20140714,18.546,18.638,18.453,18.564,296777,0
20140715,18.601,18.628,18.435,18.518,500538,0
20140716,18.666,18.888,18.554,18.888,782189,0
20140717,18.888,18.907,18.591,18.684,644331,0
20140718,18.704,18.972,18.647,18.759,400899,0
20140721,18.759,18.926,18.722,18.917,363464,0
20140722,18.917,18.972,18.824,18.935,410057,0
20140723,18.869,19.148,18.842,19.037,416985,0
20140724,19.074,19.323,19.074,19.231,832918,0
20140725,19.194,19.409,19.194,19.343,645851,0
20140728,19.38,19.417,19.222,19.38,657683,0
20140729,19.38,19.38,19.194,19.307,405215,0
20140730,19.351,19.417,19.093,19.138,446917,0
20140731,19.111,19.111,18.453,18.722,1035490,0
20140801,18.722,18.833,18.23,18.396,1099639,0
20140804,18.487,19.012,18.458,18.975,675244,0
20140805,18.955,18.955,18.59,18.713,376226,0
20140806,18.637,18.806,18.516,18.516,426785,0
20140807,18.507,18.684,18.393,18.544,473137,0
20140808,18.271,18.581,18.188,18.3,773520,0
20140811,18.403,18.946,18.403,18.619,780135,0
20140812,18.779,18.796,18.507,18.525,672455,0
20140813,18.627,18.674,18.385,18.581,777545,0
20140814,18.525,18.646,18.403,18.552,526641,0
20140815,18.6,18.73,18.451,18.61,923693,0
20140818,18.704,18.73,18.458,18.562,746608,0
20140819,18.637,18.739,18.562,18.704,514260,0
20140820,18.704,18.739,18.6,18.637,406514,0
20140821,18.656,18.739,18.6,18.684,511860,0
20140822,18.704,18.722,18.467,18.525,317119,0
20140825,18.525,18.694,18.507,18.674,387406,0
20140826,18.674,18.881,18.637,18.787,553543,0
20140827,18.862,18.881,18.61,18.787,612697,0
20140828,18.815,18.843,18.656,18.796,381514,0
20140829,18.815,18.871,18.722,18.843,558508,0
20140902,18.821,18.878,18.679,18.859,463999,0
20140903,18.868,18.868,18.689,18.745,517496,0
20140904,18.755,18.802,18.444,18.5,681170,0
20140905,18.528,18.594,18.47,18.537,247679,0
20140908,18.51,18.614,18.254,18.51,467630,0
20140909,18.547,18.708,18.377,18.565,499937,0
20140910,18.547,18.556,18.414,18.528,297376,0
20140911,18.537,18.565,18.349,18.461,260270,0
20140912,18.5,18.51,18.254,18.414,501460,0
20140915,18.444,18.444,18.046,18.131,732461,0
20140916,18.102,18.395,18.027,18.367,391570,0
20140917,18.329,18.631,18.329,18.556,383512,0
20140918,18.556,18.66,18.424,18.453,461462,0
20140919,18.594,18.745,18.395,18.726,1312486,0
20140922,18.66,18.67,18.272,18.367,298715,0
20140923,18.357,18.387,18.226,18.245,286680,0
20140924,18.216,18.387,17.997,18.188,383318,0
20140925,18.178,18.188,17.847,17.904,374532,0
20140926,18.065,18.065,17.724,18.046,310432,0
20140929,18.065,18.897,18.027,18.47,1297895,0
20140930,18.444,18.66,18.272,18.405,375156,0
20141001,18.461,18.537,17.997,18.14,504167,0
20141002,18.14,18.159,17.203,17.818,906097,0
20141003,17.816,17.872,17.443,17.662,355447,0
20141006,17.662,17.777,17.471,17.557,237119,0
20141007,17.452,17.538,16.774,17.166,697789,0
20141008,16.984,17.079,15.608,16.391,1637874,0
20141009,16.228,16.382,15.646,15.656,716518,0
20141010,15.341,15.636,13.667,15.541,2131048,0
20141013,15.77,15.78,14.337,15.12,1760603,0
20141014,15.206,15.474,14.394,14.632,1213945,0
20141015,14.337,15.015,13.715,14.996,1502852,0
20141016,14.91,16.143,14.652,15.913,1230899,0
20141017,16.343,16.649,15.75,16,1021747,0
20141020,15.971,16.238,15.627,16.238,391906,0
20141021,16.238,16.649,15.99,16.611,752217,0
20141022,16.573,16.573,15.683,16.075,629944,0
20141023,16.114,16.296,15.913,16.238,932067,0
20141024,16.248,16.248,15.598,15.77,372451,0
20141027,15.531,15.713,14.767,14.862,746018,0
20141028,14.93,15.14,14.585,14.92,447401,0
20141029,15.043,15.799,14.9,15.799,553283,0
20141030,15.683,15.846,15.416,15.636,340020,0
20141031,15.683,15.837,15.359,15.78,325213,0
20141103,15.799,16.095,14.947,15.101,578553,0
20141104,15.006,15.073,14.575,14.767,629435,0
20141105,15.197,15.818,14.613,15.75,674779,0
20141106,15.583,15.709,15.264,15.554,566321,0
20141107,15.506,16.135,15.506,16.096,502909,0
20141110,16.203,16.482,15.767,16.241,477763,0
20141111,16.067,16.289,15.525,15.661,576947,0
20141112,15.661,15.671,15.08,15.293,691598,0
20141113,15.041,15.312,14.945,15.09,635445,0
20141114,15.071,15.486,14.984,15.36,447540,0
20141117,15.36,15.38,14.713,14.935,569631,0
20141118,14.906,15.467,14.828,15.467,614350,0
20141119,15.467,15.593,15.012,15.071,361217,0
20141120,15.032,16.028,15.032,16,746176,0
20141121,16.183,16.58,16.067,16.492,824890,0
20141124,16.532,16.532,15.883,16.27,342040,0
20141125,16.415,16.444,15.941,16.038,258210,0
20141126,16.008,16.115,15.476,15.932,476268,0
20141128,15.225,15.225,14.025,14.713,792628,0
20141201,14.103,14.597,12.381,12.391,2660842,0
20141202,12.584,13.184,12.421,13.029,1104020,0
20141203,13.026,13.743,12.771,13.262,641953,0
20141204,13.429,13.674,12.683,12.781,882408,0
20141205,12.712,12.742,12.094,12.094,1001728,0
20141208,11.78,12.683,10.327,10.366,3637365,0
20141209,10.278,11.23,10.219,10.965,1285071,0
20141210,10.798,10.876,10.317,10.415,1539050,0
20141211,10.337,11.053,9.816,9.865,2000584,0
20141212,9.2862,9.826,9.1193,9.797,1520065,0
20141215,9.836,10.189,8.5009,8.815,1816743,0
20141216,8.5598,9.787,8.2653,9.738,2129785,0
20141217,9.61,10.641,9.571,10.582,1821642,0
20141218,11.279,11.721,10.621,11.053,1217825,0
20141219,11.033,11.475,10.582,11.367,1855108,0
20141222,10.945,11.191,10.111,10.425,968824,0
20141223,10.435,10.552,10.189,10.376,860783,0
20141224,10.327,10.415,10.17,10.327,389534,0
20141226,10.307,10.533,10.268,10.386,473631,0
20141229,10.405,10.552,10.199,10.307,1276887,0
20141230,10.209,10.533,10.013,10.445,1175898,0
20141231,10.307,10.543,10.238,10.503,912621,0
20150102,10.49,11.49,10.39,11.32,626090,0
20150105,11.19,11.2,10.28,10.59,615196,0
20150106,10.5,10.74,9.7,10.12,608327,0
20150107,10.26,10.33,9.63,9.72,843034,0
20150108,9.8,9.98,9.71,9.91,462012,0
20150109,9.87,10.25,9.75,10.12,375938,0
20150112,10.01,10.03,9.01,9.35,1095823,0
20150113,9.32,9.37,9,9.35,490507,0
20150114,9.45,9.86,8.51,8.94,1354345,0
20150115,9.24,9.32,8.54,8.56,508682,0
20150116,8.65,8.98,8.47,8.59,690779,0
