Date,Open,High,Low,Close,Volume,OpenInt
20100823,16.638,16.868,16.566,16.721,37198,0
20100824,16.739,16.868,16.739,16.821,24799,0
20100825,16.85,16.85,16.768,16.85,22534,0
20100826,16.85,17.013,16.85,16.913,29731,0
20100827,16.959,17.278,16.885,17.223,73030,0
20100830,17.187,17.24,17.076,17.141,25502,0
20100831,17.141,17.177,17.023,17.086,33758,0
20100901,17.042,17.25,17.042,17.114,27002,0
20100902,17.187,17.278,17.124,17.232,26442,0
20100903,17.304,17.387,17.215,17.37,31985,0
20100907,17.332,17.351,17.278,17.288,22018,0
20100908,17.297,17.505,17.297,17.36,40088,0
20100909,17.461,17.543,17.387,17.496,53097,0
20100910,17.515,17.515,17.379,17.387,28576,0
20100913,17.405,17.543,17.105,17.379,32790,0
20100914,17.387,17.496,17.278,17.423,127712,0
20100915,17.461,17.461,17.332,17.351,116335,0
20100916,17.278,17.423,17.278,17.414,69411,0
20100917,17.379,17.533,17.24,17.24,61408,0
20100920,17.314,17.387,17.288,17.351,74913,0
20100921,17.37,17.37,17.232,17.232,109035,0
20100922,17.278,17.278,17.05,17.067,104357,0
20100923,17.095,17.114,16.868,17.013,100358,0
20100924,17.013,17.086,16.959,17.013,38759,0
20100927,16.995,17.461,16.968,16.985,83601,0
20100928,17.124,17.141,17.032,17.032,19006,0
20100929,17.095,17.132,16.959,16.968,30593,0
20100930,17.086,17.086,16.959,16.995,24581,0
20101001,17.042,17.042,16.821,16.968,192901,0
20101004,17.032,17.032,16.959,16.995,16513,0
20101005,16.985,17.023,16.959,17.004,44103,0
20101006,17.086,17.086,16.968,17.086,41837,0
20101007,17.086,17.124,16.977,17.023,41573,0
20101008,17.032,17.141,17.032,17.095,46771,0
20101011,17.141,17.168,17.05,17.05,53061,0
20101012,17.168,17.177,17.105,17.105,18269,0
20101013,17.158,17.314,17.158,17.314,51798,0
20101014,17.322,17.37,16.821,16.859,84105,0
20101015,16.831,16.831,16.175,16.493,181028,0
20101018,16.467,16.931,16.357,16.931,63633,0
20101019,16.959,16.959,16.695,16.803,82326,0
20101020,16.512,16.903,16.448,16.739,74642,0
20101021,16.739,16.959,16.739,16.821,44533,0
20101022,16.777,16.977,16.777,16.903,25583,0
20101025,16.941,17.004,16.713,16.758,49981,0
20101026,16.676,16.913,16.676,16.903,51335,0
20101027,16.739,16.739,16.594,16.638,54631,0
20101028,16.631,16.868,16.631,16.777,54414,0
20101029,16.821,16.868,16.676,16.73,37289,0
20101101,16.859,16.95,16.84,16.95,55686,0
20101102,16.985,17.05,16.831,16.913,52038,0
20101103,16.885,17.004,16.85,17.004,10042,0
20101104,17.013,17.15,16.931,17.132,59107,0
20101105,17.076,17.187,16.977,17.141,38233,0
20101108,17.177,17.187,16.959,16.959,23836,0
20101109,17.086,17.232,17.059,17.196,39937,0
20101110,17.114,17.288,17.114,17.24,13464,0
20101111,17.297,17.297,17.15,17.232,13461,0
20101112,17.259,17.288,17.095,17.095,10889,0
20101115,17.215,17.223,17.15,17.158,10938,0
20101116,17.297,17.297,16.831,16.959,150802,0
20101117,17.042,17.141,16.894,16.894,22366,0
20101118,17.05,17.141,16.959,17.141,16212,0
20101119,17.042,17.042,16.85,16.968,27474,0
20101122,16.868,17.023,16.868,16.885,37078,0
20101123,16.458,16.84,16.458,16.73,66140,0
20101124,16.777,16.959,16.777,16.803,17279,0
20101126,16.868,17.141,16.795,16.795,4318,0
20101129,16.859,16.868,16.612,16.612,18149,0
20101130,16.575,16.713,16.339,16.448,45682,0
20101201,16.458,16.566,16.32,16.32,20735,0
20101202,16.402,16.549,16.329,16.339,25697,0
20101203,16.329,16.522,16.257,16.439,21881,0
20101206,16.484,16.484,16.257,16.257,22373,0
20101207,16.458,16.458,16.257,16.411,50426,0
20101208,16.512,16.512,16.265,16.265,33922,0
20101209,16.357,16.421,16.111,16.183,44360,0
20101210,16.248,16.257,16.084,16.084,185308,0
20101213,16.092,16.193,16.084,16.183,188587,0
20101214,16.248,16.248,16.002,16.002,45910,0
20101215,16.038,16.183,15.955,16.038,36968,0
20101216,16.047,16.265,15.965,16.147,39579,0
20101217,16.166,16.284,16.038,16.138,42182,0
20101220,16.129,16.183,15.792,15.792,51352,0
20101221,15.955,15.983,15.828,15.983,43803,0
20101222,15.947,16.248,15.938,16.029,26562,0
20101223,16.055,16.183,15.965,16.147,25721,0
20101227,16.074,16.339,16.074,16.229,32407,0
20101228,16.229,16.676,16.229,16.657,75779,0
20101229,16.667,16.73,16.475,16.667,25895,0
20101230,16.676,16.768,16.575,16.721,16179,0
20101231,16.785,16.785,16.667,16.739,3814,0
20110103,16.749,17.05,16.749,16.868,26735,0
20110104,16.885,17.095,16.868,17.095,15872,0
20110105,17.05,17.158,17.023,17.141,15994,0
20110106,17.206,17.215,17.059,17.105,20746,0
20110107,17.086,17.187,17.023,17.023,22650,0
20110110,17.168,17.24,17.086,17.24,17359,0
20110111,17.206,17.25,17.177,17.206,16371,0
20110112,17.168,17.269,17.132,17.196,45389,0
20110113,17.141,17.322,17.132,17.206,51922,0
20110114,17.278,17.451,17.177,17.177,30556,0
20110118,17.304,17.341,17.15,17.232,18497,0
20110119,17.187,17.206,17.076,17.141,27200,0
20110120,17.168,17.196,17.05,17.086,11125,0
20110121,17.177,17.288,17.114,17.114,17810,0
20110124,17.206,17.278,17.059,17.059,25076,0
20110125,17.114,17.141,17.023,17.095,30600,0
20110126,17.158,17.223,17.124,17.124,27016,0
20110127,16.885,17.042,16.885,17.042,13452,0
20110128,17.086,17.086,16.868,17.013,14508,0
20110131,17.067,17.168,17.032,17.067,21153,0
20110201,17.067,17.278,17.067,17.168,27605,0
20110202,17.223,17.297,17.114,17.297,15060,0
20110203,17.341,17.341,17.141,17.177,18267,0
20110204,17.141,17.259,17.059,17.223,36639,0
20110207,17.215,17.314,17.187,17.25,59215,0
20110208,17.278,17.396,17.269,17.36,13270,0
20110209,17.414,17.688,17.379,17.597,573632,0
20110210,17.561,17.688,17.533,17.661,30873,0
20110211,17.688,17.77,17.688,17.697,24829,0
20110214,17.688,17.816,17.587,17.688,104946,0
20110215,17.76,17.798,17.551,17.551,43151,0
20110216,17.633,17.751,17.496,17.643,44698,0
20110218,17.789,17.871,17.725,17.871,24005,0
20110222,17.688,17.861,17.579,17.579,22070,0
20110223,17.579,17.734,17.579,17.715,15739,0
20110224,17.697,17.76,17.652,17.715,35586,0
20110225,17.707,17.707,17.461,17.615,28326,0
20110228,17.669,17.688,17.661,17.688,22975,0
20110301,17.743,17.76,17.652,17.661,36347,0
20110302,17.697,17.77,17.652,17.77,48408,0
20110303,17.77,17.871,17.715,17.77,31473,0
20110304,17.834,17.916,17.779,17.916,14130,0
20110307,17.834,17.834,17.515,17.688,156479,0
20110308,17.633,17.861,17.633,17.861,21089,0
20110309,17.816,17.916,17.779,17.916,14554,0
20110310,17.816,18.052,17.779,17.871,20505,0
20110311,17.907,17.989,17.816,17.953,8396,0
20110314,17.953,18.044,17.898,17.898,12210,0
20110315,17.871,17.88,17.661,17.661,30296,0
20110316,17.734,17.825,17.579,17.579,39222,0
20110317,17.625,17.871,17.625,17.688,29094,0
20110318,17.798,17.889,17.652,17.652,32938,0
20110321,17.688,17.734,17.587,17.587,89742,0
20110322,17.579,17.652,17.579,17.606,27659,0
20110323,17.606,17.734,17.587,17.661,79444,0
20110324,17.643,17.688,17.505,17.505,68849,0
20110325,17.597,17.597,17.187,17.442,1400494,0
20110328,17.505,17.505,17.414,17.423,21559,0
20110329,17.423,17.451,17.278,17.278,48044,0
20110330,17.314,17.341,17.25,17.25,88486,0
20110331,17.351,17.37,17.215,17.215,201270,0
20110401,17.223,17.304,17.223,17.269,31732,0
20110404,17.314,17.379,17.297,17.351,23303,0
20110405,17.351,17.414,17.332,17.332,30424,0
20110406,17.37,17.487,17.37,17.423,38353,0
20110407,17.433,17.561,17.405,17.433,37623,0
20110408,17.543,17.543,17.379,17.379,26011,0
20110411,17.461,17.461,17.351,17.379,36719,0
20110412,17.405,17.496,17.322,17.442,226595,0
20110413,17.423,17.688,17.37,17.461,47177,0
20110414,17.505,17.561,17.461,17.561,25665,0
20110415,17.579,17.579,17.496,17.561,23926,0
20110418,17.505,17.524,17.314,17.37,223954,0
20110419,17.414,17.496,17.304,17.379,26518,0
20110420,17.396,17.461,17.37,17.433,13930,0
20110421,17.478,17.524,17.478,17.496,23697,0
20110425,17.551,17.643,17.551,17.551,39379,0
20110426,17.606,17.633,17.606,17.633,9930,0
20110427,17.414,17.505,17.322,17.322,27451,0
20110428,17.379,17.423,17.36,17.37,11373,0
20110429,17.414,17.461,17.322,17.351,21133,0
20110502,17.396,17.543,17.37,17.533,23449,0
20110503,17.478,17.551,17.414,17.496,23755,0
20110504,17.587,17.643,17.379,17.496,49399,0
20110505,17.533,17.643,17.387,17.587,58167,0
20110506,17.615,17.661,17.515,17.606,39482,0
20110509,17.643,17.643,17.442,17.551,50627,0
20110510,17.597,17.688,17.597,17.643,26622,0
20110511,17.633,17.688,17.543,17.597,38059,0
20110512,17.615,17.669,17.551,17.551,22403,0
20110513,17.597,17.669,17.551,17.579,8693,0
20110516,17.461,17.597,17.461,17.478,26792,0
20110517,17.524,17.551,17.37,17.478,35740,0
20110518,17.505,17.625,17.461,17.505,25952,0
20110519,17.551,17.916,17.551,17.871,42249,0
20110520,18.006,18.025,17.77,17.816,38889,0
20110523,17.816,17.861,17.697,17.697,55865,0
20110524,17.669,17.971,17.633,17.734,40436,0
20110525,17.789,17.852,17.734,17.76,44446,0
20110526,17.734,17.842,17.669,17.669,23846,0
20110527,17.715,17.825,17.633,17.633,13220,0
20110531,17.707,17.807,17.625,17.743,34650,0
20110601,17.798,17.798,17.643,17.643,36598,0
20110602,17.625,17.652,17.505,17.515,19770,0
20110603,17.543,17.561,17.414,17.505,36842,0
20110606,17.561,17.597,17.433,17.487,7267,0
20110607,17.461,17.487,17.36,17.387,39178,0
20110608,17.414,17.414,17.24,17.24,28784,0
20110609,17.232,17.304,17.158,17.206,22834,0
20110610,17.25,17.37,17.141,17.25,19065,0
20110613,17.259,17.341,17.158,17.341,18372,0
20110614,17.37,17.433,17.297,17.297,17542,0
20110615,17.332,17.396,17.24,17.314,19540,0
20110616,17.259,17.269,17.059,17.105,38313,0
20110617,17.059,17.114,16.868,16.995,20663,0
20110620,17.004,17.076,17.004,17.013,17367,0
20110621,17.042,17.187,16.977,16.977,23761,0
20110622,17.023,17.158,17.023,17.114,17505,0
20110623,17.095,17.095,16.985,17.023,13367,0
20110624,17.023,17.042,16.95,16.977,7190,0
20110627,16.977,17.067,16.959,17.067,24283,0
20110628,17.032,17.232,17.032,17.177,18633,0
20110629,17.223,17.387,17.223,17.332,12214,0
20110630,17.405,17.587,17.396,17.396,30053,0
20110701,17.461,17.561,17.414,17.414,13178,0
20110705,17.461,17.551,17.414,17.414,9605,0
20110706,17.469,17.469,17.232,17.232,120016,0
20110707,17.314,17.551,17.314,17.515,31428,0
20110708,17.533,17.533,17.36,17.36,11452,0
20110711,17.269,17.304,17.196,17.223,19300,0
20110712,17.259,17.259,17.141,17.141,15851,0
20110713,17.076,17.187,17.032,17.095,34245,0
20110714,17.187,17.278,17.095,17.187,14882,0
20110715,17.25,17.259,17.059,17.196,19344,0
20110718,17.124,17.124,16.777,16.777,35822,0
20110719,16.795,16.922,16.758,16.831,29554,0
20110720,16.831,17.042,16.758,16.758,41631,0
20110721,16.868,17.013,16.868,16.977,29864,0
20110722,17.004,17.105,16.84,17.032,30278,0
20110725,16.985,17.124,16.913,16.931,13491,0
20110726,16.885,17.259,16.885,16.894,48004,0
20110727,16.739,16.749,16.448,16.448,31891,0
20110728,16.503,16.638,16.458,16.458,15877,0
20110729,16.411,16.458,15.955,16.411,38840,0
20110801,16.467,16.73,16.43,16.556,19994,0
20110802,16.467,16.686,16.467,16.493,22259,0
20110803,16.556,16.556,16.038,16.147,358497,0
20110804,16.12,16.12,14.916,15.308,204945,0
20110805,15.363,15.363,13.904,15.127,77958,0
20110808,15.016,15.016,11.398,13.896,320898,0
20110809,13.658,14.907,12.856,14.433,193195,0
20110810,14.36,14.36,13.704,13.896,56335,0
20110811,13.858,14.679,13.74,14.215,71535,0
20110812,14.224,14.734,14.224,14.424,49657,0
20110815,14.734,14.989,14.734,14.77,25588,0
20110816,14.807,14.807,14.314,14.36,82330,0
20110817,14.479,14.862,14.36,14.862,45884,0
20110818,14.542,14.634,14.168,14.424,35857,0
20110819,14.224,14.414,13.795,14.306,38454,0
20110822,14.488,14.488,13.439,13.676,38996,0
20110823,13.658,13.658,13.056,13.376,64761,0
20110824,13.193,14.287,13.193,13.995,40576,0
20110825,15.272,15.655,14.898,15.225,151649,0
20110826,15.272,15.655,15.071,15.181,81594,0
20110829,15.19,15.865,15.19,15.618,64516,0
20110830,15.454,15.692,15.454,15.555,26761,0
20110831,15.865,15.865,15.345,15.354,17173,0
20110901,15.564,15.637,15.254,15.464,16701,0
20110902,14.761,14.998,14.597,14.77,46281,0
20110906,14.36,14.36,14.086,14.205,80172,0
20110907,14.406,14.561,14.178,14.196,34353,0
20110908,14.196,14.36,14.151,14.205,32966,0
20110909,14.196,14.196,13.904,13.95,16216,0
20110912,13.758,13.95,13.584,13.795,23804,0
20110913,13.603,13.887,13.493,13.805,48711,0
20110914,13.723,13.978,13.723,13.858,14285,0
20110915,13.877,14.133,13.767,13.986,41741,0
20110916,14.114,14.123,13.54,13.632,71129,0
20110919,13.468,13.468,13.229,13.357,229437,0
20110920,13.348,13.449,13.266,13.348,27242,0
20110921,13.348,13.386,12.948,13.266,63314,0
20110922,12.974,13.03,12.582,13.03,60985,0
20110923,13.047,13.329,12.965,12.974,169640,0
20110926,12.992,13.266,12.536,12.736,79006,0
20110927,12.736,13.001,12.655,12.664,197673,0
20110928,12.765,12.765,12.362,12.418,19381,0
20110929,12.473,12.627,12.4,12.536,20581,0
20110930,12.446,12.627,12.126,12.217,34759,0
20111003,12.199,12.264,11.489,11.644,136383,0
20111004,11.534,11.534,10.768,11.407,94439,0
20111005,11.187,11.707,11.069,11.597,65254,0
20111006,11.735,12.719,11.735,12.582,47836,0
20111007,12.901,12.948,12.573,12.692,47205,0
20111010,12.919,13.156,12.919,13.111,28250,0
20111011,13.111,13.348,13.02,13.147,29256,0
20111012,13.32,13.758,13.221,13.676,35776,0
20111013,13.594,13.603,13.402,13.411,38285,0
20111014,13.502,13.622,13.285,13.622,25544,0
20111017,13.603,13.603,13.229,13.402,19068,0
20111018,13.394,14.013,13.367,13.868,22164,0
20111019,13.814,13.986,13.74,13.758,19027,0
20111020,13.723,13.858,13.594,13.767,17175,0
20111021,13.922,13.95,13.777,13.777,32886,0
20111024,13.913,14.041,13.767,13.931,25800,0
20111025,13.858,14.004,13.777,13.822,25158,0
20111026,13.969,14.022,13.822,14.022,21749,0
20111027,14.159,14.324,13.931,14.168,56358,0
20111028,14.232,14.525,14.123,14.268,27563,0
20111031,14.342,14.342,13.777,14.178,32747,0
20111101,13.767,13.877,13.603,13.666,9774,0
20111102,13.84,13.995,13.723,13.74,15966,0
20111103,13.786,14.013,13.713,13.786,19603,0
20111104,13.887,15.71,13.887,15.5,354260,0
20111107,15.391,16.175,15.391,16.156,81174,0
20111108,16.357,16.384,16.047,16.384,133136,0
20111109,16.002,16.156,15.755,16.156,54094,0
20111110,16.084,16.758,16.084,16.749,193235,0
20111111,16.821,16.959,16.366,16.594,74227,0
20111114,16.439,16.73,16.211,16.686,78213,0
20111115,16.859,16.859,16.402,16.821,78666,0
20111116,16.812,16.885,16.667,16.785,186157,0
20111117,16.777,16.868,16.777,16.812,48867,0
20111118,16.721,16.821,16.594,16.785,626926,0
20111121,16.53,16.84,16.294,16.84,91565,0
20111122,16.739,16.831,16.384,16.411,383083,0
20111123,16.302,16.302,15.546,16.074,130607,0
20111125,16.12,16.458,15.992,16.092,32352,0
20111128,16.439,16.631,16.284,16.475,316791,0
20111129,16.467,16.549,16.074,16.22,258468,0
20111130,16.439,16.439,14.506,14.634,428997,0
20111201,14.706,15.225,14.205,14.314,742907,0
20111202,14.287,15.045,14.077,15.045,234489,0
20111205,15.162,16.193,15.045,16.183,545572,0
20111206,16.111,16.821,16.047,16.812,273290,0
20111207,16.667,16.667,15.7,15.792,115636,0
20111208,15.646,15.727,15.19,15.199,37154,0
20111209,15.143,15.618,15.143,15.263,18737,0
20111212,15.263,16.484,14.871,16.366,245036,0
20111213,16.366,16.713,15.973,16.556,165891,0
20111214,16.411,16.739,16.047,16.129,255038,0
20111215,16.175,16.54,15.482,15.5,154350,0
20111216,15.464,15.464,14.451,14.716,169353,0
20111219,14.834,14.834,14.351,14.515,55316,0
20111220,14.606,14.898,14.451,14.552,19080,0
20111221,14.47,14.552,14.168,14.369,30495,0
20111222,14.433,15.391,14.433,15.016,100382,0
20111223,15.136,15.136,14.515,14.57,18577,0
20111227,14.515,14.679,14.168,14.342,120762,0
20111228,14.25,14.46,14.224,14.314,25009,0
20111229,14.396,14.67,14.396,14.542,15743,0
20111230,14.588,14.706,14.442,14.597,24561,0
20120103,14.734,14.789,14.588,14.597,16314,0
20120104,14.597,14.798,14.579,14.679,33221,0
20120105,14.634,15.244,14.57,15.127,38824,0
20120106,15.225,15.5,15.045,15.225,289525,0
20120109,15.408,15.408,15.108,15.281,14765,0
20120110,15.464,15.572,15.391,15.391,46442,0
20120111,15.464,15.646,15.29,15.317,86583,0
20120112,15.408,15.49,15.225,15.408,177609,0
20120113,15.408,15.436,15.263,15.336,31225,0
20120117,15.408,15.745,15.363,15.737,27213,0
20120118,15.846,15.947,15.783,15.783,19344,0
20120119,15.919,16.175,15.837,15.837,15142,0
20120120,15.91,16.138,15.856,15.955,17958,0
20120123,16.366,16.366,15.91,15.928,18772,0
20120124,15.536,15.983,15.382,15.865,19874,0
20120125,16.029,16.411,16.029,16.202,12040,0
20120126,16.32,16.503,16.229,16.257,23647,0
20120127,15.955,17.487,15.865,15.973,190008,0
20120130,16.029,16.211,15.983,15.983,17645,0
20120131,16.138,16.384,16.138,16.183,17590,0
20120201,16.102,16.421,16.092,16.147,20240,0
20120202,16.265,16.657,16.193,16.594,13808,0
20120203,16.604,16.868,16.549,16.713,15821,0
20120206,16.648,17.223,16.604,16.977,27707,0
20120207,16.922,17.414,16.913,17.322,98699,0
20120208,17.341,17.751,17.332,17.652,53943,0
20120209,17.561,17.916,17.561,17.825,84659,0
20120210,17.725,17.924,17.615,17.825,116446,0
20120213,17.861,18.144,17.779,18.098,51418,0
20120214,17.962,18.163,17.798,18.025,58086,0
20120215,18.172,18.18,17.825,18.153,264027,0
20120216,18.144,18.208,17.989,18.172,71664,0
20120217,18.107,18.208,18.098,18.107,46105,0
20120221,18.117,18.235,18.089,18.208,20641,0
20120222,18.117,18.418,18.117,18.199,24704,0
20120223,18.126,18.308,18.126,18.208,22106,0
20120224,18.199,18.462,18.199,18.462,53592,0
20120227,18.346,18.799,18.336,18.746,142388,0
20120228,18.782,19.203,18.618,19.165,105484,0
20120229,19.174,19.594,19.174,19.449,135668,0
20120301,19.42,19.54,19.285,19.449,132637,0
20120302,19.411,19.712,19.348,19.695,71995,0
20120305,19.647,20.059,19.63,20.059,63360,0
20120306,19.748,20.25,19.704,20.223,526728,0
20120307,20.068,20.424,20.059,20.278,45328,0
20120308,20.268,20.396,20.196,20.287,87251,0
20120309,20.25,20.387,20.196,20.287,72291,0
20120312,20.223,20.223,19.457,19.767,114185,0
20120313,19.531,19.613,18.919,19.045,54311,0
20120314,19.011,19.011,18.526,18.736,40445,0
20120315,18.645,19.127,18.563,19.045,36206,0
20120316,19.045,19.21,18.727,19.001,21984,0
20120319,19.001,19.146,19.001,19.102,14949,0
20120320,19.102,19.43,19.038,19.174,14596,0
20120321,19.165,19.466,19.083,19.083,44828,0
20120322,18.963,19.111,18.554,18.963,13006,0
20120323,19.055,19.064,18.828,18.919,10863,0
20120326,18.828,18.865,18.601,18.673,32459,0
20120327,18.765,18.891,18.691,18.691,25564,0
20120328,18.636,18.828,18.636,18.683,7743,0
20120329,18.582,18.627,18.372,18.591,9995,0
20120330,18.627,18.782,18.627,18.673,18890,0
20120402,18.673,18.791,18.673,18.765,9747,0
20120403,18.782,18.799,18.718,18.718,7954,0
20120404,18.636,18.691,18.536,18.536,8721,0
20120405,18.519,18.572,18.509,18.519,4223,0
20120409,18.418,18.601,18.418,18.554,11349,0
20120410,18.554,18.554,18.317,18.317,6194,0
20120411,18.372,18.372,18.235,18.362,21169,0
20120412,18.372,18.372,18.235,18.353,17657,0
20120413,18.317,18.317,18.28,18.298,9394,0
20120416,18.353,18.372,18.353,18.372,6580,0
20120417,18.372,18.755,18.263,18.727,11192,0
20120418,18.746,18.746,18.418,18.563,176653,0
20120419,18.627,18.664,18.481,18.481,14358,0
20120420,18.608,18.799,18.399,18.544,282784,0
20120423,18.526,18.774,18.427,18.774,17209,0
20120424,18.683,18.818,18.645,18.791,125969,0
20120425,18.837,19.029,18.727,18.873,24433,0
20120426,18.636,18.727,18.444,18.691,33370,0
20120427,18.809,18.881,18.601,18.718,116805,0
20120430,18.591,18.865,18.399,18.774,24044,0
20120501,18.799,18.847,18.509,18.591,15359,0
20120502,18.519,18.691,18.519,18.691,20763,0
20120503,18.601,18.645,18.5,18.5,40409,0
20120504,18.435,18.691,18.435,18.563,9140,0
20120507,18.608,18.736,18.554,18.683,8500,0
20120508,18.536,18.591,18.39,18.427,41844,0
20120509,18.29,18.472,18.29,18.336,22873,0
20120510,18.472,18.472,18.298,18.427,4223,0
20120511,18.353,18.627,18.226,18.298,17460,0
20120514,18.189,18.216,17.505,17.551,49340,0
20120515,17.569,17.569,17.259,17.332,19837,0
20120516,17.414,17.414,17.023,17.36,18326,0
20120517,17.314,17.396,17.105,17.396,22788,0
20120518,17.332,17.569,17.232,17.561,17714,0
20120521,17.615,18.006,17.414,17.743,15358,0
20120522,17.834,18.134,17.587,17.587,8785,0
20120523,17.561,17.825,17.478,17.515,9905,0
20120524,17.597,17.953,17.533,17.825,8378,0
20120525,17.88,18.035,17.834,17.98,11136,0
20120529,17.98,18.5,17.98,18.245,10360,0
20120530,18.216,18.28,17.751,17.852,3405,0
20120531,17.907,18.044,17.734,17.989,4046,0
20120601,17.77,17.77,17.569,17.643,1660,0
20120604,17.551,17.551,16.467,16.467,15830,0
20120605,16.868,17.423,16.868,17.114,23944,0
20120606,17.24,17.688,17.24,17.496,4574,0
20120607,17.551,17.779,17.543,17.543,5593,0
20120608,17.496,17.934,17.341,17.433,4435,0
20120611,17.442,17.442,17.187,17.206,4234,0
20120612,17.322,17.396,17.105,17.288,5553,0
20120613,17.278,17.405,17.278,17.36,6333,0
20120614,17.396,17.688,17.396,17.615,9673,0
20120615,17.423,17.76,17.423,17.76,4836,0
20120618,17.77,18.163,17.77,18.052,10570,0
20120619,18.235,18.235,17.707,17.825,33904,0
20120620,17.697,17.88,17.633,17.825,13290,0
20120621,17.76,17.861,17.661,17.779,5861,0
20120622,17.76,17.77,17.606,17.751,12055,0
20120625,17.725,18.098,17.725,18.052,14026,0
20120626,18.153,18.346,17.924,17.924,15790,0
20120627,17.971,18.189,17.962,18.016,11297,0
20120628,18.044,18.216,17.871,18.098,9223,0
20120629,18.216,18.372,18.216,18.336,10876,0
20120702,18.235,18.317,18.126,18.216,8063,0
20120703,18.208,18.235,18.062,18.062,10675,0
20120705,18.071,18.153,17.98,18.098,12355,0
20120706,18.098,18.134,18.098,18.098,2467,0
20120709,18.163,18.163,17.98,18.089,3565,0
20120710,18.052,18.263,18.052,18.199,4891,0
20120711,18.189,18.462,18.189,18.462,14790,0
20120712,18.462,18.782,18.462,18.654,25920,0
20120713,18.881,18.982,18.718,18.828,18681,0
20120716,18.891,19.001,18.809,18.837,10199,0
20120717,18.881,19.156,18.873,18.948,21259,0
20120718,19.12,19.174,18.929,19.174,16481,0
20120719,19.093,19.093,18.727,18.736,15723,0
20120720,18.809,18.809,18.645,18.645,18303,0
20120723,18.618,18.782,18.554,18.765,5678,0
20120724,18.847,19.357,18.847,19.357,24547,0
20120725,19.165,19.165,18.929,19.083,15456,0
20120726,19.02,19.63,19.02,19.31,26181,0
20120727,19.001,19.029,18.664,18.736,32894,0
20120730,18.627,18.782,18.172,18.673,49614,0
20120731,18.536,18.736,18.472,18.472,18940,0
20120801,18.491,18.774,18.491,18.691,27337,0
20120802,18.618,18.782,18.618,18.782,9445,0
20120803,18.746,18.837,18.608,18.608,15396,0
20120806,18.608,18.818,18.608,18.683,8104,0
20120807,18.791,18.973,18.718,18.9,6919,0
20120808,18.799,18.929,18.654,18.856,4859,0
20120809,18.865,18.891,18.774,18.782,8307,0
20120810,18.856,18.91,18.837,18.91,4516,0
20120813,18.891,18.891,18.765,18.809,13487,0
20120814,18.856,18.9,18.828,18.891,16639,0
20120815,18.881,18.963,18.818,18.818,21635,0
20120816,18.873,18.963,18.791,18.881,17060,0
20120817,18.881,18.963,18.828,18.847,10412,0
20120820,18.929,18.963,18.799,18.891,12827,0
20120821,18.91,18.919,18.791,18.791,20703,0
20120822,18.856,18.919,18.828,18.919,14916,0
20120823,18.856,18.963,18.856,18.938,5311,0
20120824,18.963,18.963,18.891,18.963,11893,0
20120827,18.963,19.146,18.963,19.064,14213,0
20120828,19.045,19.146,19.001,19.001,6230,0
20120829,18.938,19.256,18.938,19.102,4223,0
20120830,19.146,19.247,19.038,19.146,9185,0
20120831,19.256,19.285,19.011,19.045,9629,0
20120904,19.137,19.174,19.02,19.055,8583,0
20120905,19.111,19.32,19.111,19.285,10791,0
20120906,19.32,19.594,19.165,19.565,20970,0
20120907,19.575,19.912,19.575,19.647,26051,0
20120910,19.786,19.886,19.613,19.639,13784,0
20120911,19.531,19.921,19.493,19.63,13916,0
20120912,19.704,19.894,19.657,19.748,7024,0
20120913,19.758,19.886,19.739,19.748,14870,0
20120914,19.794,20.059,19.758,19.786,20130,0
20120917,19.794,19.921,19.685,19.73,14588,0
20120918,19.721,19.721,19.247,19.32,24209,0
20120919,19.367,19.557,19.31,19.384,13710,0
20120920,19.466,19.666,19.466,19.547,5603,0
20120921,19.449,19.812,19.449,19.803,11252,0
20120924,19.776,19.886,19.676,19.803,14798,0
20120925,19.704,19.931,19.704,19.83,13489,0
20120926,19.786,19.912,19.786,19.84,3419,0
20120927,19.876,19.976,19.876,19.876,4110,0
20120928,19.95,19.968,19.721,19.739,8296,0
20121001,19.704,19.739,19.531,19.531,19380,0
20121002,19.584,19.584,19.367,19.401,33428,0
20121003,19.466,19.565,19.439,19.466,21169,0
20121004,19.575,19.575,19.457,19.512,25289,0
20121005,19.547,19.647,19.483,19.512,44111,0
20121008,19.584,19.84,19.584,19.83,14533,0
20121009,19.876,20.003,19.849,19.868,14144,0
20121010,19.84,19.994,19.83,19.968,6140,0
20121011,20.003,20.25,19.976,20.149,20262,0
20121012,20.241,20.514,20.241,20.278,15449,0
20121015,20.278,20.278,20.077,20.241,16584,0
20121016,20.278,20.551,20.196,20.35,21265,0
20121017,20.387,20.597,20.377,20.541,16499,0
20121018,20.623,20.623,20.506,20.523,18381,0
20121019,20.533,20.669,20.323,20.323,87573,0
20121022,20.332,20.432,20.332,20.414,25069,0
20121023,20.369,20.514,20.35,20.396,36630,0
20121024,20.469,20.478,20.396,20.432,16525,0
20121025,20.514,20.514,20.332,20.369,12456,0
20121026,20.35,20.35,20.223,20.268,28584,0
20121031,20.141,20.25,20.104,20.25,20550,0
20121101,20.278,20.278,20.149,20.149,14247,0
20121102,20.159,20.159,20.077,20.149,8173,0
20121105,20.231,20.241,20.068,20.177,6949,0
20121106,20.223,20.369,20.214,20.241,17578,0
20121107,20.35,20.36,20.104,20.122,23520,0
20121108,20.196,20.341,20.196,20.323,15234,0
20121109,20.323,20.377,20.141,20.369,6436,0
20121112,20.196,20.66,20.196,20.459,12842,0
20121113,20.278,20.869,20.278,20.533,35234,0
20121114,20.451,20.469,19.758,19.849,44319,0
20121115,19.876,20.022,19.721,19.821,20649,0
20121116,19.786,19.876,19.758,19.767,15355,0
20121119,19.776,19.921,19.776,19.849,12291,0
20121120,19.95,19.968,19.794,19.794,10775,0
20121121,19.83,20.059,19.803,19.83,18678,0
20121123,19.921,20.114,19.912,19.912,2523,0
20121126,19.894,20.059,19.748,19.968,33067,0
20121127,20.04,20.506,20.04,20.259,31579,0
20121128,20.314,20.77,19.968,20.114,30036,0
20121129,20.122,20.141,19.83,19.858,87694,0
20121130,20.003,20.04,19.894,19.894,15046,0
20121203,19.894,20.013,19.83,20.013,68900,0
20121204,20.032,20.132,19.95,20.132,28627,0
20121205,20.068,20.141,19.994,20.077,18226,0
20121206,20.013,20.104,19.876,19.958,41991,0
20121207,19.921,20.141,19.921,20.095,47464,0
20121210,19.986,20.095,19.986,20.085,25410,0
20121211,20.04,20.132,19.994,20.059,18184,0
20121212,20.141,20.231,20.141,20.204,14655,0
20121213,20.196,20.231,20.196,20.231,7613,0
20121214,20.059,20.167,19.594,19.894,44670,0
20121217,19.931,19.994,19.886,19.904,14378,0
20121218,19.958,19.968,19.739,19.739,19123,0
20121219,19.868,19.94,19.721,19.84,12713,0
20121220,19.894,19.921,19.812,19.921,8534,0
20121221,19.904,19.904,19.73,19.858,6044,0
20121224,19.904,19.968,19.904,19.921,8335,0
20121226,19.894,20.25,19.876,19.886,10721,0
20121227,19.886,19.886,19.721,19.73,6261,0
20121228,19.73,19.849,19.712,19.712,9290,0
20121231,19.812,19.821,19.63,19.786,20747,0
20130102,19.912,19.958,19.858,19.931,7980,0
20130103,19.958,20.141,19.95,20.068,15733,0
20130104,20.068,20.442,20.05,20.287,29917,0
20130107,20.442,20.825,20.442,20.56,27302,0
20130108,20.57,21.326,20.523,21.098,53008,0
20130109,21.298,21.509,21.199,21.244,50416,0
20130110,21.244,21.427,21.071,21.417,33513,0
20130111,21.509,21.755,21.471,21.718,16905,0
20130114,21.736,21.745,21.317,21.317,31741,0
20130115,21.199,21.545,20.787,20.787,33990,0
20130116,20.907,21.08,20.833,20.833,30118,0
20130117,20.961,20.961,20.652,20.652,32001,0
20130118,20.705,21.108,20.705,20.934,28324,0
20130122,21.116,21.235,20.934,21.052,17906,0
20130123,21.336,21.8,21.225,21.371,61091,0
20130124,21.344,21.427,21.098,21.216,22114,0
20130125,21.116,21.353,21.116,21.18,15822,0
20130128,21.172,21.673,21.172,21.591,19413,0
20130129,21.765,21.931,21.405,21.424,38701,0
20130130,21.478,21.644,21.064,21.064,31673,0
20130131,21.008,21.229,20.695,20.742,23072,0
20130201,20.786,20.971,20.75,20.971,12643,0
20130204,21.045,21.119,20.713,20.713,33887,0
20130205,20.76,21.174,20.76,21.054,13350,0
20130206,21.018,21.257,20.686,20.695,50790,0
20130207,20.833,20.907,20.695,20.695,15088,0
20130208,20.786,21.303,20.786,21.018,17845,0
20130211,21.064,21.091,20.833,20.898,8519,0
20130212,20.869,21.294,20.778,20.786,37699,0
20130213,20.815,20.907,20.52,20.64,36771,0
20130214,20.63,20.952,20.575,20.945,16208,0
20130215,21.064,21.064,20.796,20.815,23129,0
20130219,20.952,21.184,20.833,21.028,16839,0
20130220,21.166,21.166,20.677,20.695,31942,0
20130221,20.796,21.064,20.621,20.667,28850,0
20130222,20.825,20.99,20.732,20.861,13940,0
20130225,20.861,21.045,20.852,20.981,7244,0
20130226,21.064,21.073,20.805,20.971,21121,0
20130227,20.971,21.035,20.869,20.99,23643,0
20130228,21.008,21.193,20.99,21.045,12519,0
20130301,21.184,21.239,21.035,21.156,6312,0
20130304,21.276,21.285,21.193,21.202,5749,0
20130305,21.285,21.525,21.276,21.322,11345,0
20130306,21.229,21.533,21.127,21.469,23413,0
20130307,21.341,21.497,21.341,21.46,11884,0
20130308,21.395,21.736,21.229,21.525,33312,0
20130311,21.525,21.653,21.525,21.571,14711,0
20130312,21.653,21.792,21.59,21.746,24105,0
20130313,21.838,21.838,21.525,21.682,11715,0
20130314,21.755,21.829,21.571,21.801,26492,0
20130315,21.801,22.069,21.755,21.894,44368,0
20130318,21.819,22.123,21.819,22.077,62574,0
20130319,22.114,22.142,21.948,22.014,13939,0
20130320,22.023,22.198,21.948,21.948,17882,0
20130321,22.161,22.161,21.967,22.05,17984,0
20130322,22.031,22.17,22.031,22.077,7213,0
20130325,22.152,22.189,22.031,22.04,24511,0
20130326,22.106,22.381,22.059,22.189,27618,0
20130327,22.41,22.446,22.031,22.031,21719,0
20130328,22.077,22.345,21.967,22.336,23003,0
20130401,22.355,22.511,22.198,22.511,20711,0
20130402,22.511,22.511,22.069,22.372,22467,0
20130403,22.253,22.4,22.244,22.244,7659,0
20130404,22.142,22.327,22.123,22.161,15965,0
20130405,22.345,22.723,22.114,22.723,11648,0
20130408,22.493,22.493,22.179,22.235,10482,0
20130409,22.216,22.289,22.216,22.216,4473,0
20130410,22.189,22.289,22.152,22.244,25802,0
20130411,22.17,22.318,22.133,22.289,13327,0
20130412,22.142,22.299,22.142,22.225,14268,0
20130415,22.336,22.521,22.272,22.345,28283,0
20130416,22.327,22.446,22.262,22.262,22194,0
20130417,22.381,22.464,22.225,22.336,18696,0
20130418,22.355,22.438,22.289,22.289,14526,0
20130419,22.391,22.4,22.216,22.216,24175,0
20130422,22.142,22.428,22.142,22.198,21370,0
20130423,22.381,22.438,22.253,22.28,18449,0
20130424,22.511,22.704,22.272,22.272,22066,0
20130425,22.327,22.521,22.327,22.355,13164,0
20130426,22.439,22.774,22.411,22.475,28095,0
20130429,22.448,22.682,22.429,22.429,17563,0
20130430,22.485,22.662,22.364,22.456,22742,0
20130501,22.672,22.672,22.401,22.439,16366,0
20130502,22.504,22.588,22.466,22.513,13970,0
20130503,22.475,22.55,22.421,22.421,22810,0
20130506,22.485,22.513,22.392,22.466,10757,0
20130507,22.475,22.523,22.327,22.411,46140,0
20130508,22.495,22.969,22.475,22.625,40098,0
20130509,22.82,22.849,22.662,22.774,26947,0
20130510,22.82,22.914,22.709,22.709,32301,0
20130513,22.866,22.95,22.765,22.894,36938,0
20130514,22.83,23.072,22.83,22.923,35368,0
20130515,23.007,23.017,22.858,23.007,17184,0
20130516,22.997,23.062,22.933,23.053,21568,0
20130517,23.091,23.258,22.969,23.146,33739,0
20130520,23.109,23.109,23.007,23.081,16476,0
20130521,23.081,23.091,22.96,22.96,10330,0
20130522,22.894,22.997,22.792,22.83,22903,0
20130523,22.783,22.997,22.682,22.997,14524,0
20130524,22.969,23.101,22.783,23.101,12117,0
20130528,23.193,23.193,22.783,22.84,21587,0
20130529,22.82,22.933,22.633,22.866,23645,0
20130530,22.95,22.95,22.662,22.849,8916,0
20130531,22.682,22.95,22.653,22.756,19581,0
20130603,22.633,22.727,22.131,22.727,16803,0
20130604,22.615,22.633,22.392,22.523,13724,0
20130605,22.513,22.569,22.214,22.345,13669,0
20130606,22.271,22.495,22.214,22.485,13473,0
20130607,22.448,22.717,22.448,22.559,8294,0
20130610,22.672,22.672,22.327,22.345,14977,0
20130611,22.345,22.355,21.973,22.214,14289,0
20130612,22.104,22.205,21.199,21.702,26666,0
20130613,21.488,22.262,20.986,22.168,15504,0
20130614,22.001,22.168,21.582,21.805,11801,0
20130617,22.029,22.15,21.712,21.74,8512,0
20130618,21.936,22.01,21.6,22.01,14929,0
20130619,21.786,22.16,21.516,22.16,17921,0
20130620,21.815,21.815,20.957,21.769,24610,0
20130621,21.554,21.721,21.153,21.721,14957,0
20130624,21.414,21.488,20.621,21.442,29024,0
20130625,21.404,21.675,21.321,21.665,5158,0
20130626,21.665,21.749,21.34,21.498,7693,0
20130627,21.665,21.87,21.385,21.385,5517,0
20130628,21.381,21.664,21.335,21.655,4652,0
20130701,21.469,21.87,21.469,21.488,16885,0
20130702,21.638,21.646,21.227,21.385,4783,0
20130703,21.199,21.479,21.191,21.424,6520,0
20130705,21.377,21.488,21.033,21.424,8398,0
20130708,21.367,21.562,21.153,21.562,7152,0
20130709,21.61,21.646,21.265,21.424,16626,0
20130710,21.424,21.61,21.181,21.562,27859,0
20130711,21.638,21.87,21.498,21.87,19540,0
20130712,21.861,21.87,21.582,21.87,7740,0
20130715,21.833,21.843,21.693,21.815,6382,0
20130716,21.759,21.759,21.508,21.554,11684,0
20130717,21.665,21.759,21.646,21.712,6085,0
20130718,21.702,21.786,21.6,21.685,10303,0
20130719,21.685,21.795,21.424,21.582,6087,0
20130722,21.572,21.879,21.572,21.879,7088,0
20130723,21.861,21.861,21.572,21.685,9455,0
20130724,21.712,21.815,21.646,21.815,4590,0
20130725,21.656,21.656,21.516,21.638,6637,0
20130726,21.469,21.759,21.469,21.656,6259,0
20130729,21.57,21.796,21.57,21.796,4284,0
20130730,21.786,21.786,21.391,21.769,7037,0
20130731,21.514,21.617,21.259,21.4,16008,0
20130801,21.532,21.617,21.287,21.381,5801,0
20130802,21.279,21.485,20.882,21.296,6706,0
20130805,21.118,21.146,20.986,21.136,3099,0
20130806,21.081,21.081,20.817,20.817,9008,0
20130807,20.712,20.779,20.524,20.524,5139,0
20130808,20.609,20.817,20.581,20.76,16295,0
20130809,20.788,20.977,20.637,20.864,6132,0
20130812,20.864,21.005,20.864,21.005,2010,0
20130813,20.92,21.25,20.92,21.127,13916,0
20130814,21.136,21.146,20.957,21.061,12528,0
20130815,21.081,21.081,20.76,20.94,31572,0
20130816,21.024,21.024,20.204,20.788,39426,0
20130819,20.827,20.827,20.468,20.6,15735,0
20130820,20.43,20.751,20.421,20.666,11870,0
20130821,20.421,20.675,20.355,20.637,12738,0
20130822,20.496,20.807,20.496,20.722,4555,0
20130823,20.609,20.788,20.496,20.788,25538,0
20130826,20.647,20.675,20.43,20.647,10385,0
20130827,20.402,20.43,19.996,20.139,18876,0
20130828,20.232,20.308,19.988,20.204,12530,0
20130829,20.157,20.393,20.081,20.26,11640,0
20130830,20.252,20.327,20.054,20.27,6739,0
20130903,20.12,20.185,19.827,19.959,13638,0
20130904,19.818,20.365,19.818,20.28,18323,0
20130905,19.969,20.139,19.452,19.639,19371,0
20130906,19.648,19.866,19.537,19.866,10650,0
20130909,19.856,19.996,19.667,19.79,16784,0
20130910,19.639,19.648,19.423,19.582,14764,0
20130911,19.573,19.582,19.263,19.527,19690,0
20130912,19.432,19.498,19.168,19.206,13169,0
20130913,19.263,19.63,19.214,19.452,12474,0
20130916,19.367,19.498,19.224,19.442,15715,0
20130917,19.318,19.403,19.234,19.309,18237,0
20130918,19.309,19.733,19.224,19.612,11315,0
20130919,19.413,19.582,19.253,19.423,8723,0
20130920,19.452,20.835,19.282,19.432,17578,0
20130923,19.328,19.452,19.309,19.348,13111,0
20130924,19.413,19.667,19.328,19.592,11936,0
20130925,19.592,19.715,19.442,19.696,12903,0
20130926,19.696,19.752,19.582,19.752,7507,0
20130927,19.657,19.884,19.328,19.771,24304,0
20130930,19.715,19.752,19.423,19.423,22432,0
20131001,19.488,19.498,19.318,19.348,17046,0
20131002,19.423,19.423,19.178,19.375,18228,0
20131003,19.214,19.214,18.952,19.206,13283,0
20131004,19.121,19.149,18.952,19.074,38773,0
20131007,19.028,19.028,18.885,19.018,7362,0
20131008,18.914,18.979,18.858,18.885,8881,0
20131009,19.008,19.008,18.885,18.904,15159,0
20131010,19.064,19.074,18.914,19.074,26324,0
20131011,19.044,19.224,19.044,19.206,11217,0
20131014,19.103,19.168,19.044,19.121,17806,0
20131015,19.168,19.168,18.999,19.103,7476,0
20131016,19.103,19.214,19.083,19.206,14117,0
20131017,19.028,19.442,19.028,19.403,28722,0
20131018,19.393,19.762,19.393,19.639,6249,0
20131021,19.582,19.582,19.338,19.452,14529,0
20131022,19.527,19.706,19.348,19.554,11999,0
20131023,19.527,19.657,19.375,19.639,11253,0
20131024,19.582,19.582,19.442,19.554,6491,0
20131025,19.498,19.677,19.432,19.612,17822,0
20131028,19.537,19.582,19.403,19.469,19877,0
20131029,19.302,19.513,19.226,19.351,12142,0
20131030,19.332,19.332,19.018,19.17,40158,0
20131031,19.028,19.361,19.028,19.19,16672,0
20131101,19.199,19.246,19.037,19.226,8668,0
20131104,19.064,19.216,19.064,19.13,17870,0
20131105,19.122,19.208,19.028,19.15,19979,0
20131106,19.19,19.19,19.028,19.074,26260,0
20131107,19.074,19.17,19.044,19.13,9665,0
20131108,19.074,19.236,18.874,19.216,25742,0
20131111,19.122,19.542,19.028,19.17,28023,0
20131112,19.246,19.256,18.893,19.028,22374,0
20131113,19.114,19.114,18.932,19.044,24900,0
20131114,19.054,19.246,18.942,19.216,17866,0
20131115,19.322,19.408,19.13,19.351,13502,0
20131118,19.503,19.503,19.17,19.275,12676,0
20131119,19.351,19.351,18.978,19.114,22667,0
20131120,19.18,19.246,18.998,19.104,24237,0
20131121,19.094,19.18,18.951,19.18,12991,0
20131122,19.074,19.342,18.978,19.15,19291,0
20131125,19.256,19.427,19.084,19.266,26654,0
20131126,19.342,19.361,19.236,19.275,6412,0
20131127,19.312,19.312,19.208,19.216,6225,0
20131129,19.17,19.542,19.15,19.474,5704,0
20131202,19.427,19.427,19.084,19.388,18985,0
20131203,19.332,19.332,19.17,19.256,6568,0
20131204,19.312,19.312,18.883,18.978,40824,0
20131205,18.874,18.932,18.331,18.616,35184,0
20131206,18.655,18.836,18.463,18.692,14460,0
20131209,18.655,18.75,18.483,18.665,22159,0
20131210,18.54,18.645,18.378,18.54,25262,0
20131211,18.503,18.503,18.139,18.301,27410,0
20131212,18.149,18.387,18.015,18.368,25820,0
20131213,18.407,18.473,18.311,18.473,6058,0
20131216,18.387,18.503,18.215,18.503,31831,0
20131217,18.493,18.493,18.235,18.397,9784,0
20131218,18.349,18.692,18.225,18.674,30148,0
20131219,18.645,18.645,18.245,18.292,11595,0
20131220,18.292,18.54,18.273,18.52,29415,0
20131223,18.549,18.788,18.513,18.76,22879,0
20131224,18.589,18.846,18.503,18.846,36795,0
20131226,18.988,19.312,18.883,19.114,97927,0
20131227,18.968,19.293,18.959,19.266,31749,0
20131230,19.208,19.285,18.978,19.285,41764,0
20131231,19.15,19.236,19.113,19.199,16125,0
20140102,19.226,19.293,19.15,19.18,10453,0
20140103,19.226,19.351,19.226,19.322,6586,0
20140106,19.275,19.447,19.275,19.447,12524,0
20140107,19.589,19.589,19.285,19.351,11279,0
20140108,19.418,19.447,19.208,19.216,29388,0
20140109,19.293,19.293,19.16,19.17,10952,0
20140110,19.216,19.312,19.104,19.104,14466,0
20140113,19.15,19.285,19.054,19.074,13678,0
20140114,19.084,19.18,19.044,19.054,32318,0
20140115,19.16,19.266,19.037,19.074,32137,0
20140116,19.19,19.266,19.064,19.074,24076,0
20140117,19.16,19.236,19.064,19.074,17142,0
20140121,19.236,19.236,19.044,19.044,21448,0
20140122,19.14,19.208,19.074,19.17,29528,0
20140123,19.13,19.19,19.074,19.16,20243,0
20140124,19.054,19.208,19.054,19.074,10409,0
20140127,19.17,19.216,19.074,19.208,28290,0
20140128,19.18,19.285,19.17,19.275,6111,0
20140129,19.299,19.376,19.251,19.376,8016,0
20140130,19.338,19.425,19.281,19.281,8899,0
20140131,19.385,19.385,19.194,19.194,14074,0
20140203,19.194,19.318,19.164,19.164,3363,0
20140204,19.241,19.271,19.097,19.194,8056,0
20140205,19.251,19.308,19,19,28588,0
20140206,19.097,19.125,19.077,19.077,7007,0
20140207,19.154,19.415,19.03,19.405,38648,0
20140210,19.405,19.435,19.308,19.395,9515,0
20140211,19.338,19.348,19.261,19.348,15668,0
20140212,19.338,19.338,19.241,19.241,6505,0
20140213,19.29,19.405,19.221,19.348,11541,0
20140214,19.445,19.445,19.261,19.368,11274,0
20140218,19.368,19.395,19.261,19.328,13018,0
20140219,19.376,19.463,19.281,19.415,11770,0
20140220,19.415,19.435,19.328,19.328,2440,0
20140221,19.425,19.55,19.425,19.55,18208,0
20140224,19.559,19.559,19.463,19.502,13061,0
20140225,19.541,19.541,19.463,19.492,7273,0
20140226,19.482,19.532,19.463,19.472,5969,0
20140227,19.463,19.512,19.463,19.472,9042,0
20140228,19.492,19.599,19.463,19.522,17904,0
20140303,19.532,19.532,19.425,19.425,7757,0
20140304,19.569,19.569,19.376,19.405,5411,0
20140305,19.512,19.512,19.415,19.472,24358,0
20140306,19.492,19.492,19.472,19.492,6352,0
20140307,19.482,19.579,19.472,19.55,8158,0
20140310,19.502,19.666,19.502,19.646,7430,0
20140311,19.656,19.656,19.492,19.55,16842,0
20140312,19.589,19.609,19.445,19.482,10201,0
20140313,19.599,19.599,19.435,19.541,4955,0
20140314,19.609,20.381,19.609,20.275,132902,0
20140317,20.381,21.047,20.381,21.047,86414,0
20140318,21.106,21.589,20.777,20.777,92090,0
20140319,20.913,21.116,20.7,20.739,55810,0
20140320,20.768,20.864,20.536,20.806,43181,0
20140321,20.816,21.029,20.632,20.777,57666,0
20140324,20.777,21.067,20.768,20.796,71950,0
20140325,20.922,20.922,20.632,20.652,38769,0
20140326,20.7,20.719,20.555,20.681,21533,0
20140327,20.681,20.845,20.613,20.786,15847,0
20140328,20.922,20.922,20.7,20.748,14301,0
20140331,20.739,20.826,20.739,20.786,10397,0
20140401,20.855,21,20.729,20.932,34485,0
20140402,20.932,21.134,20.796,20.883,37766,0
20140403,21.019,21.395,20.845,21.124,20667,0
20140404,21.231,21.318,20.98,21.116,23544,0
20140407,21.202,21.241,21.009,21.037,15590,0
20140408,21.029,21.366,21.019,21.289,42526,0
20140409,21.425,21.425,21.251,21.298,23659,0
20140410,21.385,21.512,21.308,21.453,16266,0
20140411,21.453,21.733,21.338,21.415,20689,0
20140414,21.434,21.54,21.376,21.395,13828,0
20140415,21.395,21.521,21.395,21.425,33084,0
20140416,21.444,21.646,21.425,21.608,40876,0
20140417,21.559,21.676,21.357,21.357,26454,0
20140421,21.434,21.482,21.347,21.347,11173,0
20140422,21.385,21.482,21.357,21.395,13829,0
20140423,21.482,21.482,21.357,21.395,13655,0
20140424,21.434,21.531,21.318,21.444,28975,0
20140425,21.492,21.637,21.425,21.444,14397,0
20140428,21.48,21.714,21.45,21.598,27912,0
20140429,21.724,21.968,21.636,21.782,25091,0
20140430,21.782,21.968,21.782,21.861,22797,0
20140501,21.958,22.124,21.948,21.988,9289,0
20140502,22.076,22.076,21.94,21.968,22757,0
20140505,21.9,22.027,21.832,22.027,34105,0
20140506,21.91,22.018,21.754,21.93,13652,0
20140507,21.948,21.948,21.852,21.92,6263,0
20140508,21.89,22.018,21.852,21.852,16263,0
20140509,21.852,21.958,21.852,21.92,6794,0
20140512,22.027,22.056,21.87,22.018,23546,0
20140513,21.93,22.066,21.93,22.056,4315,0
20140514,22.114,22.114,21.958,21.958,4694,0
20140515,22.056,22.114,21.94,22.018,14393,0
20140516,21.978,22.018,21.852,21.87,11907,0
20140519,21.92,22.114,21.9,22.018,13442,0
20140520,21.94,21.968,21.861,21.87,8167,0
20140521,21.87,21.92,21.734,21.802,14192,0
20140522,21.89,22.008,21.812,21.812,7794,0
20140523,21.812,21.92,21.812,21.92,804,0
20140527,22.008,22.008,21.734,21.734,6510,0
20140528,21.734,21.978,21.734,21.861,13456,0
20140529,21.832,22.106,21.832,22.106,15895,0
20140530,22.008,22.027,21.958,22.008,9875,0
20140602,21.91,22.106,21.852,21.852,7340,0
20140603,21.978,21.978,21.832,21.91,9950,0
20140604,21.822,21.861,21.431,21.598,31079,0
20140605,21.558,21.646,21.422,21.646,10827,0
20140606,21.812,21.968,21.598,21.616,9931,0
20140609,21.626,21.764,21.588,21.626,13536,0
20140610,21.646,21.646,21.441,21.588,23034,0
20140611,21.49,21.578,21.412,21.5,8449,0
20140612,21.529,21.704,21.49,21.558,4427,0
20140613,21.538,21.607,21.47,21.5,7297,0
20140616,21.49,21.704,21.441,21.568,13947,0
20140617,21.568,21.646,21.441,21.45,9637,0
20140618,21.5,21.676,21.5,21.676,5923,0
20140619,21.588,21.685,21.538,21.598,7981,0
20140620,21.548,21.656,21.548,21.598,3882,0
20140623,21.676,21.734,21.607,21.626,9457,0
20140624,21.666,21.704,21.598,21.685,14803,0
20140625,21.764,21.812,21.714,21.744,2157,0
20140626,21.744,21.852,21.724,21.773,3141,0
20140627,21.714,21.822,21.714,21.792,2581,0
20140630,21.94,22.008,21.685,21.88,15287,0
20140701,21.861,21.998,21.861,21.958,4385,0
20140702,21.958,21.998,21.832,21.832,4300,0
20140703,21.832,22.018,21.832,21.978,2633,0
20140707,21.87,21.88,21.704,21.832,3702,0
20140708,21.782,21.822,21.714,21.812,5453,0
20140709,21.754,21.87,21.695,21.812,10859,0
20140710,21.704,21.832,21.666,21.734,6388,0
20140711,21.636,21.764,21.538,21.685,5018,0
20140714,21.598,21.744,21.598,21.676,3560,0
20140715,21.598,21.734,21.578,21.607,10162,0
20140716,21.607,21.704,21.588,21.636,5231,0
20140717,21.578,21.842,21.578,21.832,9647,0
20140718,21.852,21.968,21.704,21.704,12959,0
20140721,21.89,21.91,21.744,21.88,7410,0
20140722,21.93,21.968,21.812,21.958,2818,0
20140723,21.852,21.968,21.852,21.968,1222,0
20140724,21.9,21.93,21.822,21.842,3773,0
20140725,21.734,21.9,21.734,21.782,6561,0
20140728,21.852,21.9,21.782,21.861,8433,0
20140729,21.946,21.946,21.857,21.916,21315,0
20140730,21.955,22.113,21.936,21.936,16060,0
20140731,21.896,21.955,21.768,21.787,14660,0
20140801,21.639,21.906,21.639,21.906,6808,0
20140804,21.807,21.827,21.669,21.708,6767,0
20140805,21.61,21.61,21.511,21.531,8755,0
20140806,21.412,21.59,21.412,21.54,16606,0
20140807,21.501,21.728,21.501,21.639,6180,0
20140808,21.689,21.946,21.689,21.758,3023,0
20140811,21.748,21.748,21.708,21.708,6672,0
20140812,21.837,21.837,21.629,21.837,6833,0
20140813,21.669,22.113,21.669,22.113,22772,0
20140814,22.193,22.222,21.985,22.104,2816,0
20140815,22.113,22.123,22.044,22.044,13544,0
20140818,22.074,22.222,21.886,21.886,8801,0
20140819,21.896,22.084,21.738,21.778,26567,0
20140820,21.768,21.926,21.768,21.817,2536,0
20140821,21.876,21.876,21.758,21.758,7873,0
20140822,21.797,21.866,21.797,21.866,3407,0
20140825,21.886,21.886,21.837,21.886,4047,0
20140826,21.916,22.034,21.866,21.866,5755,0
20140827,22.074,22.104,21.886,22.044,8640,0
20140828,21.936,22.351,21.936,22.193,31251,0
20140829,21.936,22.252,21.936,22.084,9407,0
20140902,22.094,22.163,21.995,22.074,24286,0
20140903,21.896,22.252,21.876,22.123,31592,0
20140904,22.153,22.153,21.896,22.054,6630,0
20140905,21.926,22.094,21.876,21.876,12424,0
20140908,22.015,22.015,21.669,21.669,21182,0
20140909,21.728,21.876,21.659,21.866,9950,0
20140910,21.857,21.857,21.659,21.669,8654,0
20140911,21.649,21.936,21.639,21.936,3939,0
20140912,22.005,22.005,21.718,21.876,3469,0
20140915,21.837,22.074,21.837,22.074,9840,0
20140916,22.074,22.074,21.876,22.044,7060,0
20140917,21.906,22.578,21.866,22.42,66757,0
20140918,22.41,22.924,22.311,22.687,87698,0
20140919,22.716,22.924,22.578,22.726,45770,0
20140922,22.637,22.677,22.459,22.538,13011,0
20140923,22.489,22.578,22.143,22.143,23960,0
20140924,22.193,22.38,22.173,22.242,8570,0
20140925,22.272,22.311,21.955,22.123,17655,0
20140926,22.123,22.459,22.015,22.321,25884,0
20140929,22.321,22.39,22.104,22.133,29339,0
20140930,22.094,22.202,21.995,22.104,16570,0
20141001,22.183,22.39,22.034,22.034,39459,0
20141002,22.232,22.232,22.034,22.173,11116,0
20141003,22.193,22.193,21.995,21.995,7279,0
20141006,21.837,21.866,21.718,21.807,51131,0
20141007,21.649,21.787,21.649,21.689,14330,0
20141008,21.669,21.778,21.669,21.778,39426,0
20141009,21.748,22.005,21.748,21.847,8980,0
20141010,21.926,21.965,21.669,21.965,19917,0
20141013,21.946,22.054,21.916,22.015,12230,0
20141014,21.827,21.936,21.748,21.817,26638,0
20141015,21.768,21.857,21.55,21.639,20124,0
20141016,21.58,21.738,21.58,21.728,9082,0
20141017,21.748,22.084,21.521,21.521,161968,0
20141020,21.649,21.778,21.55,21.59,22188,0
20141021,21.59,21.837,21.58,21.61,22320,0
20141022,21.54,21.718,21.54,21.54,30090,0
20141023,21.58,21.629,21.412,21.491,17040,0
20141024,21.491,21.6,21.402,21.402,8770,0
20141027,21.363,21.55,21.195,21.195,30984,0
20141028,21.195,21.333,21.195,21.204,29941,0
20141029,21.2,21.22,21.14,21.16,4372,0
20141030,21.14,21.38,21.12,21.14,19439,0
20141031,21.29,21.29,21,21,10302,0
20141103,21.11,21.16,21.02,21.03,5764,0
20141104,21.05,21.24,21.05,21.14,8834,0
20141105,21.23,21.24,21.2,21.2,7055,0
20141106,21.11,21.24,21.02,21.07,11959,0
20141107,21.07,21.27,21.07,21.26,6871,0
20141110,21.22,21.37,21.21,21.22,14811,0
20141111,21.21,21.35,21.09,21.32,13491,0
20141112,21.35,21.35,21.19,21.2,11822,0
20141113,21.18,21.3,21.18,21.26,11808,0
20141114,21.22,21.24,21.16,21.16,7770,0
20141117,21.24,21.4,21.13,21.34,15919,0
20141118,21.36,21.41,21.16,21.2,12795,0
20141119,21.23,21.31,21.1,21.14,9137,0
20141120,21.18,21.46,21.18,21.23,11659,0
20141121,21.26,21.3,21.15,21.17,5745,0
20141124,21.16,21.2,21.11,21.16,9446,0
20141125,21.16,21.21,21.1,21.1,10616,0
20141126,21.11,21.34,21.11,21.19,4658,0
20141128,21.14,21.28,21.1,21.1,1841,0
20141201,21.13,21.23,21.12,21.13,9531,0
20141202,21.1,21.28,21.1,21.16,9360,0
20141203,21.12,21.19,21.11,21.19,6356,0
20141204,21.1,21.11,20.96,21.01,13880,0
20141205,21.03,21.03,20.96,21.03,2465,0
20141208,20.96,21.06,20.9,20.9,6958,0
20141209,20.89,20.89,20.74,20.75,6039,0
20141210,20.8,20.87,20.8,20.87,10696,0
20141211,20.8,20.99,20.8,20.91,14062,0
20141212,20.9,20.95,20.74,20.88,15546,0
20141215,20.92,20.92,20.63,20.84,7439,0
20141216,20.57,20.79,20.53,20.68,18281,0
20141217,20.6,20.68,20.46,20.55,12114,0
20141218,20.47,20.69,20.47,20.52,3886,0
20141219,20.57,20.68,20.57,20.59,3693,0
20141222,20.68,20.75,20.67,20.71,3488,0
20141223,20.76,20.76,20.43,20.49,22072,0
20141224,20.5,20.5,20.31,20.4,15378,0
20141226,20.31,20.36,20.25,20.25,61604,0
20141229,20.31,20.45,20.25,20.41,6119,0
20141230,20.54,20.55,20.26,20.33,33519,0
20141231,20.27,20.63,20.27,20.46,41097,0
20150102,20.48,20.62,20.33,20.36,46628,0
20150105,20.43,20.46,20.23,20.23,13524,0
20150106,20.27,20.32,20.21,20.23,16567,0
20150107,20.25,20.31,20.22,20.24,17650,0
20150108,20.3,20.34,20.23,20.31,7526,0
20150109,20.33,20.38,20.24,20.32,13873,0
20150112,20.27,20.4,20.27,20.32,17027,0
20150113,20.35,20.37,20.18,20.22,27053,0
20150114,20.16,20.26,20.05,20.14,25039,0
20150115,20.16,20.16,20.03,20.09,20259,0
20150116,20.1,20.3,20.03,20.13,68440,0
