Date,Open,High,Low,Close,Volume,OpenInt
20101108,8.834,9.0286,8.7093,8.8886,734831,0
20101109,8.7872,8.9587,8.2726,8.5769,1520601,0
20101110,8.4599,8.5222,8.2883,8.4209,838553,0
20101111,8.382,8.4833,8.2259,8.382,562824,0
20101112,8.3897,8.608,8.2572,8.5769,340808,0
20101115,8.5769,8.8808,8.5691,8.6547,291793,0
20101116,8.6236,8.8498,8.4132,8.5379,415006,0
20101117,8.5379,8.5769,8.2806,8.4209,284132,0
20101118,8.4599,9.1068,8.2259,8.7405,754129,0
20101119,8.7405,8.8498,8.6158,8.7251,102062,0
20101122,8.6236,8.7172,8.5144,8.5379,169415,0
20101123,8.5379,8.7718,8.4365,8.639,160521,0
20101124,8.7014,8.7795,8.6314,8.7405,125114,0
20101126,8.6782,8.873,8.5847,8.7562,54686,0
20101129,8.6936,8.8808,8.6469,8.8652,206089,0
20101130,8.9044,8.9899,8.6547,8.8262,571102,0
20101201,8.834,9.1068,8.834,9.0835,723686,0
20101202,9.1222,9.3577,9.1222,9.3408,912212,0
20101203,9.2468,9.3408,9.24,9.3252,471802,0
20101206,9.2777,9.3097,9.1766,9.1766,305872,0
20101207,8.9198,9.2554,8.834,9.1624,372638,0
20101208,9.1145,9.3577,9.0685,9.2865,404845,0
20101209,9.1145,9.513,9.1145,9.3872,414799,0
20101210,9.2943,9.621,9.2943,9.621,488836,0
20101213,9.707,9.824,9.513,9.567,543316,0
20101214,9.832,10.026,9.777,9.942,998189,0
20101215,10.082,10.137,9.832,9.957,578364,0
20101216,9.98,10.097,9.769,10.019,247883,0
20101217,10.05,10.137,9.964,9.964,359257,0
20101220,10.151,10.238,10.089,10.182,324544,0
20101221,10.246,10.48,10.214,10.424,392919,0
20101222,10.487,10.681,10.473,10.543,637091,0
20101223,10.668,10.737,10.331,10.394,543105,0
20101227,10.324,10.846,10.324,10.651,134652,0
20101228,10.722,10.799,10.689,10.799,137336,0
20101229,10.799,10.971,10.791,10.908,199325,0
20101230,10.994,11.204,10.963,11.127,184864,0
20101231,11.168,11.307,11.121,11.274,148977,0
20110103,11.384,11.462,11.165,11.22,242309,0
20110104,11.29,11.392,11.041,11.173,261043,0
20110105,11.19,11.392,11.19,11.306,469064,0
20110106,11.344,11.352,11.211,11.337,177514,0
20110107,11.337,11.485,11.306,11.485,163559,0
20110110,11.422,11.548,11.211,11.352,225803,0
20110111,11.344,11.696,11.306,11.586,333058,0
20110112,11.603,11.82,11.508,11.734,346649,0
20110113,11.711,11.907,11.578,11.82,192770,0
20110114,11.79,11.867,11.61,11.679,153944,0
20110118,11.774,11.845,11.679,11.696,101757,0
20110119,11.758,11.851,11.673,11.72,447540,0
20110120,11.696,11.836,11.315,11.688,240123,0
20110121,11.696,11.741,11.524,11.673,168409,0
20110124,11.679,11.797,11.422,11.673,317317,0
20110125,11.696,11.851,11.633,11.711,448435,0
20110126,11.563,11.734,11.54,11.696,308228,0
20110127,11.774,11.812,11.711,11.774,185962,0
20110128,11.79,11.891,11.633,11.867,190712,0
20110131,11.734,11.945,11.734,11.929,286642,0
20110201,11.984,12.196,11.976,12.117,260763,0
20110202,12.134,12.288,12.117,12.218,287095,0
20110203,12.196,12.265,12.179,12.233,331299,0
20110204,12.155,12.32,12.101,12.21,322906,0
20110207,12.21,12.258,12.085,12.179,263889,0
20110208,12.147,12.233,12.007,12.139,139293,0
20110209,12.085,12.233,12.069,12.233,74349,0
20110210,12.25,12.25,12.179,12.25,123364,0
20110211,12.351,12.561,12.334,12.467,130465,0
20110214,12.475,12.864,12.475,12.678,199292,0
20110215,12.593,12.764,12.561,12.67,174968,0
20110216,12.694,12.781,12.576,12.694,141753,0
20110218,13.107,13.349,13.107,13.256,279391,0
20110222,13.107,13.248,12.92,12.943,259783,0
20110223,12.936,13.021,12.686,12.943,164522,0
20110224,12.966,13.061,12.655,12.951,259632,0
20110225,13.061,13.193,12.943,13.052,115984,0
20110228,13.092,13.215,12.943,13.083,148273,0
20110301,13.138,13.138,12.943,13.013,57647,0
20110302,13.021,13.021,12.951,13.021,65689,0
20110303,13.044,13.332,12.99,13.215,383468,0
20110304,13.263,13.286,12.943,13.215,191016,0
20110307,13.248,13.248,12.943,13.083,62280,0
20110308,12.99,13.13,12.67,13.037,212730,0
20110309,13.107,13.248,13.021,13.201,93815,0
20110310,13.061,13.068,12.702,12.748,244946,0
20110311,12.789,12.864,12.748,12.826,161760,0
20110314,12.732,12.888,12.593,12.718,194241,0
20110315,12.46,12.67,12.085,12.522,268425,0
20110316,12.522,12.67,12.258,12.366,100131,0
20110317,12.522,12.6,12.334,12.436,126314,0
20110318,12.506,12.67,12.506,12.569,109580,0
20110321,12.576,12.718,12.351,12.538,163037,0
20110322,12.624,12.67,12.404,12.569,73563,0
20110323,12.593,12.764,12.593,12.702,474273,0
20110324,12.801,12.834,12.646,12.818,46484,0
20110325,12.818,13.153,12.795,13.146,131392,0
20110328,13.231,13.231,13.03,13.115,53557,0
20110329,13.138,13.169,13.006,13.169,118149,0
20110330,13.161,14.035,13.146,13.567,353396,0
20110331,13.644,13.684,13.515,13.563,205543,0
20110401,13.645,13.762,13.551,13.645,248834,0
20110404,13.716,13.816,13.583,13.801,379102,0
20110405,13.754,14.409,13.754,14.12,334216,0
20110406,14.238,14.268,13.731,14.019,241110,0
20110407,13.973,14.144,13.886,14.074,143950,0
20110408,14.082,14.12,13.801,13.824,133434,0
20110411,13.886,13.894,13.567,13.684,70201,0
20110412,13.56,13.653,13.318,13.527,100917,0
20110413,13.56,13.676,13.489,13.645,98940,0
20110414,13.598,13.808,13.575,13.754,71939,0
20110415,13.786,13.801,13.567,13.77,71848,0
20110418,13.613,14.23,13.551,13.723,116142,0
20110419,13.77,13.801,13.598,13.668,102654,0
20110420,13.778,13.778,13.092,13.341,410363,0
20110421,13.394,13.645,13.341,13.629,86958,0
20110425,13.497,13.606,13.394,13.444,108130,0
20110426,13.239,13.606,13.239,13.449,141985,0
20110427,13.473,13.489,13.326,13.419,88023,0
20110428,13.256,13.473,13.256,13.449,81394,0
20110429,13.434,13.555,13.361,13.457,97184,0
20110502,13.567,13.583,13.263,13.419,90040,0
20110503,13.372,13.606,13.286,13.326,69792,0
20110504,13.364,13.481,13.068,13.301,76661,0
20110505,13.332,13.473,13.006,13.215,76733,0
20110506,13.535,13.535,13.061,13.201,71302,0
20110509,13.215,13.31,13.021,13.13,81139,0
20110510,13.138,13.256,13.138,13.239,33158,0
20110511,13.723,14.112,13.099,13.263,188407,0
20110512,13.567,13.613,13.326,13.567,139704,0
20110513,13.567,13.653,13.38,13.449,211252,0
20110516,13.364,13.513,13.239,13.449,76567,0
20110517,13.457,13.551,13.177,13.224,37493,0
20110518,13.364,13.449,13.186,13.231,59541,0
20110519,13.402,13.411,13.248,13.301,50471,0
20110520,13.301,13.551,13.294,13.388,81163,0
20110523,13.231,13.263,13.03,13.092,127182,0
20110524,13.256,13.402,13.021,13.224,114489,0
20110525,13.231,13.349,13.138,13.256,124895,0
20110526,13.256,13.27,13.083,13.146,66524,0
20110527,13.256,13.372,13.215,13.256,187198,0
20110531,13.448,13.789,13.361,13.417,445354,0
20110601,13.411,13.535,13.256,13.364,143794,0
20110602,13.394,13.527,13.332,13.436,161920,0
20110603,13.193,13.473,12.789,13.349,188084,0
20110606,13.372,13.402,13.021,13.076,80042,0
20110607,13.13,13.349,13.083,13.279,99270,0
20110608,13.279,13.372,13.061,13.208,77647,0
20110609,13.256,13.27,13.13,13.193,94362,0
20110610,13.177,13.231,12.789,12.834,80016,0
20110613,12.913,13.068,12.772,12.789,124982,0
20110614,12.913,12.936,12.631,12.826,117277,0
20110615,12.718,12.858,12.631,12.789,49330,0
20110616,12.828,13.05,12.702,12.782,48407,0
20110617,12.858,12.928,12.646,12.71,91473,0
20110620,12.694,12.772,12.631,12.739,80903,0
20110621,12.789,12.913,12.631,12.81,187945,0
20110622,12.795,12.982,12.67,12.81,90752,0
20110623,12.663,12.913,12.663,12.913,69471,0
20110624,12.966,12.966,12.772,12.864,68695,0
20110627,12.896,12.896,12.663,12.748,88084,0
20110628,12.748,12.951,12.655,12.772,97689,0
20110629,12.843,13.021,12.789,13.013,171012,0
20110630,13.019,13.315,13.019,13.208,132300,0
20110701,13.256,13.468,13.256,13.422,79121,0
20110705,13.46,13.46,13.279,13.327,30969,0
20110706,13.351,13.374,13.271,13.319,20094,0
20110707,13.439,13.439,13.168,13.248,55452,0
20110708,13.097,13.334,13.002,13.279,31133,0
20110711,13.153,13.279,13.061,13.115,35991,0
20110712,12.987,13.114,12.931,13.002,33305,0
20110713,13.099,13.357,13.099,13.115,83580,0
20110714,13.169,13.239,12.872,12.928,26498,0
20110715,12.938,13.065,12.875,12.924,28338,0
20110718,12.931,13.215,12.812,12.9,49190,0
20110719,13.018,13.88,13.018,13.611,254983,0
20110720,13.652,13.706,13.556,13.683,153351,0
20110721,13.635,13.888,13.502,13.786,124420,0
20110722,13.808,14.038,13.683,13.778,75659,0
20110725,13.943,13.943,13.659,13.778,79630,0
20110726,13.802,13.833,13.524,13.722,98757,0
20110727,13.706,13.715,13.145,13.279,151900,0
20110728,12.749,13.279,12.749,13.034,167185,0
20110729,12.964,13.061,12.852,13.037,65528,0
20110801,13.145,13.16,12.361,12.774,164719,0
20110802,12.702,12.853,12.235,12.441,112225,0
20110803,12.497,12.567,11.863,12.361,146954,0
20110804,12.267,12.449,11.942,11.942,97517,0
20110805,11.967,12.022,11.705,11.942,134926,0
20110808,11.595,12.029,11.469,11.498,117186,0
20110809,11.942,11.942,11.175,11.689,63427,0
20110810,11.563,11.769,11.151,11.207,81234,0
20110811,11.357,11.548,11.159,11.349,92436,0
20110812,11.341,11.578,11.199,11.476,49976,0
20110815,11.54,12.005,11.469,11.95,34646,0
20110816,11.959,12.022,11.824,11.974,99081,0
20110817,11.99,12.062,11.855,11.998,33285,0
20110818,11.736,11.967,11.722,11.792,42032,0
20110819,11.713,11.888,11.484,11.498,20892,0
20110822,11.65,11.919,11.548,11.666,24259,0
20110823,11.705,11.705,11.469,11.563,78577,0
20110824,11.578,11.824,11.498,11.744,17663,0
20110825,11.849,11.863,11.603,11.658,28633,0
20110826,11.57,11.919,11.469,11.903,65141,0
20110829,11.967,12.607,11.785,12.503,49073,0
20110830,12.441,12.599,12.147,12.385,44754,0
20110831,12.383,12.584,12.009,12.374,74665,0
20110901,12.33,12.457,11.903,12.219,69573,0
20110902,11.986,12.107,11.889,11.896,25291,0
20110906,11.785,11.855,11.398,11.507,194261,0
20110907,11.581,11.581,10.903,11.371,218377,0
20110908,11.286,11.349,10.725,10.994,210575,0
20110909,10.828,11.277,10.828,11.199,65351,0
20110912,11.087,11.374,10.946,11.033,122407,0
20110913,11.017,11.184,10.97,11.074,84699,0
20110914,11.137,11.192,10.922,11.151,22950,0
20110915,11.214,11.223,10.875,11.024,66959,0
20110916,11.017,11.175,10.978,11.01,15086,0
20110919,10.891,11.074,10.663,10.85,45792,0
20110920,10.907,11.074,10.709,10.717,146048,0
20110921,10.7,10.787,10.235,10.393,263924,0
20110922,10.243,10.306,9.649,9.736,256349,0
20110923,9.673,10.393,9.578,10.273,60402,0
20110926,10.322,10.409,9.989,10.282,90441,0
20110927,10.409,10.456,10.06,10.218,275472,0
20110928,10.202,10.4,9.894,10.108,39577,0
20110929,10.251,10.314,9.95,10.108,38958,0
20110930,9.936,10.053,9.768,9.768,99953,0
20111003,9.673,9.791,8.9768,9.1269,89529,0
20111004,9.0173,9.0826,8.8963,9.058,54234,0
20111005,9.0495,9.1786,8.9609,9.0099,72608,0
20111006,8.977,9.729,8.8233,9.511,345472,0
20111007,9.535,9.834,9.0334,9.1709,84718,0
20111010,9.3872,9.3872,8.6444,9.1671,220254,0
20111011,9.0901,9.778,9.0901,9.601,161063,0
20111012,9.631,9.761,8.8963,9.0173,400570,0
20111013,9.0901,9.819,8.8637,9.657,199704,0
20111014,9.696,9.834,9.584,9.778,453810,0
20111017,9.722,9.761,9.567,9.64,159367,0
20111018,9.657,9.754,9.502,9.681,181467,0
20111019,9.649,9.906,9.649,9.761,49016,0
20111020,9.738,9.794,9.543,9.607,75837,0
20111021,9.811,10.312,9.729,10.052,228876,0
20111024,10.036,10.304,10.036,10.27,77432,0
20111025,10.175,10.262,9.931,10.125,107487,0
20111026,10.248,10.457,10.15,10.158,72134,0
20111027,10.634,10.853,10.175,10.409,213978,0
20111028,10.376,10.586,10.32,10.44,56503,0
20111031,10.327,10.385,9.964,10.13,59156,0
20111101,9.826,10.158,9.819,9.956,56535,0
20111102,10.078,10.231,9.988,10.093,44650,0
20111103,10.093,10.286,9.971,10.166,43886,0
20111104,10.109,10.231,9.956,10.07,38188,0
20111107,10.044,10.4,9.867,10.27,101423,0
20111108,10.384,10.384,10.093,10.182,85456,0
20111109,9.924,10.014,9.891,9.899,66433,0
20111110,10.028,10.206,9.875,9.997,36007,0
20111111,10.052,10.304,10.036,10.061,65170,0
20111114,10.109,10.15,9.858,10.052,96244,0
20111115,10.005,10.15,9.948,10.109,118091,0
20111116,10.019,10.109,9.729,9.849,85994,0
20111117,9.819,9.979,9.681,9.696,59546,0
20111118,9.778,9.811,9.601,9.722,69242,0
20111121,9.607,9.704,9.3813,9.502,96741,0
20111122,9.4875,9.527,9.2835,9.4295,48972,0
20111123,9.4059,9.4944,9.147,9.4383,118190,0
20111125,9.397,9.4462,9.2284,9.333,77830,0
20111128,9.567,9.688,9.4462,9.52,158275,0
20111129,9.4698,9.584,9.3646,9.4786,57743,0
20111130,9.624,9.7,9.3488,9.508,70473,0
20111201,9.527,9.593,9.1557,9.2284,127634,0
20111202,9.2923,9.4619,9.2835,9.4619,58100,0
20111205,9.584,9.746,9.502,9.593,108671,0
20111206,9.604,10.269,9.554,10.105,115985,0
20111207,10.078,10.078,9.729,10.036,128752,0
20111208,10.109,10.27,9.867,10.085,124280,0
20111209,10.19,10.505,10.078,10.36,144865,0
20111212,10.351,11.128,10.141,10.821,158944,0
20111213,10.836,10.959,10.675,10.788,128974,0
20111214,10.991,10.991,10.513,10.83,108982,0
20111215,10.943,11.137,10.732,11.073,89213,0
20111216,11.144,11.274,10.966,11.16,109324,0
20111219,11.307,11.403,10.853,10.926,80606,0
20111220,11.048,11.419,11.048,11.322,61672,0
20111221,11.258,11.363,11.031,11.322,78696,0
20111222,11.339,11.533,11.339,11.387,43615,0
20111223,11.443,11.646,11.396,11.572,93953,0
20111227,11.516,11.728,11.516,11.572,45825,0
20111228,11.525,11.638,11.387,11.484,49337,0
20111229,11.63,11.728,11.484,11.508,64075,0
20111230,11.492,11.572,11.371,11.452,70965,0
20120103,11.686,11.856,11.549,11.759,88813,0
20120104,11.694,11.767,11.564,11.654,114080,0
20120105,11.572,12.568,11.396,12.147,136803,0
20120106,12.057,12.146,11.957,12.023,64591,0
20120109,12.147,12.18,11.945,12.116,57886,0
20120110,12.263,12.263,11.932,12.048,54888,0
20120111,12.006,12.36,12.006,12.065,43629,0
20120112,12.162,12.4,11.932,11.957,76225,0
20120113,11.932,11.966,11.728,11.777,83574,0
20120117,11.809,11.892,11.728,11.825,84111,0
20120118,11.816,12.205,11.816,12.014,54862,0
20120119,12.071,12.205,11.982,12.096,109377,0
20120120,12.219,12.722,12.096,12.673,127088,0
20120123,12.738,12.738,12.475,12.624,67127,0
20120124,12.533,12.755,12.188,12.205,70044,0
20120125,12.263,12.327,12.179,12.294,37723,0
20120126,12.327,12.573,12.188,12.393,51819,0
20120127,12.319,12.442,12.286,12.36,30845,0
20120130,12.219,12.302,11.899,12.014,66007,0
20120131,11.95,12.101,11.849,11.95,41012,0
20120201,11.974,12.096,11.874,11.974,61214,0
20120202,12.219,12.525,12.071,12.475,114628,0
20120203,12.549,12.648,12.393,12.501,52261,0
20120206,12.501,12.525,12.344,12.475,52650,0
20120207,12.442,12.582,12.427,12.525,51278,0
20120208,12.549,13.166,12.327,12.707,132289,0
20120209,12.664,12.912,12.624,12.803,56140,0
20120210,12.764,12.764,12.311,12.466,160885,0
20120213,12.558,12.582,12.245,12.319,68571,0
20120214,12.319,12.829,12.228,12.377,88276,0
20120215,12.427,12.427,12.228,12.236,46086,0
20120216,12.302,12.418,12.219,12.311,50620,0
20120217,12.377,12.377,11.801,11.883,91143,0
20120221,11.924,12.211,11.883,12.088,47657,0
20120222,12.039,12.105,11.636,11.702,62839,0
20120223,11.751,12.096,11.644,12.057,134661,0
20120224,12.114,12.114,11.858,12.048,44733,0
20120227,11.94,12.08,11.734,12.014,43490,0
20120228,12.006,12.006,11.792,11.874,54922,0
20120229,11.933,12.008,11.681,11.908,46248,0
20120301,11.892,12.427,11.759,12.236,415884,0
20120302,12.327,12.327,11.916,12.096,83194,0
20120305,12.096,12.131,11.957,12.096,29085,0
20120306,11.94,11.974,11.777,11.834,53338,0
20120307,11.874,11.899,11.734,11.768,34938,0
20120308,11.825,11.932,11.728,11.932,41844,0
20120309,11.949,12.245,11.892,12.122,61753,0
20120312,12.096,12.146,11.834,12.031,20522,0
20120313,12.122,12.254,12.023,12.211,36875,0
20120314,12.138,12.451,12.138,12.377,35331,0
20120315,12.384,12.384,12.138,12.245,40461,0
20120316,12.327,12.722,12.286,12.722,81999,0
20120319,12.698,12.698,12.188,12.335,90888,0
20120320,12.254,12.427,12.179,12.311,194219,0
20120321,12.294,12.79,12.219,12.746,144052,0
20120322,11.512,11.661,11.398,11.604,4263413,0
20120323,11.546,11.604,11.447,11.595,698740,0
20120326,11.595,11.619,11.512,11.555,409070,0
20120327,11.555,11.604,11.521,11.578,511392,0
20120328,11.521,11.587,10.788,11.473,728381,0
20120329,11.473,11.487,11.233,11.332,333088,0
20120330,11.442,11.519,11.297,11.331,209033,0
20120402,11.398,11.455,11.332,11.438,279049,0
20120403,11.437,11.455,11.32,11.455,221135,0
20120404,11.437,11.446,11.313,11.362,269205,0
20120405,11.362,11.388,11.178,11.32,115262,0
20120409,11.356,11.365,11.224,11.274,110430,0
20120410,11.274,11.29,10.351,10.697,425583,0
20120411,11.512,11.512,11.083,11.25,526728,0
20120412,11.241,11.503,11.241,11.398,202750,0
20120413,11.338,11.397,11.304,11.397,106300,0
20120416,11.398,11.503,11.323,11.48,210590,0
20120417,11.481,11.531,11.32,11.531,271116,0
20120418,11.464,11.563,11.464,11.522,170213,0
20120419,11.522,11.615,11.446,11.606,326192,0
20120420,11.639,11.648,11.531,11.648,251676,0
20120423,11.598,11.656,11.338,11.639,306579,0
20120424,11.623,11.665,11.473,11.58,208983,0
20120425,11.673,11.673,11.437,11.464,206082,0
20120426,11.32,11.833,11.32,11.766,278256,0
20120427,11.766,11.815,11.563,11.807,101344,0
20120430,11.715,11.833,11.58,11.833,328563,0
20120501,11.791,11.791,11.631,11.631,203677,0
20120502,11.531,11.699,11.473,11.54,101117,0
20120503,11.522,11.69,11.354,11.556,210114,0
20120504,11.488,11.874,11.488,11.824,381127,0
20120507,11.748,11.849,11.673,11.815,187357,0
20120508,11.824,11.824,11.464,11.748,177581,0
20120509,11.656,11.95,11.455,11.9,489069,0
20120510,11.916,12.335,11.774,12.127,630665,0
20120511,12.052,12.119,11.857,11.992,182387,0
20120514,11.908,11.916,11.623,11.766,132312,0
20120515,11.815,11.842,11.513,11.54,140953,0
20120516,11.54,11.606,11.329,11.354,99682,0
20120517,11.313,11.329,10.909,10.943,241569,0
20120518,10.951,11.093,10.422,10.583,306613,0
20120521,10.623,11.329,10.623,11.152,396095,0
20120522,11.144,11.254,10.893,10.934,215950,0
20120523,10.876,10.902,10.623,10.867,186882,0
20120524,10.876,11.245,10.876,11.169,187739,0
20120525,11.102,11.531,11.102,11.379,96692,0
20120529,11.405,11.556,11.405,11.481,77523,0
20120530,11.589,11.874,11.052,11.254,249003,0
20120531,11.238,11.365,11.1,11.168,108687,0
20120601,11.002,11.12,10.69,10.775,169160,0
20120604,10.784,10.876,10.632,10.809,217171,0
20120605,10.741,11.1,10.715,11.006,165217,0
20120606,11.102,11.211,10.699,11.16,154861,0
20120607,11.27,11.421,11.16,11.178,66530,0
20120608,11.16,11.27,11.07,11.169,45592,0
20120611,11.262,11.262,10.859,10.934,95853,0
20120612,11.044,11.084,10.775,10.859,68562,0
20120613,10.859,10.994,10.717,10.775,69079,0
20120614,10.749,10.926,10.674,10.766,65555,0
20120615,10.817,11.128,10.632,10.893,161604,0
20120618,10.792,11.035,10.792,10.909,109675,0
20120619,10.902,11.144,10.893,11.044,234168,0
20120620,10.994,11.27,10.96,11.245,120522,0
20120621,11.203,11.421,11.002,11.237,128272,0
20120622,11.345,11.473,11.12,11.295,103976,0
20120625,11.295,11.295,11.052,11.144,103761,0
20120626,11.12,11.397,10.951,11.245,113749,0
20120627,11.329,11.345,11.12,11.16,118033,0
20120628,11.12,11.286,11.035,11.196,99533,0
20120629,11.338,11.739,11.077,11.665,152847,0
20120702,11.665,11.706,11.421,11.615,97768,0
20120703,11.579,11.938,11.57,11.7,139740,0
20120705,11.75,11.956,11.708,11.905,106926,0
20120706,11.913,12.075,11.793,11.956,203412,0
20120709,12.008,12.008,11.908,11.95,142981,0
20120710,12.152,12.152,11.793,11.888,159540,0
20120711,11.938,11.965,11.777,11.947,59025,0
20120712,11.862,11.938,11.717,11.836,94107,0
20120713,11.896,11.938,11.665,11.741,106273,0
20120716,11.759,11.938,11.708,11.827,93663,0
20120717,11.708,11.75,11.297,11.477,260848,0
20120718,11.493,11.741,11.485,11.648,167657,0
20120719,11.733,11.862,11.606,11.733,85127,0
20120720,11.682,11.777,11.501,11.631,106892,0
20120723,11.255,11.383,10.895,11.279,246328,0
20120724,11.246,11.322,11.076,11.126,110224,0
20120725,11.143,11.356,10.912,11.118,173985,0
20120726,11.263,11.306,11.109,11.126,123038,0
20120727,11.186,11.246,11.066,11.083,125105,0
20120730,11.049,11.263,10.98,11.109,168043,0
20120731,11.126,11.263,11.1,11.151,88509,0
20120801,11.255,11.279,10.997,11.014,71739,0
20120802,11.014,11.135,10.92,10.955,66911,0
20120803,11.143,11.168,10.938,11.031,72627,0
20120806,11.076,11.177,11.066,11.118,84704,0
20120807,11.195,11.279,11.118,11.168,74873,0
20120808,11.168,11.168,11.049,11.109,45947,0
20120809,11.135,11.255,11.076,11.091,93852,0
20120810,11.118,11.159,11.023,11.031,83227,0
20120813,11.023,11.109,10.92,11.023,67164,0
20120814,11.083,11.083,10.843,10.972,357400,0
20120815,10.989,11.109,10.886,10.964,113181,0
20120816,11.1,11.126,10.869,10.989,179199,0
20120817,10.997,11.04,10.775,10.827,153572,0
20120820,10.851,10.851,10.339,10.569,206088,0
20120821,10.62,10.757,10.551,10.706,151580,0
20120822,10.656,10.851,10.373,10.81,221196,0
20120823,10.92,11.023,10.766,10.886,168883,0
20120824,10.912,10.938,10.741,10.886,162904,0
20120827,10.929,11.076,10.834,10.964,177941,0
20120828,10.955,11.118,10.86,11.083,332966,0
20120829,11.126,11.246,11.076,11.076,160093,0
20120830,11.091,11.21,11.006,11.109,167941,0
20120831,11.159,11.374,11.159,11.271,131347,0
20120904,11.229,12.212,11.159,12.137,1067629,0
20120905,12.256,12.788,12.033,12.409,1229466,0
20120906,12.53,13.051,12.358,12.863,844859,0
20120907,12.957,13.026,12.649,12.949,538245,0
20120910,13.026,13.788,12.795,13.205,569670,0
20120911,13.376,13.47,13.051,13.24,315040,0
20120912,13.171,13.762,13.034,13.47,411456,0
20120913,12.923,13.565,12.863,13.386,504847,0
20120914,13.479,13.53,13.282,13.376,212367,0
20120917,13.47,13.479,13.103,13.249,179825,0
20120918,13.162,13.258,12.726,13.249,288753,0
20120919,13.223,13.36,13.068,13.282,185143,0
20120920,13.317,13.461,13.162,13.223,142584,0
20120921,13.24,13.599,13.112,13.249,173578,0
20120924,13.274,13.514,13.162,13.299,235692,0
20120925,13.274,13.368,12.974,13.034,181852,0
20120926,13.034,13.034,12.683,12.897,157803,0
20120927,13.086,13.317,12.94,13.146,186688,0
20120928,13.189,13.266,13.051,13.171,131707,0
20121001,13.282,13.479,13.266,13.429,251083,0
20121002,13.599,13.744,13.386,13.736,428359,0
20121003,13.72,13.788,13.36,13.522,181518,0
20121004,13.642,13.796,13.53,13.651,159571,0
20121005,13.804,13.804,13.282,13.351,174079,0
20121008,13.539,13.548,13.197,13.249,147131,0
20121009,13.38,13.406,13.119,13.205,165199,0
20121010,13.274,13.274,13.008,13.12,166368,0
20121011,13.12,13.368,13.086,13.086,155423,0
20121012,13.18,13.18,12.838,13.017,140086,0
20121015,13.205,13.205,12.94,13.034,118203,0
20121016,11.614,11.726,11.51,11.639,6594542,0
20121017,11.708,11.938,11.648,11.896,2031156,0
20121018,11.967,12.001,11.765,11.878,836270,0
20121019,11.835,11.852,11.616,11.835,442364,0
20121022,11.817,11.835,11.521,11.765,517441,0
20121023,11.634,11.8,11.564,11.634,513356,0
20121024,12.018,12.219,11.634,12.139,1154578,0
20121025,12.219,12.219,11.948,12.185,529711,0
20121026,12.227,12.245,11.87,11.983,267882,0
20121031,12.202,12.219,11.713,11.809,342942,0
20121101,11.939,12.194,11.905,12.07,199315,0
20121102,12.202,12.202,11.704,11.967,350525,0
20121105,12.036,12.079,11.792,11.958,227837,0
20121106,11.967,12.133,11.878,12.133,175532,0
20121107,12.115,12.115,11.686,11.835,279619,0
20121108,11.888,11.888,11.73,11.756,226348,0
20121109,11.73,11.852,11.564,11.616,147485,0
20121112,11.704,11.704,11.521,11.616,146907,0
20121113,11.581,11.677,11.162,11.354,334585,0
20121114,11.451,11.539,10.945,11.023,259094,0
20121115,11.083,11.128,10.69,10.997,327733,0
20121116,10.927,10.936,10.63,10.909,333646,0
20121119,11.294,11.626,11.092,11.608,364329,0
20121120,11.686,11.905,11.608,11.826,485369,0
20121121,11.878,12.062,11.792,12.062,207533,0
20121123,12.341,12.341,12.087,12.219,234224,0
20121126,12.185,12.288,12.079,12.28,396873,0
20121127,12.202,12.28,11.817,12.271,343865,0
20121128,12.306,12.306,12.036,12.306,381779,0
20121129,12.298,12.393,12.202,12.35,468182,0
20121130,12.393,12.568,12.219,12.401,301682,0
20121203,12.437,12.525,12.333,12.429,173630,0
20121204,12.506,12.525,12.087,12.288,254006,0
20121205,12.411,12.411,12.106,12.166,210994,0
20121206,12.21,12.384,12.027,12.384,210681,0
20121207,12.384,12.429,11.861,12.166,160307,0
20121210,12.28,12.315,11.992,12.045,198518,0
20121211,12.133,12.585,12.027,12.166,268248,0
20121212,12.219,12.384,12.133,12.324,154701,0
20121213,12.264,12.384,12.07,12.315,176386,0
20121214,12.368,12.377,12.07,12.219,119547,0
20121217,12.202,12.271,11.8,12.001,241950,0
20121218,12.087,12.288,12.062,12.288,123485,0
20121219,12.341,12.42,12.115,12.411,206803,0
20121220,12.464,12.499,12.298,12.499,131756,0
20121221,12.464,12.516,11.983,12.28,194610,0
20121224,12.333,12.333,12.054,12.166,70322,0
20121226,12.21,12.255,11.974,12.096,125410,0
20121227,12.245,12.245,11.469,11.792,279727,0
20121228,11.695,12.139,11.695,11.922,200912,0
20121231,12.027,12.194,11.845,12.148,170516,0
20130102,12.42,12.864,12.384,12.603,263876,0
20130103,12.638,12.699,12.42,12.612,202549,0
20130104,12.664,12.864,12.499,12.83,242361,0
20130107,12.848,12.917,12.525,12.864,211396,0
20130108,12.848,13.048,12.699,13.031,200315,0
20130109,13.092,13.135,12.864,13.005,198704,0
20130110,13.065,13.092,12.83,12.83,138038,0
20130111,12.917,12.995,12.83,12.83,154795,0
20130114,12.795,12.891,12.638,12.655,116838,0
20130115,12.56,12.961,12.56,12.779,169834,0
20130116,12.812,12.848,12.717,12.769,165450,0
20130117,12.848,13.092,12.802,13.048,124857,0
20130118,13.092,13.442,12.935,13.301,191879,0
20130122,13.693,13.703,13.179,13.424,381870,0
20130123,13.485,13.624,13.275,13.415,282887,0
20130124,13.527,13.834,13.135,13.607,295178,0
20130125,13.615,13.904,13.179,13.38,223460,0
20130128,13.637,13.852,13.458,13.477,269075,0
20130129,13.664,13.709,13.505,13.637,190846,0
20130130,13.762,13.771,13.558,13.656,147013,0
20130131,13.628,14.037,13.522,13.992,294603,0
20130201,14.099,14.197,13.558,13.726,268808,0
20130204,13.718,13.718,13.335,13.344,216505,0
20130205,13.45,13.682,13.434,13.558,118749,0
20130206,13.585,13.647,13.38,13.61,108701,0
20130207,13.647,13.664,13.363,13.514,165191,0
20130208,13.505,13.585,13.363,13.487,71959,0
20130211,13.458,13.602,13.309,13.397,101312,0
20130212,13.444,13.548,13.256,13.477,94773,0
20130213,13.444,13.682,13.344,13.637,174346,0
20130214,13.406,13.61,12.447,13.505,1019431,0
20130215,13.477,13.682,13.042,13.415,387953,0
20130219,13.458,13.592,13.309,13.558,150449,0
20130220,13.585,13.628,13.104,13.247,360838,0
20130221,13.202,13.444,12.881,13.176,440109,0
20130222,13.22,13.522,13.185,13.309,291642,0
20130225,13.487,13.487,12.962,12.989,261017,0
20130226,13.122,13.371,12.748,13.237,291985,0
20130227,13.282,13.682,13.176,13.388,325896,0
20130228,13.444,13.771,13.38,13.699,368106,0
20130301,13.637,13.852,13.53,13.762,175844,0
20130304,13.771,13.833,13.53,13.602,149480,0
20130305,13.939,14.846,13.726,14.42,1195309,0
20130306,14.347,14.694,13.921,14.624,355144,0
20130307,14.57,14.748,14.437,14.694,270275,0
20130308,14.713,14.748,14.491,14.525,204166,0
20130311,14.472,14.605,14.064,14.41,216278,0
20130312,14.437,14.686,14.215,14.41,151995,0
20130313,14.437,14.437,14.18,14.401,100852,0
20130314,14.331,14.401,14.037,14.108,173999,0
20130315,14.108,14.401,14.108,14.215,364911,0
20130318,14.011,14.321,14.011,14.117,106643,0
20130319,14.224,14.268,13.895,13.957,133811,0
20130320,13.976,14.117,13.814,13.939,150819,0
20130321,13.895,14.092,13.78,13.914,107569,0
20130322,13.914,13.992,13.592,13.709,270141,0
20130325,13.805,14.295,13.61,14.215,224753,0
20130326,14.331,14.454,14.073,14.18,166487,0
20130327,14.064,14.206,13.877,14.092,107085,0
20130328,14.037,14.135,13.771,14.117,116764,0
20130401,14.154,14.154,13.691,13.877,120099,0
20130402,13.957,14.125,13.709,13.805,106204,0
20130403,13.78,14.187,13.709,13.798,213820,0
20130404,13.762,14.011,13.726,13.824,170871,0
20130405,13.682,13.921,13.656,13.868,67242,0
20130408,13.868,14.304,13.709,14.125,138367,0
20130409,14.117,14.206,14.011,14.108,97900,0
20130410,14.108,14.154,14.028,14.108,73916,0
20130411,14.144,14.197,13.859,13.966,113763,0
20130412,13.877,14.18,13.814,14.037,129812,0
20130415,13.948,14.099,13.505,13.664,195580,0
20130416,13.762,13.948,13.514,13.656,150044,0
20130417,13.602,13.931,13.505,13.814,147770,0
20130418,13.762,14.17,13.682,14.073,187727,0
20130419,14.054,14.17,13.992,14.054,107534,0
20130422,11.759,14.217,11.759,14.083,142417,0
20130423,14.109,14.245,13.92,13.965,113236,0
20130424,14.092,14.29,13.974,14.227,144238,0
20130425,14.236,14.552,14.146,14.508,175094,0
20130426,14.435,15.095,14.426,14.796,346795,0
20130429,14.833,15.048,14.615,14.615,104955,0
20130430,14.778,14.841,14.309,14.499,122714,0
20130501,14.508,14.525,14.263,14.407,89521,0
20130502,14.407,14.787,14.362,14.714,178588,0
20130503,14.868,15.303,14.806,14.968,278433,0
20130506,15.111,15.284,14.778,14.823,212697,0
20130507,15.067,15.266,14.714,14.94,189059,0
20130508,14.922,14.985,14.714,14.931,104171,0
20130509,15.048,15.176,14.778,14.896,104450,0
20130510,14.95,15.212,14.877,15.212,79564,0
20130513,15.184,15.212,14.896,14.94,52335,0
20130514,14.96,14.985,14.733,14.859,98738,0
20130515,14.887,15.104,14.877,15.095,84816,0
20130516,15.193,15.7,15.104,15.293,302021,0
20130517,15.419,15.581,15.275,15.518,122747,0
20130520,15.574,15.718,15.429,15.546,141796,0
20130521,15.664,15.664,15.401,15.601,125219,0
20130522,15.591,15.591,14.931,15.338,179154,0
20130523,15.24,15.401,14.688,14.985,164979,0
20130524,15.058,15.203,14.833,14.978,74218,0
20130528,15.159,15.501,15.003,15.159,106324,0
20130529,15.212,15.366,14.931,15.104,219238,0
20130530,15.256,15.394,15.221,15.284,141682,0
20130531,15.257,15.543,15.03,15.193,136510,0
20130603,15.266,15.366,14.931,15.338,126675,0
20130604,15.384,15.538,15.24,15.51,126751,0
20130605,15.546,15.546,15.095,15.24,179021,0
20130606,15.193,15.366,15.077,15.284,113294,0
20130607,16.052,16.052,15.149,15.438,176222,0
20130610,15.501,15.718,15.394,15.683,111532,0
20130611,15.619,15.727,15.556,15.61,132671,0
20130612,15.727,15.817,15.518,15.556,104051,0
20130613,15.581,15.718,15.51,15.7,95009,0
20130614,15.546,15.881,15.546,15.736,70874,0
20130617,15.871,15.907,15.538,15.637,69775,0
20130618,15.683,15.916,15.546,15.81,122357,0
20130619,15.863,16.07,15.654,15.81,158787,0
20130620,15.79,15.79,15.483,15.664,113006,0
20130621,15.772,15.8,15.51,15.673,167005,0
20130624,15.528,15.708,15.41,15.565,275280,0
20130625,15.565,15.619,15.457,15.591,120417,0
20130626,15.664,15.863,15.574,15.619,118595,0
20130627,15.637,15.673,15.492,15.546,245594,0
20130628,15.7,15.817,15.556,15.574,154552,0
20130701,15.691,15.863,15.601,15.7,112340,0
20130702,15.708,15.79,15.518,15.79,153638,0
20130703,15.708,15.718,15.546,15.601,30093,0
20130705,15.619,15.8,15.492,15.79,105078,0
20130708,15.772,15.988,15.772,15.907,69124,0
20130709,15.954,16.27,15.899,16.089,192160,0
20130710,16.152,16.441,16.026,16.306,318866,0
20130711,16.27,16.614,16.242,16.405,193248,0
20130712,16.414,16.541,16.27,16.522,77934,0
20130715,16.541,16.866,16.441,16.686,105346,0
20130716,16.712,16.803,16.152,16.532,104833,0
20130717,16.623,16.758,16.233,16.423,69873,0
20130718,16.368,16.623,16.314,16.522,105762,0
20130719,16.551,16.784,16.242,16.405,96629,0
20130722,16.461,16.561,15.966,16.258,101201,0
20130723,15.937,16.194,15.285,15.413,416221,0
20130724,15.405,15.81,15.405,15.671,155147,0
20130725,15.084,16.378,14.892,16.158,218213,0
20130726,16.094,16.451,16.056,16.322,139880,0
20130729,16.359,16.515,16.239,16.368,112928,0
20130730,16.414,16.598,15.928,16.194,107350,0
20130731,16.166,16.277,15.937,16.148,128045,0
20130801,16.258,16.617,16.074,16.588,125194,0
20130802,16.588,16.588,16.258,16.342,116152,0
20130805,16.368,16.745,16.103,16.552,126266,0
20130806,16.433,16.515,16.213,16.442,86887,0
20130807,16.342,16.588,16.313,16.524,86693,0
20130808,16.588,16.642,16.332,16.478,88150,0
20130809,16.552,16.634,16.129,16.286,103365,0
20130812,16.342,16.698,16.094,16.342,204724,0
20130813,16.295,16.442,16.103,16.203,69701,0
20130814,16.277,16.378,16.02,16.084,82509,0
20130815,16.01,16.03,15.8,15.982,96358,0
20130816,15.928,15.991,15.433,15.478,485308,0
20130819,15.578,15.892,15.506,15.661,117893,0
20130820,15.69,15.827,15.588,15.726,110179,0
20130821,15.698,15.854,15.652,15.827,135215,0
20130822,15.864,16.056,15.762,16.038,125908,0
20130823,16.139,16.203,15.966,15.991,98519,0
20130826,16.056,16.295,15.982,16.258,69408,0
20130827,16.166,16.175,15.533,15.597,190832,0
20130828,15.918,15.918,15.331,15.349,209733,0
20130829,15.413,15.974,15.413,15.908,155679,0
20130830,15.79,16.074,15.607,15.671,94644,0
20130903,16.048,16.121,15.533,15.671,256411,0
20130904,15.735,15.908,15.652,15.81,79140,0
20130905,15.745,15.956,15.634,15.681,83502,0
20130906,15.901,15.901,15.597,15.79,125837,0
20130909,15.946,16.056,15.854,16.02,72629,0
20130910,16.01,16.094,15.918,15.956,88142,0
20130911,16.01,16.084,15.864,15.991,108677,0
20130912,15.966,16.103,15.827,15.918,101217,0
20130913,15.892,15.946,15.707,15.781,95455,0
20130916,15.882,15.982,15.745,15.864,125409,0
20130917,15.908,16.258,15.817,15.991,128741,0
20130918,15.991,16.02,15.762,15.892,78189,0
20130919,15.974,16.745,15.873,16.681,355846,0
20130920,16.716,16.755,16.213,16.681,179184,0
20130923,16.642,16.772,16.322,16.342,67617,0
20130924,16.442,17.01,16.349,16.809,139732,0
20130925,16.846,17.094,16.607,16.662,140515,0
20130926,16.698,16.698,16.414,16.515,105756,0
20130927,16.47,16.506,16.213,16.277,81767,0
20130930,16.074,16.322,16.03,16.175,108563,0
20131001,16.239,16.423,16.103,16.203,117969,0
20131002,16.223,16.258,15.873,15.908,156094,0
20131003,15.966,16.103,15.864,16.02,83528,0
20131004,16.129,16.313,16.048,16.239,142688,0
20131007,16.239,16.524,15.966,15.966,78353,0
20131008,16.048,16.056,15.257,15.277,186104,0
20131009,15.369,15.781,15.166,15.369,132325,0
20131010,15.478,16.01,15.478,15.901,138143,0
20131011,15.956,16.268,15.827,16.194,84389,0
20131014,16.194,16.478,15.873,16.461,114730,0
20131015,16.487,16.598,16.396,16.515,125420,0
20131016,16.598,16.681,16.497,16.627,68783,0
20131017,16.561,16.627,16.286,16.378,299853,0
20131018,16.617,16.698,16.387,16.461,260244,0
20131021,16.488,16.61,16.235,16.265,189956,0
20131022,16.255,16.702,16.227,16.31,180031,0
20131023,16.516,16.629,16.255,16.31,190728,0
20131024,16.358,16.851,16.153,16.842,130201,0
20131025,16.823,16.851,16.62,16.645,123081,0
20131028,16.675,16.675,16.461,16.525,67378,0
20131029,16.815,17.69,16.815,17.224,547899,0
20131030,17.372,17.401,17.094,17.159,127568,0
20131031,17.187,17.372,17.074,17.297,57110,0
20131101,17.346,17.523,17.206,17.307,82149,0
20131104,17.438,17.55,17.307,17.401,71903,0
20131105,17.327,17.382,17.197,17.242,138538,0
20131106,17.346,17.466,17.187,17.232,97787,0
20131107,17.206,17.355,16.525,16.58,106391,0
20131108,16.59,16.897,16.404,16.777,194748,0
20131111,16.832,17.289,16.758,17.271,122819,0
20131112,17.297,17.448,17.084,17.232,98031,0
20131113,17.206,17.466,17.122,17.438,75140,0
20131114,17.382,17.756,17.271,17.624,102665,0
20131115,17.615,17.718,17.327,17.503,123768,0
20131118,17.559,17.634,17.363,17.41,81146,0
20131119,17.41,17.55,17.168,17.503,143060,0
20131120,17.578,17.634,16.944,17.047,82860,0
20131121,17.029,17.168,16.479,16.545,162598,0
20131122,16.525,16.655,16.414,16.479,139150,0
20131125,16.571,16.665,16.479,16.62,97915,0
20131126,16.506,16.685,16.041,16.068,249028,0
20131127,16.068,16.32,16.059,16.219,93876,0
20131129,16.562,16.562,16.255,16.301,34050,0
20131202,16.34,16.376,15.649,15.854,190728,0
20131203,15.844,15.938,15.649,15.688,140641,0
20131204,15.678,15.909,15.38,15.658,270080,0
20131205,15.613,15.844,15.613,15.743,93589,0
20131206,15.836,16.059,15.817,16.033,84144,0
20131209,15.938,16.348,15.873,16.301,134051,0
20131210,16.18,16.367,15.968,16.023,133996,0
20131211,16.19,16.19,15.277,15.361,256413,0
20131212,15.371,15.557,14.811,15.175,400858,0
20131213,15.267,15.696,15.202,15.593,150594,0
20131216,15.771,15.809,15.613,15.809,111774,0
20131217,15.752,16.535,15.743,16.47,181531,0
20131218,16.423,16.423,15.593,15.724,206256,0
20131219,15.706,16.199,15.649,16.013,358511,0
20131220,16.098,16.851,15.968,16.62,333822,0
20131223,16.74,17.038,16.665,16.935,190478,0
20131224,17,17.242,17,17.103,132997,0
20131226,17.122,17.307,16.871,17.066,122929,0
20131227,17.122,17.187,16.861,17.122,107007,0
20131230,17.056,17.074,16.75,16.861,135227,0
20131231,16.945,17.029,16.842,17.019,102756,0
20140102,16.851,16.851,16.386,16.58,156209,0
20140103,16.59,16.805,16.348,16.61,126890,0
20140106,16.629,16.888,16.497,16.815,323728,0
20140107,16.815,17.206,16.497,16.636,373713,0
20140108,16.73,16.777,16.488,16.702,210916,0
20140109,16.871,17.307,16.72,16.871,305501,0
20140110,17.009,17.197,16.72,17.149,152439,0
20140113,17.187,17.252,16.935,17.232,268633,0
20140114,17.232,17.624,17.094,17.401,234158,0
20140115,17.54,17.559,17.372,17.494,259101,0
20140116,17.532,17.872,17.428,17.806,201679,0
20140117,17.93,17.93,17.636,17.74,152520,0
20140121,17.834,18.005,17.674,18.005,240371,0
20140122,18.042,18.193,17.778,17.947,139369,0
20140123,18.184,18.184,17.428,17.551,166596,0
20140124,17.485,17.551,16.586,17.097,232211,0
20140127,17.012,17.144,16.416,16.974,208539,0
20140128,17.012,17.654,16.927,17.57,297556,0
20140129,17.428,17.693,17.182,17.494,204537,0
20140130,17.72,18.817,17.324,18.477,530853,0
20140131,18.297,18.808,18.032,18.562,289257,0
20140203,18.599,19.006,17.579,17.711,240622,0
20140204,17.92,17.92,17.475,17.863,174686,0
20140205,17.711,18.014,17.4,17.956,115594,0
20140206,18.081,18.515,17.966,18.496,162585,0
20140207,18.609,18.892,18.439,18.723,178836,0
20140210,18.769,18.941,18.448,18.883,182576,0
20140211,18.902,19.024,18.733,18.892,141505,0
20140212,18.845,18.902,18.751,18.902,139143,0
20140213,18.733,19.431,18.733,18.998,211197,0
20140214,18.902,19.328,18.392,18.486,252029,0
20140218,18.618,19.47,18.618,19.168,183070,0
20140219,19.082,19.356,18.751,18.799,175656,0
20140220,18.826,19.356,18.808,19.28,257333,0
20140221,19.328,19.801,19.073,19.527,327726,0
20140224,19.64,19.715,19.129,19.168,174896,0
20140225,19.148,19.185,18.808,18.978,148213,0
20140226,18.912,19.054,18.657,18.817,168356,0
20140227,18.76,19.015,18.543,18.751,171167,0
20140228,18.808,19.082,18.609,19.024,191680,0
20140303,18.799,19.063,18.742,19.034,88883,0
20140304,19.214,19.61,19.044,19.517,243997,0
20140305,19.46,20.083,19.385,20.027,239592,0
20140306,20.169,20.472,19.497,19.63,240914,0
20140307,19.715,19.837,19.375,19.421,145781,0
20140310,19.47,19.82,19.242,19.725,175184,0
20140311,19.837,19.933,19.318,19.46,238258,0
20140312,19.385,19.847,19.385,19.847,139036,0
20140313,19.847,19.989,19.073,19.365,157125,0
20140314,19.337,19.668,19.337,19.497,70059,0
20140317,19.62,19.735,19.242,19.658,109512,0
20140318,19.715,19.857,19.602,19.725,115903,0
20140319,19.62,19.715,19.234,19.375,126943,0
20140320,19.337,19.385,19.044,19.176,73709,0
20140321,19.497,19.696,19.346,19.431,208739,0
20140324,19.535,19.696,19.139,19.507,94099,0
20140325,19.583,19.752,19.337,19.488,82159,0
20140326,19.517,19.64,19.176,19.29,130355,0
20140327,19.234,19.544,19.11,19.431,98674,0
20140328,19.517,20.046,19.421,19.989,199161,0
20140331,20.235,20.32,20.073,20.32,203932,0
20140401,20.302,20.538,20.093,20.348,137218,0
20140402,20.282,20.453,20.226,20.348,103138,0
20140403,20.377,20.414,19.847,19.903,101529,0
20140404,19.989,20.338,19.527,19.81,132439,0
20140407,19.876,19.876,19.176,19.743,109405,0
20140408,19.81,19.97,19.715,19.828,66353,0
20140409,19.867,20.056,19.658,19.989,62158,0
20140410,19.923,19.97,19.676,19.81,121106,0
20140411,19.706,19.886,19.527,19.771,197250,0
20140414,19.658,19.658,19.404,19.535,202754,0
20140415,19.544,19.658,19.299,19.47,150792,0
20140416,19.507,19.658,19.478,19.63,89683,0
20140417,19.61,19.961,19.535,19.913,88801,0
20140421,19.894,20.263,19.894,20.244,115134,0
20140422,20.216,21.029,20.216,20.887,338893,0
20140423,20.802,21.01,20.679,20.906,145700,0
20140424,20.896,20.944,20.292,20.338,180285,0
20140425,20.292,20.538,19.706,19.942,173163,0
20140428,20.046,20.235,19.847,19.951,89351,0
20140429,20.282,20.595,19.999,20.529,111184,0
20140430,20.556,21.312,19.942,20.263,119013,0
20140501,20.226,20.641,20.206,20.414,110933,0
20140502,20.377,20.689,20.338,20.367,70919,0
20140505,20.272,20.48,19.951,20.387,54776,0
20140506,20.254,20.423,20.008,20.292,78334,0
20140507,20.33,20.991,20.205,20.665,97874,0
20140508,20.714,21.058,20.512,20.589,88602,0
20140509,20.704,20.79,20.388,20.55,55082,0
20140512,20.732,20.991,20.559,20.828,94392,0
20140513,20.828,20.894,20.502,20.589,121531,0
20140514,20.589,20.876,20.416,20.589,102339,0
20140515,20.455,20.455,19.89,20.272,125730,0
20140516,20.186,20.694,20.177,20.607,79933,0
20140519,20.617,20.732,20.244,20.579,165063,0
20140520,20.465,20.732,20.205,20.482,118274,0
20140521,20.589,20.837,20.455,20.569,77242,0
20140522,20.589,20.78,20.482,20.741,118801,0
20140523,20.761,20.933,20.627,20.866,103584,0
20140527,20.971,21.019,20.808,20.962,111560,0
20140528,21.01,21.288,20.828,21.201,83983,0
20140529,21.126,21.143,20.808,20.914,76529,0
20140530,20.818,21,20.761,20.847,88151,0
20140602,20.808,20.991,20.761,20.953,93956,0
20140603,20.914,21.048,20.714,20.761,117663,0
20140604,20.78,21.133,20.627,21.133,91475,0
20140605,21.116,21.412,21.086,21.268,91017,0
20140606,21.374,21.545,21.326,21.422,66975,0
20140609,21.508,21.545,21.268,21.335,62746,0
20140610,21.316,21.479,21.22,21.365,108605,0
20140611,21.355,21.451,21.183,21.431,61121,0
20140612,21.412,21.498,21.211,21.422,79603,0
20140613,21.393,21.431,21.173,21.335,51701,0
20140616,21.23,21.498,21.23,21.488,61947,0
20140617,21.469,21.785,21.288,21.785,100723,0
20140618,21.7,22.063,21.527,22.025,103284,0
20140619,21.958,22.485,21.862,22.331,144155,0
20140620,22.465,22.84,22.149,22.408,129958,0
20140623,22.321,22.494,21.987,22.494,89164,0
20140624,22.408,22.6,22.169,22.504,129325,0
20140625,22.388,22.532,22.13,22.331,142774,0
20140626,22.36,22.581,22.149,22.485,47018,0
20140627,22.571,22.6,22.351,22.428,54200,0
20140630,22.321,22.408,22.016,22.331,183084,0
20140701,22.522,23.049,22.37,22.897,140240,0
20140702,22.887,22.887,22.428,22.705,63283,0
20140703,22.685,22.685,22.455,22.551,25984,0
20140707,22.59,22.743,22.331,22.581,66542,0
20140708,22.494,22.522,21.853,21.9,100354,0
20140709,21.91,22.139,21.767,22.139,64753,0
20140710,21.757,22.944,21.757,22.628,127388,0
20140711,22.724,22.934,22.303,22.59,120230,0
20140714,22.982,23.346,22.715,22.944,169945,0
20140715,23.059,23.269,22.84,22.963,158406,0
20140716,23.04,23.327,22.982,23.327,123023,0
20140717,23.366,23.366,23.088,23.107,188508,0
20140718,23.222,23.289,22.532,22.887,181961,0
20140721,22.867,22.983,22.383,22.771,106025,0
20140722,22.915,22.915,22.49,22.625,280741,0
20140723,22.615,22.887,22.49,22.713,207003,0
20140724,22.915,24.166,22.538,23.575,223870,0
20140725,23.594,23.613,23.342,23.43,122612,0
20140728,23.488,23.739,23.342,23.448,87715,0
20140729,23.4,23.739,23.042,23.139,142085,0
20140730,23.332,23.4,23.061,23.158,63030,0
20140731,22.887,23.139,22.877,22.964,79757,0
20140801,22.819,23.042,22.654,22.703,100315,0
20140804,22.789,22.819,22.528,22.703,78320,0
20140805,22.731,22.741,22.102,22.189,107109,0
20140806,22.102,22.315,21.627,21.733,206740,0
20140807,21.791,22.024,21.715,21.859,63248,0
20140808,21.899,22.044,21.569,21.927,99875,0
20140811,21.995,22.024,21.84,21.937,85370,0
20140812,21.976,22.208,21.801,22.18,93414,0
20140813,22.208,22.431,22.16,22.431,106213,0
20140814,22.431,22.683,22.354,22.645,159656,0
20140815,22.693,22.799,22.46,22.731,56664,0
20140818,22.703,23.042,22.703,22.915,55503,0
20140819,22.645,22.664,20.939,21.995,1011481,0
20140820,21.927,22.121,21.589,21.869,352583,0
20140821,21.821,22.422,21.801,22.266,365494,0
20140822,22.18,22.276,21.947,21.976,136941,0
20140825,22.034,22.112,21.695,21.811,169982,0
20140826,21.899,21.927,21.607,21.724,219733,0
20140827,21.695,21.899,21.549,21.791,103626,0
20140828,21.607,21.889,21.521,21.773,132356,0
20140829,21.869,21.869,21.647,21.733,113583,0
20140902,21.715,22.131,21.715,21.908,215859,0
20140903,21.869,22.276,21.675,22.238,324426,0
20140904,22.286,22.383,21.927,21.966,95417,0
20140905,22.044,22.16,21.859,22.073,78332,0
20140908,22.112,22.14,21.801,21.986,107435,0
20140909,21.995,21.995,21.743,21.84,60402,0
20140910,21.859,22.073,21.811,22.044,75986,0
20140911,21.976,22.121,21.801,21.869,90535,0
20140912,21.85,22.073,21.705,21.763,183482,0
20140915,21.791,21.908,21.559,21.869,142360,0
20140916,21.743,21.937,21.685,21.811,122300,0
20140917,21.899,22.054,21.695,21.821,121924,0
20140918,22.577,22.713,22.131,22.625,369478,0
20140919,23.013,23.1,22.722,23.051,333785,0
20140922,23.051,23.081,22.528,22.771,144266,0
20140923,22.518,23.022,22.518,22.799,102353,0
20140924,22.867,23.042,22.635,22.771,94154,0
20140925,22.683,22.867,22.198,22.286,93913,0
20140926,22.238,22.451,21.937,21.995,177168,0
20140929,21.899,22.044,21.511,21.607,167389,0
20140930,21.549,21.579,21.22,21.278,142612,0
20141001,21.22,21.278,20.483,20.551,255586,0
20141002,20.619,20.949,20.126,20.823,216338,0
20141003,20.92,21.249,20.765,21.094,153990,0
20141006,21.104,21.172,20.397,20.609,163323,0
20141007,20.503,20.503,20.018,20.038,195491,0
20141008,20.048,20.222,19.137,19.757,272166,0
20141009,19.806,19.873,19.321,19.369,239984,0
20141010,19.331,19.776,19.137,19.457,165709,0
20141013,19.485,19.563,17.025,17.403,906760,0
20141014,17.354,18.439,17.151,18.119,452711,0
20141015,17.964,17.964,16.86,17.82,235012,0
20141016,17.558,18.391,17.538,18.294,216200,0
20141017,18.72,18.894,18.381,18.517,174614,0
20141020,18.733,18.89,18.35,18.802,149894,0
20141021,18.871,19.294,18.802,19.156,128470,0
20141022,19.225,19.667,19.048,19.097,154934,0
20141023,19.225,19.746,19.077,19.461,177670,0
20141024,19.579,19.687,18.93,19.52,204619,0
20141027,19.51,19.618,18.969,19.48,245526,0
20141028,19.451,19.903,19.451,19.893,182864,0
20141029,19.933,19.962,19.323,19.736,185021,0
20141030,19.648,19.913,19.579,19.854,143906,0
20141031,20.061,20.257,19.834,20.228,174907,0
20141103,19.579,20.877,19.471,20.523,275285,0
20141104,20.424,20.887,20.129,20.159,211328,0
20141105,20.306,20.454,19.933,20.208,141471,0
20141106,20.326,20.601,19.874,20.257,169332,0
20141107,20.395,20.513,20.139,20.454,122462,0
20141110,20.493,20.493,19.844,20.11,128005,0
20141111,20.051,20.11,19.825,20.051,94981,0
20141112,20.031,20.218,19.864,20.208,124958,0
20141113,20.198,20.208,19.716,19.815,112589,0
20141114,19.834,19.884,19.402,19.736,129572,0
20141117,19.638,19.795,19.51,19.726,105576,0
20141118,19.795,20.247,19.766,20.031,92598,0
20141119,19.952,20.08,19.766,20.041,80741,0
20141120,19.913,20.434,19.864,20.395,80485,0
20141121,20.601,20.847,20.306,20.454,148730,0
20141124,20.444,20.651,20.356,20.454,136660,0
20141125,20.641,20.641,20.031,20.061,133956,0
20141126,20.169,20.169,19.893,20.09,84191,0
20141128,19.874,20.002,19.471,19.52,60463,0
20141201,19.471,19.539,18.586,18.871,165155,0
20141202,18.753,19.058,18.733,18.89,143534,0
20141203,18.949,19.244,18.713,19.146,100621,0
20141204,19.038,19.274,18.822,19.215,85616,0
20141205,19.303,19.451,18.999,19.225,77565,0
20141208,19.097,19.185,18.291,18.507,108750,0
20141209,18.32,18.546,18.291,18.468,135889,0
20141210,18.271,18.477,17.878,18.035,122441,0
20141211,18.064,18.428,17.917,18.074,105962,0
20141212,17.986,18.182,17.74,17.917,87933,0
20141215,18.094,18.222,17.455,17.563,102957,0
20141216,17.238,17.838,17.238,17.583,132950,0
20141217,17.563,18.241,17.288,18.104,134955,0
20141218,18.399,18.477,18.143,18.399,116823,0
20141219,18.418,18.635,18.114,18.536,128915,0
20141222,18.546,18.546,17.946,18.409,101516,0
20141223,18.448,18.753,18.33,18.615,144872,0
20141224,18.566,18.654,18.222,18.379,70254,0
20141226,18.497,18.605,18.084,18.114,88669,0
20141229,18.173,18.192,17.701,17.799,114401,0
20141230,17.907,17.937,17.327,17.337,194761,0
20141231,17.297,17.612,16.816,17.317,227014,0
20150102,17.455,17.642,16.904,17.317,144465,0
20150105,17.17,17.366,16.255,16.402,256683,0
20150106,16.324,16.629,15.586,15.93,279295,0
20150107,16.068,16.52,15.734,15.734,306181,0
20150108,15.881,16.412,15.744,15.97,391202,0
20150109,16.107,16.432,15.989,16.009,293876,0
20150112,15.999,16.235,15.783,16.107,186228,0
20150113,16.137,16.55,15.803,15.95,237918,0
20150114,15.783,16.53,15.783,16.402,310375,0
20150115,16.491,16.698,16.107,16.55,211244,0
20150116,16.55,16.76,16.24,16.39,103686,0
