Date,Open,High,Low,Close,Volume,OpenInt
20070921,14.408,14.408,14.336,14.336,304835,0
20070924,14.344,14.592,14.344,14.344,14880,0
20070925,14.372,14.439,14.344,14.395,16792,0
20070926,14.447,14.871,14.35,14.871,9008,0
20070927,14.585,14.73,14.447,14.585,21294,0
20070928,14.659,14.659,14.336,14.336,4095,0
20071001,14.408,14.767,14.408,14.585,14334,0
20071002,14.585,14.767,14.408,14.408,3140,0
20071003,14.408,14.775,14.408,14.775,9828,0
20071004,14.805,14.805,14.49,14.767,5322,0
20071005,14.695,14.695,14.482,14.628,5598,0
20071008,14.526,14.695,14.408,14.695,3140,0
20071009,14.695,14.695,14.482,14.482,1091,0
20071010,14.562,14.767,14.562,14.636,6281,0
20071011,14.62,14.62,14.336,14.336,4504,0
20071012,14.35,14.805,14.35,14.767,8873,0
20071015,14.841,14.841,14.695,14.767,6553,0
20071016,14.659,14.841,14.549,14.841,8329,0
20071017,14.679,14.841,14.679,14.805,4234,0
20071018,14.695,14.695,14.344,14.35,9828,0
20071019,14.423,14.482,14.336,14.388,16381,0
20071022,14.344,14.408,14.336,14.336,6141,0
20071023,14.344,14.415,14.336,14.38,28668,0
20071024,14.344,14.344,14.336,14.344,6689,0
20071025,14.344,14.344,14.336,14.336,10374,0
20071026,14.344,14.344,14.336,14.336,20885,0
20071029,14.372,14.372,14.336,14.344,9283,0
20071030,14.336,14.336,14.336,14.336,1774,0
20071031,14.344,14.344,14.336,14.344,9693,0
20071101,14.336,14.415,14.336,14.336,52560,0
20071102,14.344,14.344,14.336,14.344,19114,0
20071105,14.336,14.336,13.691,13.734,67574,0
20071106,13.808,13.977,13.772,13.772,5052,0
20071107,13.259,13.904,13.259,13.801,60748,0
20071108,13.977,13.977,13.867,13.867,3825,0
20071109,13.867,13.867,13.413,13.413,9828,0
20071112,13.339,13.339,13.266,13.332,3275,0
20071113,13.413,13.493,12.973,13.296,31125,0
20071114,13.296,13.683,13.296,13.683,6417,0
20071115,13.611,13.618,13.332,13.406,5188,0
20071116,13.478,13.625,13.259,13.406,24846,0
20071119,13.296,13.332,13.194,13.194,10511,0
20071120,13.194,13.485,11.984,12.548,113032,0
20071121,12.255,12.329,11.222,11.742,170234,0
20071123,11.472,12.043,11.472,12.043,26346,0
20071126,11.684,12.08,11.311,11.472,63343,0
20071127,11.472,11.8,11.34,11.706,87095,0
20071128,11.757,12.189,11.588,12.182,76993,0
20071129,12.439,12.46,12.035,12.401,67710,0
20071130,12.439,12.812,12.043,12.746,55015,0
20071203,12.577,12.746,12.27,12.746,28530,0
20071204,12.761,12.761,12.153,12.504,75493,0
20071205,12.593,13.288,12.364,12.959,44776,0
20071206,12.614,12.93,12.57,12.71,64435,0
20071207,12.695,12.995,12.541,12.768,72625,0
20071210,12.828,12.989,12.577,12.71,52012,0
20071211,12.541,12.856,12.329,12.394,77129,0
20071212,12.401,12.636,12.255,12.313,83821,0
20071213,11.933,12.46,11.933,12.167,113852,0
20071214,11.882,12.204,11.882,12.072,48051,0
20071217,11.91,12.05,11.655,11.838,77129,0
20071218,11.728,12.519,11.626,11.794,90371,0
20071219,11.588,11.926,11.588,11.69,106478,0
20071220,11.574,11.845,11.574,11.779,121636,0
20071221,11.83,12.299,11.552,12.167,180062,0
20071224,12.05,12.401,11.992,12.291,52148,0
20071226,12.291,12.49,12.255,12.46,80953,0
20071227,11.941,12.24,11.728,12.153,185250,0
20071228,11.941,12.227,11.83,11.977,123133,0
20071231,11.875,12.109,11.735,12.05,166920,0
20080102,11.992,12.167,11.875,12.086,56789,0
20080103,11.941,12.329,11.941,12.285,35084,0
20080104,12.16,12.16,11.947,11.962,31500,0
20080107,11.933,11.977,11.647,11.684,41976,0
20080108,11.867,11.889,11.684,11.684,41363,0
20080109,11.728,11.794,11.516,11.794,39862,0
20080110,11.684,12.329,11.588,12.014,64510,0
20080111,11.918,11.977,11.8,11.859,20479,0
20080114,11.808,12.123,11.808,12.123,43000,0
20080115,11.904,12.072,11.8,12.028,60539,0
20080116,11.926,11.941,11.619,11.619,58428,0
20080117,11.728,11.787,11.171,11.259,46074,0
20080118,11.611,11.611,10.768,10.842,46688,0
20080122,10.256,10.848,9.992,10.555,61225,0
20080123,10.35,11.42,10.35,10.842,67302,0
20080124,10.95,11.632,10.842,11.42,39692,0
20080125,11.442,11.787,10.988,11.42,44230,0
20080128,11.237,11.749,10.804,11.42,28908,0
20080129,11.529,11.882,11.472,11.882,48051,0
20080130,11.882,11.882,11.626,11.626,22252,0
20080131,11.426,12.452,11.178,12.364,33766,0
20080201,12.175,12.175,11.852,11.97,28123,0
20080204,12.065,12.065,11.677,11.808,32763,0
20080205,11.721,11.772,11.544,11.647,25068,0
20080206,11.391,11.611,11.348,11.434,51602,0
20080207,11.281,11.56,11.003,11.414,39181,0
20080208,11.414,11.706,11.009,11.706,38497,0
20080211,11.537,11.8,11.061,11.472,41363,0
20080212,11.647,11.824,11.596,11.816,25801,0
20080213,11.714,11.904,11.391,11.501,45596,0
20080214,11.368,11.568,11.135,11.208,21887,0
20080215,11.208,11.34,11.171,11.324,32899,0
20080219,11.501,11.698,11.253,11.355,51328,0
20080220,11.324,11.324,10.548,11.061,48368,0
20080221,11.061,11.214,11.061,11.178,37132,0
20080222,11.273,11.34,10.658,11.34,20067,0
20080225,11.391,11.588,11.039,11.281,21294,0
20080226,11.186,11.8,11.186,11.67,46825,0
20080227,11.67,11.721,11.472,11.647,10102,0
20080228,11.472,11.904,11.472,11.904,38360,0
20080229,11.69,11.852,11.288,11.523,21045,0
20080303,11.626,11.772,11.214,11.245,30307,0
20080304,11.178,11.406,11.039,11.098,26674,0
20080305,11.061,11.265,11.025,11.142,52831,0
20080306,11.068,11.529,11.061,11.316,35511,0
20080307,11.304,11.348,10.988,11.032,36721,0
20080310,11.068,11.084,10.804,10.804,52148,0
20080311,11.171,11.171,10.761,10.981,27986,0
20080312,11.105,11.281,11.003,11.178,35788,0
20080313,11.009,11.304,10.878,11.304,21300,0
20080314,11.281,11.281,10.74,10.812,22064,0
20080317,10.622,10.622,10.278,10.476,62659,0
20080318,10.527,10.981,10.527,10.848,22273,0
20080319,11.098,11.201,10.753,10.974,40089,0
20080320,11.882,12.211,10.401,11.171,57335,0
20080324,11.092,11.332,11.017,11.316,24570,0
20080325,11.163,11.311,11.061,11.171,13652,0
20080326,11.245,11.296,11.009,11.296,27438,0
20080327,11.316,11.316,11.025,11.025,29762,0
20080328,11.098,11.288,11.025,11.237,6141,0
20080331,11.119,11.399,11.032,11.391,29847,0
20080401,11.406,11.721,11.149,11.721,33718,0
20080402,11.611,11.757,11.457,11.728,19384,0
20080403,11.721,11.735,11.603,11.706,5871,0
20080404,11.735,11.735,11.603,11.698,15701,0
20080407,11.721,11.735,11.362,11.611,36721,0
20080408,11.596,11.735,11.478,11.478,29896,0
20080409,11.406,11.58,11.281,11.399,21568,0
20080410,11.426,11.509,11.281,11.316,42592,0
20080411,11.34,11.375,11.229,11.368,16928,0
20080414,11.348,11.655,11.208,11.414,12289,0
20080415,11.509,11.698,11.355,11.355,14196,0
20080416,11.45,11.889,11.42,11.574,34535,0
20080417,11.501,11.735,11.501,11.721,33718,0
20080418,11.368,11.632,10.804,11.259,67537,0
20080421,11.259,11.465,11.222,11.457,25969,0
20080422,11.523,11.529,11.324,11.324,12900,0
20080423,11.324,11.493,11.178,11.178,36175,0
20080424,11.273,11.383,11.222,11.355,34947,0
20080425,11.442,11.442,11.003,11.259,45186,0
20080428,11.355,11.472,11.245,11.288,30075,0
20080429,11.296,11.355,11.112,11.316,52776,0
20080430,11.516,11.574,11.273,11.465,31064,0
20080501,11.45,11.619,11.399,11.603,46528,0
20080502,11.706,11.706,11.442,11.501,19520,0
20080505,11.478,12.014,11.406,11.529,19263,0
20080506,11.391,11.596,11.032,11.574,20406,0
20080507,11.632,11.69,11.509,11.684,37651,0
20080508,11.619,11.735,11.603,11.611,21568,0
20080509,11.574,11.735,11.544,11.735,11547,0
20080512,11.735,11.757,11.626,11.639,38956,0
20080513,11.544,11.794,11.544,11.662,38431,0
20080514,11.772,11.794,11.735,11.749,30510,0
20080515,11.632,12.116,11.632,12.116,29008,0
20080516,11.97,12.08,11.787,11.955,37786,0
20080519,11.977,12.153,11.977,11.984,29328,0
20080520,11.947,11.947,11.493,11.816,63000,0
20080521,11.655,12.043,11.655,11.757,48466,0
20080522,11.787,11.852,11.714,11.83,20395,0
20080523,11.816,11.816,11.265,11.465,40116,0
20080527,11.472,11.926,11.472,11.918,35009,0
20080528,11.955,11.955,11.639,11.69,37579,0
20080529,11.684,12.006,11.684,11.765,43547,0
20080530,11.889,12.035,11.787,12.014,29380,0
20080602,11.749,11.998,11.749,11.947,31275,0
20080603,11.926,12.094,11.875,12.094,43420,0
20080604,11.992,12.291,11.984,12.086,42521,0
20080605,12.16,12.394,12.16,12.38,36918,0
20080606,12.313,12.313,12.101,12.189,22598,0
20080609,12.175,12.189,12.028,12.189,23776,0
20080610,10.988,12.739,10.988,12.38,22842,0
20080611,12.197,12.285,12.072,12.08,19520,0
20080612,12.16,12.233,12.021,12.123,20749,0
20080613,12.123,12.27,12.086,12.233,13195,0
20080616,12.167,12.233,12.153,12.233,13289,0
20080617,12.278,12.291,12.123,12.153,16347,0
20080618,12.043,12.182,11.941,12.182,21610,0
20080619,12.16,12.175,11.721,11.896,37371,0
20080620,11.706,11.852,11.706,11.845,12056,0
20080623,11.794,11.882,11.647,11.647,29010,0
20080624,11.523,11.845,11.523,11.721,42736,0
20080625,11.706,11.83,11.626,11.647,36448,0
20080626,11.493,11.493,11.281,11.281,14655,0
20080627,11.245,11.493,10.988,10.988,30163,0
20080630,11.098,11.485,10.958,11.245,35743,0
20080701,11.135,11.442,11.135,11.434,13980,0
20080702,11.442,11.465,11.332,11.332,18311,0
20080703,11.332,11.332,11.171,11.208,10974,0
20080707,11.253,11.253,10.724,10.863,22599,0
20080708,10.768,10.958,10.768,10.937,30767,0
20080709,10.848,11.105,10.716,11.061,40155,0
20080710,10.958,11.092,10.82,10.863,32894,0
20080711,10.724,10.937,10.63,10.842,18298,0
20080714,11.068,11.068,10.401,10.768,33654,0
20080715,10.71,10.732,10.445,10.651,23263,0
20080716,10.496,11.348,10.438,11.092,54817,0
20080717,11.092,11.647,11.009,11.647,29820,0
20080718,11.156,11.156,10.71,10.899,39386,0
20080721,10.842,10.988,10.74,10.74,20873,0
20080722,10.637,10.658,10.335,10.658,35243,0
20080723,10.945,11.588,10.745,10.856,25626,0
20080724,11.017,11.017,10.343,10.885,9571,0
20080725,10.907,10.958,10.438,10.578,25166,0
20080728,10.694,10.694,10.35,10.504,11741,0
20080729,10.366,10.716,10.35,10.716,17064,0
20080730,10.63,11.779,10.622,10.878,44437,0
20080731,11.208,11.208,10.673,10.996,18155,0
20080801,10.93,11.201,10.658,11.003,18151,0
20080804,10.878,11.273,10.878,10.981,6141,0
20080805,10.907,11.296,10.82,10.871,13065,0
20080806,10.885,11.171,10.842,10.966,23071,0
20080807,10.988,10.988,10.732,10.842,10578,0
20080808,10.893,11.156,10.57,10.791,12559,0
20080811,10.689,11.025,10.689,10.981,35765,0
20080812,10.966,11.032,10.797,10.812,3082,0
20080813,11.092,11.092,10.689,11.039,13582,0
20080814,10.915,11.098,10.834,10.834,19018,0
20080815,10.834,11.119,10.665,10.791,24710,0
20080818,10.775,10.791,10.256,10.592,27240,0
20080819,10.438,10.563,10.189,10.329,11882,0
20080820,10.592,10.592,10.035,10.043,68784,0
20080821,10.035,10.226,9.897,10.11,41482,0
20080822,9.933,10.256,9.89,9.904,63265,0
20080825,9.933,9.933,9.874,9.882,13882,0
20080826,9.853,10,9.823,9.823,17738,0
20080827,9.859,10.059,9.2952,9.845,61617,0
20080828,9.933,9.962,9.853,9.919,13196,0
20080829,9.911,10.007,9.911,10,19127,0
20080902,10.087,10.13,9.992,10.13,14700,0
20080903,10.007,10.072,9.933,10.007,13851,0
20080904,10.072,10.072,9.816,9.925,23950,0
20080905,9.831,9.831,9.53,9.61,26649,0
20080908,9.89,10.013,9.757,9.992,54892,0
20080909,9.801,10.212,9.801,10.197,111183,0
20080910,10.059,10.256,9.984,10.256,110805,0
20080911,10.028,10.329,10.021,10.256,71860,0
20080912,10.329,10.988,10.256,10.768,113351,0
20080915,10.783,10.915,10.175,10.212,48347,0
20080916,9.684,9.859,8.6513,9.1642,62160,0
20080917,9.1719,9.2153,8.5926,8.7683,50468,0
20080918,8.6,8.9368,8.2481,8.6952,49352,0
20080919,8.468,10.284,8.468,9.808,56450,0
20080922,9.64,9.89,9.545,9.808,25378,0
20080923,9.53,9.61,9.1787,9.1787,25048,0
20080924,9.1052,9.1052,8.9515,8.9736,7651,0
20080925,8.8929,9.2085,8.8856,9.0031,23036,0
20080926,9.1565,9.1565,8.6437,8.871,45680,0
20080929,8.8196,8.8196,7.8674,7.8674,25323,0
20080930,7.9553,8.2556,7.7062,8.0873,52466,0
20081001,8.4972,10.534,8.4387,9.0834,37580,0
20081002,9.1129,9.1565,8.5559,8.5559,52045,0
20081003,8.6219,8.8196,8.5338,8.5559,15944,0
20081006,8.2922,8.329,6.9372,7.3619,77044,0
20081007,7.7283,7.7283,6.7465,6.7465,65249,0
20081008,6.2191,6.7172,5.9701,6.2998,177647,0
20081009,6.351,6.5196,5.8602,5.8602,98312,0
20081010,5.1277,5.7649,4.8348,5.5598,144854,0
20081013,6.0801,7.2446,5.9408,7.2156,82016,0
20081014,7.6916,8.4241,7.3105,7.3326,64377,0
20081015,7.4718,7.4718,6.8198,7.0323,38437,0
20081016,5.9335,7.8748,5.9335,7.8382,35975,0
20081017,7.3179,7.9406,7.3179,7.8382,37005,0
20081020,7.0982,7.296,6.754,7.2373,66400,0
20081021,7.1421,7.4718,7.0761,7.3986,43517,0
20081022,7.3179,7.3179,6.7758,6.8712,14677,0
20081023,7.0175,7.0323,6.5854,6.9809,16592,0
20081024,6.3218,6.754,6.2266,6.4097,46497,0
20081027,6.351,6.5854,6.1678,6.4462,12927,0
20081028,6.4901,6.7904,6.0726,6.6,55845,0
20081029,6.6,6.666,6.417,6.417,43086,0
20081030,6.5489,6.842,6.5489,6.5928,106299,0
20081031,6.6,6.893,6.6,6.8346,53156,0
20081103,6.6954,7.1789,6.6954,7.1789,77426,0
20081104,7.4131,7.5084,7.2668,7.3034,68862,0
20081105,7.2886,7.3986,7.1569,7.3034,24784,0
20081106,7.1276,7.1276,6.6,6.7099,23457,0
20081107,6.5417,6.6586,6.3145,6.4537,106431,0
20081110,6.5782,6.6,6.2631,6.3874,83988,0
20081111,6.395,6.395,6.2338,6.2338,79833,0
20081112,6.2338,6.2338,5.8456,5.8675,69229,0
20081113,5.9556,6.058,5.6113,6.0435,82589,0
20081114,5.8749,6.197,5.8749,5.9701,36999,0
20081117,5.9701,5.9701,5.6626,5.6626,40566,0
20081118,5.5453,5.9629,5.3401,5.6404,49066,0
20081119,5.6404,5.7283,5.223,5.3254,43130,0
20081120,5.1277,5.2376,4.908,5.113,62846,0
20081121,5.0544,5.0544,4.6149,4.8567,75337,0
20081124,5.0544,5.2523,5.0544,5.1717,97225,0
20081125,5.2449,5.406,5.1349,5.3915,92605,0
20081126,5.4941,5.8749,5.4941,5.7283,37028,0
20081128,5.7504,5.8823,5.7504,5.8823,15562,0
20081201,5.677,5.677,5.4941,5.5379,29012,0
20081202,5.9774,6.0801,5.6626,5.9115,156325,0
20081203,5.8602,6.7394,5.8602,6.2119,62349,0
20081204,6.19,6.2851,6.0289,6.0875,38805,0
20081205,6.0801,6.417,5.9335,6.2119,68440,0
20081208,6.6807,6.9736,6.3874,6.9736,47559,0
20081209,6.8491,6.9004,6.688,6.8198,51423,0
20081210,6.805,7.8382,6.688,7.0104,76792,0
20081211,6.9591,7.0761,6.7246,6.7465,33868,0
20081212,6.6807,6.9296,6.6,6.7394,36790,0
20081215,7.2373,7.2373,6.4023,6.5196,60564,0
20081216,6.6,6.893,6.2266,6.8272,126225,0
20081217,6.5489,6.9809,6.5049,6.7465,202943,0
20081218,6.9151,6.9665,6.3291,6.3291,90001,0
20081219,6.622,6.7684,6.146,6.395,160065,0
20081222,6.4609,6.4901,6.2631,6.483,184669,0
20081223,6.5928,6.9372,6.3874,6.644,217664,0
20081224,6.7246,7.3253,6.5709,7.2886,195556,0
20081226,7.3546,7.7647,7.0982,7.4718,154014,0
20081229,7.4572,7.4572,7.0616,7.0835,71860,0
20081230,7.2007,7.3912,7.0761,7.2156,43439,0
20081231,7.5084,7.7062,7.1056,7.2373,79517,0
20090102,7.3912,7.5454,7.2739,7.4059,17204,0
20090105,7.5454,7.6331,7.4059,7.5817,15171,0
20090106,7.5306,7.9994,7.5156,7.5817,55272,0
20090107,7.5817,7.7355,7.3619,7.3692,56568,0
20090108,7.4718,7.5231,7.3326,7.4865,37122,0
20090109,7.6183,7.9186,7.5084,7.8382,54513,0
20090112,7.6768,7.8601,7.5524,7.7283,21240,0
20090113,7.5454,7.9479,7.5454,7.6255,36226,0
20090114,7.5454,7.5669,7.3253,7.3471,25553,0
20090115,7.186,7.5669,7.0469,7.3253,69480,0
20090116,7.3253,7.3253,6.8491,7.0761,50027,0
20090120,7.0688,7.0688,6.842,6.9591,15771,0
20090121,7.2521,7.2521,7.1056,7.1789,26456,0
20090122,7.0323,7.2226,6.732,6.805,57562,0
20090123,6.4755,6.842,6.4755,6.7099,23692,0
20090126,6.7246,6.805,6.7026,6.805,15132,0
20090127,10.988,10.988,6.8564,6.9225,30172,0
20090128,7.3912,7.4718,7.1056,7.1789,24368,0
20090129,7.1349,7.6549,7.1349,7.1421,52215,0
20090130,7.4131,7.4352,7.1789,7.1935,19435,0
20090202,7.3034,7.3253,6.9736,7.296,24870,0
20090203,7.1641,7.3546,7.0323,7.2594,21909,0
20090204,7.1789,7.2739,7.0323,7.0395,42866,0
20090205,7.0323,7.3986,6.9151,7.2594,41073,0
20090206,7.3765,7.5084,7.1421,7.3912,46711,0
20090209,7.3546,7.4718,6.4755,7.1789,40983,0
20090210,7.0469,7.1056,6.7758,6.9665,38395,0
20090211,7.0104,7.0175,6.8564,6.9151,12844,0
20090212,6.8859,6.8859,6.5417,6.7099,39644,0
20090213,6.7394,6.842,6.3803,6.7684,46010,0
20090217,6.5928,6.622,6.2631,6.2998,53710,0
20090218,6.0435,6.1385,5.8015,5.9629,61186,0
20090219,6.014,6.014,5.6479,5.6479,15833,0
20090220,5.3768,5.5819,5.2523,5.4207,79306,0
20090223,5.6844,5.7796,5.2302,5.2449,29420,0
20090224,5.223,5.5819,5.0544,5.5673,44222,0
20090225,5.5598,5.7358,5.4941,5.7358,25553,0
20090226,5.7944,5.9115,5.6331,5.6479,47917,0
20090227,5.406,5.7358,5.406,5.5305,21495,0
20090302,5.3254,5.3841,5.0324,5.0324,51482,0
20090303,4.9593,4.9958,4.2998,4.7615,69728,0
20090304,4.7029,5.0105,4.6735,4.9445,51699,0
20090305,4.6369,4.8127,4.6076,4.6882,51481,0
20090306,4.6808,4.8054,4.5564,4.5784,13448,0
20090309,4.5712,4.7101,4.5712,4.659,18423,0
20090310,4.7761,5.069,4.7761,5.0544,25915,0
20090311,5.2376,5.3181,4.9958,5.2154,43581,0
20090312,5.1498,5.4207,5.1498,5.3621,39909,0
20090313,5.3474,5.4719,5.3108,5.4719,14647,0
20090316,5.4866,5.7283,5.45,5.4941,52940,0
20090317,5.4207,5.6331,5.4207,5.6113,27426,0
20090318,5.5745,5.7944,5.5745,5.7723,15607,0
20090319,5.8089,6.1678,5.8015,5.8749,39772,0
20090320,5.8383,5.9482,5.787,5.787,38399,0
20090323,5.9774,5.9774,5.8602,5.9774,25454,0
20090324,6.014,6.3071,5.9701,6.2266,60543,0
20090325,6.2925,6.2925,5.9774,6.1533,53075,0
20090326,6.2925,6.3364,6.1678,6.2851,44340,0
20090327,6.3364,6.4389,6.2631,6.4243,20781,0
20090330,6.351,6.4901,6.2413,6.3145,18424,0
20090331,6.4683,6.4975,6.1533,6.4683,32401,0
20090401,6.3145,6.373,6.2045,6.2559,19590,0
20090402,6.4462,6.7758,6.4023,6.5635,77904,0
20090403,6.5121,6.5928,6.4097,6.5341,41586,0
20090406,6.373,6.7026,6.3584,6.7026,20209,0
20090407,6.8272,6.8272,6.5928,6.7832,52224,0
20090408,6.5049,6.8272,6.5049,6.7465,43597,0
20090409,6.8126,7.186,6.8126,7.0761,38627,0
20090413,7.1349,7.3253,7.0323,7.186,40252,0
20090414,7.1789,7.2521,7.0323,7.1789,39474,0
20090415,7.2082,7.2739,6.9736,7.2739,56964,0
20090416,7.2739,7.5377,7.1569,7.3253,71339,0
20090417,7.4718,7.4718,7.2156,7.4206,45690,0
20090420,7.2373,7.4059,7.2373,7.3253,37074,0
20090421,7.3986,7.7647,7.34,7.6842,62755,0
20090422,7.3546,7.3619,7.091,7.091,77573,0
20090423,7.1569,7.1569,6.5417,6.5635,45947,0
20090424,6.622,6.7026,6.5561,6.7026,42541,0
20090427,6.7758,6.8346,6.5635,6.7394,26697,0
20090428,6.6294,6.7172,6.5928,6.5928,19693,0
20090429,6.5635,6.9225,6.5635,6.7026,44790,0
20090430,6.8785,6.8785,6.5635,6.7026,57395,0
20090501,6.7394,6.8785,6.7246,6.8712,20859,0
20090504,6.8272,7.1496,6.7684,6.8126,54622,0
20090505,6.8638,6.9591,6.5341,6.6514,75501,0
20090506,6.7246,6.8272,6.6586,6.8272,39288,0
20090507,6.9372,6.9372,6.7684,6.7758,18086,0
20090508,6.8785,6.9591,6.7758,6.8712,29659,0
20090511,6.9004,6.9225,6.7979,6.9225,20986,0
20090512,6.9591,6.9591,6.6954,6.8491,31778,0
20090513,6.754,6.9517,6.754,6.8859,38929,0
20090514,7.0541,7.0541,6.8638,6.9517,37443,0
20090515,7.4499,7.4499,6.7758,6.9372,57835,0
20090518,6.9591,7.1056,6.9151,6.9883,73322,0
20090519,7.1056,7.1569,7.0031,7.0541,34052,0
20090520,7.0395,7.2226,7.0104,7.1789,57888,0
20090521,7.7135,7.7135,6.9883,7.091,38666,0
20090522,7.091,7.2814,6.9665,7.1569,32147,0
20090526,7.1641,7.2521,6.9809,7.0835,40727,0
20090527,7.1421,7.2156,7.0688,7.2007,15822,0
20090528,7.2156,7.2156,7.1421,7.1496,17365,0
20090529,7.1202,7.3912,7.1202,7.34,39163,0
20090601,7.7211,8.2995,7.1202,7.4059,78500,0
20090602,7.3619,7.4131,7.1789,7.3471,45312,0
20090603,7.4718,7.5964,7.3253,7.34,53424,0
20090604,7.3838,7.6183,7.3692,7.4865,47260,0
20090605,7.5744,7.6255,7.3986,7.4718,51455,0
20090608,7.4936,7.5377,7.4572,7.4572,17978,0
20090609,7.5084,7.6768,7.4499,7.4792,25956,0
20090610,7.5597,7.7647,7.5306,7.7502,60006,0
20090611,7.7868,8.3948,7.7062,8.0652,96088,0
20090612,8.2116,8.7976,7.9846,8.5338,245524,0
20090615,8.3142,8.4899,8.1458,8.1531,44997,0
20090616,8.2041,8.2849,8.0506,8.0506,22680,0
20090617,7.8382,7.9627,7.4865,7.5597,56468,0
20090618,7.4059,7.6549,7.3986,7.4425,38656,0
20090619,7.7647,7.7647,7.2668,7.3326,44741,0
20090622,7.1496,7.1569,7.0323,7.1202,32295,0
20090623,7.3253,7.3253,7.0323,7.0469,41063,0
20090624,7.2668,7.5231,7.1421,7.4572,63619,0
20090625,7.4131,7.6622,7.1935,7.5454,90424,0
20090626,7.6183,7.904,7.6036,7.8382,54042,0
20090629,7.9406,8.0432,7.6916,7.7429,58127,0
20090630,7.6696,7.9479,7.6696,7.9113,42487,0
20090701,8.1238,8.2409,7.9994,8.2409,75989,0
20090702,8.2409,8.5706,8.0944,8.1603,110980,0
20090706,8.2041,8.2041,7.5084,7.699,93101,0
20090707,7.7135,7.7135,7.2668,7.3546,70542,0
20090708,7.4865,7.6768,7.3619,7.6768,47192,0
20090709,7.6768,8.0141,7.6768,7.926,22131,0
20090710,7.8088,7.9553,7.6842,7.9331,37144,0
20090713,7.9331,8.0578,7.8528,8.0211,38233,0
20090714,8.0652,8.4241,8.0652,8.2701,97117,0
20090715,8.4168,8.6437,8.307,8.4753,81861,0
20090716,8.4606,8.7902,8.3655,8.6805,54210,0
20090717,8.3726,8.7171,8.3655,8.7171,44657,0
20090720,8.7465,9.1422,8.7465,9.0542,134843,0
20090721,9.522,9.522,8.5338,8.9955,231374,0
20090722,8.4241,8.5265,7.7135,8.0944,193137,0
20090723,8.1751,8.2776,7.97,7.9846,59185,0
20090724,7.9846,8.0944,7.2594,7.8454,42866,0
20090727,7.7429,7.7647,7.4718,7.7283,58639,0
20090728,7.8306,8.2701,7.8306,8.1312,76400,0
20090729,8.0873,8.1751,8.0432,8.1531,39204,0
20090730,8.2335,8.3655,8.219,8.2776,48258,0
20090731,8.3436,8.3726,8.1531,8.2776,40281,0
20090803,8.2701,8.4241,8.2701,8.3948,39602,0
20090804,8.3948,8.5412,8.3506,8.4535,45341,0
20090805,8.3802,8.3802,8.1751,8.2556,36779,0
20090806,8.2409,8.3142,8.2409,8.307,18504,0
20090807,8.4535,8.5706,8.3802,8.5559,32407,0
20090810,8.5338,8.5559,8.2776,8.2776,27111,0
20090811,8.2628,8.4606,7.9113,8.1531,61329,0
20090812,8.0726,8.219,8.0726,8.197,19722,0
20090813,8.1165,8.5632,8.1165,8.5192,56766,0
20090814,8.4535,8.5632,8.4241,8.4315,50993,0
20090817,8.3506,8.3506,7.7942,7.8382,43316,0
20090818,7.8382,7.8965,7.6183,7.7795,65164,0
20090819,7.7942,7.8965,7.6401,7.6768,73168,0
20090820,7.7355,7.7868,7.6842,7.6916,149564,0
20090821,7.7429,7.8894,7.699,7.7795,97547,0
20090824,7.926,8.1531,7.8965,8.0432,38700,0
20090825,8.0726,8.1896,8.0726,8.1603,18257,0
20090826,8.1312,8.4168,8.1312,8.2995,44431,0
20090827,8.3506,8.3506,8.1677,8.329,30605,0
20090828,8.329,8.5046,8.307,8.468,31101,0
20090831,8.4606,8.4606,8.1089,8.2481,46379,0
20090901,8.1896,8.4168,8.0359,8.0944,55511,0
20090902,8.0211,8.0211,7.7283,7.8016,67920,0
20090903,7.8016,7.9994,7.4059,7.7647,184759,0
20090904,7.8382,7.97,7.7647,7.9186,58032,0
20090908,8.1238,8.2263,7.9331,8.2263,44662,0
20090909,8.3876,8.5779,8.2116,8.4972,105894,0
20090910,8.5706,8.7024,8.5338,8.6876,49897,0
20090911,8.7611,8.9075,8.5265,8.5559,44483,0
20090914,8.5192,8.7683,8.468,8.6876,34815,0
20090915,8.871,8.9223,8.5706,8.5706,76166,0
20090916,8.5559,8.8491,8.5265,8.6513,94191,0
20090917,8.6437,8.7246,8.4021,8.4462,143477,0
20090918,8.6437,8.6437,8.3726,8.3876,89460,0
20090921,8.3802,8.6,8.2922,8.5486,107867,0
20090922,8.5706,8.9297,8.5706,8.8417,111690,0
20090923,8.8417,9.0977,8.7536,9.04,67321,0
20090924,8.9075,9.1052,8.7902,9.0616,105188,0
20090925,9.0834,9.1204,8.871,9.0465,74987,0
20090928,9.1129,9.4712,9.1129,9.4653,106598,0
20090929,9.4123,9.508,9.2442,9.501,101212,0
20090930,9.4869,9.845,9.4575,9.808,63248,0
20091001,9.743,9.743,9.3106,9.3545,56207,0
20091002,9.3319,9.3319,8.6805,8.871,145959,0
20091005,8.8783,9.2519,8.8783,9.2297,56774,0
20091006,9.1719,9.522,9.1719,9.274,70724,0
20091007,9.3184,9.3613,9.0911,9.2808,45546,0
20091008,9.3613,9.3829,9.1345,9.3613,31597,0
20091009,9.516,9.859,9.3397,9.4496,63220,0
20091012,9.545,9.706,9.516,9.626,49248,0
20091013,9.626,9.816,9.596,9.669,61789,0
20091014,9.743,9.911,9.3184,9.787,126103,0
20091015,9.669,10.11,9.669,10.11,219273,0
20091016,10.051,10.24,9.904,10.24,175547,0
20091019,10.24,10.248,9.976,10.24,178065,0
20091020,10.256,10.307,9.779,10.271,164623,0
20091021,9.962,9.962,9.508,9.508,121658,0
20091022,9.501,9.692,9.501,9.574,75379,0
20091023,9.677,9.684,9.1931,9.2596,56541,0
20091026,9.3397,9.3397,8.7465,8.7902,192073,0
20091027,8.7902,9.04,8.5121,8.6219,162794,0
20091028,8.2481,8.9223,8.2481,8.7317,109786,0
20091029,8.7756,8.8636,8.7099,8.7536,88495,0
20091030,8.7902,8.7902,7.9113,8.0141,189299,0
20091102,8.0652,8.2628,7.9479,8.2628,84545,0
20091103,8.2628,8.7246,8.1089,8.629,106077,0
20091104,8.7465,9.0542,8.4899,8.5338,58051,0
20091105,8.6144,9.0542,8.5632,8.9662,220455,0
20091106,9.0106,9.0683,8.7902,9.0683,39869,0
20091109,9.4202,9.522,9.1204,9.2519,56468,0
20091110,9.2365,9.2596,8.871,8.9807,114162,0
20091111,9.1422,9.1422,8.8636,8.9441,95771,0
20091112,8.9297,8.9368,8.6219,8.7099,331180,0
20091113,8.7465,8.8636,8.6219,8.7171,282156,0
20091116,8.8417,8.8636,8.6876,8.7317,94846,0
20091117,8.7756,8.871,8.6366,8.7024,208813,0
20091118,8.6219,8.7246,8.5926,8.6731,102598,0
20091119,8.7024,8.7024,8.468,8.6586,56428,0
20091120,8.6586,8.6952,8.5779,8.6366,57376,0
20091123,8.7465,8.7683,8.6876,8.7391,27935,0
20091124,8.7536,8.8491,8.7099,8.8417,58250,0
20091125,8.8344,8.8783,8.805,8.8636,21010,0
20091127,8.7976,8.8856,8.7831,8.8636,15345,0
20091130,8.8269,8.9807,8.7683,8.9223,48601,0
20091201,9.0911,9.0911,8.8196,8.8783,83499,0
20091202,8.9662,8.9736,8.6366,8.6659,83027,0
20091203,8.7536,8.8636,8.6073,8.7902,66594,0
20091204,8.9297,8.9297,8.7611,8.8417,44108,0
20091207,8.8491,9.0683,8.7902,8.9736,40203,0
20091208,9.0911,9.1052,8.8122,8.8491,55078,0
20091209,8.8636,8.9441,8.8122,8.8562,53481,0
20091210,8.9441,9.04,8.871,8.9515,60896,0
20091211,9.0683,9.1565,8.9807,8.988,78598,0
20091214,9.0031,9.076,8.7976,8.9515,202856,0
20091215,8.9297,9.04,8.9075,9.0173,156205,0
20091216,8.9807,9.1565,8.9587,9.1565,132509,0
20091217,9.1719,9.223,9.0324,9.1565,41108,0
20091218,9.223,9.223,9.0911,9.1052,62977,0
20091221,9.223,9.223,9.1204,9.1931,65995,0
20091222,9.2008,9.2297,9.1854,9.2297,59650,0
20091223,9.2008,9.303,9.2008,9.2442,81628,0
20091224,9.2442,9.303,9.2297,9.2952,16913,0
20091228,9.303,9.3829,9.2365,9.3184,82808,0
20091229,9.325,9.325,9.2297,9.2808,56012,0
20091230,9.2596,9.303,9.2297,9.2596,34755,0
20091231,9.2808,9.3319,9.1642,9.2519,45342,0
20100104,9.479,9.596,9.3613,9.522,86477,0
20100105,9.4712,9.992,9.4712,9.713,115680,0
20100106,9.743,9.853,9.669,9.743,118662,0
20100107,9.823,10.138,9.743,9.757,136624,0
20100108,9.721,9.794,9.669,9.684,60866,0
20100111,9.64,9.736,9.626,9.64,75633,0
20100112,9.626,9.655,9.4869,9.596,99140,0
20100113,9.662,9.808,9.655,9.779,117364,0
20100114,9.779,9.948,9.765,9.925,170838,0
20100115,9.867,9.925,9.749,9.808,111680,0
20100119,9.867,10,9.757,9.962,290960,0
20100120,9.962,10.094,9.897,10.013,412215,0
20100121,9.772,9.772,9.1642,9.3829,183123,0
20100122,9.4928,9.4928,8.8929,8.9297,106433,0
20100125,9.1488,9.1642,8.8636,8.8856,58212,0
20100126,8.9587,9.2596,8.9515,9.0248,64560,0
20100127,8.9075,9.0465,8.8344,8.9002,93489,0
20100128,9.0173,9.3106,9.0173,9.1422,76876,0
20100129,9.2153,9.2153,9.0324,9.0834,55348,0
20100201,9.1129,9.1787,8.9515,9.0834,55856,0
20100202,9.1642,9.3106,9.04,9.2442,102324,0
20100203,9.2297,9.3106,9.1565,9.223,41716,0
20100204,9.223,9.2808,8.9075,9.0616,88379,0
20100205,9.0911,9.0977,8.307,8.5779,135687,0
20100208,8.6805,8.7317,8.4899,8.6219,43260,0
20100209,8.7246,9.1565,8.7246,9.127,92256,0
20100210,9.127,9.2952,9.0616,9.1642,76790,0
20100211,9.1642,9.223,8.9368,9.0616,58868,0
20100212,9.0106,9.1642,8.9515,9.0683,66437,0
20100216,9.1854,9.2153,8.8122,8.9807,153945,0
20100217,8.9807,9.04,8.9002,8.9368,55071,0
20100218,8.988,9.0173,8.8417,8.9515,71697,0
20100219,9.0031,9.0248,8.8636,9.0031,56399,0
20100222,8.9368,9.1931,8.9368,9.127,75908,0
20100223,9.0465,9.3908,9.0465,9.303,52583,0
20100224,9.3545,9.3613,9.2519,9.3476,36366,0
20100225,9.303,9.3908,9.1787,9.2365,49205,0
20100226,9.2297,9.303,9.1642,9.2153,61513,0
20100301,9.274,9.3476,9.2442,9.325,46063,0
20100302,9.3184,9.3692,9.303,9.3106,40053,0
20100303,9.3692,9.522,9.3106,9.516,43354,0
20100304,9.669,9.706,9.4928,9.581,75745,0
20100305,9.596,9.794,9.581,9.743,67996,0
20100308,9.743,9.874,9.559,9.692,86812,0
20100309,9.684,9.706,9.633,9.633,41008,0
20100310,9.684,9.808,9.684,9.743,105818,0
20100311,9.772,9.794,9.633,9.794,108541,0
20100312,9.808,9.874,9.787,9.845,44153,0
20100315,9.831,9.89,9.743,9.874,61518,0
20100316,9.823,10.035,9.823,9.976,106397,0
20100317,10,10.138,10,10.064,61072,0
20100318,10.11,10.256,10.11,10.161,65266,0
20100319,10.168,10.226,9.662,10.028,98251,0
20100322,9.89,10.248,9.89,10.161,53132,0
20100323,10.226,10.226,10.021,10.064,81211,0
20100324,10.094,10.168,9.948,9.948,62748,0
20100325,9.962,10,9.831,9.89,70421,0
20100326,9.89,9.992,9.853,9.948,48996,0
20100329,10.028,10.11,9.984,10.064,37589,0
20100330,10,10.11,9.976,10.094,45897,0
20100331,10.064,10.248,10.035,10.22,35430,0
20100401,10.248,10.401,10.226,10.401,61153,0
20100405,10.438,10.438,10.22,10.35,64630,0
20100406,10.38,10.586,10.299,10.57,66505,0
20100407,10.614,10.614,10.534,10.57,60264,0
20100408,10.614,10.673,10.548,10.673,73336,0
20100409,10.665,10.761,10.586,10.694,170781,0
20100412,10.775,10.878,10.658,10.791,96190,0
20100413,9.845,9.845,8.9736,9.4869,575677,0
20100414,9.4123,9.538,9.3184,9.4869,187369,0
20100415,9.545,9.669,9.516,9.596,119134,0
20100416,9.61,9.838,9.61,9.743,128604,0
20100419,9.787,9.89,9.684,9.692,133768,0
20100420,9.801,9.816,9.4123,9.538,136052,0
20100421,9.3829,9.4123,9.1204,9.1931,126372,0
20100422,9.04,9.127,8.805,8.8122,150166,0
20100423,8.813,9.0239,8.813,9.0239,104299,0
20100426,9.076,9.1129,8.9002,9.1052,130895,0
20100427,9.1052,9.2085,8.9149,8.9955,75428,0
20100428,8.9955,9.0977,8.9515,8.9955,60512,0
20100429,9.1422,9.1422,8.9587,8.9736,47952,0
20100430,9.0683,9.0683,8.7391,8.7756,62624,0
20100503,8.8856,8.8856,8.7391,8.7976,64305,0
20100504,8.7902,8.7902,8.6073,8.6144,74203,0
20100505,8.5338,8.5338,8.2776,8.3581,66798,0
20100506,8.2776,8.329,6.9151,7.5084,200755,0
20100507,7.5817,9.1422,7.5454,8.5926,294822,0
20100510,8.871,8.9955,8.6437,8.6437,138247,0
20100511,8.7024,8.7611,8.1603,8.307,100237,0
20100512,8.4021,8.6073,8.307,8.6073,58075,0
20100513,8.4972,8.6805,8.4387,8.5192,30484,0
20100514,8.4241,8.4241,8.1017,8.2776,71936,0
20100517,8.1896,8.2409,7.7283,8.0286,104720,0
20100518,8.0359,8.1089,7.8965,7.9331,53485,0
20100519,7.8306,7.8454,7.5454,7.6331,72728,0
20100520,7.5084,7.5156,6.9296,7.2446,123980,0
20100521,7.0835,7.3034,6.8346,7.2156,153963,0
20100524,7.2594,7.3838,7.2156,7.2668,38770,0
20100525,7.1715,7.3986,6.9591,7.3546,73330,0
20100526,7.5231,7.6255,7.3546,7.3912,48414,0
20100527,7.5524,7.6696,7.5231,7.5817,25877,0
20100528,7.5964,7.6622,7.4718,7.4936,74492,0
20100601,7.5084,7.5964,7.4352,7.4718,26599,0
20100602,7.4352,7.5891,7.3253,7.5377,28751,0
20100603,7.6696,7.6696,7.4499,7.6401,32447,0
20100604,7.6183,7.6183,7.501,7.5231,45094,0
20100607,7.6549,7.6696,7.501,7.5454,64237,0
20100608,7.6549,7.6549,7.5084,7.5524,36483,0
20100609,7.6696,7.7647,7.5891,7.6768,32533,0
20100610,7.6549,7.772,7.6331,7.7429,44379,0
20100611,7.6183,7.8016,7.5817,7.6916,27146,0
20100614,7.7647,7.8454,7.7211,7.772,39724,0
20100615,7.9113,8.0211,7.8894,7.926,46899,0
20100616,7.926,8.0652,7.8748,8.0652,45236,0
20100617,8.0578,8.0578,7.904,7.9406,37547,0
20100618,8.0065,8.0286,7.8748,7.97,103914,0
20100621,7.9846,8.2116,7.9846,8.1165,52417,0
20100622,8.0797,8.2335,8.0797,8.1603,38600,0
20100623,8.1603,8.2335,8.1312,8.219,31909,0
20100624,8.2409,8.2409,8.1458,8.1458,40920,0
20100625,8.1603,8.1603,7.7135,7.772,99271,0
20100628,7.772,7.8161,7.7429,7.7429,57735,0
20100629,7.5964,7.7429,7.4718,7.5084,72208,0
20100630,7.4683,7.596,7.3556,7.4306,140947,0
20100701,7.3765,7.3765,7.0688,7.2446,78302,0
20100702,7.3253,7.3253,7.1569,7.2521,42033,0
20100706,7.2668,7.4352,7.2226,7.3179,56545,0
20100707,7.3912,7.611,7.3546,7.611,87484,0
20100708,7.699,7.8016,7.699,7.7647,55219,0
20100709,7.7211,8.0944,7.7062,8.0944,97111,0
20100712,8.3506,8.3506,8.0211,8.3506,129628,0
20100713,8.4094,8.4535,8.2776,8.3726,34877,0
20100714,8.4094,8.4094,8.2701,8.3436,65334,0
20100715,8.3506,8.4606,8.1751,8.4094,112107,0
20100716,8.4315,8.4315,8.2263,8.3802,50204,0
20100719,8.3581,8.3876,8.2776,8.2922,64367,0
20100720,8.3215,8.3362,8.0873,8.2409,139213,0
20100721,7.9553,7.9919,7.5744,7.5744,92499,0
20100722,7.6842,7.8016,7.6401,7.6622,52148,0
20100723,7.6475,7.7135,7.4718,7.6255,89357,0
20100726,7.5891,7.8674,7.5744,7.8674,48461,0
20100727,7.9186,7.9186,7.6331,7.6475,88357,0
20100728,7.6475,7.6475,7.5156,7.5817,46238,0
20100729,7.6622,7.7283,7.5084,7.5964,37070,0
20100730,7.6401,7.6401,7.5084,7.6255,24661,0
20100802,7.6183,7.772,7.6183,7.699,21507,0
20100803,7.6183,7.772,7.501,7.772,69481,0
20100804,7.7502,7.7502,7.5084,7.611,86723,0
20100805,7.5597,7.6768,7.5084,7.6401,56718,0
20100806,7.6475,7.6475,7.4352,7.5377,55806,0
20100809,7.6475,7.6475,7.4645,7.5084,73280,0
20100810,7.5231,7.5377,7.4352,7.5306,25267,0
20100811,7.4936,7.4936,7.3692,7.4572,37918,0
20100812,7.3619,7.4718,7.3619,7.4352,35021,0
20100813,7.4352,7.501,7.4059,7.4572,71893,0
20100816,7.4059,7.5231,7.4059,7.5084,44065,0
20100817,7.5454,7.8674,7.5454,7.8161,144418,0
20100818,7.8528,8.0359,7.8016,7.8382,128999,0
20100819,7.9113,7.9113,7.6255,7.8235,58178,0
20100820,7.7211,7.8306,7.6842,7.6916,62631,0
20100823,7.7062,7.7211,7.5891,7.6622,36394,0
20100824,7.5964,7.6622,7.5306,7.5817,37558,0
20100825,7.5817,7.5964,7.4572,7.5891,60196,0
20100826,7.6255,7.6768,7.4792,7.5454,34167,0
20100827,7.5524,7.6036,7.4572,7.5964,29327,0
20100830,7.6183,7.6331,7.428,7.4499,53290,0
20100831,7.4984,7.4984,7.3781,7.4984,63143,0
20100901,7.5597,7.6331,7.4572,7.4645,106867,0
20100902,7.4718,7.4718,7.3692,7.3912,80245,0
20100903,7.4572,7.501,7.4352,7.4718,58868,0
20100907,7.4718,7.5231,7.4131,7.4718,27126,0
20100908,7.4499,7.5306,7.4425,7.5084,34492,0
20100909,7.611,7.6916,7.5231,7.6696,88613,0
20100910,7.6475,7.7211,7.6331,7.7211,42694,0
20100913,7.7355,7.8382,7.611,7.7355,72842,0
20100914,7.772,7.772,7.611,7.6696,27240,0
20100915,7.611,7.6842,7.611,7.6401,18531,0
20100916,7.5744,7.7135,7.5597,7.6401,45895,0
20100917,7.6696,7.7062,7.6183,7.6549,40049,0
20100920,7.6549,7.8382,7.6401,7.8088,66408,0
20100921,7.8088,7.8161,7.6916,7.7502,49577,0
20100922,7.7647,7.8016,7.7283,7.7795,36140,0
20100923,7.7355,7.8016,7.6331,7.6696,63494,0
20100924,7.7429,7.9406,7.7062,7.772,63440,0
20100927,7.8454,7.8674,7.699,7.7795,99769,0
20100928,7.7647,7.8748,7.7647,7.8528,97037,0
20100929,7.882,7.8894,7.8016,7.8016,91506,0
20100930,7.8454,7.8748,7.8016,7.8382,52757,0
20101001,7.8748,7.8894,7.8088,7.8674,27138,0
20101004,7.9113,7.9113,7.8016,7.8528,20033,0
20101005,7.9113,8.0432,7.8894,7.97,59171,0
20101006,7.9772,8.0506,7.9627,7.97,40625,0
20101007,8.0065,8.0944,7.9406,8.0578,81561,0
20101008,8.0578,8.1896,8.0506,8.1386,92961,0
20101011,8.1751,8.2263,8.1312,8.1751,90468,0
20101012,8.1386,8.1824,8.1312,8.1312,55607,0
20101013,8.1896,8.219,8.1312,8.1312,127775,0
20101014,8.1824,8.2041,8.1312,8.2041,96428,0
20101015,8.197,8.197,8.1386,8.1531,58855,0
20101018,8.197,8.197,8.1312,8.1386,117946,0
20101019,8.1531,8.1677,8.0286,8.0359,95648,0
20101020,8.0578,8.1165,8.0065,8.0065,134354,0
20101021,7.6255,7.7795,7.6036,7.7355,191698,0
20101022,7.7942,7.8382,7.6916,7.7429,59449,0
20101025,7.7429,7.8382,7.6183,7.7647,92524,0
20101026,7.772,7.772,7.6255,7.6622,74054,0
20101027,7.7062,7.7062,7.611,7.6842,29424,0
20101028,7.7211,7.7283,7.6255,7.7135,53480,0
20101029,7.6923,7.8,7.6463,7.8,85157,0
20101101,7.904,7.904,7.7283,7.8306,55816,0
20101102,7.8382,7.8382,7.7429,7.7868,41639,0
20101103,7.7211,7.882,7.6842,7.882,53306,0
20101104,7.9479,7.9479,7.7942,7.8748,106890,0
20101105,7.8306,7.9479,7.8088,7.926,125529,0
20101108,7.9479,7.9479,7.8674,7.9331,63908,0
20101109,7.9406,7.97,7.8601,7.9331,67687,0
20101110,7.9846,7.9846,7.8161,7.8235,84035,0
20101111,7.7576,7.8088,7.7576,7.8088,19313,0
20101112,7.8306,7.8306,7.6916,7.6916,22840,0
20101115,7.7283,7.8088,7.6622,7.7502,57609,0
20101116,7.6842,7.6842,7.4352,7.6331,49249,0
20101117,7.5524,7.7135,7.5524,7.5817,35570,0
20101118,7.7211,7.8382,7.611,7.611,47168,0
20101119,7.6255,7.6842,7.5377,7.6622,81536,0
20101122,7.6916,7.7211,7.5964,7.7135,20476,0
20101123,7.7135,7.7135,7.5817,7.6183,17380,0
20101124,7.6401,7.6696,7.5817,7.6401,21435,0
20101126,7.5891,7.6401,7.5891,7.6036,12916,0
20101129,7.5817,7.6696,7.5817,7.6696,26432,0
20101130,7.6409,7.671,7.5885,7.671,19392,0
20101201,7.699,7.8382,7.6475,7.6916,81481,0
20101202,7.6475,7.7502,7.6475,7.7135,62564,0
20101203,7.6842,7.8601,7.6842,7.8601,56749,0
20101206,7.8748,7.8748,7.6255,7.7062,63457,0
20101207,7.8088,7.9113,7.699,7.7355,64344,0
20101208,7.7283,7.882,7.7283,7.882,58892,0
20101209,7.8528,7.926,7.6916,7.8894,34842,0
20101210,7.8894,8.0141,7.8748,7.97,37943,0
20101213,8.0578,8.0578,7.8382,7.9846,69330,0
20101214,8.0359,8.0359,7.9186,7.9331,59071,0
20101215,7.8965,7.9479,7.8454,7.8894,115465,0
20101216,7.8161,7.926,7.7211,7.882,153823,0
20101217,7.882,7.9113,7.7576,7.9113,40041,0
20101220,7.9186,8.0141,7.9186,7.9772,61022,0
20101221,7.9553,8.0726,7.9113,8.0359,56668,0
20101222,8.1089,8.1312,8.0432,8.1017,123837,0
20101223,8.1386,8.1386,8.0578,8.1017,57366,0
20101227,8.0797,8.1165,8.0211,8.0726,51761,0
20101228,8.0359,8.1531,8.0211,8.1312,63686,0
20101229,8.167,8.167,8.0543,8.1368,31963,0
20101230,8.0543,8.1594,8.0316,8.0693,52273,0
20101231,8.0875,8.1505,7.9848,8.0718,35159,0
20110103,8.219,8.2776,8.1677,8.2263,48355,0
20110104,8.329,8.3726,8.1677,8.3362,89199,0
20110105,8.3655,8.4387,8.2922,8.4387,57632,0
20110106,8.4462,8.4462,8.3876,8.4387,50793,0
20110107,8.4094,8.4535,8.3876,8.4094,46360,0
20110110,8.4462,8.4462,8.3948,8.4021,34568,0
20110111,8.4387,8.4462,8.3948,8.4094,60448,0
20110112,8.4168,8.4315,8.3581,8.4241,69885,0
20110113,8.2409,8.3362,7.8894,8.0286,285903,0
20110114,8.0726,8.2263,8.0141,8.0726,197267,0
20110118,8.0944,8.2849,8.0944,8.2849,81865,0
20110119,8.3506,8.3802,8.2041,8.2776,76846,0
20110120,8.3215,8.3215,8.1386,8.1824,62858,0
20110121,8.0432,8.0797,7.9186,7.9479,45548,0
20110124,7.9479,8.1458,7.9113,8.1089,111720,0
20110125,8.0652,8.1238,7.9994,8.0797,35163,0
20110126,8.1089,8.1677,8.0286,8.0797,45860,0
20110127,8.0578,8.0652,7.9553,8.0286,48553,0
20110128,8.0432,8.1238,7.7942,7.8748,68076,0
20110131,7.9296,7.9455,7.8746,7.9376,51047,0
20110201,8.0141,8.1089,7.97,8.1017,93327,0
20110202,8.1312,8.1312,8.0652,8.1238,27275,0
20110203,8.1165,8.1165,7.9772,8.0578,59414,0
20110204,8.0726,8.0726,8.0065,8.0578,39968,0
20110207,8.1238,8.1603,8.0578,8.1531,58667,0
20110208,8.0873,8.1677,8.0873,8.1677,22718,0
20110209,8.1089,8.1603,8.1017,8.1603,20909,0
20110210,8.0578,8.1531,8.0506,8.0506,48135,0
20110211,8.0652,8.1312,8.0652,8.0944,29625,0
20110214,8.0652,8.0873,7.9479,8.0873,67386,0
20110215,8.0578,8.0944,8.0211,8.0578,22517,0
20110216,8.0578,8.1312,7.9994,8.1312,33789,0
20110218,8.1386,8.1677,7.9553,8.1312,84607,0
20110222,8.0578,8.1089,7.9994,8.0211,57822,0
20110223,8.0141,8.0432,7.7062,7.8088,101477,0
20110224,7.8382,7.8601,7.7135,7.7502,36848,0
20110225,7.8161,7.8748,7.7502,7.7795,50680,0
20110228,7.8439,7.8815,7.7987,7.8439,41499,0
20110301,7.8439,7.8665,7.7538,7.7538,46093,0
20110302,7.7647,7.8528,7.7647,7.8454,44664,0
20110303,7.9406,8.0065,7.8674,7.9994,45337,0
20110304,7.9919,8.0359,7.8528,7.8748,40925,0
20110307,7.8748,7.9479,7.8601,7.8601,24272,0
20110308,7.8601,7.9772,7.8306,7.9479,36638,0
20110309,7.8748,8.0432,7.8748,8.0065,58151,0
20110310,7.9186,7.926,7.8528,7.9113,30344,0
20110311,7.7942,8.0286,7.7942,7.9994,35639,0
20110314,7.8965,8.0286,7.8965,7.97,27109,0
20110315,7.8382,7.9627,7.8161,7.9479,70889,0
20110316,7.9406,7.9553,7.8088,7.8674,42322,0
20110317,7.859,8.0091,7.859,7.9792,50962,0
20110318,7.9994,8.0432,7.9186,7.926,26497,0
20110321,7.9772,8.0432,7.9772,8.0359,13991,0
20110322,8.0211,8.0506,8.0065,8.0506,29318,0
20110323,8.0506,8.0797,8.0141,8.0726,19381,0
20110324,8.0286,8.1165,8.0211,8.0506,55168,0
20110325,8.1144,8.1293,8.077,8.1293,28632,0
20110328,8.0944,8.1458,8.0944,8.1386,40541,0
20110329,8.1238,8.1386,8.0652,8.1386,52146,0
20110330,8.1312,8.2409,8.1312,8.2263,67010,0
20110331,8.1981,8.2612,8.1664,8.2612,38362,0
20110401,8.2498,8.3399,8.2346,8.3323,68562,0
20110404,8.3215,8.4241,8.2776,8.4241,50125,0
20110405,8.4074,8.445,8.3549,8.4225,63588,0
20110406,8.4315,8.4462,8.3726,8.4168,34941,0
20110407,8.3847,8.4149,8.3246,8.3549,27415,0
20110408,8.3473,8.3998,8.2796,8.3096,60761,0
20110411,8.3142,8.3362,8.2776,8.2995,42130,0
20110412,8.2044,8.2498,8.167,8.2268,28651,0
20110413,8.2498,8.3473,8.2498,8.2571,41397,0
20110414,8.2268,8.2571,8.212,8.2498,23693,0
20110415,8.2571,8.2947,8.2421,8.2947,41824,0
20110418,8.2796,8.2796,8.197,8.197,35157,0
20110419,8.197,8.2947,8.1822,8.197,93352,0
20110420,8.2421,8.3173,8.1894,8.2346,36211,0
20110421,8.2571,8.3096,8.197,8.212,36126,0
20110425,8.2796,8.3022,8.2044,8.2421,44042,0
20110426,8.2421,8.2722,8.1519,8.1519,60431,0
20110427,8.1293,8.1443,8.0543,8.0843,102797,0
20110428,8.1067,8.1894,8.0994,8.1519,35827,0
20110429,8.1823,8.1901,8.135,8.1743,24305,0
20110502,8.2195,8.2421,8.0918,8.0994,43280,0
20110503,8.1218,8.1368,8.0393,8.1067,45971,0
20110504,8.1067,8.1519,8.0091,8.0994,31836,0
20110505,8.0543,8.0994,8.0242,8.0543,36024,0
20110506,8.0918,8.1594,8.0393,8.0543,25647,0
20110509,8.0843,8.0843,8.0242,8.0242,46504,0
20110510,8.077,8.1144,8.0393,8.1144,17825,0
20110511,8.1368,8.1368,7.9792,8.0316,42683,0
20110512,8.0468,8.077,7.964,8.0316,50530,0
20110513,8.0468,8.077,7.9114,7.9566,62510,0
20110516,7.964,8.0015,7.8439,7.919,65634,0
20110517,7.8739,7.9941,7.8139,7.919,55847,0
20110518,7.8963,8.0015,7.8439,8.0015,30007,0
20110519,8.0166,8.0994,8.0015,8.0994,71560,0
20110520,8.0918,8.1144,8.0166,8.0242,27238,0
20110523,8.0091,8.0091,7.8815,7.919,48013,0
20110524,7.9716,8.0015,7.934,7.9868,27275,0
20110525,7.9114,8.0015,7.904,7.9566,57874,0
20110526,7.964,7.9941,7.889,7.9941,29601,0
20110527,7.9716,8.167,7.8439,8.0843,94954,0
20110531,8.1823,8.206,7.9614,7.9691,53689,0
20110601,7.9941,8.0166,7.934,7.9716,37968,0
20110602,7.9416,8.0393,7.9416,7.9941,24773,0
20110603,7.9566,7.964,7.9266,7.934,13783,0
20110606,7.9566,7.9566,7.8439,7.8665,45425,0
20110607,7.8514,8.0618,7.8514,7.9266,51492,0
20110608,7.964,7.964,7.8364,7.8815,26047,0
20110609,7.8815,7.9566,7.8364,7.859,23543,0
20110610,7.8815,7.8815,7.7538,7.7912,31857,0
20110613,7.8288,7.8288,7.7011,7.7162,29769,0
20110614,7.7912,7.8439,7.7387,7.8288,13169,0
20110615,7.8364,7.8514,7.7313,7.7613,22624,0
20110616,7.8231,7.8231,7.6079,7.6693,37945,0
20110617,7.7613,7.7613,7.6336,7.6561,39980,0
20110620,7.6861,8.0994,7.6409,7.9868,202823,0
20110621,8.0468,8.2044,7.9868,8.167,147913,0
20110622,8.167,8.2044,8.0693,8.1745,54534,0
20110623,8.0918,8.1822,7.8963,8.1594,56754,0
20110624,8.197,8.212,7.9792,8.0543,41694,0
20110627,8.0918,8.1144,7.9868,8.0015,56316,0
20110628,8.0918,8.1443,8.0166,8.077,36050,0
20110629,8.1519,8.2647,8.0543,8.2268,78781,0
20110630,8.1884,8.2045,8.0918,8.2045,43174,0
20110701,8.2072,8.2458,8.1306,8.1842,30987,0
20110705,8.2226,8.2612,8.2072,8.2612,22714,0
20110706,8.1996,8.2612,8.1612,8.2612,35625,0
20110707,8.2995,8.3609,8.2841,8.3378,44489,0
20110708,8.2995,8.3918,8.2533,8.3918,53158,0
20110711,8.3841,8.3841,8.2612,8.3378,45176,0
20110712,8.2765,8.3225,8.0461,8.1074,112296,0
20110713,7.9152,7.9537,7.8537,7.8537,157749,0
20110714,7.9307,7.9537,7.8383,7.9307,72068,0
20110715,8.0461,8.0461,7.7385,7.8231,195532,0
20110718,7.8614,7.8614,7.6541,7.6693,144908,0
20110719,7.6309,7.7616,7.6309,7.7077,72421,0
20110720,7.7768,7.8078,7.7462,7.7462,94260,0
20110721,7.7768,7.8846,7.7309,7.8078,81989,0
20110722,7.7616,7.846,7.7309,7.8153,67076,0
20110725,7.7077,7.7846,7.6847,7.7155,85253,0
20110726,7.7,7.7385,7.6615,7.6693,55291,0
20110727,7.6541,7.6847,7.4542,7.4927,149824,0
20110728,7.5232,7.5232,7.3774,7.3774,101938,0
20110729,7.3221,7.3301,7.2354,7.2354,72273,0
20110801,7.3389,7.362,7.1546,7.2237,104419,0
20110802,7.2084,7.239,7.0776,7.1007,62556,0
20110803,7.1621,7.1621,7.0084,7.1621,76214,0
20110804,7.1392,7.1621,6.7241,6.7856,205958,0
20110805,6.8164,6.8932,6.4783,6.7166,186004,0
20110808,6.5165,6.532,5.9173,6.0094,137051,0
20110809,6.0556,6.4092,5.8557,6.3553,102675,0
20110810,6.263,6.4015,6.1706,6.1862,47415,0
20110811,6.2554,6.5473,6.2554,6.5397,75484,0
20110812,6.5627,6.6319,6.532,6.5859,27587,0
20110815,6.6396,6.9084,6.6396,6.9084,81677,0
20110816,6.9084,6.9623,6.8164,6.9084,109932,0
20110817,6.9777,7.0238,6.8856,6.97,39252,0
20110818,6.7549,6.8394,6.5859,6.6243,70195,0
20110819,6.5397,6.7166,6.532,6.5473,28201,0
20110822,6.7472,6.7472,6.5473,6.5859,64438,0
20110823,6.6089,6.8164,6.5551,6.8164,30765,0
20110824,6.8086,6.8394,6.7241,6.8317,19207,0
20110825,6.901,6.9238,6.7395,6.8164,27003,0
20110826,6.7319,6.97,6.6396,6.8469,64206,0
20110829,6.947,6.97,6.9317,6.9623,29857,0
20110830,6.9623,7.0238,6.9393,7.0084,17240,0
20110831,7.0855,7.1407,7.0303,7.0461,32768,0
20110901,7.0854,7.1314,7.0238,7.0316,30806,0
20110902,6.8961,6.9435,6.8723,6.9196,14821,0
20110906,6.6626,6.8932,6.6626,6.8932,34912,0
20110907,6.975,7.0381,6.9355,7.0381,47533,0
20110908,7.0238,7.0776,6.9548,6.9548,13058,0
20110909,6.8778,6.9317,6.7933,6.8394,33134,0
20110912,6.7703,6.8624,6.7626,6.8547,16533,0
20110913,6.8932,6.9163,6.8469,6.9163,22809,0
20110914,6.9623,6.9854,6.8547,6.9084,40717,0
20110915,6.9854,7.0316,6.9317,7.0316,23295,0
20110916,7.07,7.07,6.9854,7.0084,37209,0
20110919,6.9393,6.9548,6.8778,6.9238,51553,0
20110920,6.97,7.0391,6.9317,6.97,35382,0
20110921,7.0006,7.0006,6.7241,6.7241,30415,0
20110922,6.6319,6.6319,6.4783,6.5245,47182,0
20110923,6.5551,6.5551,6.4092,6.5245,22022,0
20110926,6.5551,6.6319,6.5011,6.6089,36228,0
20110927,6.7933,6.7933,6.6473,6.6473,62562,0
20110928,6.7088,6.7088,6.5245,6.532,14176,0
20110929,6.655,6.655,6.4398,6.5011,25945,0
20110930,6.4465,6.5123,6.3724,6.4382,32456,0
20111003,6.4321,6.4936,6.1553,6.2016,43185,0
20111004,6.1071,6.115,5.681,6.0992,126260,0
20111005,6.0992,6.2491,6.0439,6.2334,88263,0
20111006,6.2491,6.3516,6.2018,6.3516,35986,0
20111007,6.4146,6.4304,6.3044,6.3753,32620,0
20111010,6.4321,6.5397,6.4321,6.5397,19732,0
20111011,6.532,6.5782,6.4936,6.5551,33179,0
20111012,6.6473,6.6626,6.6012,6.655,24506,0
20111013,6.6358,6.675,6.549,6.675,47784,0
20111014,6.7777,6.8093,6.6909,6.7619,61708,0
20111017,6.7856,6.7936,6.7304,6.77,53320,0
20111018,6.7461,6.8961,6.7304,6.8961,45745,0
20111019,6.9196,6.9196,6.8013,6.8172,42636,0
20111020,6.8565,6.8565,6.7067,6.7856,47808,0
20111021,6.8328,6.9196,6.8251,6.8328,45079,0
20111024,6.8881,6.9277,6.8487,6.8804,26042,0
20111025,6.8723,6.8961,6.8328,6.8565,34736,0
20111026,6.8804,6.9196,6.6515,6.8093,71105,0
20111027,6.8804,7.0303,6.8804,6.9829,84718,0
20111028,6.9829,7.0224,6.9355,7.0224,47171,0
20111031,7.0037,7.0118,6.9071,6.9071,54082,0
20111101,6.7619,6.8172,6.6987,6.7777,58380,0
20111102,6.8565,6.9119,6.7856,6.8646,18229,0
20111103,6.9671,6.9671,6.8565,6.9435,38774,0
20111104,6.9039,6.9513,6.8013,6.9513,29334,0
20111107,6.9196,6.9355,6.8093,6.9039,22750,0
20111108,6.9435,6.9671,6.8565,6.9119,35914,0
20111109,6.77,6.8093,6.6672,6.683,22000,0
20111110,6.7936,6.7936,6.6593,6.7067,86745,0
20111111,6.8093,6.8408,6.77,6.7856,40910,0
20111114,6.8172,6.8251,6.7067,6.7067,45311,0
20111115,6.7067,6.8093,6.6909,6.7383,50519,0
20111116,6.7304,6.77,6.7067,6.7067,38365,0
20111117,6.7067,6.7067,6.541,6.5648,25943,0
20111118,6.5883,6.612,6.5331,6.5569,26956,0
20111121,6.4699,6.5095,6.3674,6.4541,28984,0
20111122,6.4463,6.4781,6.4304,6.4541,26136,0
20111123,6.4146,6.4146,6.328,6.328,18153,0
20111125,6.3595,6.3753,6.2806,6.3358,38232,0
20111128,6.4384,6.5253,6.4068,6.4463,38065,0
20111129,6.4146,6.5015,6.4146,6.4699,19743,0
20111130,6.5946,6.6689,6.5699,6.6359,73467,0
20111201,6.5883,6.7067,6.5804,6.6358,28834,0
20111202,6.7304,6.7619,6.5804,6.5962,48302,0
20111205,6.6041,6.6909,6.6041,6.6437,63577,0
20111206,6.6008,6.6572,6.5523,6.6008,36497,0
20111207,6.5569,6.6358,6.5173,6.612,50062,0
20111208,6.6278,6.6278,6.4781,6.4937,25109,0
20111209,6.5648,6.6515,6.5569,6.6358,27435,0
20111212,6.5173,6.5173,6.4146,6.4622,36886,0
20111213,6.4541,6.5648,6.4463,6.4622,33818,0
20111214,6.4304,6.4622,6.3753,6.3753,8718,0
20111215,6.4384,6.4781,6.3516,6.3989,44736,0
20111216,6.4068,6.4541,6.3674,6.4068,25461,0
20111219,6.3911,6.4384,6.3437,6.3753,87559,0
20111220,6.4384,6.5173,6.3832,6.4857,58213,0
20111221,6.4541,6.5015,6.4146,6.4699,51612,0
20111222,6.4699,6.5648,6.4622,6.5173,71205,0
20111223,6.5095,6.6278,6.5095,6.6041,48071,0
20111227,6.5569,6.6437,6.5331,6.5726,46378,0
20111228,6.541,6.6041,6.4857,6.4937,49158,0
20111229,6.5015,6.5962,6.5015,6.5648,34656,0
20111230,6.5866,6.6275,6.5535,6.6112,19875,0
20120103,6.6909,6.7619,6.6909,6.7461,43666,0
20120104,6.7067,6.7383,6.6199,6.7146,93100,0
20120105,6.6593,6.7225,6.6515,6.7225,53052,0
20120106,6.7134,6.7134,6.6734,6.6894,51124,0
20120109,6.675,6.7225,6.675,6.6909,61716,0
20120110,6.7861,6.7861,6.6894,6.7539,72663,0
20120111,6.7377,6.7781,6.6894,6.7701,37982,0
20120112,6.7539,6.7701,6.7055,6.7619,34996,0
20120113,6.6572,6.6974,6.625,6.641,101882,0
20120117,6.7134,6.7539,6.641,6.6572,59732,0
20120118,6.641,6.7458,6.633,6.7134,66784,0
20120119,6.7781,6.7861,6.7377,6.7619,65422,0
20120120,6.7861,6.7861,6.6734,6.7297,96549,0
20120123,6.7701,6.7781,6.6734,6.7619,72848,0
20120124,6.7377,6.7942,6.6894,6.7942,25849,0
20120125,6.7701,6.8426,6.7134,6.8426,31555,0
20120126,6.8587,6.8749,6.7297,6.7297,72173,0
20120127,6.7701,6.7701,6.6894,6.7297,84323,0
20120130,6.6734,6.7539,6.625,6.7539,40715,0
20120131,6.7924,6.817,6.7016,6.8004,70682,0
20120201,6.7942,6.891,6.7942,6.8828,67078,0
20120202,6.8507,6.891,6.8426,6.891,40470,0
20120203,6.9151,6.9474,6.891,6.9311,60734,0
20120206,6.9071,6.9311,6.8828,6.9151,35848,0
20120207,6.9311,7.0439,6.9151,7.0439,89917,0
20120208,7.0118,7.0521,6.9797,7.0279,68816,0
20120209,7.0439,7.0762,7.0279,7.0762,50606,0
20120210,7.0198,7.036,6.9392,6.9554,128736,0
20120213,6.9956,7.0118,6.9151,6.9151,55242,0
20120214,6.8989,6.9474,6.8989,6.9311,47684,0
20120215,6.9311,6.9797,6.9071,6.9392,76747,0
20120216,6.9311,7.0037,6.9071,6.9554,53629,0
20120217,6.9797,6.9797,6.9474,6.9554,26549,0
20120221,6.9392,7.0439,6.9392,6.9554,52993,0
20120222,6.9554,6.9797,6.9392,6.9797,46735,0
20120223,6.9797,7.036,6.9635,7.036,38773,0
20120224,7.0198,7.0844,7.0118,7.0682,25300,0
20120227,7.036,7.0844,7.036,7.0762,30640,0
20120228,7.0602,7.0844,7.036,7.0521,34252,0
20120229,7.0722,7.0722,7.0063,7.0063,32247,0
20120301,7.0279,7.0762,6.9956,7.036,21706,0
20120302,7.064,7.064,6.9981,7.0228,18479,0
20120305,7.0439,7.0439,6.9715,6.9797,31952,0
20120306,6.9324,6.9405,6.8663,6.8828,29112,0
20120307,6.8828,6.9474,6.8666,6.891,32133,0
20120308,6.9157,6.9734,6.9157,6.9405,14768,0
20120309,6.9392,6.9956,6.891,6.9554,61537,0
20120312,6.9554,6.9554,6.9151,6.9231,21991,0
20120313,6.9392,7.036,6.9392,7.0279,73612,0
20120314,7.036,7.0521,6.9956,7.0279,16875,0
20120315,7.0279,7.0682,7.0279,7.0439,16194,0
20120316,7.0439,7.0924,7.0439,7.0762,18752,0
20120319,7.0762,7.0762,6.9877,7.0279,45841,0
20120320,6.9956,7.0198,6.9635,7.0198,18618,0
20120321,6.9956,7.0439,6.9715,6.9956,48446,0
20120322,6.9797,6.9877,6.9554,6.9797,22261,0
20120323,6.9715,7.036,6.9231,7.0037,52241,0
20120326,7.0521,7.0602,7.0279,7.0439,32918,0
20120327,7.0279,7.0924,7.0279,7.036,39019,0
20120328,7.0198,7.0198,6.9311,6.9877,19645,0
20120329,6.9071,6.9797,6.9071,6.9797,23015,0
20120330,6.9589,7.0178,6.9589,7.0178,39106,0
20120402,6.9956,7.0521,6.9877,7.0198,31787,0
20120403,6.9981,7.0146,6.9569,6.9569,45566,0
20120404,6.8993,6.9324,6.8993,6.9157,29336,0
20120405,6.891,6.9405,6.891,6.9157,20586,0
20120409,6.8587,6.8666,6.8102,6.8587,43682,0
20120410,6.8587,6.8587,6.7134,6.7134,33834,0
20120411,6.7539,6.8102,6.7539,6.7781,58282,0
20120412,6.7619,6.8828,6.7619,6.8426,45575,0
20120413,6.8582,6.8663,6.8004,6.817,21161,0
20120416,6.8417,6.9076,6.7924,6.85,90760,0
20120417,6.8582,6.9734,6.8582,6.9569,66185,0
20120418,6.8993,6.9734,6.8993,6.9569,43075,0
20120419,6.9487,6.9569,6.8828,6.8828,53157,0
20120420,6.9157,6.9405,6.85,6.891,85204,0
20120423,6.8747,6.8747,6.7924,6.8417,33355,0
20120424,6.8334,6.85,6.7758,6.7924,57340,0
20120425,6.817,6.85,6.7839,6.8087,62371,0
20120426,6.7594,6.85,6.7594,6.8417,52571,0
20120427,6.8334,6.8747,6.817,6.8747,28716,0
20120430,6.8789,6.9046,6.8357,6.8873,91324,0
20120501,6.8582,6.9487,6.85,6.8993,39771,0
20120502,6.8417,6.9157,6.8417,6.891,19705,0
20120503,6.8582,6.8993,6.8582,6.891,42146,0
20120504,6.8252,6.8582,6.7265,6.7511,50525,0
20120507,6.7016,6.7428,6.6853,6.7181,48172,0
20120508,6.6605,6.677,6.6112,6.677,37619,0
20120509,6.603,6.6523,6.5699,6.6275,80309,0
20120510,6.7016,6.7016,6.6275,6.6441,24673,0
20120511,6.6112,6.6853,6.5946,6.603,18424,0
20120514,6.5369,6.603,6.5207,6.5207,49651,0
20120515,6.5123,6.5369,6.4546,6.4958,30830,0
20120516,6.4958,6.5369,6.4958,6.5042,39863,0
20120517,6.5042,6.5042,6.3149,6.3313,52402,0
20120518,6.3229,6.3313,6.1913,6.1995,34655,0
20120521,6.1995,6.2653,6.1748,6.2572,34208,0
20120522,6.29,6.3724,6.2572,6.29,37649,0
20120523,6.2489,6.3558,6.1995,6.3558,88140,0
20120524,6.3313,6.3641,6.3065,6.3558,21502,0
20120525,6.3395,6.3724,6.3313,6.3395,7051,0
20120529,6.3478,6.4217,6.3478,6.3806,27555,0
20120530,6.3478,6.3478,6.29,6.29,14897,0
20120531,6.3016,6.3271,6.1754,6.3102,61059,0
20120601,6.1913,6.216,6.0924,6.1006,24180,0
20120604,6.0841,6.1006,6.0102,6.0513,28689,0
20120605,6.0237,6.1333,6.0237,6.0996,33880,0
20120606,6.1419,6.216,6.1419,6.1995,21234,0
20120607,6.2736,6.3149,6.2489,6.2653,35475,0
20120608,6.2325,6.2736,6.1829,6.2653,11394,0
20120611,6.2983,6.2983,6.1748,6.1829,20612,0
20120612,6.1829,6.2406,6.1748,6.2406,38109,0
20120613,6.2325,6.2653,6.216,6.2242,27072,0
20120614,6.2242,6.3065,6.2242,6.2818,25568,0
20120615,6.2736,6.3065,6.2077,6.29,30093,0
20120618,6.2736,6.3229,6.2406,6.2818,43085,0
20120619,6.29,6.3641,6.29,6.3313,70436,0
20120620,6.3558,6.3558,6.2983,6.3149,28275,0
20120621,6.3313,6.3313,6.1995,6.2077,42996,0
20120622,6.216,6.2653,6.1913,6.216,31158,0
20120625,6.1913,6.1913,6.1172,6.1419,28243,0
20120626,6.15,6.1913,6.1419,6.1584,31192,0
20120627,6.1913,6.2653,6.1913,6.2572,17062,0
20120628,6.2242,6.2818,6.1913,6.2818,40041,0
20120629,6.3806,6.4546,6.3478,6.4055,67765,0
20120702,6.4217,6.4877,6.3641,6.4382,66802,0
20120703,6.4196,6.5376,6.4196,6.4701,33676,0
20120705,6.4027,6.5209,6.3522,6.5123,44486,0
20120706,6.4534,6.4534,6.3775,6.4282,36805,0
20120709,6.4136,6.4546,6.3806,6.4546,40738,0
20120710,6.4449,6.4618,6.3861,6.4282,31520,0
20120711,6.4027,6.4534,6.4027,6.4282,12858,0
20120712,6.3775,6.4196,6.3522,6.3692,32109,0
20120713,6.4534,6.5123,6.4112,6.504,46728,0
20120716,6.4787,6.5123,6.4618,6.4787,21134,0
20120717,6.5292,6.546,6.4701,6.5209,32343,0
20120718,6.4787,6.5797,6.4787,6.5376,46533,0
20120719,6.5628,6.5628,6.504,6.5123,27457,0
20120720,6.4449,6.4871,6.4282,6.4366,40067,0
20120723,6.3102,6.4366,6.2934,6.3775,45688,0
20120724,6.3607,6.4112,6.3186,6.3438,48603,0
20120725,6.3607,6.4027,6.3438,6.3775,32996,0
20120726,6.4871,6.6555,6.4618,6.6135,90919,0
20120727,6.5797,6.664,6.5714,6.6471,84405,0
20120730,6.5966,6.6471,6.5628,6.6218,42884,0
20120731,6.6388,6.6471,6.5545,6.5545,54981,0
20120801,6.6135,6.6388,6.5714,6.5882,32083,0
20120802,6.5209,6.6135,6.5209,6.5966,85610,0
20120803,6.6304,6.7735,6.6304,6.6555,79028,0
20120806,6.6725,6.7398,6.6471,6.6471,49370,0
20120807,6.6555,6.7482,6.6471,6.7145,50337,0
20120808,6.664,6.7482,6.6471,6.6892,47694,0
20120809,6.6976,6.7482,6.664,6.664,54027,0
20120810,6.6808,6.7398,6.6555,6.7062,27622,0
20120813,6.723,6.723,6.6808,6.7145,48216,0
20120814,6.723,6.8155,6.6976,6.7565,69041,0
20120815,6.7315,6.8073,6.6976,6.8073,33379,0
20120816,6.8241,6.9673,6.7989,6.9504,54538,0
20120817,6.9252,6.9504,6.883,6.9336,26498,0
20120820,6.883,6.942,6.883,6.9336,43810,0
20120821,6.9504,6.9757,6.8914,6.9169,85251,0
20120822,6.8914,6.942,6.723,6.7821,119157,0
20120823,6.7398,6.8494,6.7398,6.8155,30071,0
20120824,6.8578,6.8578,6.8241,6.8325,16381,0
20120827,6.8155,6.8241,6.7482,6.8073,27643,0
20120828,6.7735,6.7821,6.7398,6.7482,22423,0
20120829,6.7145,6.7903,6.6892,6.7651,54929,0
20120830,6.6976,6.8325,6.6808,6.8073,49190,0
20120831,6.7821,6.8073,6.7821,6.8073,12622,0
20120904,6.7482,6.883,6.6976,6.8662,61546,0
20120905,6.8155,6.9504,6.7989,6.8998,118028,0
20120906,6.8747,7.0009,6.8747,6.9757,43917,0
20120907,6.9504,6.9504,6.8578,6.8662,31518,0
20120910,6.8241,6.883,6.7903,6.883,35270,0
20120911,6.8578,7.0095,6.8325,6.9589,63900,0
20120912,6.9504,6.9842,6.9169,6.942,40638,0
20120913,6.9252,7.0263,6.8662,6.9925,92974,0
20120914,6.9842,7.0768,6.9504,7.0432,75927,0
20120917,7.0178,7.0853,6.9589,7.0263,109439,0
20120918,7.0095,7.0432,6.9504,7.0432,97702,0
20120919,7.0095,7.0768,6.9673,7.0768,126513,0
20120920,7.0599,7.0599,6.9252,7.0095,22896,0
20120921,7.0346,7.0599,7.0178,7.0515,37461,0
20120924,7.0263,7.0684,7.0178,7.0515,44599,0
20120925,7.0936,7.0936,6.9925,7.0599,67746,0
20120926,7.0178,7.0684,6.9673,7.0432,139736,0
20120927,7.0432,7.1527,7.0009,7.1527,215429,0
20120928,7.1021,7.1442,7.0432,7.1357,19069,0
20121001,7.1611,7.1611,6.9504,7.0263,53002,0
20121002,7.0599,7.0684,6.9589,7.0684,66220,0
20121003,7.1021,7.1357,6.9757,7.0178,30705,0
20121004,6.9925,7.0853,6.9842,7.0515,37788,0
20121005,7.0599,7.1104,7.0515,7.1021,38777,0
20121008,7.0768,7.1611,7.0684,7.0684,12405,0
20121009,7.0768,7.119,7.0178,7.0515,26397,0
20121010,7.0165,7.0682,6.9821,7.0079,57737,0
20121011,7.0079,7.0595,6.9564,7.0424,47647,0
20121012,7.0095,7.0684,6.9757,7.0432,35491,0
20121015,7.0178,7.0684,6.9757,7.0346,23953,0
20121016,7.0599,7.1021,7.0432,7.0936,18906,0
20121017,7.0599,7.0853,7.0263,7.0768,35109,0
20121018,7.0768,7.0936,7.0515,7.0936,11054,0
20121019,7.0599,7.0936,7.0263,7.0768,26615,0
20121022,7.051,7.0595,6.9132,7.0595,79212,0
20121023,6.9907,7.0337,6.8615,6.9735,68724,0
20121024,6.9649,6.9907,6.8873,6.8873,33183,0
20121025,6.9046,6.9907,6.8873,6.9907,39493,0
20121026,6.9477,6.9995,6.8444,6.9907,87489,0
20121031,7.0424,7.0595,6.9391,7.0595,39972,0
20121101,7.0595,7.0682,7.0165,7.0337,16287,0
20121102,7.0337,7.0595,6.9391,6.9735,47002,0
20121105,6.9995,6.9995,6.8615,6.9391,56584,0
20121106,6.922,7.051,6.922,7.0079,32941,0
20121107,6.9132,6.9391,6.8444,6.8702,34253,0
20121108,6.8271,6.8615,6.6808,6.7582,41124,0
20121109,6.7066,6.741,6.6464,6.698,37914,0
20121112,6.7323,6.7497,6.5775,6.5775,31461,0
20121113,6.5603,6.5775,6.5001,6.5001,59015,0
20121114,6.543,6.5517,6.2935,6.3019,37655,0
20121115,6.2418,6.2418,6.0264,6.1728,163372,0
20121116,6.147,6.3193,6.1039,6.2848,83864,0
20121119,6.345,6.5001,6.3278,6.4829,98730,0
20121120,6.4311,6.4741,6.3968,6.4741,53190,0
20121121,6.4311,6.5344,6.4225,6.5086,33638,0
20121123,6.4914,6.6034,6.4741,6.5861,30432,0
20121126,6.526,6.5775,6.4741,6.5775,11823,0
20121127,6.5946,6.6292,6.4914,6.6034,50685,0
20121128,6.5171,6.5946,6.4829,6.5861,68534,0
20121129,6.5689,6.6722,6.5171,6.6119,76900,0
20121130,6.5689,6.6204,6.5086,6.6204,83211,0
20121203,6.5861,6.5861,6.4655,6.5001,81893,0
20121204,6.457,6.4829,6.4484,6.4829,56412,0
20121205,6.457,6.5171,6.4484,6.4484,60530,0
20121206,6.4139,6.5171,6.3278,6.4829,40399,0
20121207,6.4655,6.5171,6.457,6.4741,51369,0
20121210,6.4829,6.5517,6.4655,6.4655,39416,0
20121211,6.4914,6.5603,6.4914,6.543,57962,0
20121212,6.526,6.5344,6.4655,6.4655,33577,0
20121213,6.4398,6.4914,6.4311,6.4829,45300,0
20121214,6.4829,6.5086,6.4655,6.4741,52149,0
20121217,6.4741,6.5775,6.4655,6.5603,94623,0
20121218,6.5344,6.5861,6.5001,6.5775,57625,0
20121219,6.5517,6.5775,6.4914,6.4914,37812,0
20121220,6.4829,6.5344,6.4829,6.5344,52464,0
20121221,6.4225,6.5171,6.4225,6.4741,38210,0
20121224,6.4398,6.4829,6.4225,6.457,29085,0
20121226,6.4829,6.5861,6.4139,6.457,46007,0
20121227,6.4311,6.4484,6.3278,6.3968,39030,0
20121228,6.3278,6.4054,6.3278,6.3623,67078,0
20121231,6.3364,6.5001,6.3364,6.5001,103289,0
20130102,6.5861,6.7323,6.5689,6.7323,108349,0
20130103,6.7497,6.7497,6.6722,6.6722,67996,0
20130104,6.6893,6.7582,6.6808,6.6893,50288,0
20130107,6.698,6.7582,6.6893,6.7582,44642,0
20130108,6.7582,6.8444,6.7497,6.8271,52677,0
20130109,6.8013,6.853,6.7754,6.8444,34678,0
20130110,6.8444,6.8789,6.8185,6.8444,24317,0
20130111,6.853,6.8961,6.8098,6.8702,25479,0
20130114,6.8702,6.8873,6.853,6.8789,20560,0
20130115,6.8615,6.8702,6.7667,6.7928,47941,0
20130116,6.7928,6.853,6.7928,6.8185,48589,0
20130117,6.8444,6.9735,6.8444,6.8873,73459,0
20130118,6.9304,7.0165,6.9046,6.9821,68078,0
20130122,6.9469,7.0085,6.9292,6.9733,57687,0
20130123,7.0436,7.0436,6.9821,6.9999,27597,0
20130124,6.9999,7.0085,6.9469,6.9909,21599,0
20130125,6.9821,7.0436,6.9557,6.9821,46244,0
20130128,6.9821,7.0702,6.9557,7.0085,50590,0
20130129,6.9645,7.0436,6.9645,7.0173,30046,0
20130130,7.0349,7.079,6.9821,7.0173,56776,0
20130131,7.0436,7.0526,6.9733,7.0173,52573,0
20130201,7.0173,7.0878,6.9999,7.0702,70117,0
20130204,7.0085,7.0349,6.9909,6.9999,47590,0
20130205,7.0173,7.1758,7.0173,7.1583,93154,0
20130206,7.1141,7.1583,7.0526,7.0965,89577,0
20130207,7.0965,7.1671,7.0436,7.1671,58937,0
20130208,7.1406,7.2021,7.1318,7.1846,30983,0
20130211,7.1583,7.2021,7.1141,7.1583,61752,0
20130212,7.1494,7.1758,7.1141,7.1406,60315,0
20130213,7.1494,7.1758,7.1141,7.1758,42270,0
20130214,7.1406,7.1671,7.1318,7.1318,22062,0
20130215,7.1318,7.1671,7.079,7.0878,20023,0
20130219,7.0878,7.1318,7.0878,7.0965,22097,0
20130220,7.0878,7.123,7.0878,7.1054,23080,0
20130221,7.0614,7.0614,6.9733,7.0173,30796,0
20130222,7.0085,7.0526,6.9909,7.0526,39770,0
20130225,7.0436,7.0965,6.9821,7.0349,32289,0
20130226,7.0436,7.0526,6.9821,7.0085,13940,0
20130227,6.9821,7.0702,6.9557,7.0614,52886,0
20130228,6.9999,7.0965,6.9909,7.0965,29662,0
20130301,7.079,7.0878,7.0526,7.0526,4550,0
20130304,7.0173,7.0965,7.0173,7.0965,27993,0
20130305,7.0965,7.1583,7.0702,7.1494,42848,0
20130306,7.1494,7.1671,7.0965,7.1583,47910,0
20130307,7.1406,7.1671,7.1406,7.1671,33517,0
20130308,7.1671,7.2286,7.1671,7.1934,74707,0
20130311,7.1758,7.2638,7.1758,7.255,22871,0
20130312,7.1671,7.2638,7.1583,7.2286,41042,0
20130313,7.255,7.2727,7.2021,7.2727,42023,0
20130314,7.255,7.2902,7.2286,7.255,45650,0
20130315,7.2902,7.2902,7.1846,7.1846,11065,0
20130318,7.1054,7.255,7.1054,7.2199,39862,0
20130319,7.1934,7.2286,7.1494,7.211,8404,0
20130320,7.211,7.2902,7.211,7.2815,24342,0
20130321,7.3079,7.3166,7.2638,7.2902,24132,0
20130322,7.2727,7.3255,7.2463,7.3166,21831,0
20130325,7.2902,7.2991,7.1671,7.2021,95297,0
20130326,7.2021,7.2638,7.1846,7.255,44917,0
20130327,7.2727,7.2727,7.1758,7.2463,138113,0
20130328,7.2199,7.3166,7.211,7.3166,82031,0
20130401,7.2815,7.3255,7.2374,7.2902,19547,0
20130402,7.3344,7.3344,7.2286,7.2463,40368,0
20130403,7.2199,7.2199,7.1406,7.1583,18575,0
20130404,7.211,7.211,7.1406,7.1846,18040,0
20130405,7.1671,7.1846,7.0702,7.1846,68637,0
20130408,7.2286,7.2374,7.1671,7.2286,23353,0
20130409,7.2021,7.2727,7.2021,7.255,19588,0
20130410,7.2727,7.3255,7.2727,7.3166,17481,0
20130411,7.2902,7.3783,7.2902,7.3255,41014,0
20130412,7.2199,7.2727,7.2199,7.2374,39672,0
20130415,7.2374,7.2374,7.0878,7.1054,109983,0
20130416,7.123,7.1934,7.123,7.1758,44855,0
20130417,7.1758,7.1758,7.0702,7.123,17252,0
20130418,7.1583,7.1583,7.0526,7.1054,50474,0
20130419,7.1141,7.1934,7.079,7.1846,21150,0
20130422,7.1846,7.2294,7.086,7.2206,36865,0
20130423,7.2743,7.2833,7.2294,7.2564,44974,0
20130424,7.2294,7.2654,7.2206,7.2654,13019,0
20130425,7.2833,7.3102,7.2384,7.3102,39153,0
20130426,7.2654,7.2923,7.2475,7.2923,18183,0
20130429,7.2833,7.3819,7.2833,7.373,45900,0
20130430,7.4089,7.4089,7.3281,7.4089,28192,0
20130501,7.364,7.4537,7.337,7.3999,29931,0
20130502,7.3999,7.4089,7.3819,7.3819,6367,0
20130503,7.4089,7.4626,7.373,7.3819,31615,0
20130506,7.3551,7.3999,7.3551,7.373,45677,0
20130507,7.3909,7.4626,7.3819,7.4089,58525,0
20130508,7.3999,7.4447,7.3909,7.4357,66418,0
20130509,7.4177,7.4537,7.4177,7.4357,20398,0
20130510,7.4537,7.4537,7.4177,7.4537,23283,0
20130513,7.4357,7.4537,7.3999,7.4447,38769,0
20130514,7.4447,7.4986,7.4357,7.4986,61054,0
20130515,7.4626,7.5345,7.4626,7.5345,25833,0
20130516,7.4896,7.5703,7.4896,7.5345,54642,0
20130517,7.5255,7.5882,7.5255,7.5703,44494,0
20130520,7.5703,7.5882,7.5345,7.5703,153230,0
20130521,7.5703,7.6062,7.5613,7.5972,40359,0
20130522,7.5613,7.6332,7.5345,7.5882,144449,0
20130523,7.4986,7.5613,7.4806,7.5523,52018,0
20130524,7.4896,7.5613,7.4806,7.5523,39178,0
20130528,7.5793,7.624,7.5255,7.5255,59160,0
20130529,7.4626,7.5434,7.4268,7.5345,55715,0
20130530,7.5613,7.5793,7.5164,7.5434,35627,0
20130531,7.4941,7.5307,7.4028,7.4211,59591,0
20130603,7.4717,7.4717,7.2833,7.3551,27740,0
20130604,7.364,7.4268,7.3461,7.3819,184954,0
20130605,7.364,7.373,7.2564,7.2923,12671,0
20130606,7.2833,7.3461,7.2475,7.3461,19500,0
20130607,7.3551,7.4357,7.3551,7.4357,22694,0
20130610,7.4717,7.4717,7.4177,7.4717,37550,0
20130611,7.3909,7.4357,7.3551,7.3819,54405,0
20130612,7.4447,7.4537,7.2654,7.3281,54994,0
20130613,7.3012,7.4986,7.2025,7.4896,60760,0
20130614,7.4447,7.5434,7.4447,7.5434,32401,0
20130617,7.5613,7.5613,7.3192,7.337,157176,0
20130618,7.364,7.3819,7.337,7.373,40375,0
20130619,7.4089,7.4357,7.2833,7.2833,34615,0
20130620,7.2206,7.2475,7.0231,7.086,124800,0
20130621,7.1577,7.1667,7.0322,7.0949,129610,0
20130624,7.05,7.1667,6.9067,7.086,42539,0
20130625,7.086,7.1219,7.0322,7.1129,14960,0
20130626,7.1756,7.2294,7.1308,7.2294,32514,0
20130627,7.2384,7.337,7.2384,7.3102,32922,0
20130628,7.2475,7.364,7.2294,7.3012,88014,0
20130701,7.2923,7.4089,7.2564,7.4089,79539,0
20130702,7.3551,7.4268,7.2833,7.337,24089,0
20130703,7.2743,7.3192,7.2384,7.3102,44452,0
20130705,7.3281,7.3551,7.2115,7.3551,129735,0
20130708,7.3461,7.3909,7.3461,7.373,10155,0
20130709,7.3551,7.4357,7.3551,7.4268,62986,0
20130710,7.3819,7.4177,7.3461,7.3551,79003,0
20130711,7.3999,7.4626,7.3999,7.4447,28744,0
20130712,7.4537,7.5164,7.4537,7.5076,34935,0
20130715,7.4986,7.5972,7.4896,7.5882,62544,0
20130716,7.5703,7.624,7.5613,7.6151,85257,0
20130717,7.6062,7.7049,7.5793,7.7049,131677,0
20130718,7.6779,7.7496,7.6332,7.7407,89718,0
20130719,7.669,7.7587,7.669,7.7496,85910,0
20130722,7.7496,7.7954,7.7223,7.7406,166238,0
20130723,7.7315,7.7315,7.5945,7.6494,28568,0
20130724,7.64,7.7041,7.5763,7.6219,19891,0
20130725,7.64,7.6584,7.5489,7.6494,15681,0
20130726,7.5855,7.6675,7.5855,7.6494,11317,0
20130729,7.6128,7.6858,7.5124,7.6219,7560,0
20130730,7.5945,7.6766,7.5307,7.5945,33336,0
20130731,7.631,7.7223,7.5763,7.7041,42949,0
20130801,7.7041,7.7496,7.6584,7.6584,15480,0
20130802,7.631,7.7406,7.631,7.6766,113799,0
20130805,7.7131,7.7131,7.6219,7.64,32272,0
20130806,7.5855,7.6494,7.5489,7.5671,32217,0
20130807,7.5398,7.5671,7.5307,7.558,11229,0
20130808,7.5855,7.64,7.558,7.6128,56200,0
20130809,7.631,7.6494,7.5307,7.5671,43242,0
20130812,7.5671,7.6219,7.5307,7.6035,30985,0
20130813,7.5763,7.5763,7.5033,7.5763,29246,0
20130814,7.5214,7.5671,7.5124,7.5124,20452,0
20130815,7.4393,7.5398,7.4302,7.5307,17649,0
20130816,7.5214,7.558,7.4759,7.5307,36980,0
20130819,7.4849,7.4849,7.3938,7.3938,24339,0
20130820,7.3755,7.4302,7.3299,7.3938,34074,0
20130821,7.3573,7.3755,7.3115,7.348,14023,0
20130822,7.3115,7.4211,7.3115,7.3938,28607,0
20130823,7.3206,7.5033,7.3206,7.4849,67121,0
20130826,7.4667,7.5124,7.4576,7.4759,7837,0
20130827,7.412,7.4393,7.339,7.339,12303,0
20130828,7.3755,7.4211,7.3755,7.3938,9655,0
20130829,7.3573,7.4576,7.3573,7.412,30281,0
20130830,7.3846,7.4667,7.3573,7.3938,14512,0
20130903,7.412,7.4302,7.3299,7.3938,27522,0
20130904,7.3573,7.4211,7.3573,7.3846,16880,0
20130905,7.3663,7.4576,7.3663,7.4576,34840,0
20130906,7.4028,7.4941,7.3846,7.4759,23955,0
20130909,7.4667,7.4941,7.4302,7.4667,25190,0
20130910,7.4849,7.5763,7.4849,7.5671,20294,0
20130911,7.5307,7.5945,7.4941,7.5945,48078,0
20130912,7.5763,7.6035,7.5489,7.6035,72811,0
20130913,7.5945,7.631,7.5945,7.631,68200,0
20130916,7.6766,7.6766,7.5307,7.6035,39087,0
20130917,7.5855,7.6584,7.5763,7.6494,21019,0
20130918,7.6128,7.7862,7.6128,7.7862,30383,0
20130919,7.7771,7.8044,7.6766,7.7496,58383,0
20130920,7.7862,7.7954,7.6128,7.7041,58469,0
20130923,7.631,7.6494,7.5945,7.5945,14148,0
20130924,7.5763,7.6675,7.5763,7.6494,31486,0
20130925,7.5945,7.7131,7.5945,7.7041,41510,0
20130926,7.6766,7.8044,7.64,7.7954,61653,0
20130927,7.7771,7.8044,7.7315,7.8044,66199,0
20130930,7.7589,7.768,7.6219,7.6766,35398,0
20131001,7.6675,7.7041,7.6035,7.6584,18235,0
20131002,7.6494,7.6675,7.631,7.6494,7066,0
20131003,7.6675,7.6675,7.6035,7.6128,13887,0
20131004,7.5855,7.6949,7.5855,7.6858,16106,0
20131007,7.5855,7.5945,7.5489,7.558,32759,0
20131008,7.5214,7.5671,7.4302,7.4576,58207,0
20131009,7.4393,7.4667,7.4211,7.4667,35823,0
20131010,7.6035,7.6675,7.4849,7.6035,18421,0
20131011,7.6219,7.6949,7.6035,7.6494,11862,0
20131014,7.64,7.6494,7.5671,7.6494,10746,0
20131015,7.64,7.6949,7.6035,7.6675,17225,0
20131016,7.6584,7.7589,7.6219,7.7589,95043,0
20131017,7.7589,7.8135,7.6949,7.8044,33601,0
20131018,7.8409,7.9871,7.6858,7.9689,83722,0
20131021,7.9414,7.9596,7.9323,7.9505,32868,0
20131022,7.9784,8.0805,7.9598,7.9876,174877,0
20131023,7.9784,8.0713,7.9413,8.0341,32340,0
20131024,8.0155,8.0155,7.9413,7.997,16354,0
20131025,7.997,8.0155,7.9413,8.0062,35560,0
20131028,8.1084,8.1084,7.969,8.0434,16320,0
20131029,8.0062,8.127,7.969,8.127,55803,0
20131030,8.0898,8.127,8.0062,8.0526,36448,0
20131031,8.062,8.0805,7.9876,8.0155,38975,0
20131101,8.062,8.0713,7.8484,7.969,19622,0
20131104,7.9598,8.0062,7.9413,8.0062,7230,0
20131105,7.997,8.0155,7.9413,7.9505,8208,0
20131106,7.932,7.9784,7.9041,7.9226,18987,0
20131107,7.9226,7.9784,7.8855,7.9041,13254,0
20131108,7.8669,7.9133,7.8669,7.9133,21125,0
20131111,7.9226,7.969,7.8855,7.9133,6536,0
20131112,7.9413,7.9413,7.8949,7.8949,11655,0
20131113,7.9041,7.9876,7.8949,7.969,31685,0
20131114,7.969,7.997,7.969,7.997,19767,0
20131115,7.997,8.0434,7.9505,7.997,31796,0
20131118,7.997,8.0526,7.8949,7.9041,17593,0
20131119,7.9413,7.9784,7.8949,7.9041,39615,0
20131120,7.9598,7.9784,7.9041,7.9413,11772,0
20131121,7.9226,7.9876,7.8949,7.9876,53867,0
20131122,7.932,8.0249,7.932,7.9876,30464,0
20131125,7.9598,7.997,7.9133,7.9226,13522,0
20131126,8.0341,8.0341,7.9041,7.9598,48911,0
20131127,7.969,7.969,7.932,7.9413,19418,0
20131129,7.9784,7.9876,7.9413,7.9413,11585,0
20131202,7.9226,7.9413,7.8576,7.9041,56457,0
20131203,7.8762,7.8949,7.8391,7.8855,21249,0
20131204,7.8762,7.9041,7.8204,7.8669,7018,0
20131205,7.8576,7.8669,7.7834,7.8204,46311,0
20131206,7.8669,7.8669,7.8298,7.8391,11290,0
20131209,7.8298,7.8762,7.8298,7.8669,8303,0
20131210,7.8669,7.8669,7.8019,7.8298,37290,0
20131211,7.8669,7.8669,7.7647,7.7741,29207,0
20131212,7.7647,7.7647,7.709,7.7183,39660,0
20131213,7.737,7.7462,7.6997,7.7276,25139,0
20131216,7.737,7.7834,7.737,7.7647,9750,0
20131217,7.7647,7.7834,7.7462,7.7741,16491,0
20131218,7.7834,7.8669,7.7647,7.8669,25957,0
20131219,7.8576,7.9133,7.8391,7.9041,15589,0
20131220,7.9133,7.9505,7.8762,7.9505,96828,0
20131223,7.9413,8.127,7.9413,8.127,21977,0
20131224,8.062,8.127,8.0526,8.127,2899,0
20131226,8.1177,8.127,8.0898,8.127,8200,0
20131227,8.1827,8.192,8.1084,8.1734,16598,0
20131230,8.0434,8.1362,8.0434,8.0898,10680,0
20131231,8.0526,8.192,8.0526,8.1734,25711,0
20140102,8.0991,8.0991,8.0155,8.0713,30786,0
20140103,8.062,8.062,8.0155,8.0526,5618,0
20140106,8.0713,8.0713,8.0155,8.0434,9140,0
20140107,8.0526,8.1084,8.0526,8.0805,19292,0
20140108,8.0341,8.0713,7.997,8.0434,26267,0
20140109,8.0526,8.0805,7.9784,8.0713,29219,0
20140110,8.0991,8.1084,8.0434,8.0991,21467,0
20140113,8.0898,8.1177,7.9876,8.0062,24679,0
20140114,8.0062,8.1642,7.997,8.062,149237,0
20140115,8.0805,8.192,8.0805,8.127,43377,0
20140116,8.1455,8.1734,8.1362,8.1734,29235,0
20140117,8.1455,8.2199,8.1362,8.1549,28611,0
20140121,8.192,8.2012,8.0898,8.127,36171,0
20140122,8.1081,8.1459,8.1081,8.1175,41645,0
20140123,8.0891,8.0986,8.0514,8.0608,12069,0
20140124,8.0229,8.0608,7.9473,7.9473,41689,0
20140127,8.0229,8.0229,7.8715,7.8715,21425,0
20140128,7.8621,7.9473,7.8621,7.9282,21227,0
20140129,7.881,7.881,7.8243,7.8243,33542,0
20140130,7.9094,7.985,7.8621,7.9,16330,0
20140131,7.8526,7.8904,7.7769,7.8621,29238,0
20140203,7.8432,7.881,7.6634,7.7202,57951,0
20140204,7.7202,7.7675,7.6728,7.758,56429,0
20140205,7.7296,7.758,7.7107,7.739,13180,0
20140206,7.7012,7.7959,7.7012,7.7959,24901,0
20140207,7.8432,7.9094,7.8147,7.9094,21393,0
20140210,7.9282,7.9282,7.881,7.9,7090,0
20140211,7.9378,8.004,7.9282,8.004,13885,0
20140212,7.9946,8.0135,7.9756,8.004,12431,0
20140213,7.9567,8.0702,7.9473,8.0608,21988,0
20140214,8.0323,8.0608,7.985,8.0418,34598,0
20140218,8.0135,8.0323,7.9756,8.004,53317,0
20140219,7.9946,8.0418,7.9282,7.9661,18627,0
20140220,7.9473,8.0229,7.9473,8.004,16106,0
20140221,8.0323,8.0418,8.0135,8.0135,10275,0
20140224,7.9756,8.0608,7.9756,8.0418,20714,0
20140225,8.0323,8.0514,8.0229,8.0229,4382,0
20140226,8.0135,8.0418,7.9756,7.985,23492,0
20140227,8.0796,8.1837,8.0323,8.127,166421,0
20140228,8.1932,8.3162,8.1932,8.2311,139149,0
20140303,8.1648,8.1932,8.0608,8.1932,20716,0
20140304,8.2215,8.2878,8.2027,8.25,36509,0
20140305,8.2215,8.2689,8.2121,8.2594,43074,0
20140306,8.2689,8.2878,8.25,8.2878,13996,0
20140307,8.3068,8.3256,8.2121,8.3068,21483,0
20140310,8.3068,8.335,8.2311,8.3162,30337,0
20140311,8.2973,8.3541,8.2783,8.3068,25906,0
20140312,8.25,8.2689,8.2121,8.2406,10334,0
20140313,8.25,8.25,8.1459,8.1648,23815,0
20140314,8.1648,8.2027,8.1648,8.1932,10404,0
20140317,8.1175,8.2215,8.1175,8.2027,55414,0
20140318,8.2406,8.25,8.1553,8.2311,29775,0
20140319,8.2215,8.2215,8.1459,8.1932,21521,0
20140320,8.2121,8.2121,8.1743,8.2121,5895,0
20140321,8.2311,8.25,8.1743,8.2027,72568,0
20140324,8.2215,8.2215,8.1553,8.1932,32555,0
20140325,8.2311,8.3919,8.2027,8.2215,14042,0
20140326,8.2406,8.2594,8.2311,8.2594,24839,0
20140327,8.2121,8.2311,8.1553,8.1932,29639,0
20140328,8.25,8.2594,8.2311,8.2406,30600,0
20140331,8.2215,8.3068,8.2215,8.2594,185923,0
20140401,8.2594,8.3919,8.2594,8.3068,61632,0
20140402,8.2783,8.3256,8.25,8.3162,56616,0
20140403,8.3447,8.3541,8.2878,8.3068,11238,0
20140404,8.3541,8.3729,8.1743,8.2121,36395,0
20140407,8.2311,8.2311,8.1837,8.2311,21135,0
20140408,8.2121,8.2121,8.1837,8.1932,19563,0
20140409,8.2215,8.3068,8.2121,8.2689,19355,0
20140410,8.2594,8.2689,8.1364,8.1648,16642,0
20140411,8.0702,8.1648,8.0608,8.127,12049,0
20140414,8.2121,8.2215,8.1743,8.2027,11708,0
20140415,8.2027,8.2406,8.127,8.2406,26712,0
20140416,8.2689,8.3068,8.2594,8.3068,14583,0
20140417,8.3729,8.3729,8.2783,8.3162,14920,0
20140421,8.3729,8.3729,8.3162,8.3635,30253,0
20140422,8.431,8.4792,8.3539,8.4695,141342,0
20140423,8.4888,8.4888,8.3731,8.3828,12357,0
20140424,8.4117,8.4695,8.3731,8.4502,23343,0
20140425,8.4406,8.4406,8.3153,8.3443,31862,0
20140428,8.3539,8.3828,8.2961,8.3539,36593,0
20140429,8.3828,8.4502,8.3828,8.431,37197,0
20140430,8.3731,8.4598,8.3731,8.4598,29820,0
20140501,8.4888,8.4888,8.4117,8.4888,63419,0
20140502,8.4598,8.5177,8.4598,8.5177,16325,0
20140505,8.4792,8.5755,8.3924,8.5563,45198,0
20140506,8.5659,8.5755,8.508,8.5659,14119,0
20140507,8.5659,8.5851,8.5273,8.5465,16983,0
20140508,8.5177,8.5851,8.508,8.5851,25262,0
20140509,8.5369,8.5755,8.5273,8.5563,16834,0
20140512,8.6044,8.6236,8.5755,8.6236,13003,0
20140513,8.643,8.6526,8.5851,8.643,27449,0
20140514,8.614,8.7297,8.5755,8.7297,82781,0
20140515,8.6814,8.7297,8.5659,8.6814,24807,0
20140516,8.643,8.6622,8.6044,8.614,8345,0
20140519,8.614,8.72,8.614,8.7104,38194,0
20140520,8.6718,8.72,8.6526,8.72,52660,0
20140521,8.6814,8.7585,8.6814,8.7489,42675,0
20140522,8.7393,8.8646,8.7104,8.8356,38528,0
20140523,8.8356,8.9031,8.7875,8.8838,65701,0
20140527,8.8742,8.8838,8.8164,8.8164,33451,0
20140528,8.7585,8.7971,8.72,8.72,46404,0
20140529,8.7585,8.7971,8.7297,8.7585,47745,0
20140530,8.7489,8.8067,8.7393,8.7875,33619,0
20140602,8.7681,8.7971,8.7104,8.7393,236460,0
20140603,8.7489,8.7585,8.72,8.7393,52112,0
20140604,8.7007,8.7875,8.7007,8.7681,29529,0
20140605,8.8067,8.9031,8.7779,8.8742,97464,0
20140606,8.855,8.9223,8.7585,8.9031,89573,0
20140609,8.8934,8.9127,8.826,8.9031,56370,0
20140610,8.8646,8.9223,8.8452,8.9127,40683,0
20140611,8.8452,8.9127,8.826,8.8742,23170,0
20140612,8.8452,8.9031,8.826,8.8646,26421,0
20140613,8.8646,8.932,8.8164,8.8742,45634,0
20140616,8.826,8.9127,8.826,8.8838,10935,0
20140617,8.9127,8.9417,8.9127,8.9417,28584,0
20140618,8.9127,9.0091,8.9127,8.9995,7323,0
20140619,8.9609,9.0284,8.9609,9.0091,18603,0
20140620,9.0668,9.0862,9.0091,9.0862,35699,0
20140623,9.0862,9.0862,8.9995,9.0091,13534,0
20140624,9.038,9.0766,9.0091,9.0091,9476,0
20140625,8.9995,9.0572,8.9705,9.0572,33558,0
20140626,9.0572,9.1536,9.038,9.038,42084,0
20140627,9.0572,9.1054,8.9801,9.0091,50303,0
20140630,9.0476,9.0766,8.9705,9.038,13224,0
20140701,9.0958,9.1536,8.9995,9.1247,24286,0
20140702,9.1343,9.1633,9.038,9.0476,40269,0
20140703,9.0958,9.1825,8.9705,9.1054,17788,0
20140707,9.1247,9.1247,8.9898,9.0958,32916,0
20140708,9.0476,9.2596,9.0091,9.0668,38576,0
20140709,9.0958,9.1633,9.0476,9.0668,24770,0
20140710,9.0476,9.1151,8.9801,9.1151,28637,0
20140711,9.2788,9.2885,9.0862,9.1439,41925,0
20140714,9.2211,9.2307,9.0766,9.1151,49446,0
20140715,9.1825,9.25,9.038,9.0668,72466,0
20140716,9.1151,9.2114,9.0862,9.1729,19629,0
20140717,9.0958,9.1921,9.0668,9.0862,20820,0
20140718,9.1247,9.1439,9.0958,9.1439,5803,0
20140721,9.1536,9.2307,9.1054,9.2211,27970,0
20140722,9.2799,9.2799,9.1818,9.2112,50992,0
20140723,9.3191,9.329,9.0935,9.1328,78598,0
20140724,9.1818,9.2407,9.1622,9.2014,8680,0
20140725,9.2014,9.2014,9.172,9.2014,4443,0
20140728,9.2309,9.2799,9.1426,9.2603,31313,0
20140729,9.2112,9.2407,9.0837,9.0935,31163,0
20140730,9.1524,9.2309,9.123,9.2211,21325,0
20140731,9.2309,9.2505,8.9464,8.9954,63562,0
20140801,8.9758,8.9758,8.809,8.8679,33396,0
20140804,8.8875,8.9268,8.8287,8.9268,38431,0
20140805,8.8483,8.9268,8.8287,8.8483,14042,0
20140806,8.8679,8.8679,8.7796,8.809,14783,0
20140807,8.8189,8.8483,8.7404,8.76,16347,0
20140808,8.7404,8.8385,8.7011,8.8287,6249,0
20140811,8.9071,8.9758,8.8973,8.9366,28036,0
20140812,8.9268,8.9268,8.8679,8.8875,7912,0
20140813,8.9071,8.9758,8.9071,8.9758,14078,0
20140814,8.9268,8.9758,8.9268,8.966,21656,0
20140815,8.966,9.0837,8.966,9.0543,28791,0
20140818,9.1033,9.1426,9.0543,9.1328,18228,0
20140819,9.123,9.172,9.0543,9.0641,21223,0
20140820,9.0249,9.0641,9.0151,9.0445,19959,0
20140821,9.0543,9.1328,9.0543,9.0641,41624,0
20140822,9.0445,9.0935,9.0052,9.0445,64661,0
20140825,9.0739,9.2309,9.0739,9.172,54752,0
20140826,9.172,9.1916,9.0641,9.1328,19061,0
20140827,9.1622,9.1622,9.0935,9.1033,109409,0
20140828,9.1033,9.1622,9.0837,9.1328,64599,0
20140829,9.1622,9.1622,9.0935,9.1131,61693,0
20140902,9.0935,9.172,9.0935,9.1328,34999,0
20140903,9.123,9.172,9.1131,9.1426,49196,0
20140904,9.172,9.2309,9.123,9.2014,62729,0
20140905,9.1622,9.1622,9.0641,9.0641,107520,0
20140908,9.0837,9.1328,9.0347,9.123,45753,0
20140909,9.0837,9.1131,9.0445,9.0445,34795,0
20140910,9.0641,9.0641,9.0347,9.0543,8539,0
20140911,9.0641,9.0837,9.0445,9.0543,9815,0
20140912,9.0249,9.0739,8.9856,9.0052,12495,0
20140915,8.9758,9.0249,8.9758,8.9954,9721,0
20140916,8.9954,9.123,8.9954,9.1033,29423,0
20140917,9.1426,9.1426,9.0347,9.0935,34315,0
20140918,9.1328,9.1426,9.0445,9.1328,28518,0
20140919,9.1426,9.172,9.0641,9.1033,59770,0
20140922,9.0641,9.0935,8.9954,9.0445,22753,0
20140923,8.9464,9.0445,8.9268,9.0052,67292,0
20140924,8.9954,9.0052,8.917,9.0052,11606,0
20140925,8.966,8.9856,8.9071,8.9071,9266,0
20140926,8.9268,8.9366,8.8679,8.9366,15455,0
20140929,8.8973,8.8973,8.8483,8.8777,13123,0
20140930,8.8777,8.9464,8.8581,8.8777,27407,0
20141001,8.8679,8.8973,8.809,8.809,16190,0
20141002,8.7992,8.809,8.6619,8.76,30917,0
20141003,8.809,8.8777,8.7894,8.8777,20923,0
20141006,8.8973,8.8973,8.809,8.8287,24304,0
20141007,8.7992,8.809,8.76,8.76,12094,0
20141008,8.7992,8.8483,8.7502,8.8483,20200,0
20141009,8.8483,8.8777,8.6913,8.7208,35388,0
20141010,8.7502,8.8189,8.5834,8.6227,37271,0
20141013,8.6325,8.6423,8.4167,8.4559,20624,0
20141014,8.4657,8.4853,8.3284,8.3872,17713,0
20141015,8.2401,8.3872,8.1028,8.2891,39996,0
20141016,8.0733,8.4167,8.0733,8.3088,48950,0
20141017,8.4755,8.5442,8.3578,8.4461,104520,0
20141020,8.4363,8.5246,8.4069,8.5148,30947,0
20141021,8.6129,8.7796,8.5736,8.76,57327,0
20141022,8.75,8.79,8.7,8.78,79645,0
20141023,8.84,8.9,8.79,8.87,60013,0
20141024,8.84,8.9,8.83,8.9,23798,0
20141027,8.85,8.91,8.84,8.88,18953,0
20141028,8.89,8.98,8.87,8.94,26245,0
20141029,8.94,9.01,8.9,8.92,12759,0
20141030,8.96,9.04,8.8,9.04,15878,0
20141031,9.13,9.13,9.04,9.11,18011,0
20141103,9.14,9.14,9.03,9.05,29153,0
20141104,9.08,9.08,8.96,9,17530,0
20141105,9.04,9.09,9.02,9.09,22748,0
20141106,9.08,9.1,9.06,9.09,9455,0
20141107,9.13,9.13,9.04,9.04,31095,0
20141110,9.08,9.12,9.08,9.09,11817,0
20141111,9.06,9.12,9.05,9.09,14758,0
20141112,9.06,9.12,9.06,9.12,10590,0
20141113,9.13,9.14,9.07,9.07,11086,0
20141114,9.09,9.12,9.07,9.08,7101,0
20141117,9.03,9.09,8.99,9,33936,0
20141118,9.04,9.13,9.04,9.13,6853,0
20141119,9.1,9.13,9.04,9.12,23727,0
20141120,9.1,9.12,9.06,9.11,43570,0
20141121,9.14,9.17,9.11,9.13,12040,0
20141124,9.12,9.18,9.12,9.12,10116,0
20141125,9.19,9.21,9.16,9.2,23680,0
20141126,9.19,9.19,9.16,9.16,15455,0
20141128,9.16,9.19,9.13,9.13,1455,0
20141201,9.09,9.11,9.06,9.09,9529,0
20141202,9.1,9.18,9.1,9.17,15941,0
20141203,9.19,9.21,9.16,9.19,15663,0
20141204,9.2,9.2,9.15,9.16,8747,0
20141205,9.19,9.23,9.18,9.18,9592,0
20141208,9.16,9.21,9.13,9.14,8076,0
20141209,9.06,9.14,9,9.1,23469,0
20141210,9.12,9.12,8.97,8.99,26651,0
20141211,9.01,9.06,8.99,9.01,20782,0
20141212,8.93,8.96,8.85,8.85,24277,0
20141215,8.87,8.87,8.76,8.76,15173,0
20141216,8.67,8.81,8.67,8.73,28796,0
20141217,8.7,8.81,8.65,8.8,29914,0
20141218,8.94,9.01,8.89,8.98,30612,0
20141219,9.01,9.05,8.98,9.05,20940,0
20141222,9.04,9.05,8.95,9.01,23037,0
20141223,9.05,9.07,9.01,9.05,16943,0
20141224,9.1,9.1,9.06,9.1,8506,0
20141226,9.1,9.16,9.08,9.09,21735,0
20141229,9.13,9.18,9.01,9.06,30815,0
20141230,9.01,9.16,8.99,9.1,40713,0
20141231,9.09,9.26,9.07,9.26,33828,0
20150102,9.2,9.29,9.1,9.12,13660,0
20150105,9.1,9.1,8.86,8.86,17508,0
20150106,8.9,8.94,8.77,8.81,15167,0
20150107,8.85,8.93,8.81,8.87,15892,0
20150108,8.96,9.01,8.95,8.99,14795,0
20150109,8.96,8.96,8.9,8.9,3971,0
20150112,8.86,8.96,8.85,8.86,2695,0
20150113,8.95,8.96,8.77,8.8,10575,0
20150114,8.74,8.78,8.72,8.77,73714,0
20150115,8.74,8.78,8.7,8.73,32383,0
20150116,8.71,8.86,8.71,8.84,40159,0
