Date,Open,High,Low,Close,Volume,OpenInt
20100823,22.469,22.557,22.432,22.486,5504,0
20100824,22.478,22.521,22.423,22.478,8377,0
20100825,22.388,22.54,22.388,22.432,10496,0
20100826,22.45,22.469,22.45,22.459,1596,0
20100827,22.459,22.521,22.432,22.521,3032,0
20100830,22.521,22.602,22.45,22.602,7367,0
20100831,22.602,22.699,22.602,22.655,4157,0
20100901,22.566,22.699,22.531,22.531,7740,0
20100902,22.415,22.469,22.326,22.344,11272,0
20100903,22.344,22.432,22.344,22.432,7653,0
20100907,22.344,22.407,22.281,22.307,12864,0
20100908,22.37,22.423,22.317,22.353,3594,0
20100909,22.353,22.388,22.317,22.344,6787,0
20100910,22.335,22.335,22.335,22.335,224,0
20100913,22.335,22.423,22.299,22.317,3481,0
20100914,22.388,22.423,22.317,22.37,5258,0
20100915,22.432,22.486,22.344,22.361,2278,0
20100916,22.478,22.575,22.478,22.575,4220,0
20100917,22.583,22.593,22.361,22.361,3194,0
20100920,22.575,22.583,22.344,22.388,9773,0
20100921,22.388,22.388,22.361,22.361,6732,0
20100922,22.423,22.432,22.379,22.423,4400,0
20100923,22.388,22.486,22.388,22.486,3277,0
20100924,22.593,22.593,22.397,22.459,6179,0
20100927,22.593,22.699,22.478,22.593,8640,0
20100928,22.655,23.295,22.593,22.833,17679,0
20100929,22.699,22.699,22.699,22.699,955,0
20100930,22.823,22.833,22.789,22.789,5617,0
20101001,22.673,22.682,22.628,22.682,3159,0
20101004,22.611,22.611,22.45,22.512,9890,0
20101005,22.566,22.566,22.432,22.432,6851,0
20101006,22.521,22.521,22.29,22.335,18642,0
20101007,22.45,22.45,22.335,22.388,11043,0
20101008,22.388,22.478,22.281,22.326,10783,0
20101011,22.423,22.432,22.335,22.432,4993,0
20101012,22.432,22.432,22.344,22.388,15812,0
20101013,22.379,22.388,22.37,22.379,3407,0
20101014,22.379,22.407,22.37,22.37,6437,0
20101015,22.37,22.432,22.344,22.344,10430,0
20101018,22.353,22.353,22.317,22.317,5341,0
20101019,22.361,22.432,22.317,22.432,5537,0
20101020,22.469,22.512,22.423,22.512,5212,0
20101021,22.548,22.699,22.353,22.353,8230,0
20101022,22.379,22.486,22.361,22.37,1983,0
20101025,22.512,22.512,22.415,22.442,3664,0
20101026,22.531,22.54,22.307,22.317,19928,0
20101027,22.326,22.415,22.317,22.317,10924,0
20101028,22.388,22.521,22.353,22.379,4493,0
20101029,22.512,22.512,22.37,22.512,674,0
20101101,22.388,22.512,22.388,22.512,4494,0
20101102,22.397,22.495,22.353,22.407,2472,0
20101103,22.504,22.521,22.361,22.361,6807,0
20101104,22.415,22.512,22.415,22.512,3322,0
20101105,22.512,22.54,22.379,22.45,4937,0
20101108,22.379,22.45,22.37,22.37,3001,0
20101109,22.407,22.459,22.397,22.432,2033,0
20101110,22.397,22.469,22.344,22.344,8546,0
20101111,22.423,22.442,22.317,22.353,6627,0
20101112,22.361,22.388,22.344,22.344,5841,0
20101115,22.423,22.611,22.397,22.423,8922,0
20101116,22.566,22.566,22.361,22.361,7855,0
20101117,22.469,22.478,22.37,22.37,3481,0
20101118,22.407,22.423,22.388,22.397,2381,0
20101119,22.361,22.379,22.317,22.379,10016,0
20101122,22.379,22.379,22.379,22.379,1236,0
20101123,22.361,22.397,22.326,22.361,3641,0
20101124,22.397,22.415,22.326,22.353,5221,0
20101129,22.504,22.504,22.379,22.495,6329,0
20101130,22.344,22.512,22.344,22.388,11467,0
20101201,22.469,22.469,22.379,22.432,5282,0
20101202,22.415,22.459,22.407,22.432,13533,0
20101203,22.307,22.344,22.255,22.344,18304,0
20101206,22.344,22.388,22.281,22.344,11214,0
20101207,22.317,22.353,22.299,22.335,7491,0
20101208,22.317,22.335,22.281,22.299,11114,0
20101209,22.29,22.344,22.281,22.317,2528,0
20101210,22.281,22.281,22.165,22.21,7263,0
20101213,22.165,22.273,22.156,22.273,6925,0
20101214,22.174,22.174,22.086,22.102,25079,0
20101215,22.156,22.165,22.121,22.121,9137,0
20101216,22.202,22.281,22.202,22.255,8623,0
20101217,22.21,22.21,22.102,22.192,9852,0
20101220,22.165,22.255,22.13,22.14,17748,0
20101221,22.112,22.415,22.112,22.21,16329,0
20101222,22.112,22.264,22.112,22.13,11530,0
20101223,22.388,22.388,22.13,22.13,1685,0
20101227,22.388,22.388,22.228,22.228,7415,0
20101228,22.344,22.344,22.174,22.174,3699,0
20101229,22.245,22.255,22.14,22.14,6057,0
20101230,22.273,22.273,22.21,22.21,3159,0
20101231,22.21,22.335,22.21,22.21,16177,0
20110103,22.174,22.21,22.174,22.183,5318,0
20110104,22.281,22.29,22.183,22.219,3603,0
20110105,22.264,22.37,22.255,22.255,4801,0
20110106,22.353,22.379,22.245,22.245,4686,0
20110107,22.264,22.264,22.219,22.236,5979,0
20110110,22.236,22.255,22.236,22.255,6077,0
20110111,22.344,22.344,22.255,22.255,4527,0
20110112,22.344,22.361,22.29,22.361,2134,0
20110113,22.273,22.353,22.255,22.353,7485,0
20110114,22.264,22.335,22.255,22.264,2472,0
20110118,22.245,22.326,22.236,22.273,1246,0
20110119,22.326,22.335,22.245,22.335,6855,0
20110120,22.281,22.361,22.236,22.236,8162,0
20110121,22.255,22.299,22.236,22.236,1460,0
20110124,22.264,22.317,22.264,22.317,3481,0
20110125,22.273,22.281,22.228,22.228,7910,0
20110126,22.219,22.326,22.219,22.236,7393,0
20110127,22.299,22.361,22.245,22.281,8206,0
20110128,22.361,22.361,22.299,22.353,1675,0
20110131,22.299,22.307,22.264,22.264,1236,0
20110201,22.299,22.397,22.273,22.273,5888,0
20110202,22.415,22.432,22.29,22.432,3104,0
20110203,22.307,22.388,22.299,22.388,5611,0
20110204,22.317,22.388,22.307,22.388,6206,0
20110207,22.307,22.459,22.307,22.459,6885,0
20110208,22.459,22.459,22.335,22.344,1570,0
20110209,22.415,22.469,22.353,22.432,7555,0
20110210,22.353,22.504,22.307,22.504,5101,0
20110211,22.388,22.504,22.307,22.307,9146,0
20110214,22.344,22.415,22.326,22.415,5955,0
20110215,22.45,22.478,22.379,22.388,3141,0
20110216,22.478,22.495,22.326,22.326,10565,0
20110218,22.486,22.486,22.397,22.486,2845,0
20110222,22.432,22.566,22.397,22.397,4275,0
20110223,22.469,22.557,22.397,22.397,2904,0
20110224,22.521,22.521,22.521,22.521,562,0
20110225,22.521,22.521,22.442,22.442,5624,0
20110228,22.459,22.566,22.459,22.566,5560,0
20110301,22.575,22.699,22.557,22.566,10052,0
20110302,22.504,22.682,22.486,22.682,3470,0
20110303,22.353,22.397,22.174,22.335,33526,0
20110304,22.344,22.388,22.281,22.388,8650,0
20110307,22.415,22.423,22.255,22.353,12126,0
20110308,22.344,22.397,22.281,22.397,5292,0
20110309,22.317,22.407,22.317,22.407,5716,0
20110310,22.388,22.423,22.388,22.415,3849,0
20110311,22.504,22.611,22.415,22.611,5187,0
20110314,22.557,22.557,22.442,22.442,4978,0
20110315,22.432,22.478,22.326,22.442,3070,0
20110316,22.432,22.566,22.407,22.478,2806,0
20110317,22.344,22.407,22.344,22.407,1707,0
20110318,22.521,22.521,22.442,22.442,2696,0
20110321,22.566,22.566,22.407,22.407,3516,0
20110322,22.531,22.566,22.407,22.45,29247,0
20110323,22.557,22.566,22.478,22.521,2584,0
20110324,22.673,22.673,22.432,22.478,4747,0
20110325,22.69,22.69,22.478,22.478,8159,0
20110328,22.478,22.486,22.442,22.486,1581,0
20110329,22.486,22.602,22.478,22.478,3837,0
20110330,22.521,22.54,22.478,22.521,5676,0
20110331,22.566,22.583,22.478,22.521,6403,0
20110401,22.521,22.548,22.478,22.548,11685,0
20110404,22.478,22.69,22.353,22.504,3560,0
20110405,22.415,22.469,22.415,22.45,5006,0
20110406,22.459,22.459,22.29,22.29,7439,0
20110407,22.307,22.361,22.255,22.281,8189,0
20110408,22.307,22.335,22.307,22.307,2821,0
20110411,22.307,22.379,22.255,22.273,7582,0
20110412,22.255,22.379,22.228,22.273,8610,0
20110413,22.361,22.37,22.281,22.281,4404,0
20110414,22.281,22.379,22.281,22.379,137069,0
20110415,22.326,22.415,22.281,22.415,56927,0
20110418,22.423,22.469,22.307,22.307,34375,0
20110419,22.397,22.469,22.326,22.353,5533,0
20110420,22.335,22.423,22.335,22.335,1180,0
20110421,22.407,22.62,22.255,22.299,24958,0
20110425,22.299,22.335,22.273,22.273,7599,0
20110426,22.344,22.407,22.299,22.397,3485,0
20110427,22.423,22.423,22.264,22.29,11807,0
20110428,22.37,22.37,22.307,22.353,8146,0
20110429,22.344,22.361,22.299,22.335,7773,0
20110502,22.317,22.459,22.317,22.442,13123,0
20110503,22.344,22.469,22.344,22.432,1736,0
20110504,22.45,22.478,22.45,22.478,3029,0
20110505,22.512,22.521,22.469,22.521,3032,0
20110506,22.521,22.789,22.486,22.637,2847,0
20110509,22.548,22.699,22.397,22.486,8489,0
20110510,22.486,22.602,22.442,22.469,4480,0
20110511,22.478,22.557,22.459,22.486,3041,0
20110512,22.521,22.548,22.45,22.45,674,0
20110513,22.486,23.18,22.486,22.628,7414,0
20110516,22.548,22.602,22.521,22.521,1370,0
20110517,22.602,22.611,22.478,22.478,5831,0
20110518,22.566,22.566,22.459,22.521,975,0
20110519,22.566,22.611,22.512,22.583,6819,0
20110520,22.495,22.86,22.495,22.86,8520,0
20110523,22.798,22.798,22.798,22.798,114,0
20110524,22.647,22.655,22.531,22.531,8088,0
20110525,22.531,22.583,22.531,22.548,5278,0
20110526,22.531,22.593,22.504,22.504,6995,0
20110527,22.557,22.575,22.548,22.548,4855,0
20110531,22.521,22.62,22.512,22.566,5325,0
20110601,22.566,22.611,22.54,22.54,1460,0
20110602,22.54,22.602,22.54,22.602,2214,0
20110603,22.45,22.459,22.307,22.344,7142,0
20110606,22.344,22.423,22.317,22.423,5492,0
20110607,22.415,22.423,22.317,22.423,5513,0
20110608,22.407,22.423,22.388,22.388,1863,0
20110609,22.37,22.521,22.37,22.388,3117,0
20110610,22.388,22.423,22.37,22.388,4147,0
20110613,22.388,22.415,22.361,22.388,1180,0
20110614,22.379,22.423,22.361,22.423,2247,0
20110615,22.397,22.469,22.37,22.37,6066,0
20110616,22.37,22.432,22.344,22.415,6957,0
20110617,22.415,22.486,22.37,22.432,3235,0
20110620,22.432,22.45,22.388,22.388,9550,0
20110621,22.37,22.521,22.37,22.504,11375,0
20110622,22.415,22.611,22.415,22.432,6379,0
20110623,22.432,22.512,22.415,22.478,5817,0
20110624,22.583,22.664,22.575,22.593,6098,0
20110627,22.62,22.655,22.611,22.611,2626,0
20110628,22.664,22.664,22.478,22.486,2297,0
20110629,22.531,22.531,22.432,22.469,2163,0
20110630,22.442,22.45,22.432,22.442,8538,0
20110701,22.432,22.512,22.432,22.512,1348,0
20110705,22.521,22.593,22.45,22.593,6037,0
20110706,22.504,22.583,22.45,22.478,5603,0
20110707,22.566,22.602,22.415,22.45,10397,0
20110708,22.45,22.495,22.45,22.459,7842,0
20110711,22.531,22.531,22.432,22.495,3684,0
20110712,22.432,22.432,22.388,22.397,9767,0
20110713,22.397,22.442,22.37,22.379,4560,0
20110714,22.379,22.469,22.379,22.459,4157,0
20110715,22.432,22.432,22.388,22.415,5323,0
20110718,22.415,22.432,22.407,22.432,1253,0
20110719,22.495,22.495,22.415,22.415,8088,0
20110720,22.45,22.45,22.415,22.415,4729,0
20110721,22.521,22.557,22.432,22.432,9761,0
20110722,22.432,22.531,22.432,22.45,5090,0
20110725,22.442,22.557,22.442,22.45,6468,0
20110726,22.459,22.478,22.432,22.45,7259,0
20110727,22.45,22.504,22.442,22.486,2401,0
20110728,22.45,22.45,22.432,22.45,7301,0
20110729,22.432,22.512,22.432,22.442,2129,0
20110801,22.442,22.753,22.432,22.709,28637,0
20110802,22.69,22.69,22.495,22.682,3341,0
20110803,22.709,22.745,22.521,22.664,3818,0
20110804,22.575,22.745,22.478,22.593,2735,0
20110805,22.602,22.602,22.495,22.583,5504,0
20110808,22.521,22.566,22.388,22.512,17739,0
20110809,22.415,22.478,22.397,22.432,5987,0
20110810,22.478,22.655,22.478,22.655,7287,0
20110811,22.736,22.736,22.407,22.699,7190,0
20110812,22.583,22.842,22.495,22.726,6473,0
20110815,22.557,22.798,22.548,22.611,1081,0
20110816,22.761,22.842,22.726,22.842,11351,0
20110817,22.878,22.886,22.771,22.823,2554,0
20110818,22.709,22.886,22.655,22.807,4275,0
20110819,22.833,22.878,22.655,22.851,7279,0
20110822,22.761,22.878,22.504,22.869,9408,0
20110823,22.823,22.823,22.699,22.699,3465,0
20110824,22.709,22.923,22.699,22.913,4550,0
20110825,22.886,22.913,22.86,22.86,1988,0
20110826,22.807,22.878,22.736,22.736,1124,0
20110829,22.798,22.878,22.726,22.745,4942,0
20110830,22.726,22.878,22.583,22.69,7491,0
20110831,22.736,22.745,22.682,22.709,2776,0
20110901,22.78,22.807,22.726,22.745,3261,0
20110902,22.611,22.655,22.478,22.531,5137,0
20110906,22.548,22.673,22.548,22.673,843,0
20110907,22.575,22.771,22.548,22.664,10262,0
20110908,22.628,22.718,22.566,22.566,9550,0
20110909,22.611,22.726,22.566,22.726,1455,0
20110912,22.611,22.69,22.548,22.611,4781,0
20110913,22.647,22.647,22.575,22.611,1910,0
20110914,22.62,22.69,22.593,22.611,6269,0
20110915,22.611,22.682,22.611,22.628,674,0
20110916,22.637,22.699,22.637,22.699,2547,0
20110919,22.726,22.753,22.647,22.647,3768,0
20110921,22.709,22.789,22.699,22.699,1825,0
20110922,22.655,22.789,22.655,22.789,3830,0
20110923,22.726,22.789,22.655,22.655,1664,0
20110926,22.771,22.771,22.637,22.726,4430,0
20110927,22.789,22.789,22.664,22.699,5862,0
20110928,22.682,22.682,22.682,22.682,472,0
20110929,22.682,22.745,22.637,22.673,3898,0
20110930,22.718,22.761,22.718,22.761,995,0
20111003,22.682,22.86,22.655,22.86,2348,0
20111004,22.816,22.816,22.699,22.78,4414,0
20111005,22.789,22.869,22.682,22.869,3430,0
20111006,22.851,22.878,22.709,22.878,4411,0
20111007,22.878,23.002,22.745,22.895,12728,0
20111010,22.807,22.923,22.789,22.923,1010,0
20111011,22.807,22.807,22.807,22.807,973,0
20111012,22.878,23.012,22.878,23.012,5296,0
20111013,22.94,23.128,22.807,22.878,5373,0
20111014,22.994,22.994,22.816,22.833,1910,0
20111017,22.95,22.966,22.807,22.851,1628,0
20111018,22.833,22.833,22.699,22.699,10343,0
20111019,22.833,22.833,22.673,22.673,4737,0
20111020,22.699,22.736,21.898,22.655,41179,0
20111021,22.718,22.753,22.699,22.699,2696,0
20111024,22.69,22.69,22.54,22.54,7900,0
20111025,22.611,22.682,22.611,22.637,3573,0
20111026,22.699,22.699,22.593,22.593,1475,0
20111027,22.611,22.699,22.583,22.583,15952,0
20111028,22.593,22.655,22.593,22.593,20695,0
20111031,22.611,22.718,22.593,22.718,5098,0
20111101,22.611,22.736,22.611,22.637,2788,0
20111102,22.699,22.699,22.548,22.647,3571,0
20111103,22.655,22.709,22.628,22.628,2583,0
20111104,22.709,22.709,22.593,22.593,4770,0
20111107,22.62,22.726,22.611,22.726,1967,0
20111108,22.664,22.745,22.664,22.745,6068,0
20111109,22.664,22.682,22.655,22.655,3032,0
20111110,22.637,22.745,22.637,22.699,2584,0
20111111,22.736,22.745,22.62,22.62,3257,0
20111114,22.718,22.718,22.699,22.699,1410,0
20111115,22.682,22.86,22.682,22.699,6379,0
20111116,22.69,22.816,22.69,22.807,674,0
20111117,22.851,22.851,22.851,22.851,1078,0
20111118,22.745,22.745,22.718,22.718,1993,0
20111121,22.726,22.753,22.699,22.745,3136,0
20111122,22.789,22.816,22.699,22.699,9352,0
20111123,22.699,22.745,22.62,22.745,5114,0
20111125,22.655,22.771,22.655,22.699,1106,0
20111128,22.69,22.753,22.611,22.673,15636,0
20111129,22.699,22.753,22.699,22.718,3287,0
20111130,22.745,22.833,22.745,22.753,4320,0
20111201,22.816,22.816,22.745,22.798,4752,0
20111202,22.771,22.823,22.726,22.736,8858,0
20111205,22.548,22.628,22.478,22.628,9055,0
20111206,22.628,22.628,22.628,22.628,1104,0
20111207,22.611,22.655,22.611,22.611,7807,0
20111208,22.637,22.637,22.593,22.637,2696,0
20111209,22.566,22.789,22.566,22.673,5993,0
20111212,22.566,22.62,22.566,22.611,3370,0
20111213,22.611,22.736,22.575,22.575,4467,0
20111214,22.69,22.726,22.655,22.709,4180,0
20111215,22.69,22.69,22.637,22.69,2060,0
20111216,22.709,22.736,22.575,22.575,7938,0
20111219,22.664,22.673,22.583,22.593,5056,0
20111220,22.664,22.699,22.611,22.682,2696,0
20111221,22.69,22.69,22.62,22.62,10476,0
20111222,22.673,22.709,22.628,22.709,2728,0
20111223,22.699,22.709,22.611,22.673,4404,0
20111227,22.709,22.869,22.637,22.869,6846,0
20111228,22.851,22.976,22.745,22.904,11456,0
20111229,22.842,23.261,22.842,23.002,15134,0
20111230,22.994,23.019,22.628,22.673,7882,0
20120103,23.012,23.012,22.718,22.95,7524,0
20120105,23.028,23.028,22.878,22.878,5842,0
20120106,22.851,23.109,22.833,23.109,4931,0
20120109,22.842,23.056,22.789,23.056,6042,0
20120110,23.047,23.047,22.966,23.047,5236,0
20120111,22.931,23.056,22.904,23.047,3715,0
20120112,22.904,23.074,22.878,23.065,5388,0
20120113,22.869,22.895,22.86,22.895,1460,0
20120117,22.895,23.056,22.895,23.056,2472,0
20120118,23.028,23.028,22.878,22.913,9807,0
20120119,22.994,23.056,22.994,23.047,2472,0
20120120,22.976,23.074,22.923,22.966,4758,0
20120123,22.923,23.056,22.886,22.886,5460,0
20120124,22.985,23.145,22.923,22.994,7190,0
20120125,23.002,23.09,22.886,22.957,4942,0
20120126,23.002,23.233,22.957,23.056,6008,0
20120127,23.019,23.128,23.019,23.1,2562,0
20120130,23.038,23.118,22.966,23.118,1910,0
20120131,23.1,23.19,23.1,23.153,6533,0
20120201,23.19,23.19,23.038,23.038,6639,0
20120202,23.118,23.19,23.083,23.083,8593,0
20120203,23.09,23.233,23.09,23.233,4269,0
20120206,23.171,23.19,22.985,23.012,2360,0
20120207,22.976,23.09,22.895,22.923,8228,0
20120208,22.994,22.994,22.904,22.966,2448,0
20120209,22.994,23.028,22.976,23.002,4720,0
20120210,23.065,23.065,22.923,23.019,5890,0
20120213,22.95,22.985,22.878,22.923,6066,0
20120214,22.985,22.985,22.913,22.913,952,0
20120215,22.904,23.047,22.886,22.904,5353,0
20120216,22.913,23.012,22.878,22.931,6966,0
20120217,22.957,22.976,22.931,22.976,6517,0
20120221,22.913,22.957,22.895,22.904,1348,0
20120222,22.94,22.994,22.913,22.913,2370,0
20120223,22.94,22.985,22.94,22.985,989,0
20120224,22.957,23.002,22.957,23.002,730,0
20120227,22.994,22.994,22.923,22.931,4365,0
20120228,22.957,22.966,22.957,22.966,1571,0
20120229,23.012,23.012,23.012,23.012,224,0
20120301,23.012,23.056,23.012,23.047,3718,0
20120302,23.056,23.233,22.966,22.966,9872,0
20120305,22.923,22.923,22.709,22.709,4696,0
20120306,22.761,22.761,22.745,22.745,3445,0
20120307,23.136,23.136,22.699,22.761,5460,0
20120308,22.789,22.878,22.753,22.753,2332,0
20120309,22.833,22.923,22.833,22.833,3538,0
20120312,22.895,22.994,22.833,22.878,4043,0
20120313,22.957,22.976,22.833,22.833,5442,0
20120314,22.842,22.851,22.833,22.842,4002,0
20120315,22.833,22.842,22.655,22.718,10514,0
20120316,22.611,22.699,22.593,22.611,39317,0
20120319,22.745,22.745,22.611,22.655,3880,0
20120320,22.726,22.736,22.699,22.718,2561,0
20120321,22.789,22.807,22.637,22.807,6258,0
20120322,22.761,22.789,22.62,22.628,8434,0
20120323,22.699,22.699,22.628,22.699,2730,0
20120326,22.745,22.761,22.611,22.69,10294,0
20120327,22.699,22.78,22.647,22.736,9321,0
20120328,22.718,22.745,22.655,22.655,3591,0
20120329,22.709,22.833,22.699,22.833,5729,0
20120330,22.816,22.823,22.753,22.798,1910,0
20120402,22.745,22.78,22.673,22.78,2134,0
20120403,22.745,22.913,22.745,22.745,1766,0
20120404,22.69,22.833,22.673,22.699,3689,0
20120405,22.816,22.833,22.664,22.798,7583,0
20120409,22.726,22.816,22.682,22.709,6055,0
20120410,22.78,22.816,22.699,22.709,6470,0
20120411,22.709,22.985,22.709,22.842,11807,0
20120412,22.753,22.798,22.699,22.761,10673,0
20120413,22.807,22.807,22.761,22.761,4741,0
20120416,22.761,22.923,22.709,22.851,7325,0
20120417,22.833,22.833,22.628,22.771,20852,0
20120418,22.823,22.904,22.816,22.869,5597,0
20120419,22.923,22.976,22.78,22.976,5967,0
20120420,22.994,23.002,22.833,22.86,5563,0
20120423,22.913,23.012,22.745,23.012,5636,0
20120424,22.904,22.904,22.761,22.789,3221,0
20120425,22.771,22.931,22.771,22.931,2308,0
20120426,22.833,22.913,22.807,22.823,4222,0
20120427,22.807,22.833,22.726,22.789,1826,0
20120430,22.807,22.842,22.699,22.789,9540,0
20120501,22.745,22.761,22.745,22.761,1083,0
20120502,22.823,23.002,22.753,22.789,9522,0
20120503,22.869,23.047,22.78,22.957,10672,0
20120504,22.823,22.985,22.823,22.966,2677,0
20120507,22.923,23.028,22.789,22.886,42122,0
20120508,22.878,22.895,22.807,22.842,27334,0
20120509,22.807,23.002,22.789,22.842,10446,0
20120510,22.833,22.966,22.833,22.957,6929,0
20120511,22.878,22.966,22.798,22.798,15445,0
20120514,22.807,22.833,22.78,22.789,13128,0
20120515,22.807,22.886,22.807,22.886,3932,0
20120516,22.895,23.224,22.895,23.083,9739,0
20120517,22.976,23.038,22.976,23.012,3230,0
20120518,23.012,23.012,22.923,22.923,10045,0
20120521,23.128,23.128,22.923,22.923,3747,0
20120522,22.923,23.056,22.895,23.047,5235,0
20120523,23.028,23.028,22.966,22.966,1010,0
20120524,22.904,22.994,22.851,22.851,3621,0
20120525,22.923,22.985,22.878,22.985,5630,0
20120529,22.94,23.145,22.913,23.028,15750,0
20120530,23.109,23.109,23.056,23.109,2775,0
20120531,23.074,23.09,23.074,23.09,786,0
20120601,23.038,23.038,22.94,22.94,3989,0
20120604,22.966,23.065,22.957,22.957,1601,0
20120605,22.869,22.869,22.709,22.753,11881,0
20120606,22.789,22.94,22.726,22.878,8278,0
20120607,22.923,22.923,22.78,22.923,4795,0
20120608,22.966,22.966,22.833,22.833,2058,0
20120611,22.816,22.966,22.816,22.923,2187,0
20120612,22.869,22.895,22.789,22.789,6197,0
20120613,22.913,22.913,22.878,22.878,675,0
20120614,22.807,22.842,22.761,22.842,1348,0
20120615,22.869,22.869,22.798,22.807,1010,0
20120618,22.833,22.966,22.833,22.923,5729,0
20120619,22.923,22.94,22.833,22.833,7976,0
20120620,22.842,22.923,22.823,22.923,3340,0
20120621,22.886,22.886,22.851,22.86,3037,0
20120622,22.923,23.056,22.851,23.056,1820,0
20120625,23.012,23.028,22.895,22.895,3038,0
20120626,22.95,22.966,22.869,22.886,5515,0
20120627,22.895,22.957,22.869,22.886,2518,0
20120628,22.94,22.966,22.904,22.966,2016,0
20120629,22.904,22.923,22.842,22.842,3088,0
20120702,22.923,22.966,22.851,22.86,4836,0
20120703,22.913,22.913,22.823,22.823,2848,0
20120705,22.823,23.019,22.807,23.019,3590,0
20120706,23.002,23.012,22.913,22.913,3174,0
20120709,22.869,22.976,22.851,22.95,5449,0
20120710,22.869,22.94,22.842,22.851,5280,0
20120711,22.895,22.913,22.851,22.86,20303,0
20120712,22.842,22.842,22.842,22.842,674,0
20120713,22.904,23.047,22.904,23.019,3818,0
20120716,23.019,23.056,22.923,23.056,4493,0
20120717,23.056,23.1,22.966,23.1,3060,0
20120718,23.083,23.145,23.002,23.128,3984,0
20120719,23.19,23.207,23.019,23.056,3780,0
20120720,22.95,23.224,22.95,23.056,2486,0
20120723,23.199,23.447,22.842,22.842,5756,0
20120724,22.904,23.279,22.869,23.224,4269,0
20120725,23.224,23.233,22.923,23.019,2247,0
20120726,23.19,23.19,23.038,23.118,4576,0
20120727,23.162,23.233,22.895,22.95,9821,0
20120730,23.118,23.171,23.056,23.109,11989,0
20120731,23.056,23.056,22.95,23.047,5446,0
20120801,22.994,23.056,22.966,23.056,2641,0
20120802,23.056,23.18,23.047,23.074,2831,0
20120803,23.128,23.171,23.012,23.109,3011,0
20120806,23.128,23.128,23.128,23.128,224,0
20120807,23.19,23.233,23.136,23.136,15525,0
20120808,23.19,23.19,23.1,23.1,1297,0
20120809,23.145,23.199,23.1,23.162,2703,0
20120810,23.145,23.145,23.109,23.109,1236,0
20120813,23.145,23.19,23.145,23.153,2124,0
20120814,23.109,23.153,23.109,23.153,1567,0
20120815,23.145,23.145,22.976,22.976,4366,0
20120816,23.145,23.18,23.074,23.145,3374,0
20120817,23.136,23.145,22.976,22.994,2554,0
20120820,23.09,23.09,22.994,23.002,3511,0
20120821,22.957,23.145,22.957,23.145,3465,0
20120822,23.145,23.18,23.136,23.18,1477,0
20120823,23.118,23.233,23.118,23.19,2993,0
20120824,23.145,23.207,23.145,23.153,2460,0
20120827,23.145,23.233,23.145,23.162,4193,0
20120828,23.224,23.224,22.895,22.923,19605,0
20120829,22.895,22.985,22.878,22.976,1292,0
20120830,23.012,23.047,22.913,23.047,6851,0
20120831,22.957,23.038,22.957,23.038,3830,0
20120904,22.994,23.038,22.931,23.019,9995,0
20120905,22.833,22.86,22.682,22.833,20324,0
20120906,22.789,22.842,22.753,22.761,6517,0
20120907,22.851,22.931,22.753,22.913,7306,0
20120910,22.878,22.878,22.771,22.851,5627,0
20120911,22.851,22.878,22.771,22.798,8363,0
20120912,22.771,22.86,22.771,22.86,10385,0
20120913,22.798,22.913,22.798,22.869,14453,0
20120914,22.816,22.823,22.78,22.807,3005,0
20120917,22.851,23.065,22.842,22.966,10560,0
20120918,22.95,23.19,22.95,23.056,2372,0
20120919,23.019,23.145,22.923,22.966,7246,0
20120920,23.1,23.136,22.966,23.038,4078,0
20120921,23.145,23.19,23.1,23.136,5729,0
20120924,23.207,23.207,23.171,23.19,1622,0
20120925,23.217,23.224,23.153,23.162,3157,0
20120926,23.18,23.217,23.145,23.145,4413,0
20120927,23.153,23.19,23.145,23.153,2410,0
20120928,23.153,23.153,23.153,23.153,1010,0
20121001,23.153,23.429,23.145,23.242,3482,0
20121002,23.171,23.233,23.171,23.171,4009,0
20121003,23.153,23.153,23.153,23.153,224,0
20121004,23.153,23.27,23.153,23.233,2933,0
20121005,23.153,23.261,23.145,23.261,2219,0
20121008,23.19,23.242,23.19,23.242,1526,0
20121009,23.171,23.242,22.789,22.789,18120,0
20121010,22.745,22.761,22.726,22.736,9879,0
20121011,22.753,22.789,22.745,22.789,7763,0
20121012,22.736,22.913,22.736,22.833,10917,0
20121015,22.923,22.923,22.726,22.761,5285,0
20121016,22.761,22.789,22.45,22.753,5076,0
20121017,22.575,22.923,22.575,22.869,8656,0
20121018,22.655,22.789,22.62,22.789,888,0
20121019,22.851,22.851,22.647,22.664,5139,0
20121022,22.673,22.789,22.664,22.771,6554,0
20121023,22.753,22.753,22.736,22.736,594,0
20121024,22.78,22.78,22.709,22.718,5437,0
20121025,22.718,22.745,22.664,22.664,8049,0
20121026,22.726,22.736,22.726,22.726,1202,0
20121031,22.753,22.753,22.682,22.709,7594,0
20121101,22.745,22.823,22.699,22.699,5479,0
20121102,22.753,22.753,22.753,22.753,1106,0
20121105,22.745,22.745,22.745,22.745,114,0
20121106,22.726,22.798,22.726,22.736,4925,0
20121107,22.709,22.807,22.699,22.699,7489,0
20121108,22.761,22.789,22.699,22.718,3819,0
20121109,22.761,22.78,22.673,22.699,3481,0
20121112,22.699,22.761,22.699,22.745,6955,0
20121113,22.798,22.798,22.673,22.726,6869,0
20121114,22.736,22.789,22.726,22.726,2738,0
20121115,22.78,22.833,22.78,22.833,3742,0
20121116,22.833,22.904,22.789,22.789,3146,0
20121119,22.718,22.823,22.628,22.682,10805,0
20121120,22.69,22.726,22.69,22.699,8588,0
20121121,22.745,22.886,22.745,22.886,5579,0
20121123,22.807,22.816,22.637,22.798,10331,0
20121126,22.699,22.833,22.682,22.753,16863,0
20121127,22.726,22.886,22.726,22.807,9821,0
20121128,22.878,22.923,22.709,22.789,22666,0
20121129,22.745,22.878,22.682,22.833,13765,0
20121130,22.726,22.789,22.709,22.726,9550,0
20121203,22.699,22.789,22.682,22.699,80096,0
20121204,22.699,22.745,22.673,22.726,13592,0
20121205,22.521,22.521,22.397,22.521,18512,0
20121206,22.548,22.548,22.486,22.486,786,0
20121207,22.486,22.521,22.486,22.486,9702,0
20121210,22.469,22.583,22.469,22.583,8049,0
20121211,22.54,22.699,22.478,22.664,10606,0
20121212,22.593,22.62,22.521,22.611,5022,0
20121213,22.566,22.611,22.54,22.583,13454,0
20121214,22.611,22.664,22.521,22.647,10957,0
20121217,22.557,22.583,22.548,22.548,2745,0
20121218,22.575,22.699,22.557,22.637,11579,0
20121219,22.655,22.69,22.647,22.647,6685,0
20121220,22.655,22.682,22.575,22.647,11235,0
20121221,22.583,22.593,22.548,22.557,6066,0
20121224,22.682,22.745,22.575,22.673,7504,0
20121226,22.726,22.736,22.664,22.673,3862,0
20121227,22.637,22.718,22.637,22.718,5534,0
20121228,22.726,22.726,22.583,22.583,2318,0
20121231,22.611,22.745,22.557,22.736,10840,0
20130102,22.761,22.833,22.699,22.833,14089,0
20130103,22.833,22.833,22.789,22.823,4438,0
20130104,22.833,22.913,22.833,22.895,3491,0
20130107,22.823,22.86,22.753,22.807,7241,0
20130108,22.851,22.913,22.816,22.816,9422,0
20130109,22.816,22.842,22.789,22.833,4662,0
20130110,22.833,22.86,22.833,22.86,9618,0
20130111,22.842,22.842,22.816,22.833,9274,0
20130114,22.86,22.904,22.86,22.86,1859,0
20130115,22.878,22.994,22.807,22.994,10056,0
20130116,22.95,22.95,22.833,22.833,6058,0
20130117,22.851,22.886,22.833,22.833,1874,0
20130118,22.833,22.931,22.789,22.913,25652,0
20130122,22.878,22.931,22.878,22.931,1863,0
20130123,22.895,22.904,22.878,22.878,3481,0
20130124,22.94,22.994,22.886,22.994,9529,0
20130125,22.904,22.95,22.895,22.895,5393,0
20130128,22.931,22.94,22.878,22.878,13844,0
20130129,22.878,22.904,22.86,22.878,8874,0
20130130,22.923,22.931,22.904,22.931,2959,0
20130131,22.878,22.923,22.833,22.833,8482,0
20130201,22.851,22.851,22.789,22.816,6435,0
20130204,22.798,22.807,22.753,22.798,2090,0
20130205,22.771,22.869,22.745,22.745,12555,0
20130206,22.761,22.761,22.655,22.726,8362,0
20130207,22.69,22.807,22.69,22.789,5418,0
20130208,22.798,22.798,22.699,22.726,2782,0
20130211,22.798,22.931,22.718,22.923,7887,0
20130212,22.923,22.923,22.869,22.895,1798,0
20130214,22.842,22.878,22.771,22.771,5094,0
20130215,22.78,22.78,22.771,22.771,1753,0
20130219,22.86,22.86,22.771,22.789,4574,0
20130220,22.789,22.823,22.789,22.823,1124,0
20130221,22.78,22.807,22.753,22.753,686,0
20130222,22.745,22.789,22.745,22.753,3520,0
20130225,22.753,22.823,22.699,22.736,3178,0
20130226,22.771,22.923,22.771,22.923,2612,0
20130227,22.878,22.904,22.807,22.904,1826,0
20130228,22.878,22.966,22.851,22.966,6046,0
20130301,22.807,23.047,22.789,22.798,10638,0
20130304,22.86,22.966,22.86,22.957,4068,0
20130305,23.031,23.167,22.942,23.122,22812,0
20130306,23.113,23.267,23.113,23.195,6090,0
20130307,22.996,23.113,22.996,23.068,4276,0
20130308,23.068,23.157,23.068,23.157,1638,0
20130311,23.15,23.167,22.968,22.968,10792,0
20130312,23.086,23.104,22.978,22.978,4215,0
20130313,22.996,23.05,22.978,22.978,4096,0
20130314,22.996,23.031,22.996,23.005,4240,0
20130315,23.031,23.031,23.014,23.014,1596,0
20130318,22.987,23.186,22.987,23.176,8554,0
20130319,23.005,23.031,22.978,23.031,3776,0
20130320,23.005,23.031,23.005,23.031,442,0
20130321,23.068,23.086,23.068,23.086,2068,0
20130322,23.077,23.15,23.031,23.15,6723,0
20130325,23.14,23.15,23.077,23.077,4246,0
20130326,23.157,23.204,23.086,23.176,12012,0
20130327,23.086,23.094,23.068,23.077,2740,0
20130328,23.104,23.204,23.094,23.094,2465,0
20130401,23.094,23.167,23.077,23.077,9041,0
20130402,23.086,23.132,23.086,23.094,2425,0
20130403,23.094,23.094,22.987,23.05,11557,0
20130404,23.05,23.14,23.05,23.14,14387,0
20130405,23.15,23.15,23.086,23.086,2539,0
20130408,23.14,23.167,23.14,23.15,1792,0
20130409,23.15,23.293,23.15,23.249,9602,0
20130410,23.213,23.258,23.132,23.167,3055,0
20130411,23.293,23.293,23.293,23.293,2248,0
20130412,23.122,23.213,23.122,23.176,2099,0
20130415,23.213,23.221,23.132,23.14,13140,0
20130416,23.15,23.258,23.132,23.258,2326,0
20130417,23.438,23.438,23.167,23.167,2630,0
20130418,23.239,23.239,23.167,23.23,3016,0
20130419,23.167,23.195,23.167,23.186,1414,0
20130422,23.375,23.393,23.302,23.302,12461,0
20130423,23.249,23.34,23.186,23.204,7971,0
20130424,23.221,23.302,23.221,23.302,2446,0
20130425,23.321,23.321,23.321,23.321,886,0
20130426,23.33,23.33,23.267,23.267,1595,0
20130430,23.267,23.412,23.267,23.321,21341,0
20130501,23.285,23.52,23.267,23.456,20184,0
20130502,23.691,23.691,23.356,23.529,8004,0
20130503,23.646,23.646,23.438,23.611,1662,0
20130506,23.52,23.592,23.484,23.484,1992,0
20130507,23.484,23.601,23.484,23.564,908,0
20130508,23.501,23.501,23.403,23.428,6805,0
20130509,23.393,23.484,23.393,23.456,2882,0
20130510,23.484,23.484,23.42,23.438,2103,0
20130513,23.484,23.484,23.412,23.475,4096,0
20130514,23.42,23.475,23.42,23.475,2853,0
20130515,23.484,23.655,23.484,23.583,3821,0
20130516,23.51,23.611,23.501,23.573,10523,0
20130517,23.548,23.555,23.548,23.555,1108,0
20130520,23.484,23.709,23.484,23.583,11454,0
20130521,23.619,23.627,23.548,23.548,6090,0
20130522,23.548,23.691,23.447,23.619,15654,0
20130523,23.674,23.674,23.447,23.601,2989,0
20130524,23.592,23.592,23.592,23.592,997,0
20130528,23.484,23.573,23.484,23.52,1354,0
20130529,23.403,23.926,23.403,23.882,2696,0
20130530,23.555,23.555,23.356,23.403,2213,0
20130531,23.258,23.393,23.195,23.302,11687,0
20130603,23.312,23.312,23.031,23.312,9273,0
20130604,23.33,23.844,23.33,23.33,1439,0
20130605,23.652,23.671,23.204,23.414,4531,0
20130606,24.148,24.148,23.368,23.423,13882,0
20130607,23.342,23.46,23.332,23.35,21208,0
20130610,23.277,23.313,23.277,23.313,917,0
20130611,23.495,23.495,23.102,23.47,17502,0
20130612,23.195,23.342,23.166,23.277,8326,0
20130613,23.121,23.358,23.019,23.102,14711,0
20130614,23.102,23.185,23.102,23.131,6659,0
20130617,23.149,23.24,23.112,23.195,10809,0
20130618,23.249,23.487,23.131,23.23,4446,0
20130619,23.176,23.176,23.038,23.166,12404,0
20130620,23.028,23.249,22.92,22.947,21309,0
20130621,22.947,23.221,22.891,23.112,26591,0
20130624,23.35,23.35,22.92,22.964,11995,0
20130625,23.139,23.139,22.964,22.974,5227,0
20130626,23.066,23.139,22.984,23.092,10136,0
20130627,23.176,23.268,23.102,23.268,10148,0
20130628,23.828,24.027,23.828,23.876,4684,0
20130701,23.185,23.277,23.185,23.277,14409,0
20130702,23.332,23.35,23.23,23.23,4926,0
20130703,23.121,23.285,23.121,23.285,1636,0
20130705,23.102,23.121,23.102,23.121,1880,0
20130708,23.092,23.23,23.048,23.092,6988,0
20130709,23.195,23.441,23.139,23.149,7693,0
20130710,23.185,23.423,23.156,23.156,5783,0
20130711,23.166,23.277,23.166,23.213,2183,0
20130712,23.268,23.268,23.185,23.185,615,0
20130715,23.166,23.46,23.149,23.46,9166,0
20130716,23.387,23.387,23.23,23.285,1244,0
20130717,23.24,23.479,23.24,23.423,3464,0
20130718,23.313,23.323,23.304,23.323,546,0
20130719,23.323,23.368,23.294,23.323,3666,0
20130722,23.294,23.304,23.294,23.294,2292,0
20130723,23.46,23.47,23.294,23.304,3803,0
20130724,23.285,23.368,23.285,23.294,3159,0
20130725,23.313,23.313,23.277,23.277,2222,0
20130726,23.285,23.304,23.259,23.277,1712,0
20130729,23.268,23.35,23.249,23.249,3275,0
20130730,23.268,23.268,23.268,23.268,1119,0
20130731,23.249,23.35,23.249,23.249,2946,0
20130801,23.313,23.332,23.259,23.268,3637,0
20130802,23.268,23.268,23.221,23.268,2292,0
20130805,23.277,23.323,23.277,23.277,2564,0
20130806,23.277,23.35,23.259,23.35,5817,0
20130807,23.294,23.294,23.285,23.285,4911,0
20130808,23.285,23.323,23.259,23.259,3622,0
20130809,23.505,23.505,23.277,23.323,2894,0
20130812,23.342,23.432,23.285,23.432,10293,0
20130813,23.342,23.479,23.342,23.35,1996,0
20130814,23.332,23.414,23.332,23.332,1872,0
20130815,23.332,23.332,23.304,23.332,8547,0
20130816,23.323,23.323,23.285,23.285,3796,0
20130819,23.285,23.342,23.285,23.285,5098,0
20130820,23.285,23.313,23.277,23.304,10531,0
20130821,23.195,23.313,23.195,23.313,872,0
20130822,23.185,23.323,23.185,23.277,3968,0
20130823,23.259,23.277,23.185,23.249,6548,0
20130826,23.268,23.294,23.259,23.285,2014,0
20130827,23.342,23.406,23.342,23.396,4378,0
20130828,23.294,23.358,23.249,23.277,1788,0
20130829,23.277,23.277,23.221,23.23,1272,0
20130830,24.035,24.035,23.968,23.968,1166,0
20130903,23.304,23.342,23.304,23.304,2667,0
20130904,23.304,23.342,23.294,23.294,7451,0
20130905,23.51,23.669,23.5,23.604,79229,0
20130906,23.604,23.604,23.409,23.549,14945,0
20130909,23.445,23.539,23.445,23.53,2471,0
20130910,23.4,23.53,23.4,23.53,8433,0
20130911,23.52,23.52,23.344,23.344,17000,0
20130912,23.39,23.418,23.296,23.352,13117,0
20130913,23.352,23.426,23.352,23.4,3996,0
20130916,23.455,23.491,23.39,23.483,3118,0
20130917,23.53,23.549,23.418,23.435,2608,0
20130918,23.409,23.455,23.352,23.455,9968,0
20130919,23.38,23.51,23.38,23.418,6719,0
20130920,23.409,23.455,23.39,23.39,8515,0
20130923,23.38,23.491,23.38,23.491,4026,0
20130924,23.575,23.575,23.435,23.435,3060,0
20130925,23.51,23.595,23.435,23.595,4766,0
20130926,23.595,23.705,23.483,23.483,2824,0
20130927,23.604,23.604,23.483,23.483,1225,0
20130930,23.876,23.876,23.828,23.856,4218,0
20131001,23.51,23.604,23.51,23.52,1398,0
20131002,23.491,23.491,23.445,23.483,4882,0
20131003,23.455,23.491,23.455,23.491,2193,0
20131004,23.549,23.575,23.445,23.445,13161,0
20131007,23.465,23.52,23.435,23.445,10049,0
20131008,23.455,23.52,23.435,23.445,15919,0
20131009,23.445,23.445,23.445,23.445,886,0
20131010,23.483,23.5,23.445,23.491,6774,0
20131011,23.465,23.474,23.465,23.465,1075,0
20131014,23.474,23.491,23.465,23.465,2473,0
20131015,23.465,23.465,23.465,23.465,1934,0
20131016,23.465,23.53,23.465,23.483,4895,0
20131017,23.63,23.688,23.53,23.688,4086,0
20131018,23.585,23.64,23.585,23.63,4660,0
20131021,23.585,23.734,23.585,23.679,2022,0
20131022,23.595,23.614,23.595,23.604,3207,0
20131023,23.622,23.734,23.595,23.595,1628,0
20131024,23.595,23.715,23.595,23.595,3305,0
20131025,23.604,23.725,23.595,23.595,5161,0
20131028,23.595,23.66,23.595,23.595,1183,0
20131029,23.595,23.725,23.585,23.585,17509,0
20131030,23.585,23.604,23.575,23.575,5241,0
20131031,23.922,23.968,23.902,23.932,17167,0
20131101,23.585,23.604,23.575,23.575,4276,0
20131104,23.557,23.595,23.557,23.585,3171,0
20131105,23.669,23.669,23.585,23.585,2151,0
20131106,23.575,23.575,23.549,23.549,4880,0
20131107,23.549,23.549,23.549,23.549,1209,0
20131108,23.565,23.65,23.565,23.565,11638,0
20131111,23.565,23.622,23.565,23.575,1531,0
20131112,23.585,23.669,23.575,23.65,3520,0
20131113,23.595,23.64,23.595,23.64,860,0
20131114,23.64,23.64,23.622,23.622,2836,0
20131115,23.63,23.705,23.63,23.705,1613,0
20131118,23.65,23.65,23.575,23.595,8018,0
20131119,23.604,23.64,23.604,23.63,7688,0
20131120,23.705,23.77,23.64,23.76,13484,0
20131121,23.835,23.835,23.64,23.64,3011,0
20131122,23.744,23.744,23.65,23.65,2626,0
20131125,23.9,23.9,23.63,23.65,6774,0
20131126,23.66,23.77,23.65,23.715,1559,0
20131127,23.679,23.695,23.66,23.679,4747,0
20131129,24.027,24.064,24.027,24.064,1272,0
20131202,23.744,23.753,23.744,23.753,607,0
20131203,24.176,24.196,24.064,24.159,8598,0
20131204,24.167,24.215,24.083,24.215,5075,0
20131205,23.734,23.846,23.734,23.78,2862,0
20131206,23.856,23.856,23.771,23.78,6023,0
20131209,23.78,23.78,23.744,23.753,6527,0
20131210,23.734,23.81,23.714,23.714,11430,0
20131211,23.705,23.79,23.705,23.705,11540,0
20131212,23.714,23.734,23.714,23.734,1114,0
20131213,23.714,23.81,23.714,23.81,1931,0
20131216,23.734,23.78,23.724,23.78,2634,0
20131217,23.78,23.78,23.705,23.724,8904,0
20131218,23.734,23.79,23.705,23.705,41328,0
20131219,23.744,23.753,23.714,23.734,12024,0
20131220,23.714,23.744,23.714,23.734,6075,0
20131223,23.753,23.81,23.724,23.81,7166,0
20131224,23.81,23.81,23.744,23.8,1809,0
20131226,23.819,23.828,23.761,23.78,14607,0
20131227,23.819,23.828,23.819,23.819,649,0
20131230,23.81,24.008,23.81,24.008,10305,0
20131231,23.942,23.942,23.866,23.876,4450,0
20140102,23.876,23.902,23.876,23.902,959,0
20140103,23.978,23.978,23.856,23.876,2279,0
20140106,23.922,24.083,23.922,24.083,4738,0
20140107,23.988,23.988,23.932,23.932,2691,0
20140108,23.932,23.968,23.932,23.968,848,0
20140109,23.961,24.14,23.932,23.932,3281,0
20140110,23.968,23.998,23.942,23.998,2566,0
20140113,24.008,24.064,23.968,23.968,3026,0
20140114,24.008,24.008,23.968,23.988,5205,0
20140115,23.988,24.008,23.968,24.008,4810,0
20140116,23.988,24.008,23.968,23.968,3698,0
20140117,23.968,23.988,23.968,23.968,7153,0
20140121,23.988,23.988,23.968,23.978,6406,0
20140122,23.988,24.064,23.932,24.008,4078,0
20140123,24.008,24.035,23.79,23.819,16898,0
20140124,23.885,23.885,23.79,23.828,21475,0
20140127,23.922,23.961,23.828,23.846,4341,0
20140128,23.885,24.008,23.885,24.008,2544,0
20140129,23.932,23.932,23.932,23.932,754,0
20140130,24.008,24.008,23.978,23.978,1184,0
20140203,23.998,24.083,23.978,23.978,3612,0
20140204,23.988,24.017,23.978,23.978,10624,0
20140205,24.008,24.017,23.968,23.978,3636,0
20140206,23.988,24.196,23.988,24.008,3355,0
20140207,24.035,24.054,24.017,24.017,5512,0
20140210,24.064,24.074,24.044,24.074,1618,0
20140211,24.159,24.159,24.008,24.13,4485,0
20140212,24.054,24.074,24.044,24.054,2529,0
20140213,24.035,24.11,24.035,24.035,2086,0
20140214,24.044,24.054,24.035,24.054,4394,0
20140218,24.074,24.167,24.035,24.035,7760,0
20140219,24.074,24.13,24.064,24.11,2040,0
20140220,24.149,24.291,24.064,24.14,8937,0
20140221,24.074,24.149,24.074,24.093,1731,0
20140224,24.101,24.12,24.083,24.083,1674,0
20140225,24.159,24.159,24.093,24.12,3973,0
20140226,24.159,24.159,24.083,24.149,1801,0
20140227,24.101,24.159,24.101,24.159,3264,0
20140228,24.102,24.13,24.102,24.102,1757,0
20140303,24.206,24.206,24.11,24.11,2722,0
20140304,24.159,24.186,24.12,24.186,1070,0
20140305,24.322,24.322,24.178,24.178,2916,0
20140306,24.198,24.399,24.141,24.236,14051,0
20140307,24.227,24.275,24.169,24.236,6004,0
20140310,24.322,24.514,24.16,24.351,6375,0
20140311,24.361,24.361,24.275,24.275,2294,0
20140312,24.342,24.342,24.236,24.294,2339,0
20140313,24.294,24.351,24.227,24.332,5168,0
20140314,24.275,24.351,24.275,24.284,887,0
20140317,24.399,24.399,24.332,24.332,537,0
20140318,24.342,24.361,24.322,24.332,8023,0
20140319,24.236,24.284,24.236,24.275,6411,0
20140320,24.265,24.38,24.255,24.38,1767,0
20140321,24.246,24.332,24.236,24.332,2542,0
20140324,24.418,24.591,24.255,24.294,25176,0
20140325,24.447,24.543,24.265,24.265,19964,0
20140326,24.284,24.725,24.284,24.389,54931,0
20140327,24.6,24.734,24.418,24.476,17556,0
20140328,24.591,24.591,24.514,24.533,849,0
20140331,24.495,24.533,24.418,24.418,5590,0
20140401,24.418,24.591,24.418,24.418,6763,0
20140402,24.447,24.619,24.418,24.543,38077,0
20140403,24.485,24.61,24.476,24.485,26618,0
20140404,24.514,24.514,24.418,24.456,23039,0
20140407,24.476,24.552,24.418,24.476,19547,0
20140408,24.456,24.581,24.456,24.504,12861,0
20140409,24.447,24.6,24.447,24.466,4387,0
20140410,24.543,24.562,24.456,24.456,4790,0
20140411,24.456,24.619,24.437,24.485,22296,0
20140414,24.533,24.533,24.504,24.514,2172,0
20140415,24.552,24.552,24.456,24.456,3018,0
20140416,24.552,24.61,24.37,24.37,22555,0
20140417,24.466,24.6,24.466,24.466,28635,0
20140421,24.466,24.571,24.466,24.466,16042,0
20140422,24.466,24.523,24.456,24.485,10912,0
20140423,24.495,24.658,24.495,24.6,19236,0
20140424,24.591,24.744,24.504,24.504,36187,0
20140425,24.543,24.571,24.466,24.466,14538,0
20140428,24.476,24.763,24.466,24.476,51182,0
20140429,24.485,24.495,24.399,24.456,32745,0
20140430,24.476,24.485,24.476,24.485,7101,0
20140501,24.514,24.667,24.485,24.523,16370,0
20140502,24.591,24.782,24.514,24.581,80671,0
20140505,24.581,24.581,24.581,24.581,485,0
20140506,24.533,24.792,24.533,24.658,38701,0
20140507,24.667,24.859,24.619,24.619,26819,0
20140508,24.648,24.648,24.476,24.591,15875,0
20140509,24.696,24.705,24.629,24.658,2789,0
20140512,24.6,24.658,24.6,24.648,2757,0
20140513,24.677,24.677,24.629,24.629,1742,0
20140514,24.658,24.667,24.61,24.667,5780,0
20140515,24.648,24.725,24.648,24.725,540,0
20140516,24.725,24.753,24.629,24.667,3950,0
20140519,24.753,24.753,24.629,24.658,2193,0
20140520,24.715,24.715,24.591,24.61,4316,0
20140521,24.619,24.686,24.6,24.629,4394,0
20140522,24.648,24.648,24.61,24.61,1055,0
20140523,24.667,24.667,24.61,24.667,5609,0
20140527,24.638,24.677,24.629,24.677,2327,0
20140528,24.638,24.638,24.629,24.638,1671,0
20140529,24.629,24.667,24.629,24.658,10231,0
20140530,24.705,24.715,24.648,24.658,4136,0
20140602,24.705,24.715,24.658,24.705,33784,0
20140603,24.705,24.705,24.677,24.677,1880,0
20140604,24.638,24.744,24.638,24.705,1049,0
20140605,24.775,24.853,24.775,24.804,8212,0
20140606,24.775,24.96,24.775,24.94,4360,0
20140609,24.843,24.95,24.804,24.824,4561,0
20140610,24.814,24.824,24.775,24.775,15748,0
20140611,24.892,24.892,24.785,24.824,2026,0
20140612,24.902,24.902,24.795,24.882,2609,0
20140613,24.814,24.921,24.775,24.775,20997,0
20140616,24.775,24.804,24.775,24.795,1760,0
20140617,24.775,24.824,24.775,24.824,984,0
20140618,24.775,24.853,24.698,24.775,8326,0
20140619,24.746,24.795,24.736,24.775,5271,0
20140620,24.766,24.892,24.746,24.746,12006,0
20140623,24.775,24.892,24.775,24.814,11421,0
20140624,24.95,24.95,24.785,24.795,5016,0
20140625,24.902,24.902,24.795,24.824,12327,0
20140626,24.814,24.863,24.814,24.863,814,0
20140627,24.795,24.872,24.795,24.804,4529,0
20140630,24.804,24.814,24.795,24.795,4634,0
20140701,24.804,24.834,24.775,24.804,20426,0
20140702,24.795,24.882,24.785,24.843,5866,0
20140703,24.824,24.931,24.814,24.814,3421,0
20140707,24.824,24.843,24.775,24.824,7301,0
20140708,24.795,24.814,24.795,24.814,6068,0
20140709,24.785,24.824,24.785,24.824,2894,0
20140710,24.843,24.94,24.814,24.872,29040,0
20140711,24.921,24.95,24.921,24.95,2291,0
20140714,24.872,24.96,24.872,24.94,4480,0
20140715,24.96,24.96,24.921,24.921,673,0
20140716,24.96,24.97,24.94,24.94,918,0
20140717,24.882,24.902,24.882,24.882,991,0
20140718,24.921,24.97,24.921,24.96,1390,0
20140721,24.979,24.979,24.911,24.94,1132,0
20140722,24.94,24.94,24.902,24.902,800,0
20140723,24.94,24.94,24.931,24.931,308,0
20140724,24.911,24.931,24.902,24.931,709,0
20140725,24.902,24.97,24.902,24.94,827,0
20140728,24.94,24.96,24.902,24.902,3371,0
20140729,24.902,24.931,24.892,24.931,9806,0
20140730,24.96,25.028,24.931,24.97,2977,0
20140731,24.97,25.009,24.931,24.931,2883,0
20140801,24.931,25.009,24.931,24.96,2743,0
20140804,24.989,24.989,24.989,24.989,824,0
20140805,24.989,25.077,24.989,25.067,2857,0
20140806,25.047,25.115,24.94,24.94,4055,0
20140807,24.989,24.999,24.931,24.931,5353,0
20140808,24.97,24.979,24.96,24.97,2286,0
20140811,24.97,25.028,24.95,24.95,2882,0
20140812,25.038,25.038,24.96,24.999,1440,0
20140813,24.96,24.96,24.94,24.94,2721,0
20140814,24.979,25.028,24.96,24.96,5817,0
20140815,24.97,24.989,24.97,24.989,794,0
20140818,24.95,25.018,24.95,24.979,4940,0
20140819,25.018,25.018,24.96,24.97,1596,0
20140820,24.979,24.989,24.95,24.979,3281,0
20140821,24.989,25.038,24.97,25.038,2142,0
20140822,25.067,25.096,24.989,25.028,3294,0
20140825,25.125,25.125,24.999,25.047,3777,0
20140826,25.018,25.067,24.97,25.067,7056,0
20140827,25.077,25.096,25.018,25.096,514,0
20140828,25.028,25.115,25.009,25.115,10516,0
20140829,25.047,25.086,25.018,25.086,3526,0
20140902,25.047,25.135,25.038,25.086,12910,0
20140903,25.067,25.096,25.067,25.067,14759,0
20140904,25.167,25.187,25.039,25.049,6076,0
20140905,25.049,25.167,25.049,25.059,6634,0
20140908,25.108,25.147,25.039,25.098,11519,0
20140909,25.059,25.147,25.059,25.138,4937,0
20140910,25.157,25.256,25.147,25.177,2275,0
20140911,25.236,25.433,25.236,25.433,7829,0
20140912,25.286,25.374,25.246,25.246,7812,0
20140915,25.424,25.424,25.345,25.394,3354,0
20140916,25.394,25.463,25.345,25.345,10728,0
20140917,25.266,25.345,25.246,25.295,8021,0
20140918,25.266,25.424,25.266,25.424,2366,0
20140919,25.305,25.404,25.305,25.404,1748,0
20140922,25.453,25.601,25.364,25.483,17819,0
20140923,25.414,25.433,25.394,25.394,2681,0
20140924,25.502,25.502,25.355,25.355,10917,0
20140925,25.463,25.473,25.355,25.443,17242,0
20140926,25.384,25.384,25.355,25.355,1829,0
20140929,25.473,25.473,25.355,25.374,6536,0
20140930,25.364,25.384,25.355,25.355,4338,0
20141001,25.374,25.424,25.345,25.345,2445,0
20141002,25.355,25.364,25.345,25.345,1934,0
20141003,25.384,25.384,25.345,25.345,3601,0
20141006,25.364,25.502,25.364,25.463,7412,0
20141007,25.384,25.483,25.364,25.483,3848,0
20141008,25.404,25.424,25.355,25.394,4885,0
20141009,25.384,25.512,25.384,25.414,5021,0
20141010,25.463,25.463,25.394,25.404,3089,0
20141013,25.414,25.473,25.374,25.414,5153,0
20141014,25.404,25.463,25.404,25.463,3737,0
20141015,25.443,25.443,25.286,25.355,10065,0
20141016,25.364,25.473,25.364,25.433,7322,0
20141017,25.463,25.542,25.463,25.542,8673,0
20141020,25.542,25.542,25.512,25.522,4465,0
20141021,25.512,25.542,25.502,25.522,13529,0
20141022,25.522,25.522,25.512,25.512,1055,0
20141023,25.552,25.552,25.512,25.512,2100,0
20141024,25.512,25.512,25.502,25.502,5417,0
20141027,25.542,25.611,25.542,25.591,16078,0
20141028,25.542,25.631,25.542,25.591,8075,0
20141029,25.562,25.729,25.552,25.621,4210,0
20141030,25.571,25.611,25.552,25.611,2839,0
20141031,25.759,25.759,25.571,25.571,3551,0
20141103,25.601,25.601,25.562,25.591,933,0
20141104,25.739,25.739,25.591,25.591,2536,0
20141105,25.729,25.749,25.601,25.66,6046,0
20141106,25.631,25.64,25.631,25.64,503,0
20141107,25.68,25.769,25.65,25.69,5216,0
20141110,25.67,25.69,25.66,25.66,3556,0
20141111,25.64,25.749,25.631,25.65,11994,0
20141112,25.65,25.65,25.65,25.65,2942,0
20141113,25.66,25.66,25.64,25.64,2232,0
20141114,25.65,25.66,25.65,25.66,2083,0
20141117,25.66,25.67,25.66,25.66,1578,0
20141118,25.67,25.67,25.66,25.66,3480,0
20141119,25.729,25.729,25.66,25.66,2815,0
20141120,25.66,25.69,25.66,25.66,3626,0
20141121,25.769,25.769,25.66,25.66,1319,0
20141124,25.66,25.729,25.66,25.69,14556,0
20141125,25.729,25.778,25.709,25.709,3553,0
20141126,25.69,25.729,25.69,25.719,5742,0
20141128,25.769,25.769,25.719,25.719,507,0
20141201,25.739,25.739,25.719,25.719,2426,0
20141202,25.759,25.759,25.719,25.719,1623,0
20141203,25.778,26.094,25.769,25.798,13388,0
20141204,25.83,25.9,25.83,25.9,918,0
20141205,25.96,25.96,25.8,25.82,4512,0
20141208,25.85,25.87,25.81,25.81,6835,0
20141209,25.83,25.83,25.75,25.75,7906,0
20141210,25.81,25.81,25.75,25.76,1650,0
20141211,25.81,25.85,25.76,25.76,3211,0
20141212,25.82,25.83,25.76,25.76,720,0
20141215,25.76,25.79,25.76,25.78,3628,0
20141216,25.81,25.82,25.77,25.82,1920,0
20141217,25.81,26.02,25.8,26.02,5679,0
20141218,25.89,25.89,25.88,25.89,1793,0
20141219,26.07,26.22,25.99,26.15,8747,0
20141222,26.19,26.19,25.92,26.16,6273,0
20141223,26.02,26.19,26,26.04,1714,0
20141224,26.13,26.17,26.05,26.12,2242,0
20141226,26.17,26.17,25.98,26.03,6857,0
20141229,26.16,26.16,26,26.09,4490,0
20141230,26.05,26.05,25.95,25.95,2662,0
20141231,26.03,26.03,26.01,26.01,700,0
20150102,26.04,26.04,26,26,3401,0
20150105,26,26.14,26,26.08,5516,0
20150106,26.03,26.1,26.03,26.05,1995,0
20150107,26.2,26.21,26.09,26.11,7250,0
20150108,26.11,26.12,26.1,26.11,1900,0
20150109,26.25,26.25,26.05,26.05,5034,0
20150112,26.09,26.1,26.05,26.1,2700,0
20150113,26.06,26.08,26.05,26.05,1284,0
20150114,26.08,26.12,26.06,26.12,5050,0
20150115,26.11,26.19,26.11,26.19,822,0
20150116,26.15,26.15,26.15,26.15,402,0
