Date,Open,High,Low,Close,Volume,OpenInt
20100823,14.208,14.333,14.119,14.119,6074,0
20100824,14.178,14.178,14.178,14.178,200,0
20100825,14.158,14.158,14.158,14.158,100,0
20100826,14.168,14.178,14.09,14.178,524,0
20100827,14.149,14.285,14.129,14.285,2158,0
20100831,14.305,14.363,14.285,14.285,1127,0
20100902,14.343,14.43,14.343,14.43,407,0
20100907,14.382,14.47,14.382,14.43,1749,0
20100908,14.577,14.595,14.577,14.595,624,0
20100909,14.672,14.672,14.672,14.672,624,0
20100910,14.809,15.257,14.809,15.003,1850,0
20100914,15.003,15.013,15.003,15.003,1024,0
20100915,15.052,15.052,15.052,15.052,624,0
20100917,16.112,16.19,15.325,15.345,2196,0
20100920,15.451,15.451,15.451,15.451,300,0
20100921,15.383,15.547,15.383,15.547,908,0
20100922,15.364,15.451,15.364,15.364,320,0
20100923,15.306,15.403,15.257,15.354,824,0
20100924,15.238,15.238,14.945,15.013,3804,0
20100927,15.15,15.257,15.141,15.208,1352,0
20100928,15.257,15.354,15.257,15.354,200,0
20100929,15.354,15.586,15.335,15.413,3086,0
20100930,15.48,15.595,15.451,15.451,2728,0
20101001,15.403,15.403,15.306,15.306,924,0
20101004,15.325,15.413,15.247,15.325,1723,0
20101005,15.286,15.537,15.286,15.325,6792,0
20101006,15.383,15.605,15.383,15.471,2980,0
20101007,15.335,15.547,15.325,15.547,1127,0
20101008,15.693,15.693,15.586,15.586,200,0
20101012,15.461,15.556,15.461,15.52,2371,0
20101013,15.461,15.79,15.461,15.586,5352,0
20101014,15.586,15.615,15.586,15.595,974,0
20101015,15.625,15.8,15.625,15.742,3045,0
20101018,15.722,15.809,15.693,15.809,2676,0
20101021,15.693,15.839,15.693,15.839,2263,0
20101022,15.839,16.064,15.742,16.064,1127,0
20101025,15.839,15.839,15.595,15.653,1994,0
20101026,15.907,16.122,15.809,15.975,8642,0
20101028,15.985,16.034,15.985,16.034,2412,0
20101029,15.888,15.956,15.586,15.643,3501,0
20101101,15.8,15.8,15.547,15.556,1608,0
20101104,15.673,15.693,15.673,15.673,1548,0
20101105,15.79,15.79,15.673,15.673,1231,0
20101108,15.693,15.693,15.693,15.693,200,0
20101109,15.693,15.712,15.683,15.683,1231,0
20101110,15.683,15.683,15.683,15.683,300,0
20101115,15.643,15.643,15.643,15.643,150,0
20101116,15.663,15.663,15.663,15.663,1127,0
20101117,15.643,15.643,15.586,15.586,773,0
20101123,15.547,15.547,15.451,15.451,924,0
20101124,15.442,15.547,15.442,15.537,1244,0
20101126,15.461,15.461,15.461,15.461,724,0
20101129,15.315,15.325,15.228,15.325,1799,0
20101130,15.179,15.306,15.013,15.092,8748,0
20101201,15.111,15.199,15.111,15.199,1064,0
20101202,15.247,15.576,15.247,15.461,1448,0
20101206,15.354,15.354,15.354,15.354,407,0
20101207,15.296,15.306,15.296,15.306,684,0
20101208,15.228,15.228,15.228,15.228,524,0
20101209,15.16,15.16,15.16,15.16,2573,0
20101210,15.111,15.16,15.111,15.16,524,0
20101213,15.092,15.092,15.013,15.013,524,0
20101214,15.023,15.023,15.023,15.023,150,0
20101215,15.141,15.15,15.141,15.15,407,0
20101216,14.877,15.062,14.858,15.062,1024,0
20101217,15.033,15.033,14.945,14.945,1024,0
20101221,14.868,15.062,14.868,15.062,724,0
20101222,15.023,15.062,14.848,14.848,2676,0
20101223,14.75,14.75,10.32,14.663,8351,0
20101227,14.489,14.489,14.489,14.489,1181,0
20101228,14.605,14.605,14.605,14.605,300,0
20101229,14.402,14.577,14.402,14.539,2015,0
20101230,14.548,14.663,14.43,14.595,2422,0
20110103,14.635,14.682,14.509,14.672,2291,0
20110104,14.779,15.072,14.489,14.653,4938,0
20110105,14.75,14.769,14.75,14.769,658,0
20110106,15.033,15.052,15.033,15.052,300,0
20110107,15.052,15.052,15.052,15.052,407,0
20110110,15.003,15.013,15.003,15.013,924,0
20110112,14.886,14.896,14.886,14.896,624,0
20110113,14.984,15.471,14.828,14.828,1387,0
20110114,14.926,14.926,14.926,14.926,100,0
20110118,15.023,15.936,15.023,15.547,3501,0
20110119,15.51,15.51,15.013,15.442,2399,0
20110120,15.586,16.074,15.547,15.547,1955,0
20110121,15.643,15.643,15.208,15.208,3999,0
20110124,15.306,16.209,15.306,15.537,5632,0
20110125,15.228,15.354,15.228,15.354,1338,0
20110126,15.625,16.015,15.625,16.015,580,0
20110127,16.112,16.451,15.849,16.268,14195,0
20110128,16.404,16.404,16.034,16.034,4620,0
20110131,16.132,16.132,16.132,16.132,100,0
20110201,16.219,16.229,16.141,16.141,729,0
20110202,16.306,16.404,16.306,16.326,3948,0
20110204,16.306,16.422,16.229,16.229,2558,0
20110207,16.326,16.432,16.229,16.432,2717,0
20110208,16.335,16.442,16.335,16.414,1061,0
20110209,16.451,16.451,16.451,16.451,210,0
20110210,16.432,16.432,16.18,16.209,5555,0
20110211,16.326,16.519,16.326,16.47,7368,0
20110214,16.47,16.548,16.47,16.548,3413,0
20110215,16.489,16.528,16.374,16.528,4836,0
20110216,16.558,16.655,16.558,16.655,3830,0
20110218,16.606,16.684,16.519,16.578,2469,0
20110222,16.616,16.616,16.568,16.568,4939,0
20110223,16.528,16.568,16.519,16.568,1127,0
20110225,16.519,16.655,16.519,16.655,1024,0
20110301,16.616,16.616,16.616,16.616,2264,0
20110302,16.665,16.665,16.528,16.528,666,0
20110303,16.528,17.471,16.528,17.006,5478,0
20110304,17.394,17.394,16.909,16.928,1955,0
20110307,17.152,17.152,17.123,17.123,1548,0
20110308,17.364,17.374,17.006,17.016,2573,0
20110311,16.568,16.762,16.568,16.578,8243,0
20110314,16.918,16.918,16.918,16.918,100,0
20110315,17.211,17.298,16.889,16.997,2507,0
20110316,17.182,17.201,16.918,17.201,2282,0
20110317,17.103,17.248,17.103,17.219,576,0
20110318,17.152,17.298,17.152,17.298,2131,0
20110321,16.762,16.792,16.752,16.792,624,0
20110322,16.968,17.045,16.968,17.045,200,0
20110323,16.948,16.948,16.948,16.948,100,0
20110325,16.869,16.869,16.869,16.869,1955,0
20110328,16.879,17.201,16.84,17.201,1586,0
20110329,17.025,17.354,17.025,17.345,1989,0
20110330,17.201,17.394,16.489,17.103,2852,0
20110331,17.345,17.345,17.016,17.016,300,0
20110401,17.006,17.006,16.645,16.645,2055,0
20110404,16.889,16.889,16.879,16.879,200,0
20110405,16.636,16.958,16.489,16.762,2513,0
20110406,16.792,16.81,16.558,16.752,3635,0
20110407,16.81,17.239,16.626,16.626,2116,0
20110408,16.879,16.879,16.879,16.879,463,0
20110411,16.684,17.685,16.586,16.606,8754,0
20110412,16.752,17.093,16.743,16.879,3609,0
20110413,16.889,17.871,16.859,17.172,3190,0
20110415,16.958,16.997,16.82,16.84,1804,0
20110419,17.006,17.006,16.558,16.762,4779,0
20110420,16.636,16.958,16.636,16.958,685,0
20110425,16.997,16.997,16.977,16.977,781,0
20110426,17.006,17.491,17.006,17.201,533,0
20110428,17.201,17.491,17.201,17.491,1659,0
20110429,17.491,17.627,16.958,17.627,1448,0
20110502,17.278,17.345,16.82,16.918,4861,0
20110503,17.162,17.335,16.918,16.958,4768,0
20110504,17.201,17.394,16.968,16.968,1879,0
20110505,17.364,17.364,16.889,16.918,3518,0
20110506,17.182,17.182,16.968,16.968,300,0
20110509,17.201,17.783,17.201,17.278,3100,0
20110511,17.268,17.268,17.055,17.055,4427,0
20110512,17.162,17.394,17.162,17.394,774,0
20110516,17.394,17.462,17.298,17.298,2236,0
20110517,17.268,17.268,16.899,16.899,3190,0
20110518,17.065,17.462,17.065,17.278,2442,0
20110519,17.219,17.219,17.065,17.065,1018,0
20110520,17.093,17.093,17.093,17.093,200,0
20110523,17.045,17.045,17.006,17.006,4333,0
20110524,17.006,17.006,16.918,17.006,2687,0
20110525,16.723,16.723,16.723,16.723,200,0
20110526,16.948,16.948,16.948,16.948,277,0
20110527,16.948,17.006,16.948,16.948,3450,0
20110531,16.596,17.084,16.596,16.792,929,0
20110601,16.655,16.899,16.655,16.684,524,0
20110602,16.762,16.81,16.596,16.693,1338,0
20110603,16.948,16.948,16.558,16.616,840,0
20110606,16.645,16.645,16.479,16.568,3399,0
20110607,16.47,16.558,16.161,16.558,1850,0
20110608,16.519,16.519,16.519,16.519,100,0
20110609,16.509,16.519,16.489,16.489,918,0
20110610,16.151,16.151,15.888,16.083,1231,0
20110613,16.083,16.092,16.083,16.092,2779,0
20110616,16.432,16.432,16.102,16.102,1348,0
20110620,16.034,16.083,15.79,15.995,1908,0
20110621,16.044,16.044,16.044,16.044,369,0
20110622,16.034,16.034,16.034,16.034,407,0
20110628,16.074,16.287,16.074,16.278,1648,0
20110629,16.199,16.199,16.161,16.17,300,0
20110630,16.326,16.374,16.268,16.374,2557,0
20110701,16.209,16.278,16.209,16.278,200,0
20110705,16.326,17.084,16.326,16.499,1698,0
20110706,16.326,16.509,16.268,16.509,1702,0
20110707,16.499,16.509,16.422,16.499,2678,0
20110708,16.335,16.335,16.335,16.335,325,0
20110711,16.335,16.335,16.335,16.335,281,0
20110712,16.509,16.762,16.345,16.519,12142,0
20110713,16.519,16.519,16.384,16.384,724,0
20110714,16.345,16.404,16.278,16.278,5565,0
20110715,16.384,16.384,16.364,16.364,407,0
20110718,16.258,16.258,16.249,16.249,670,0
20110719,16.209,16.209,16.209,16.209,100,0
20110720,16.326,16.364,16.326,16.364,1311,0
20110721,16.287,16.287,16.074,16.268,4673,0
20110722,16.316,16.316,16.229,16.229,3466,0
20110725,16.239,16.239,15.995,15.995,1231,0
20110726,15.995,15.995,15.995,15.995,824,0
20110727,15.985,15.985,15.985,15.985,100,0
20110728,16.054,16.054,15.975,15.975,1127,0
20110729,16.054,16.054,16.054,16.054,100,0
20110801,16.18,16.287,16.18,16.287,624,0
20110802,16.074,16.074,15.975,15.975,1338,0
20110803,16.044,16.044,16.044,16.044,524,0
20110804,16.122,16.122,15.985,15.985,1448,0
20110805,15.936,16.374,15.936,16.374,472,0
20110808,16.132,16.132,12.827,14.72,7653,0
20110809,14.71,15.092,14.71,15.092,4791,0
20110811,14.809,15.306,14.809,15.306,1861,0
20110812,15.072,15.072,14.75,14.75,300,0
20110815,14.72,14.896,14.422,14.868,4054,0
20110816,15.052,15.052,15.052,15.052,100,0
20110817,15.442,15.442,15.199,15.199,624,0
20110818,15.013,15.013,14.577,14.799,3032,0
20110822,14.653,14.72,14.43,14.72,4427,0
20110823,14.44,14.645,14.363,14.645,1231,0
20110824,14.43,14.71,14.422,14.71,3908,0
20110825,14.645,14.645,14.635,14.635,524,0
20110826,14.625,14.625,14.625,14.625,100,0
20110829,14.691,14.72,14.691,14.72,624,0
20110830,14.672,14.691,14.663,14.672,1955,0
20110831,14.769,14.769,14.769,14.769,300,0
20110901,14.653,14.653,14.645,14.645,524,0
20110902,14.422,14.422,14.382,14.382,3338,0
20110907,14.567,14.567,14.45,14.45,724,0
20110908,14.198,14.323,14.188,14.315,5084,0
20110909,14.032,14.109,13.836,14.09,4719,0
20110912,13.876,13.876,13.836,13.836,924,0
20110913,13.759,13.846,13.712,13.826,824,0
20110914,13.712,13.895,13.702,13.846,3190,0
20110915,13.692,14.188,13.683,14.188,3126,0
20110916,13.992,13.992,13.992,13.992,300,0
20110921,13.992,13.992,13.836,13.992,2264,0
20110922,13.944,13.944,13.944,13.944,300,0
20110923,13.75,13.846,13.605,13.846,1653,0
20110927,13.654,13.846,13.654,13.846,1515,0
20110928,13.615,13.817,13.42,13.817,2264,0
20110929,13.836,13.836,13.702,13.702,624,0
20111003,13.497,13.983,13.469,13.731,16090,0
20111004,13.43,13.546,13.4,13.546,924,0
20111005,13.382,13.391,13.138,13.391,4528,0
20111006,13.546,13.546,13.546,13.546,200,0
20111011,13.546,13.546,13.546,13.546,407,0
20111014,13.507,13.507,13.507,13.507,100,0
20111018,13.507,13.507,13.497,13.507,5352,0
20111019,13.507,13.507,13.489,13.507,5659,0
20111020,13.712,13.712,13.712,13.712,100,0
20111027,13.915,13.915,13.915,13.915,407,0
20111028,14.119,14.119,14.119,14.119,100,0
20111031,13.915,13.925,13.797,13.797,1024,0
20111101,13.673,13.673,13.673,13.673,100,0
20111103,13.856,14.012,13.731,14.012,924,0
20111107,13.797,13.797,13.797,13.797,1877,0
20111109,13.75,13.797,13.702,13.702,699,0
20111114,13.74,13.768,13.74,13.75,1055,0
20111118,13.605,13.625,13.546,13.625,724,0
20111121,13.41,13.596,13.362,13.41,2107,0
20111122,13.41,13.41,13.41,13.41,524,0
20111125,13.507,13.702,13.225,13.702,6491,0
20111129,13.479,13.702,13.469,13.702,724,0
20111130,13.469,13.469,13.469,13.469,524,0
20111201,13.274,13.507,13.274,13.507,1448,0
20111202,13.324,13.566,13.324,13.566,300,0
20111205,13.625,13.635,13.4,13.635,1024,0
20111206,13.479,13.846,13.382,13.846,2909,0
20111207,13.635,13.75,13.537,13.546,824,0
20111208,13.546,13.673,13.546,13.673,624,0
20111209,13.654,13.846,13.459,13.654,1338,0
20111212,13.596,13.635,13.469,13.469,1024,0
20111213,13.4,13.507,13.352,13.41,1961,0
20111214,13.372,13.372,13.001,13.186,5612,0
20111215,13.216,13.216,13.216,13.216,350,0
20111216,13.148,13.566,12.992,13.284,4167,0
20111219,13.118,13.148,12.836,12.972,8850,0
20111220,12.933,13.128,12.875,13.07,2473,0
20111221,12.875,12.875,12.875,12.875,2473,0
20111222,12.942,13.06,12.942,13.06,924,0
20111223,12.952,12.952,12.866,12.893,4012,0
20111227,12.827,13.06,12.254,12.643,7176,0
20111228,12.487,12.856,12.487,12.856,1773,0
20111229,12.663,12.74,12.663,12.663,2819,0
20111230,12.643,12.643,12.623,12.633,4327,0
20120103,12.555,12.73,12.506,12.73,1850,0
20120104,12.692,12.692,12.692,12.692,300,0
20120105,12.682,12.875,12.574,12.875,3996,0
20120106,12.952,12.952,12.807,12.827,1127,0
20120109,12.779,12.789,12.779,12.789,200,0
20120110,12.972,12.972,12.789,12.798,2054,0
20120111,12.875,12.952,12.875,12.923,2000,0
20120112,13.079,13.108,12.75,12.884,3397,0
20120113,13.128,13.128,12.836,12.923,5071,0
20120117,12.884,13.118,12.884,12.992,1126,0
20120118,13.158,13.158,13.158,13.158,100,0
20120119,13.167,13.332,12.942,13.332,1449,0
20120120,13.05,13.167,13.041,13.167,3703,0
20120123,13.021,13.021,13.011,13.011,200,0
20120124,13.118,13.118,13.099,13.118,724,0
20120125,13.352,13.352,13.206,13.265,2914,0
20120126,13.265,13.314,12.903,13.118,3397,0
20120127,13.041,13.186,13.031,13.186,1024,0
20120130,13.021,13.021,12.982,12.982,1338,0
20120131,12.942,13.128,12.913,13.128,1231,0
20120201,13.118,13.158,13.021,13.158,6599,0
20120202,12.866,13.06,12.866,13.031,9132,0
20120203,13.001,13.011,12.856,12.992,6710,0
20120206,12.933,12.952,12.923,12.952,2055,0
20120207,13.06,13.176,12.972,13.176,3640,0
20120208,13.089,13.265,13.089,13.265,1485,0
20120209,13.459,13.459,13.459,13.459,300,0
20120210,13.469,13.469,13.099,13.099,1011,0
20120213,13.362,13.362,13.265,13.314,3995,0
20120215,13.459,13.459,13.459,13.459,230,0
20120217,13.225,13.546,13.216,13.517,8502,0
20120221,13.304,13.469,13.225,13.225,1789,0
20120222,13.489,13.517,13.449,13.517,3463,0
20120223,13.556,13.702,13.556,13.702,2573,0
20120224,13.615,13.615,13.41,13.439,19222,0
20120227,13.576,13.576,13.576,13.576,924,0
20120228,13.41,13.556,13.41,13.556,789,0
20120229,13.635,13.663,13.635,13.654,5814,0
20120301,13.692,13.702,13.596,13.635,7178,0
20120302,13.75,13.925,13.75,13.846,7155,0
20120305,13.702,14.042,13.702,13.934,2212,0
20120306,13.915,13.915,13.712,13.721,6256,0
20120307,13.895,13.983,13.866,13.983,5059,0
20120308,13.944,14.042,13.836,13.895,3713,0
20120312,14.012,14.119,13.974,14.119,5043,0
20120313,14.012,14.315,14.012,14.315,3489,0
20120314,14.315,14.625,14.315,14.47,5412,0
20120315,14.548,14.615,14.129,14.605,4069,0
20120316,14.577,14.672,14.577,14.663,2359,0
20120319,14.906,15.092,14.635,15.092,2264,0
20120320,15.179,15.208,15.179,15.208,1181,0
20120321,14.896,14.906,14.625,14.625,1749,0
20120322,14.74,14.76,14.392,14.43,2879,0
20120323,14.47,14.529,14.47,14.529,712,0
20120326,14.71,14.71,14.47,14.48,3650,0
20120327,14.392,14.402,14.285,14.402,1066,0
20120328,14.265,14.595,14.256,14.595,5775,0
20120403,14.275,14.567,14.237,14.392,2590,0
20120405,14.373,14.48,14.373,14.48,1902,0
20120409,14.48,14.577,14.48,14.577,1050,0
20120410,14.48,14.663,14.48,14.663,1024,0
20120411,14.672,14.672,14.672,14.672,736,0
20120412,14.509,14.672,14.509,14.672,849,0
20120413,14.672,14.672,14.672,14.672,161,0
20120417,14.509,14.672,14.48,14.672,1127,0
20120424,14.489,14.586,14.305,14.586,5149,0
20120425,14.605,14.605,14.567,14.577,2252,0
20120426,14.635,14.72,14.635,14.72,1081,0
20120427,14.577,14.577,14.577,14.577,407,0
20120430,14.577,14.595,14.577,14.577,4477,0
20120502,14.586,14.586,14.577,14.577,469,0
20120504,14.645,14.645,14.645,14.645,448,0
20120507,14.509,14.625,14.412,14.625,2264,0
20120508,14.519,14.586,14.519,14.577,2392,0
20120509,14.45,14.46,14.43,14.46,798,0
20120510,14.71,14.71,14.71,14.71,140,0
20120511,14.672,14.886,14.48,14.48,1583,0
20120515,14.43,14.605,14.168,14.605,2907,0
20120516,14.72,14.769,14.45,14.45,14583,0
20120517,14.46,14.586,14.139,14.333,1648,0
20120522,14.129,14.158,14.129,14.158,724,0
20120523,14.422,14.422,14.422,14.422,100,0
20120524,13.836,14.139,13.654,14.042,12145,0
20120525,14.071,14.071,14.042,14.042,2264,0
20120530,14.042,14.139,13.826,13.905,2676,0
20120531,14.139,14.139,13.826,13.836,2848,0
20120601,13.556,14.061,13.556,14.061,407,0
20120604,14.081,14.081,14.081,14.081,275,0
20120605,13.625,13.702,13.566,13.654,2028,0
20120606,13.702,13.702,13.683,13.683,200,0
20120607,13.768,13.768,13.556,13.635,5891,0
20120608,13.74,13.797,13.74,13.797,924,0
20120611,13.75,13.964,13.721,13.777,1548,0
20120612,13.964,14.032,13.635,13.683,2553,0
20120613,13.817,13.817,13.605,13.605,2179,0
20120614,13.605,13.721,13.605,13.721,1448,0
20120615,13.625,13.702,13.625,13.702,1181,0
20120618,13.712,13.866,13.712,13.866,1919,0
20120619,14.032,14.032,13.846,14.022,724,0
20120620,13.856,13.856,13.797,13.797,1075,0
20120621,13.826,13.964,13.797,13.964,2637,0
20120622,13.866,14.012,13.866,14.012,724,0
20120625,13.712,13.712,13.556,13.605,24753,0
20120626,13.596,13.615,13.537,13.605,15801,0
20120627,13.605,13.673,13.605,13.673,7412,0
20120629,13.625,13.625,13.605,13.605,407,0
20120702,13.625,13.944,13.625,13.944,1024,0
20120703,13.797,13.797,13.797,13.797,130,0
20120705,13.846,13.876,13.846,13.866,851,0
20120706,13.876,14.002,13.807,13.826,596,0
20120709,13.777,13.777,13.777,13.777,523,0
20120710,13.925,14.002,13.807,14.002,1717,0
20120711,14.071,14.081,13.777,13.817,2242,0
20120712,13.915,14.577,13.895,13.954,14715,0
20120713,13.915,13.915,13.586,13.797,18836,0
20120716,13.712,13.712,13.702,13.702,5149,0
20120717,13.846,13.846,13.836,13.836,1024,0
20120718,13.75,13.768,13.75,13.75,1969,0
20120719,13.876,13.905,13.846,13.905,5437,0
20120720,13.654,13.797,13.625,13.797,2523,0
20120723,13.731,13.768,13.731,13.768,408,0
20120724,13.702,13.759,13.605,13.605,6570,0
20120725,13.576,13.895,13.576,13.895,1408,0
20120726,13.836,13.836,13.605,13.615,925,0
20120727,13.807,13.807,13.712,13.712,522,0
20120730,13.635,13.635,13.635,13.635,699,0
20120731,13.537,13.605,13.537,13.605,1914,0
20120801,13.546,13.663,13.546,13.663,5283,0
20120803,13.576,13.615,13.566,13.615,1024,0
20120806,13.596,13.787,13.596,13.787,743,0
20120808,13.596,13.605,13.576,13.605,1127,0
20120809,13.556,13.556,13.556,13.556,100,0
20120813,13.615,13.615,13.556,13.556,236,0
20120814,13.43,13.635,13.43,13.635,1423,0
20120815,13.768,13.797,13.683,13.683,3423,0
20120817,13.663,13.702,13.644,13.702,524,0
20120820,13.644,13.663,13.605,13.605,948,0
20120821,13.605,13.605,13.556,13.556,2231,0
20120822,13.576,13.576,13.556,13.556,387,0
20120823,13.596,13.596,13.556,13.556,1769,0
20120824,13.41,13.556,13.41,13.556,1004,0
20120827,13.449,13.449,13.304,13.372,3148,0
20120828,13.362,13.489,13.206,13.489,6813,0
20120829,13.245,13.439,13.235,13.439,1024,0
20120830,13.294,13.294,13.274,13.274,407,0
20120831,13.265,13.382,13.265,13.265,300,0
20120904,13.274,13.274,13.274,13.274,281,0
20120905,13.362,13.362,13.196,13.216,5714,0
20120907,13.352,13.362,13.314,13.314,1448,0
20120910,13.274,13.41,13.274,13.274,1749,0
20120911,13.284,13.284,13.284,13.284,624,0
20120912,13.352,13.362,13.352,13.352,1024,0
20120913,13.41,13.42,13.4,13.42,1448,0
20120914,13.546,13.556,13.546,13.556,824,0
20120918,13.517,13.517,13.517,13.517,287,0
20120920,13.556,13.615,13.245,13.615,1325,0
20120925,13.74,13.75,13.74,13.75,200,0
20120926,13.294,13.654,13.099,13.605,4402,0
20120928,13.605,13.605,13.605,13.605,624,0
20121003,13.605,13.605,13.507,13.556,3703,0
20121004,13.605,13.605,13.605,13.605,280,0
20121005,13.605,13.663,13.605,13.663,5866,0
20121009,13.654,13.654,13.654,13.654,2096,0
20121010,13.692,13.692,13.692,13.692,300,0
20121011,13.712,13.712,13.712,13.712,200,0
20121012,13.625,13.625,13.625,13.625,1448,0
20121016,13.75,13.768,13.75,13.75,624,0
20121017,13.663,13.673,13.605,13.605,4116,0
20121018,13.663,13.663,13.605,13.644,3440,0
20121023,13.654,13.663,13.654,13.663,524,0
20121031,13.663,13.663,13.605,13.605,7058,0
20121101,13.797,13.797,13.797,13.797,116,0
20121102,13.605,13.605,13.605,13.605,1448,0
20121105,13.605,13.605,13.517,13.605,4116,0
20121108,13.605,13.605,13.605,13.605,200,0
20121109,13.517,13.517,13.517,13.517,250,0
20121113,13.596,13.768,13.517,13.615,3086,0
20121114,13.537,13.537,13.362,13.497,4138,0
20121115,13.362,13.362,13.167,13.167,1783,0
20121116,13.235,13.235,13.206,13.206,407,0
20121119,13.255,13.255,13.206,13.206,2055,0
20121120,13.265,13.352,13.216,13.304,2237,0
20121121,13.225,13.225,13.225,13.225,599,0
20121123,13.265,13.342,13.265,13.342,300,0
20121126,13.304,13.304,13.274,13.274,624,0
20121127,13.304,13.391,13.284,13.284,1719,0
20121128,13.284,13.284,13.284,13.284,100,0
20121129,13.314,13.314,13.314,13.314,100,0
20121130,13.324,13.362,13.324,13.324,1024,0
20121203,13.324,13.324,13.324,13.324,200,0
20121204,13.324,13.449,13.245,13.255,5043,0
20121205,13.314,13.324,13.274,13.324,2779,0
20121206,13.235,13.42,13.235,13.4,574,0
20121207,13.439,13.439,13.245,13.245,2899,0
20121210,13.459,13.75,13.265,13.284,3837,0
20121211,13.314,13.314,13.284,13.284,2158,0
20121213,13.372,13.43,13.362,13.362,636,0
20121214,13.41,13.41,13.41,13.41,200,0
20121217,13.352,13.352,13.284,13.324,1652,0
20121219,13.314,13.362,13.284,13.362,2616,0
20121220,13.42,14.012,13.42,13.846,19547,0
20121221,13.673,13.856,13.615,13.615,4958,0
20121224,13.826,13.826,13.644,13.644,2310,0
20121226,13.635,13.654,13.635,13.654,524,0
20121228,13.605,13.721,13.605,13.712,2702,0
20121231,13.663,13.663,13.605,13.605,624,0
20130102,13.992,13.992,13.625,13.625,1859,0
20130103,13.654,13.683,13.605,13.605,924,0
20130104,13.673,13.673,13.654,13.654,407,0
20130107,13.895,13.895,13.615,13.615,2299,0
20130108,13.759,13.777,13.759,13.777,1467,0
20130109,13.654,13.654,13.654,13.654,346,0
20130111,13.818,13.867,13.818,13.857,3185,0
20130114,13.818,13.896,13.818,13.896,3113,0
20130115,13.818,13.877,13.818,13.877,2569,0
20130117,13.751,13.837,13.732,13.769,1796,0
20130118,13.751,14.023,13.751,13.857,4860,0
20130122,13.778,13.837,13.778,13.837,2052,0
20130123,13.886,13.886,13.867,13.877,2155,0
20130124,13.886,14.023,13.886,14.023,3185,0
20130125,13.945,14.16,13.916,13.936,1952,0
20130128,13.975,13.984,13.975,13.975,723,0
20130129,14.013,14.16,14.013,14.16,2052,0
20130131,14.18,14.18,14.17,14.17,723,0
20130204,14.15,14.239,13.984,14.239,1480,0
20130205,14.287,14.404,14.247,14.404,4109,0
20130206,14.335,14.404,14.219,14.404,1646,0
20130207,14.209,14.472,14.209,14.472,1446,0
20130208,14.452,14.452,14.345,14.345,498,0
20130211,14.55,14.56,14.55,14.56,1023,0
20130212,14.618,14.618,14.618,14.618,350,0
20130213,14.743,14.822,14.733,14.812,3389,0
20130214,14.618,14.618,14.414,14.423,4000,0
20130215,14.551,14.551,14.541,14.551,832,0
20130219,14.588,14.646,14.551,14.551,348,0
20130220,14.618,14.646,14.608,14.618,1279,0
20130221,14.665,14.949,14.665,14.949,2082,0
20130222,14.929,14.949,14.929,14.949,1022,0
20130226,14.949,15.007,14.909,14.909,1055,0
20130227,15.027,15.163,15.027,15.163,6226,0
20130228,15.173,15.688,15.173,15.688,4717,0
20130304,15.591,15.601,15.591,15.601,1123,0
20130306,15.486,15.816,15.486,15.816,2771,0
20130307,15.495,15.515,15.35,15.418,2668,0
20130308,15.543,15.561,15.543,15.561,1227,0
20130311,15.591,15.777,15.591,15.777,1022,0
20130312,15.787,15.797,15.768,15.797,5464,0
20130313,15.592,15.807,15.592,15.797,1642,0
20130314,15.592,15.592,15.592,15.592,100,0
20130315,15.572,15.612,15.086,15.106,11630,0
20130318,15.184,15.184,15.174,15.174,2614,0
20130319,15.135,15.135,15.135,15.135,529,0
20130321,15.418,15.418,15.418,15.418,166,0
20130326,15.243,15.321,15.193,15.193,2309,0
20130327,15.203,15.271,15.203,15.213,1021,0
20130328,15.164,15.467,15.135,15.223,2254,0
20130401,15.184,15.223,15.184,15.223,200,0
20130402,15.193,15.223,15.193,15.223,200,0
20130403,15.359,15.359,15.046,15.066,3479,0
20130404,15.35,15.369,15.223,15.223,2463,0
20130405,15.291,15.35,15.223,15.223,721,0
20130408,15.321,15.369,15.223,15.223,6968,0
20130409,15.467,15.544,15.448,15.516,2767,0
20130410,15.282,15.661,15.282,15.583,1540,0
20130411,15.631,15.631,15.076,15.419,2560,0
20130412,15.517,15.622,15.517,15.622,300,0
20130415,15.389,15.389,15.341,15.341,1841,0
20130416,15.399,15.449,15.399,15.449,403,0
20130418,15.563,15.563,15.563,15.563,300,0
20130419,15.681,15.779,15.681,15.779,543,0
20130422,15.449,15.449,15.449,15.449,520,0
20130423,15.341,15.458,15.341,15.351,920,0
20130424,15.389,15.487,15.389,15.487,242,0
20130425,15.72,15.72,15.72,15.72,100,0
20130426,15.409,15.409,15.36,15.36,1193,0
20130429,15.341,15.72,15.341,15.72,1198,0
20130501,15.439,15.439,15.439,15.439,200,0
20130503,15.553,15.583,15.553,15.583,620,0
20130506,15.583,15.583,15.583,15.583,300,0
20130507,15.603,15.603,15.583,15.583,2115,0
20130508,15.74,16.064,15.72,16.064,3548,0
20130509,16.064,16.064,16.044,16.044,890,0
20130510,15.995,15.995,15.995,15.995,1019,0
20130513,16.142,16.142,15.389,15.631,8612,0
20130514,15.641,15.995,15.631,15.945,2760,0
20130515,15.945,16.152,15.857,16.152,9303,0
20130517,16.23,16.23,16.23,16.23,100,0
20130520,16.63,16.63,16.142,16.551,2041,0
20130521,16.502,16.502,16.328,16.406,3377,0
20130522,16.63,17.11,16.62,17.11,5725,0
20130523,16.934,17.15,16.934,16.974,4398,0
20130524,16.659,17.296,16.639,17.042,3604,0
20130528,17.217,17.393,17.217,17.393,3377,0
20130529,17.237,17.412,17.217,17.403,3779,0
20130531,17.363,17.412,17.315,17.412,519,0
20130603,17.393,17.393,16.386,16.727,9911,0
20130604,17.032,17.15,16.767,16.767,1520,0
20130605,16.845,16.924,16.845,16.914,3274,0
20130607,16.924,17.412,16.924,17.412,1941,0
20130610,17.608,17.608,17.179,17.179,1019,0
20130611,17.217,17.217,16.895,17.022,2679,0
20130612,17.491,17.491,16.984,16.984,998,0
20130613,16.895,16.904,16.639,16.825,1222,0
20130614,17.022,17.022,16.649,16.649,403,0
20130617,16.807,17.022,16.807,17.012,3985,0
20130618,16.954,16.974,16.924,16.974,1378,0
20130619,16.727,16.727,16.727,16.727,559,0
20130620,16.767,16.924,16.61,16.924,10055,0
20130621,16.669,16.669,16.639,16.639,2041,0
20130624,16.639,16.727,16.59,16.61,3189,0
20130625,16.532,16.532,16.532,16.532,2041,0
20130626,16.698,16.698,16.698,16.698,1638,0
20130627,16.787,16.787,16.787,16.787,180,0
20130628,16.846,16.895,16.757,16.757,2545,0
20130702,16.679,16.679,16.679,16.679,519,0
20130703,16.63,16.639,16.63,16.639,4750,0
20130705,16.639,16.639,16.639,16.639,1222,0
20130708,16.807,16.807,16.63,16.639,2985,0
20130710,16.875,16.875,16.875,16.875,125,0
20130712,16.659,16.659,16.511,16.659,918,0
20130715,16.954,16.954,16.954,16.954,175,0
20130717,16.58,16.58,16.58,16.58,200,0
20130722,16.649,16.649,16.649,16.649,3575,0
20130726,16.629,16.629,16.561,16.561,1004,0
20130729,16.561,16.561,16.561,16.561,718,0
20130731,16.561,16.619,16.453,16.619,1119,0
20130801,16.609,16.609,16.609,16.609,140,0
20130802,16.6,16.6,16.6,16.6,130,0
20130805,16.453,16.492,16.453,16.492,1119,0
20130807,16.453,16.453,16.453,16.453,260,0
20130808,16.453,16.453,16.453,16.453,300,0
20130809,16.472,16.472,16.453,16.453,718,0
20130814,16.472,16.472,16.472,16.472,200,0
20130816,16.481,16.481,16.472,16.472,4921,0
20130819,16.375,16.375,16.375,16.375,1684,0
20130821,16.375,16.375,16.375,16.375,2037,0
20130829,16.375,16.443,16.375,16.443,200,0
20130913,16.424,16.443,16.424,16.424,616,0
20130916,16.424,16.424,16.395,16.395,4154,0
20130918,16.238,16.238,16.238,16.238,1532,0
20130919,16.238,16.238,16.238,16.238,4265,0
20130920,16.238,16.238,16.238,16.238,646,0
20130924,16.238,16.415,16.238,16.415,1219,0
20130926,16.472,16.491,16.472,16.491,816,0
20130930,16.258,16.258,16.258,16.258,915,0
20131002,16.199,16.199,16.199,16.199,200,0
20131004,16.199,16.199,16.199,16.199,100,0
20131007,16.199,16.199,16.199,16.199,403,0
20131008,16.199,16.327,16.15,16.15,5969,0
20131009,16.306,16.306,16.159,16.159,2848,0
20131010,16.021,16.021,16.021,16.021,403,0
20131014,16.021,16.021,16.021,16.021,403,0
20131016,16.423,16.423,16.423,16.423,100,0
20131017,16.071,16.071,15.392,15.883,1680,0
20131021,16.395,16.395,16.395,16.395,300,0
20131029,15.883,15.883,15.873,15.873,1015,0
20131030,15.971,15.971,15.971,15.971,4048,0
20131101,15.655,15.755,15.655,15.755,897,0
20131104,15.382,15.382,15.235,15.235,1530,0
20131105,15.362,15.372,15.304,15.304,1530,0
20131107,15.235,15.235,15.166,15.166,1015,0
20131108,15.284,15.284,15.235,15.235,1144,0
20131113,15.256,15.256,15.256,15.256,614,0
20131114,15.463,15.463,15.256,15.256,3178,0
20131118,15.285,15.285,14.97,14.98,4969,0
20131119,14.852,14.852,14.567,14.762,1037,0
20131120,14.528,14.762,14.528,14.762,1323,0
20131121,14.89,14.89,14.89,14.89,300,0
20131125,15.088,15.088,14.762,14.762,2492,0
20131126,14.832,14.832,14.832,14.832,664,0
20131203,15.059,15.256,15.059,15.256,1298,0
20131206,15.108,15.108,15.108,15.108,7204,0
20131209,14.91,14.91,14.802,14.802,2542,0
20131210,14.802,14.802,14.802,14.802,1318,0
20131211,14.822,14.822,14.802,14.802,2027,0
20131212,14.802,14.842,14.782,14.842,2127,0
20131213,14.911,14.911,14.911,14.911,513,0
20131216,14.862,15.029,14.802,15.029,1221,0
20131217,14.802,14.931,14.684,14.703,14397,0
20131218,14.732,14.782,14.732,14.782,5197,0
20131220,14.881,14.881,14.852,14.852,1113,0
20131223,14.802,14.812,14.782,14.812,6463,0
20131226,14.782,14.782,14.782,14.782,200,0
20131230,14.881,14.961,14.881,14.961,2692,0
20131231,14.931,14.931,14.881,14.881,1581,0
20140102,14.881,14.881,14.881,14.881,2337,0
20140108,15.049,15.049,15.049,15.049,513,0
20140109,15.029,15.079,15.029,15.079,713,0
20140110,15.099,15.099,15.059,15.059,823,0
20140113,15.119,15.198,15.119,15.198,4618,0
20140114,15.149,15.149,15.149,15.149,200,0
20140115,15.198,15.198,15.198,15.198,206,0
20140116,15.267,15.307,15.267,15.307,1529,0
20140117,15.307,15.446,15.307,15.446,350,0
20140121,15.366,15.75,15.366,15.69,6789,0
20140122,15.889,16.047,15.789,15.789,16325,0
20140123,15.937,16.067,15.937,16.067,1112,0
20140124,16.067,16.284,15.631,16.284,8394,0
20140128,16.156,16.156,16.156,16.156,1012,0
20140131,15.879,16.509,15.879,16.284,6686,0
20140203,16.284,16.479,16.284,16.479,9019,0
20140204,16.372,16.509,16.284,16.479,8781,0
20140205,16.294,16.479,16.294,16.479,3548,0
20140206,16.479,16.479,16.412,16.412,1112,0
20140207,16.658,16.697,16.608,16.668,11063,0
20140210,16.668,16.756,16.668,16.756,8213,0
20140211,16.756,16.756,16.579,16.608,722,0
20140213,16.845,16.875,16.796,16.796,5072,0
20140218,16.528,16.528,16.498,16.498,8305,0
20140219,16.796,16.796,16.498,16.498,10831,0
20140220,16.498,16.498,16.498,16.498,10122,0
20140221,16.498,16.597,16.498,16.597,811,0
20140224,16.498,16.498,16.498,16.498,3055,0
20140225,16.548,16.548,16.548,16.548,300,0
20140303,16.498,16.498,16.488,16.498,5366,0
20140304,16.498,16.498,16.498,16.498,8099,0
20140306,16.696,16.696,16.45,16.45,6377,0
20140307,16.508,16.696,16.498,16.696,16954,0
20140312,16.726,16.726,16.716,16.716,5208,0
20140318,16.815,16.815,16.518,16.568,4111,0
20140320,16.468,16.468,16.468,16.468,1010,0
20140321,16.815,16.815,16.667,16.667,2326,0
20140325,16.558,16.895,16.558,16.885,1336,0
20140328,16.855,16.895,16.855,16.895,443,0
20140401,16.716,16.716,16.518,16.548,9400,0
20140403,17.044,17.044,16.667,16.667,1508,0
20140404,17.686,17.686,17.686,17.686,300,0
20140408,16.945,17.606,16.945,17.606,337,0
20140410,17.28,17.329,17.28,17.329,466,0
20140414,16.954,16.954,16.954,16.954,100,0
20140415,16.944,17.329,16.934,16.934,2886,0
20140416,16.934,16.934,16.934,16.934,400,0
20140424,16.954,16.984,16.735,16.834,2218,0
20140425,16.715,17.023,16.537,17.023,1542,0
20140428,16.834,16.874,16.596,16.834,1217,0
20140429,16.765,16.765,16.755,16.755,1259,0
20140430,16.735,16.745,16.735,16.735,609,0
20140501,16.735,16.765,16.735,16.765,1698,0
20140505,16.814,17.033,16.814,17.033,509,0
20140508,16.994,17.152,16.834,16.934,4962,0
20140509,17.033,17.29,17.033,17.29,534,0
20140512,16.913,17.062,16.913,17.052,1012,0
20140513,16.903,16.953,16.903,16.903,13033,0
20140514,17.042,17.161,16.953,16.953,3028,0
20140515,16.853,17.052,16.853,16.923,714,0
20140516,16.953,17.229,16.863,17.229,2129,0
20140528,16.903,17.012,16.903,17.012,2524,0
20140529,17.349,17.646,17.091,17.646,5249,0
20140603,17.537,17.537,17.537,17.537,2798,0
20140605,16.983,17.547,16.983,17.498,1777,0
20140609,17.012,17.249,17.002,17.249,396,0
20140610,17.052,17.052,17.002,17.012,1716,0
20140611,17.16,17.17,17.051,17.17,3928,0
20140612,17.041,17.071,17.021,17.071,1564,0
20140616,17.229,17.229,17.229,17.229,204,0
20140617,17.369,17.428,17.339,17.369,5246,0
20140624,17.567,17.567,17.567,17.567,476,0
20140707,17.567,17.567,17.567,17.567,619,0
20140716,17.586,17.785,17.586,17.785,9697,0
20140722,17.785,17.785,17.785,17.785,906,0
20140723,17.636,17.636,17.616,17.616,956,0
20140725,17.835,17.835,17.835,17.835,756,0
20140729,17.616,17.616,17.378,17.378,1006,0
20140801,17.526,17.526,17.507,17.507,906,0
20140806,17.586,17.586,17.586,17.586,100,0
20140807,17.586,17.686,17.586,17.686,887,0
20140808,17.536,17.706,17.536,17.706,2212,0
20140811,17.507,17.507,17.507,17.507,400,0
20140813,17.725,17.725,17.725,17.725,250,0
20140818,18.879,18.879,17.655,17.655,9450,0
20140819,17.625,17.645,17.625,17.625,1810,0
20140820,18.103,18.103,18.103,18.103,150,0
20140826,18.053,18.053,18.053,18.053,1705,0
20140827,18.053,18.053,18.053,18.053,353,0
20140828,17.964,17.964,17.915,17.915,1720,0
20140829,17.915,17.915,17.915,17.915,495,0
20140902,18.302,18.391,17.905,17.915,3042,0
20140903,17.915,17.915,17.795,17.805,2458,0
20140904,17.994,17.994,17.994,17.994,100,0
20140905,17.954,17.954,17.915,17.915,3920,0
20140908,17.915,17.915,17.915,17.915,100,0
20140909,17.915,17.924,17.895,17.905,5232,0
20140910,17.933,18.152,17.933,18.152,2712,0
20140915,17.933,18.033,17.914,18.033,2272,0
20140916,17.923,17.923,17.894,17.923,7183,0
20140917,18.023,18.043,18.013,18.033,5605,0
20140918,18.143,18.172,18.033,18.033,3710,0
20140919,17.943,17.973,17.933,17.933,2108,0
20140923,17.983,17.983,17.933,17.933,9919,0
20140925,17.933,17.933,17.933,17.933,300,0
20141001,17.973,17.973,17.973,17.973,100,0
20141003,17.973,17.973,17.973,17.973,744,0
20141007,17.973,17.973,17.973,17.973,100,0
20141008,17.973,17.973,17.933,17.933,1004,0
20141009,17.952,17.972,17.843,17.873,1806,0
20141014,17.903,17.992,17.903,17.903,2006,0
20141015,17.893,17.903,17.893,17.893,2009,0
20141023,17.913,17.913,17.913,17.913,503,0
20141024,17.942,17.942,17.942,17.942,1003,0
20141028,17.942,17.942,17.942,17.942,1003,0
20141029,17.913,17.913,17.913,17.913,1606,0
20141030,18.082,18.092,18.062,18.092,6341,0
20141031,17.922,17.922,17.922,17.922,200,0
20141107,17.992,18.142,17.962,17.962,853,0
20141112,17.981,17.981,17.981,17.981,802,0
20141114,18.43,18.43,18.43,18.43,203,0
20141118,18.001,18.031,17.981,18.031,400,0
20141119,17.971,17.971,17.971,17.971,1604,0
20141120,18.16,18.16,17.971,17.971,534,0
20141121,17.971,17.971,17.971,17.971,552,0
20141124,17.981,18.22,17.971,18.061,1186,0
20141125,17.981,18.19,17.971,18.19,638,0
20141126,18.071,18.23,18.071,18.23,200,0
20141201,17.971,17.991,17.912,17.961,9214,0
20141202,18.111,18.111,18.101,18.101,502,0
20141203,17.951,18.021,17.862,17.941,4292,0
20141204,17.921,18.081,17.862,18.081,2004,0
20141205,17.862,18.17,17.862,17.862,802,0
20141208,17.921,18.061,17.812,17.812,6814,0
20141209,17.812,17.931,17.812,17.931,5282,0
20141210,17.93,18.03,17.93,17.93,2173,0
20141211,17.911,17.93,17.891,17.891,2242,0
20141212,17.93,17.93,17.801,17.801,3969,0
20141216,17.801,17.801,17.801,17.801,1853,0
20141219,17.92,17.92,17.871,17.92,901,0
20141222,17.92,17.99,17.831,17.99,4705,0
20141226,17.861,17.861,17.861,17.861,1003,0
20141229,17.861,17.93,17.861,17.93,3003,0
20141230,17.871,17.871,17.871,17.871,400,0
20141231,17.861,17.94,17.861,17.94,4103,0
20150102,18.06,18.08,18.04,18.08,7995,0
20150105,17.911,17.911,17.911,17.911,1001,0
20150106,17.95,18.1,17.95,18.1,1201,0
20150109,17.891,17.95,17.891,17.901,1019,0
20150114,18.1,18.1,17.91,17.91,3500,0
20150115,17.91,17.91,17.86,17.88,2673,0
20150116,17.88,17.96,17.86,17.86,3901,0
