Date,Open,High,Low,Close,Volume,OpenInt
20071106,16.5,16.5,16.5,16.5,0,0
20071107,16.5,17,12,12.06,13193620,0
20071108,12.2,14.2,11.44,12,3321170,0
20071109,12,12.98,12,12.7,772700,0
20071112,12.7,13.29,12.21,12.5,622100,0
20071113,12.5,13.25,11.12,11.93,498900,0
20071114,11.75,12.15,10.78,11.19,544600,0
20071115,10.99,11.19,10.6,10.82,569000,0
20071116,10.8,10.99,10.26,10.74,497700,0
20071119,10.02,10.44,10.02,10.19,203300,0
20071120,10.06,10.21,8.19,8.37,831000,0
20071121,8,8.17,7,7.97,347100,0
20071123,8.03,10,7.7,9.98,380900,0
20071126,9.1,11.5,8.6,10.51,1023521,0
20071127,11.16,11.71,10.72,11.68,397200,0
20071128,11.99,12.1,11.14,11.75,253815,0
20071129,12.06,12.08,11.31,12.06,309300,0
20071130,12.01,12.5,12.01,12.25,255150,0
20071203,11,12.32,11,12.25,157635,0
20071204,11.96,12.25,11.61,11.81,158300,0
20071205,11.16,11.37,9.6,10.06,549000,0
20071206,10.01,10.35,9.62,10.09,165600,0
20071207,10,10.49,9.81,10.42,281300,0
20071210,10.55,10.64,10.36,10.45,205300,0
20071211,10.68,10.68,10.35,10.49,186800,0
20071212,10.79,11.38,10.4,10.89,871600,0
20071213,10.75,11.16,10.18,11.08,150175,0
20071214,10.22,11,10.1,10.28,141300,0
20071217,10.6,11.13,10.35,10.8,159100,0
20071218,11.23,11.25,10.51,10.82,75000,0
20071219,10.88,11.09,10.5,10.99,86258,0
20071220,10.78,11.12,10.55,10.69,167800,0
20071221,10.5,10.76,9.91,9.99,1124600,0
20071224,10.06,10.58,9.98,10.35,59400,0
20071226,10.4,11.19,10.16,10.6,195710,0
20071227,10.51,10.59,9.64,9.84,178950,0
20071228,9.86,10.02,9.74,9.9,53882,0
20071231,9.6,10.55,9.1,10.39,275230,0
20080102,10.25,10.56,9.41,10.26,214750,0
20080103,9.82,10.25,9.58,9.58,206100,0
20080104,9.68,10.3,9,10,716859,0
20080107,10.5,10.87,9.27,9.88,603457,0
20080108,9.99,10.07,9.27,9.57,229507,0
20080109,9.6,9.9,9.16,9.54,225541,0
20080110,9.55,9.55,9.01,9.33,188469,0
20080111,9.1,9.7,9,9.46,386200,0
20080114,9.64,11.34,9.6,10.96,1468989,0
20080115,10.89,11.75,10.32,10.39,841260,0
20080116,9.73,11.17,9.59,10.87,309895,0
20080117,11,11.08,10.2,10.6,192665,0
20080118,10.21,10.8,10.12,10.74,302700,0
20080122,9.99,10.35,9.5,10.15,295271,0
20080123,9.81,9.96,8.65,9.38,291207,0
20080124,9.64,10.25,9.12,9.49,365198,0
20080125,9.4,9.92,8.53,8.79,720474,0
20080128,8.43,8.5,8.15,8.3,721240,0
20080129,8.42,8.42,7.62,7.81,511350,0
20080130,7.78,7.85,7.5,7.5,398215,0
20080131,7.41,7.77,7.25,7.66,308120,0
20080201,7.75,7.8,7.42,7.65,507050,0
20080204,7.75,7.87,7.25,7.42,401754,0
20080205,7.35,7.38,6.75,6.85,436501,0
20080206,6.85,6.89,6.64,6.72,506165,0
20080207,6.68,6.68,6.2,6.45,677933,0
20080208,6.53,6.77,6.2,6.41,274711,0
20080211,6.5,6.51,6.05,6.17,479340,0
20080212,6.26,7.18,6.12,7.12,876596,0
20080213,7.23,7.63,6.95,7.63,446963,0
20080214,7.5,7.65,7.1,7.29,302726,0
20080215,7.35,7.45,7.02,7.45,124774,0
20080219,7.42,7.73,7.25,7.41,337683,0
20080220,7.2,7.68,7.15,7.42,323275,0
20080221,7.55,8.06,7.38,7.69,506412,0
20080222,7.7,7.82,7.45,7.58,225271,0
20080225,8.1,9.04,7.91,8.28,1003067,0
20080226,8.34,9.49,8.29,9.23,1000283,0
20080227,9.29,9.88,9.09,9.64,670545,0
20080228,9.36,9.8,8.86,9.15,471614,0
20080229,8.98,8.98,8.12,8.15,368574,0
20080303,8.3,8.57,8.02,8.5,233562,0
20080304,8.48,8.97,8.15,8.5,286605,0
20080305,8.34,8.5,8.1,8.4,210800,0
20080306,8.5,8.5,7.6,7.68,344733,0
20080307,7.5,7.67,7,7.23,193365,0
20080310,7.09,7.09,6.5,6.68,161790,0
20080311,6.61,7.2,6.5,6.94,154835,0
20080312,6.95,7.38,6.95,7.2,111400,0
20080313,7.13,7.19,6.74,7.09,105710,0
20080314,7.12,7.4,6.95,7.06,115100,0
20080317,6.9,7.21,6.53,6.92,165965,0
20080318,6.91,7.11,6.8,6.97,150270,0
20080319,6.81,7.27,6.81,7.27,64900,0
20080320,7.27,7.59,7.17,7.4,170300,0
20080324,7.45,7.85,7.45,7.81,143725,0
20080325,7.7,8.69,7.66,8.36,252145,0
20080326,8.36,8.36,7.74,7.8,269624,0
20080327,7.83,8.2,6.33,8.04,172200,0
20080328,8.05,8.82,8.05,8.76,425069,0
20080331,8.7,8.72,8.13,8.35,160250,0
20080401,8.31,8.39,7.91,8,169200,0
20080402,8.12,8.12,7.56,7.85,236550,0
20080403,7.9,8.97,7.86,8.7,626447,0
20080404,8.9,9.3,8.54,8.68,603204,0
20080407,9,9,8.63,8.8,366720,0
20080408,4.58,5.92,4.03,5.46,8213462,0
20080409,5.54,5.75,4.82,4.85,2442950,0
20080410,4.95,5.05,4.72,4.87,1009483,0
20080411,4.73,4.85,4.5,4.57,673316,0
20080414,4.25,4.43,4.08,4.19,811812,0
20080415,4.14,4.16,3.52,3.68,1392573,0
20080416,3.81,4.79,3.81,4.39,1383222,0
20080417,4.4,5,4.23,4.92,1221454,0
20080418,5.05,5.05,4.6,4.81,737585,0
20080421,4.71,4.79,4.53,4.71,308101,0
20080422,4.64,4.64,4.25,4.44,337612,0
20080423,4.54,4.54,4.25,4.35,250137,0
20080424,4.4,4.4,4.22,4.35,241083,0
20080425,4.4,4.5,4.06,4.4,414099,0
20080428,4.4,4.84,4.4,4.46,477373,0
20080429,4.46,4.48,4.31,4.4,260456,0
20080430,4.46,4.48,4.28,4.33,154361,0
20080501,4.28,4.38,4.2,4.28,220129,0
20080502,4.28,4.28,4.1,4.23,144500,0
20080505,4.2,4.23,4.08,4.18,125042,0
20080506,4.13,4.78,4.1,4.72,698077,0
20080507,4.6,5.02,4.51,4.7,668236,0
20080508,4.56,4.81,4.42,4.49,207437,0
20080509,4.5,4.66,4.35,4.65,234692,0
20080512,4.65,4.91,4.65,4.83,244246,0
20080513,4.81,4.83,4.6,4.74,180053,0
20080514,4.75,4.83,4.67,4.77,282364,0
20080515,4.8,4.89,4.6,4.83,285598,0
20080516,4.93,5,4.72,4.92,329540,0
20080519,4.9,4.9,4.52,4.66,422693,0
20080520,4.67,4.67,4.46,4.55,219483,0
20080521,4.64,4.64,4.41,4.49,174868,0
20080522,4.5,4.54,4.36,4.42,200937,0
20080523,4.34,4.39,4.25,4.26,137836,0
20080527,4.3,4.39,4.3,4.36,94463,0
20080528,4.44,4.8,4.33,4.7,465155,0
20080529,4.79,4.88,4.71,4.77,215415,0
20080530,4.86,4.91,4.53,4.82,469698,0
20080602,5.29,5.49,5,5.25,1173136,0
20080603,5.31,7.44,5.28,7.17,4562362,0
20080604,7.29,8.2,6.45,6.88,3743301,0
20080605,6.76,6.76,6.1,6.29,1551536,0
20080606,6.15,6.25,5.88,6.03,873674,0
20080609,6.1,6.61,6,6.19,833886,0
20080610,6.09,6.25,5.59,5.73,775911,0
20080611,6.12,6.4,5.88,6.05,968969,0
20080612,6.05,6.18,5.7,5.71,535913,0
20080613,5.77,5.93,5.75,5.83,303961,0
20080616,5.76,6.48,5.76,6.46,728281,0
20080617,6.62,6.62,6.17,6.33,503107,0
20080618,6.25,6.38,6.17,6.3,386026,0
20080619,6.25,6.75,6.24,6.7,478081,0
20080620,6.7,6.71,6.4,6.52,365350,0
20080623,6.61,6.61,6.3,6.39,337960,0
20080624,6.21,6.41,6.05,6.32,342804,0
20080625,6.57,7.15,6.55,6.63,1100923,0
20080626,5.2,5.35,4.45,4.88,2656003,0
20080627,4.85,4.95,4.33,4.56,886704,0
20080630,4.6,4.6,4.28,4.28,297794,0
20080701,4.25,4.28,4.08,4.23,314085,0
20080702,4.23,4.28,4.13,4.14,139567,0
20080703,4.13,4.15,3.8,4.07,380005,0
20080707,4.02,4.15,3.85,3.95,383182,0
20080708,3.89,4.05,3.82,4.05,336644,0
20080709,4.01,4.3,3.97,4.08,305513,0
20080710,4.08,4.13,3.96,3.98,197952,0
20080711,3.87,4.04,3.79,3.95,286502,0
20080714,3.91,4.39,3.91,4.26,314661,0
20080715,4.25,4.27,4.02,4.21,130378,0
20080716,4.27,4.3,4.18,4.2,174726,0
20080717,4.28,4.5,4.14,4.5,154929,0
20080718,4.5,4.55,4.36,4.46,171034,0
20080721,4.5,4.85,4.38,4.85,183716,0
20080722,4.85,4.89,4.7,4.82,131291,0
20080723,4.68,4.8,4.64,4.75,102964,0
20080724,4.7,4.7,4.58,4.63,127973,0
20080725,4.53,4.75,4.53,4.75,116955,0
20080728,4.77,4.8,4.52,4.52,170707,0
20080729,4.51,4.54,4.4,4.45,122247,0
20080730,4.3,4.43,4.18,4.38,155000,0
20080731,4.43,4.45,4.27,4.45,60718,0
20080801,4.36,4.39,4.21,4.22,65679,0
20080804,4.21,4.25,4.08,4.09,83963,0
20080805,4.07,4.26,4.07,4.23,126631,0
20080806,4.25,4.25,4.05,4.13,87107,0
20080807,4.18,4.18,4.01,4.03,112012,0
20080808,4.03,4.26,3.99,4.14,123260,0
20080811,4.16,4.37,4.11,4.26,78104,0
20080812,4.61,4.95,4.43,4.9,293285,0
20080813,4.99,5.42,4.95,5.08,425879,0
20080814,5.08,5.09,4.89,4.9,202181,0
20080815,4.9,5.11,4.9,5.05,141425,0
20080818,5.08,5.08,4.94,5.01,142486,0
20080819,5.01,5.03,4.9,5.01,228719,0
20080820,5.05,5.05,4.75,4.82,160057,0
20080821,4.72,4.8,4.59,4.7,105552,0
20080822,4.68,4.73,4.65,4.68,26438,0
20080825,4.67,4.9,4.59,4.64,189526,0
20080826,4.65,4.69,4.5,4.57,65780,0
20080827,4.5,4.58,4.42,4.56,57698,0
20080828,4.58,4.75,4.53,4.71,97545,0
20080829,4.71,4.72,4.44,4.44,223468,0
20080902,4.44,4.57,4.3,4.45,134107,0
20080903,4.44,4.57,4.38,4.41,77400,0
20080904,4.38,4.48,4.27,4.39,63700,0
20080905,4.41,4.41,4.19,4.23,38570,0
20080908,4.4,4.4,4.18,4.35,80609,0
20080909,4.3,4.3,4,4.05,81835,0
20080910,4,4.11,3.88,4.01,128524,0
20080911,4.06,4.06,3.91,4.01,137456,0
20080912,4.04,4.08,3.95,4.08,32850,0
20080915,3.91,4,3.88,3.97,72811,0
20080916,3.82,4.02,3.8,3.93,194825,0
20080917,3.91,3.92,3.63,3.63,132478,0
20080918,3.75,3.84,3.6,3.66,140037,0
20080919,3.98,4,3.8,3.85,105858,0
20080922,3.9,3.95,3.75,3.79,63971,0
20080923,3.7,3.88,3.7,3.73,86468,0
20080924,3.73,3.93,3.66,3.81,57359,0
20080925,3.85,3.9,3.69,3.69,34717,0
20080926,3.65,3.78,3.14,3.37,195524,0
20080929,3.37,3.37,2.8,2.8,154349,0
20080930,3.13,3.45,3.02,3.4,173651,0
20081001,3.45,3.54,3.32,3.43,52796,0
20081002,3.45,3.46,3.15,3.37,98198,0
20081003,3.37,3.48,3.03,3.19,88820,0
20081006,3.04,3.2,2.39,2.7,363860,0
20081007,2.63,3.12,2.63,2.91,257670,0
20081008,2.96,3.04,2.71,2.79,65094,0
20081009,2.84,2.94,2.7,2.83,83673,0
20081010,2.51,2.85,2.51,2.85,94892,0
20081013,2.81,3,2.66,2.99,128357,0
20081014,2.94,3.11,2.9,2.93,49081,0
20081015,2.99,3.01,2.5,2.61,69086,0
20081016,2.57,2.73,2.44,2.65,162210,0
20081017,2.71,2.78,2.62,2.7,88174,0
20081020,2.59,2.84,2.56,2.68,68240,0
20081021,2.71,2.75,2.6,2.67,77121,0
20081022,2.6,2.6,2.49,2.49,31355,0
20081023,2.5,2.5,2.21,2.34,150025,0
20081024,2.15,2.17,1.96,2.03,142880,0
20081027,2.02,2.11,1.79,1.9,93753,0
20081028,2,2,1.7,1.85,50783,0
20081029,1.88,1.95,1.8,1.85,108558,0
20081030,1.83,2.1,1.83,2.04,107199,0
20081031,2.04,2.4,2,2.2,88928,0
20081103,2.47,2.53,2.27,2.53,117296,0
20081104,2.53,2.64,2.42,2.52,136777,0
20081105,2.49,2.5,2.24,2.25,174184,0
20081106,2.33,2.33,2.01,2.02,51747,0
20081107,2.03,2.14,2.01,2.11,64593,0
20081110,2.35,2.43,2.25,2.26,37200,0
20081111,1.98,2.21,1.96,2.04,55750,0
20081112,1.94,1.99,1.78,1.82,87607,0
20081113,1.93,2.1,1.55,2.1,107971,0
20081114,2.1,2.17,2,2.09,73300,0
20081117,2.15,2.23,2.1,2.11,46285,0
20081118,2.2,2.2,2.03,2.12,19072,0
20081119,2.04,2.1,1.89,1.89,21753,0
20081120,1.82,1.82,1.31,1.37,74650,0
20081121,1.5,1.58,1.32,1.38,99790,0
20081124,1.35,1.63,1.35,1.47,59350,0
20081125,1.5,1.67,1.46,1.62,20900,0
20081126,1.54,1.62,1.54,1.6,408976,0
20081128,1.61,1.72,1.56,1.65,150809,0
20081201,1.54,1.55,1.22,1.52,818002,0
20081202,1.51,1.55,1.36,1.53,162885,0
20081203,1.37,1.61,1.21,1.58,86759,0
20081204,1.55,1.61,1.51,1.51,45150,0
20081205,1.44,1.62,1.44,1.59,31600,0
20081208,1.69,1.7,1.5,1.69,148780,0
20081209,1.68,1.77,1.68,1.71,92170,0
20081210,1.74,1.74,1.6,1.65,65075,0
20081211,1.6,1.6,1.51,1.51,133221,0
20081212,1.53,1.7,1.5,1.63,118979,0
20081215,1.55,1.61,1.53,1.6,39843,0
20081216,1.6,1.65,1.58,1.63,16952,0
20081217,1.6,1.65,1.54,1.65,63126,0
20081218,1.65,1.65,1.56,1.6,23573,0
20081219,1.57,1.63,1.55,1.55,25165,0
20081222,1.55,1.55,1.5,1.52,46423,0
20081223,1.52,1.58,1.36,1.38,83084,0
20081224,1.35,1.39,1.33,1.36,24550,0
20081226,1.35,1.43,1.35,1.43,32566,0
20081229,1.33,1.52,1.33,1.44,74242,0
20081230,1.42,1.61,1.4,1.61,72093,0
20081231,1.53,1.58,1.42,1.49,102800,0
20090102,1.57,1.65,1.54,1.61,22400,0
20090105,1.63,1.84,1.61,1.75,624319,0
20090106,1.75,1.85,1.72,1.72,149466,0
20090107,1.72,1.76,1.49,1.52,80148,0
20090108,1.45,1.54,1.45,1.54,18991,0
20090109,1.63,1.63,1.55,1.62,35060,0
20090112,1.6,1.7,1.51,1.51,26591,0
20090113,1.54,1.58,1.45,1.45,26280,0
20090114,1.55,1.55,1.46,1.5,15725,0
20090115,1.5,1.5,1.45,1.48,15199,0
20090116,1.48,1.52,1.42,1.43,11660,0
20090120,1.43,1.52,1.36,1.36,26900,0
20090121,1.36,1.39,1.3,1.36,11824,0
20090122,1.35,1.38,1.35,1.36,13000,0
20090123,1.36,1.39,1.34,1.38,26957,0
20090126,1.43,1.43,1.31,1.31,30730,0
20090127,1.31,1.31,1.28,1.28,33548,0
20090128,1.29,1.29,1.27,1.28,134412,0
20090129,1.23,1.25,1.22,1.23,34573,0
20090130,1.22,1.29,1.21,1.24,15660,0
20090202,1.2,1.27,1.2,1.24,11337,0
20090203,1.24,1.25,1.24,1.25,12885,0
20090204,1.28,1.28,1.22,1.22,22300,0
20090205,1.24,1.24,1.21,1.23,28725,0
20090206,1.3,1.3,1.22,1.22,104100,0
20090209,1.22,1.25,1.2,1.24,67692,0
20090210,1.24,1.26,1.18,1.18,78900,0
20090211,1.25,1.25,1.18,1.18,32422,0
20090212,1.11,1.18,1.11,1.16,47668,0
20090213,1.15,1.15,1.12,1.15,26770,0
20090217,1.15,1.19,1.14,1.15,219000,0
20090218,1.15,1.17,1.03,1.08,67504,0
20090219,1.08,1.1,1.06,1.07,31018,0
20090220,1,1.04,0.97,1,169707,0
20090223,0.95,1,0.93,0.94,307664,0
20090224,0.93,1.01,0.93,0.97,89387,0
20090225,1,1,0.94,0.95,71573,0
20090226,0.95,0.97,0.93,0.93,101280,0
20090227,0.94,0.96,0.83,0.83,173922,0
20090302,0.86,0.9,0.85,0.88,85195,0
20090303,0.86,0.9,0.85,0.86,77208,0
20090304,0.9,0.91,0.86,0.89,84025,0
20090305,0.84,0.88,0.81,0.83,80976,0
20090306,0.83,0.83,0.8,0.8,54060,0
20090309,0.81,0.84,0.8,0.83,48400,0
20090310,0.83,0.84,0.81,0.82,107787,0
20090311,0.88,0.88,0.8,0.8,110453,0
20090312,0.8,0.96,0.8,0.96,230975,0
20090313,0.9,0.93,0.75,0.79,214123,0
20090316,0.77,0.8,0.77,0.77,263782,0
20090317,0.79,0.83,0.77,0.79,654410,0
20090318,0.87,1.21,0.82,1.19,3807414,0
20090319,1.28,1.28,0.99,1.04,1134148,0
20090320,1.01,1.05,1,1.04,284120,0
20090323,1,1.18,1,1.16,277535,0
20090324,1.19,1.19,1.11,1.11,142136,0
20090325,1.15,1.15,1.03,1.06,163460,0
20090326,1.08,1.15,1.08,1.14,133600,0
20090327,1.15,1.3,1.1,1.28,354873,0
20090330,1.27,1.27,1.12,1.19,122575,0
20090331,1.16,1.19,1.13,1.13,103054,0
20090401,1.25,1.25,1.1,1.14,119062,0
20090402,1.12,1.25,1.05,1.14,339488,0
20090403,1.12,1.23,1.12,1.17,179085,0
20090406,1.12,1.25,1.12,1.18,161542,0
20090407,1.07,1.17,1.07,1.17,106264,0
20090408,1.19,1.2,1.13,1.16,53945,0
20090409,1.15,1.4,1.15,1.39,438034,0
20090413,1.45,1.54,1.35,1.52,310598,0
20090414,1.55,1.56,1.15,1.47,260621,0
20090415,1.75,1.75,1.42,1.63,324322,0
20090416,1.73,1.8,1.54,1.75,464852,0
20090417,1.84,1.99,1.74,1.8,469513,0
20090420,1.7,1.8,1.68,1.69,331059,0
20090421,1.69,1.85,1.68,1.83,236835,0
20090422,1.89,1.92,1.8,1.86,249866,0
20090423,2.22,2.22,1.85,1.91,138545,0
20090424,1.94,2.11,1.94,2.03,283615,0
20090427,2.01,2.01,1.82,1.82,420840,0
20090428,1.75,1.81,1.63,1.76,200503,0
20090429,1.87,1.95,1.73,1.8,121335,0
20090430,1.77,1.9,1.75,1.77,213917,0
20090501,1.7,1.85,1.7,1.84,203730,0
20090504,2,2.2,1.91,2,218847,0
20090505,2.08,2.18,2.02,2.08,233847,0
20090506,2.15,2.15,2.03,2.09,275202,0
20090507,2.15,2.16,1.97,1.99,103469,0
20090508,2,2.08,1.98,2,71813,0
20090511,2.13,2.13,1.92,1.96,102011,0
20090512,1.96,1.96,1.81,1.88,135206,0
20090513,1.91,1.91,1.72,1.73,89928,0
20090514,1.67,1.78,1.64,1.7,89499,0
20090515,1.7,1.7,1.58,1.58,84941,0
20090518,1.64,2.49,1.64,2.19,1907526,0
20090519,2.34,2.46,2.13,2.14,573629,0
20090520,2.13,2.17,1.91,1.96,311277,0
20090521,1.92,1.99,1.83,1.92,170344,0
20090522,1.99,2.69,1.9,2.64,2978912,0
20090526,2.82,3.16,2.78,3.05,3140450,0
20090527,2.94,3.13,2.76,2.86,864501,0
20090528,2.96,3,2.7,2.92,571866,0
20090529,2.99,2.99,2.74,2.96,198355,0
20090601,3.09,3.39,2.99,3.19,822432,0
20090602,3.27,3.72,3.23,3.65,875652,0
20090603,3.58,3.67,3.3,3.5,491863,0
20090604,3.74,3.74,3.41,3.61,285939,0
20090605,3.7,3.77,3.41,3.47,275926,0
20090608,3.41,3.45,3.15,3.4,249345,0
20090609,3.45,3.45,3.22,3.34,169136,0
20090610,3.44,3.44,3.08,3.14,216463,0
20090611,3.1,3.17,3,3.09,255964,0
20090612,3.08,3.08,2.94,2.99,220058,0
20090615,2.94,3.15,2.76,3.14,419655,0
20090616,3.25,3.25,2.96,3.04,159194,0
20090617,3,3.02,2.7,2.75,233678,0
20090618,2.77,2.99,2.55,2.61,287400,0
20090619,2.61,2.76,2.57,2.73,267417,0
20090622,2.91,2.91,2.31,2.33,326883,0
20090623,2.34,2.55,2.15,2.22,296809,0
20090624,2.32,2.49,2.25,2.42,241602,0
20090625,2.17,2.3,2.1,2.11,563141,0
20090626,2.1,2.16,2,2.06,358608,0
20090629,2.11,2.24,1.95,2.08,535135,0
20090630,2.08,2.13,2,2.09,170867,0
20090701,2.13,2.39,2.12,2.24,251667,0
20090702,2.28,2.3,2.12,2.28,134436,0
20090706,2.25,2.25,2.01,2.05,141459,0
20090707,2.11,2.11,1.91,1.97,136441,0
20090708,1.92,1.97,1.79,1.8,215521,0
20090709,1.87,1.94,1.8,1.87,115244,0
20090710,1.91,1.91,1.79,1.82,33428,0
20090713,1.76,1.78,1.69,1.74,167522,0
20090714,1.74,1.85,1.74,1.83,114032,0
20090715,1.86,2.34,1.85,2.12,735591,0
20090716,2.19,2.19,2,2.12,202712,0
20090717,2.12,2.19,2.08,2.13,96365,0
20090720,2.2,2.2,2,2.06,213397,0
20090721,2.03,2.15,2.01,2.06,70267,0
20090722,2,2.3,2,2.23,262623,0
20090723,2.21,2.43,2.21,2.35,303867,0
20090724,2.3,2.3,2.19,2.27,160813,0
20090727,2.3,2.37,2.21,2.32,202798,0
20090728,2.25,2.28,2.14,2.21,200382,0
20090729,2.21,2.21,2.09,2.12,114636,0
20090730,2.11,2.2,2.08,2.08,85494,0
20090731,2.14,2.2,2.1,2.1,87070,0
20090803,2.11,2.35,2.11,2.32,203497,0
20090804,2.26,2.62,2.23,2.53,558573,0
20090805,2.59,2.59,2.4,2.48,249772,0
20090806,2.48,2.48,2.23,2.28,212271,0
20090807,2.39,2.54,2.33,2.4,713287,0
20090810,2.35,2.5,2.33,2.44,199922,0
20090811,2.44,2.46,2.23,2.26,234497,0
20090812,2.2,2.4,2.2,2.21,192163,0
20090813,2.21,2.27,2.2,2.21,143208,0
20090814,2.16,2.25,2.03,2.11,280878,0
20090817,2.02,2.02,1.86,1.88,398337,0
20090818,1.9,2.02,1.89,1.99,320324,0
20090819,1.95,2.04,1.9,2,154295,0
20090820,2.02,2.05,1.97,2,119558,0
20090821,1.96,2.01,1.95,1.98,103779,0
20090824,2,2.12,1.97,2.02,296530,0
20090825,2.07,2.08,1.99,2,89208,0
20090826,2,2.02,1.95,1.98,90564,0
20090827,1.96,1.99,1.9,1.94,137007,0
20090828,1.94,1.98,1.86,1.88,116016,0
20090831,1.88,2.02,1.8,2.02,160981,0
20090901,1.95,1.95,1.81,1.84,109929,0
20090902,1.83,1.87,1.73,1.77,141347,0
20090903,1.8,1.8,1.75,1.78,61544,0
20090904,1.76,1.92,1.76,1.85,100996,0
20090908,1.85,1.94,1.85,1.89,66155,0
20090909,1.9,1.94,1.86,1.89,114209,0
20090910,1.91,1.92,1.81,1.88,84583,0
20090911,1.95,2.08,1.88,1.94,347936,0
20090914,1.96,2,1.89,1.96,108075,0
20090915,1.96,1.96,1.81,1.85,220251,0
20090916,1.98,1.98,1.83,1.84,108348,0
20090917,1.86,2.25,1.86,2.14,1099770,0
20090918,2.11,2.22,2.03,2.1,469002,0
20090921,2.03,2.1,1.96,2,258250,0
20090922,2,2.1,2,2.06,202449,0
20090923,2.09,2.22,2.01,2.16,239747,0
20090924,2.25,2.28,2.02,2.1,333393,0
20090925,2.12,2.2,2.09,2.12,123557,0
20090928,2.11,2.19,2.07,2.09,115388,0
20090929,2.13,2.2,2.08,2.14,198247,0
20090930,2.18,2.18,2.1,2.14,104085,0
20091001,2.17,2.17,2.03,2.03,156823,0
20091002,2.05,2.06,1.9,2.01,122205,0
20091005,2,2.07,1.98,2.03,60429,0
20091006,2.11,2.26,2.07,2.16,224890,0
20091007,2.2,2.32,2.12,2.18,257573,0
20091008,2.28,2.28,2.14,2.17,169195,0
20091009,2.19,2.21,2.11,2.12,79631,0
20091012,2.19,2.23,2.13,2.23,95302,0
20091013,2.2,2.22,2.15,2.18,112585,0
20091014,2.2,2.2,2.11,2.16,138111,0
20091015,2.16,2.25,2.13,2.19,115408,0
20091016,2.21,2.63,2.21,2.63,1368297,0
20091019,2.62,3.09,2.55,2.98,1766673,0
20091020,3.08,3.09,2.82,2.88,603557,0
20091021,2.75,3.35,2.69,3.01,1147530,0
20091022,3.01,3.04,2.85,2.99,516645,0
20091023,3,3,2.82,2.85,212953,0
20091026,2.7,3.1,2.62,2.64,630833,0
20091027,2.61,2.69,2.46,2.48,247034,0
20091028,2.48,2.69,2.4,2.45,257344,0
20091029,2.45,2.81,2.43,2.78,240678,0
20091030,2.77,2.77,2.47,2.51,155717,0
20091102,2.89,2.89,2.51,2.69,250448,0
20091103,2.88,2.88,2.51,2.52,337650,0
20091104,2.86,2.86,2.56,2.6,139374,0
20091105,2.62,2.74,2.62,2.67,97083,0
20091106,2.61,2.75,2.61,2.69,52572,0
20091109,2.73,2.8,2.65,2.77,65426,0
20091110,2.75,2.77,2.6,2.65,110379,0
20091111,2.68,2.75,2.56,2.61,95213,0
20091112,2.6,2.73,2.56,2.68,119766,0
20091113,2.8,2.8,2.64,2.74,131919,0
20091116,2.72,2.79,2.66,2.66,90225,0
20091117,2.8,2.8,2.68,2.72,58868,0
20091118,2.77,3.34,2.68,3.34,1643085,0
20091119,3.3,3.63,3.06,3.5,1160204,0
20091120,3.3,3.41,3.11,3.35,532199,0
20091123,3.49,4.53,3.48,4.17,3273698,0
20091124,4.16,4.16,3.44,3.5,2647958,0
20091125,3.59,3.65,3.36,3.43,600995,0
20091127,3.18,3.38,3.18,3.31,270722,0
20091130,3.36,3.6,3.01,3.56,2414732,0
20091201,3.66,3.67,3.25,3.5,1958328,0
20091202,3.57,3.6,3.19,3.29,906098,0
20091203,3.54,3.54,3.3,3.35,518787,0
20091204,3.35,3.44,3.2,3.26,384744,0
20091207,3.26,3.26,3.07,3.14,369232,0
20091208,3.26,3.26,3.1,3.18,199944,0
20091209,3.18,3.21,3.01,3.06,350946,0
20091210,3.06,3.09,2.92,2.92,251532,0
20091211,3.04,3.1,2.93,3.02,187497,0
20091214,3.03,3.27,2.95,3.26,299003,0
20091215,3.2,3.32,3.16,3.23,274841,0
20091216,3.31,3.31,3.1,3.1,107991,0
20091217,3.1,3.21,3.01,3.11,148804,0
20091218,3.09,3.12,2.97,3.04,155855,0
20091221,2.98,3.17,2.9,2.95,184241,0
20091222,2.91,2.96,2.7,2.85,633068,0
20091223,2.91,2.94,2.66,2.8,450900,0
20091224,2.85,2.93,2.75,2.93,126929,0
20091228,2.93,2.95,2.81,2.88,118338,0
20091229,2.9,2.92,2.73,2.73,193662,0
20091230,2.77,3.12,2.66,2.99,1301299,0
20091231,2.98,3.25,2.98,3.13,676983,0
20100104,3.27,3.3,3.13,3.22,312191,0
20100105,3.2,3.27,3.1,3.21,366782,0
20100106,3.24,3.27,3.1,3.15,419498,0
20100107,3.12,3.13,3,3.05,344722,0
20100108,3.04,3.1,3,3.02,267066,0
20100111,3.14,3.31,3.01,3.25,1862504,0
20100112,3.18,3.25,3.02,3.03,1011286,0
20100113,3.15,3.15,2.81,2.9,1051553,0
20100114,2.87,3.02,2.84,2.85,291324,0
20100115,2.81,2.89,2.8,2.83,252140,0
20100119,2.81,2.92,2.8,2.9,283546,0
20100120,2.82,2.85,2.7,2.7,406519,0
20100121,2.73,2.79,2.58,2.58,406981,0
20100122,2.55,2.67,2.47,2.52,292148,0
20100125,2.52,2.59,2.2,2.27,477325,0
20100126,2.25,2.33,2.21,2.25,254671,0
20100127,2.25,2.25,2,2.14,881878,0
20100128,2.13,2.19,2.05,2.08,326139,0
20100129,2.07,2.16,2.03,2.05,234635,0
20100201,2.05,2.13,2.02,2.08,182811,0
20100202,2.18,2.18,2.06,2.12,191948,0
20100203,2.16,2.2,2.1,2.17,196884,0
20100204,2.2,2.2,2,2,454190,0
20100205,1.96,2.04,1.95,2,292079,0
20100208,1.99,2.04,1.95,1.96,84750,0
20100209,1.97,2,1.94,1.99,104573,0
20100210,2,2.1,1.87,2.04,248258,0
20100211,2.1,2.15,2.01,2.13,187413,0
20100212,2.12,2.21,2.05,2.16,113616,0
20100216,2.21,2.35,2.18,2.3,239607,0
20100217,2.3,2.44,2.22,2.26,144785,0
20100218,2.28,2.28,2.01,2.16,131273,0
20100219,2.15,2.23,2.1,2.18,72226,0
20100222,2.17,2.21,2.1,2.16,111803,0
20100223,2.11,2.16,2.1,2.12,94988,0
20100224,2.12,2.2,2.11,2.16,118146,0
20100225,2.13,2.24,2.13,2.18,71735,0
20100226,2.18,2.25,2.14,2.15,80449,0
20100301,2.11,2.21,2.11,2.18,86288,0
20100302,2.78,2.78,2.2,2.23,493331,0
20100303,2.28,2.3,2.21,2.26,225760,0
20100304,2.3,2.3,2.2,2.22,156917,0
20100305,2.27,2.33,2.23,2.26,134528,0
20100308,2.25,2.3,2.23,2.23,187290,0
20100309,2.18,2.34,2.18,2.27,231899,0
20100310,2.33,2.4,2.25,2.29,240145,0
20100311,2.25,2.28,2.21,2.21,140956,0
20100312,2.27,2.62,2.23,2.58,791537,0
20100315,2.56,2.65,2.41,2.42,242082,0
20100316,2.46,2.47,2.25,2.35,142162,0
20100317,2.41,2.46,2.29,2.32,156211,0
20100318,2.3,2.37,2.25,2.27,121609,0
20100319,2.26,2.29,2.16,2.21,201958,0
20100322,2.17,2.24,2.16,2.17,139400,0
20100323,2.15,2.24,2.14,2.24,119688,0
20100324,2.22,2.31,2.22,2.26,117383,0
20100325,2.33,2.35,2.28,2.34,147701,0
20100326,2.32,2.32,2.2,2.26,85828,0
20100329,2.31,2.48,2.29,2.48,272570,0
20100330,2.45,2.45,2.3,2.42,373290,0
20100331,2.37,2.39,2.3,2.34,118740,0
20100401,2.32,2.39,2.29,2.3,75853,0
20100405,2.29,2.44,2.29,2.4,127673,0
20100406,2.34,2.39,2.3,2.34,131129,0
20100407,2.39,2.39,2.32,2.32,69254,0
20100408,2.32,2.35,2.28,2.3,96411,0
20100409,2.32,2.35,2.28,2.32,208543,0
20100412,2.3,2.34,2.29,2.29,139889,0
20100413,2.33,2.33,2.25,2.26,141426,0
20100414,2.26,2.29,2.26,2.26,100708,0
20100415,2.3,2.3,2.2,2.22,128793,0
20100416,2.2,2.24,2.17,2.17,121374,0
20100419,2.15,2.21,2.04,2.17,109701,0
20100420,2.14,2.19,2.12,2.15,99325,0
20100421,2.21,2.21,2.15,2.19,49078,0
20100422,2.19,2.19,2.1,2.15,120773,0
20100423,2.11,2.13,2.09,2.09,180711,0
20100426,2.08,2.12,2.05,2.06,163184,0
20100427,2.17,2.17,2,2.01,481932,0
20100428,2.01,2.05,1.77,1.92,522583,0
20100429,1.96,1.97,1.93,1.97,143982,0
20100430,1.92,2.01,1.83,1.83,281115,0
20100503,1.85,1.94,1.84,1.86,360774,0
20100504,1.84,1.89,1.78,1.8,229953,0
20100505,1.77,1.78,1.69,1.69,204618,0
20100506,1.72,1.8,1.51,1.55,332238,0
20100507,1.55,1.7,1.5,1.58,211009,0
20100510,1.65,1.74,1.65,1.71,148041,0
20100511,1.7,1.8,1.68,1.77,195068,0
20100512,1.75,1.84,1.75,1.84,90695,0
20100513,1.85,1.85,1.77,1.85,78059,0
20100514,1.85,1.85,1.7,1.79,75855,0
20100517,1.76,1.76,1.57,1.62,392700,0
20100518,1.65,1.65,1.39,1.44,515027,0
20100519,1.4,1.43,1.3,1.41,310073,0
20100520,1.34,1.4,1.31,1.33,139571,0
20100521,1.3,1.39,1.18,1.24,701277,0
20100524,1.2,1.43,1.2,1.38,347825,0
20100525,1.26,1.41,1.26,1.41,174130,0
20100526,1.38,1.54,1.38,1.5,242718,0
20100527,1.59,1.61,1.53,1.55,178737,0
20100528,1.57,1.6,1.52,1.57,145421,0
20100601,1.58,1.6,1.5,1.54,99442,0
20100602,1.54,1.61,1.54,1.59,26480,0
20100603,1.61,1.71,1.55,1.63,130162,0
20100604,1.63,1.64,1.47,1.5,117848,0
20100607,1.54,1.54,1.38,1.46,121399,0
20100608,1.46,1.46,1.41,1.42,88662,0
20100609,1.42,1.51,1.42,1.45,86381,0
20100610,1.49,1.55,1.47,1.48,45456,0
20100611,1.5,1.56,1.46,1.53,32066,0
20100614,1.59,1.59,1.51,1.55,44079,0
20100615,1.52,1.57,1.52,1.52,42802,0
20100616,1.51,1.58,1.45,1.51,56716,0
20100617,1.51,1.57,1.45,1.47,44840,0
20100618,1.46,1.52,1.45,1.47,46214,0
20100621,1.49,1.56,1.48,1.48,71221,0
20100622,1.56,1.7,1.54,1.56,242473,0
20100623,1.64,1.64,1.48,1.6,102619,0
20100624,1.56,1.56,1.5,1.51,58257,0
20100625,1.51,1.57,1.5,1.53,37364,0
20100628,1.51,1.53,1.26,1.26,242389,0
20100629,1.35,1.35,1.18,1.22,324093,0
20100630,1.22,1.27,1.21,1.21,61745,0
20100701,1.21,1.21,1.11,1.13,118015,0
20100702,1.15,1.2,1.15,1.17,94992,0
20100706,1.24,1.24,1.2,1.21,108385,0
20100707,1.22,1.26,1.22,1.25,88382,0
20100708,1.25,1.25,1.22,1.22,17645,0
20100709,1.3,1.3,1.25,1.27,49667,0
20100712,1.28,1.35,1.26,1.3,103450,0
20100713,1.33,1.33,1.29,1.29,39936,0
20100714,1.34,1.34,1.26,1.31,100266,0
20100715,1.37,1.37,1.28,1.31,32985,0
20100716,1.26,1.36,1.26,1.27,68204,0
20100719,1.25,1.28,1.2,1.21,67955,0
20100720,1.21,1.25,1.17,1.21,54684,0
20100721,1.21,1.24,1.16,1.16,68516,0
20100722,1.18,1.25,1.16,1.22,102441,0
20100723,1.34,1.34,1.25,1.3,77160,0
20100726,1.3,1.34,1.29,1.34,129031,0
20100727,1.39,1.59,1.39,1.56,452405,0
20100728,1.55,1.59,1.51,1.55,125874,0
20100729,1.53,1.61,1.48,1.48,92320,0
20100730,1.45,1.47,1.41,1.45,94890,0
20100802,1.39,1.42,1.37,1.39,61054,0
20100803,1.43,1.5,1.38,1.45,53072,0
20100804,1.46,1.53,1.42,1.52,79325,0
20100805,1.5,1.79,1.46,1.69,565308,0
20100806,1.74,1.83,1.67,1.72,594205,0
20100809,1.74,1.81,1.62,1.72,182278,0
20100810,1.7,1.74,1.65,1.66,59059,0
20100811,1.61,1.64,1.41,1.43,243375,0
20100812,1.46,1.55,1.4,1.5,109521,0
20100813,1.55,1.55,1.49,1.54,72786,0
20100816,1.65,1.65,1.56,1.62,158930,0
20100817,1.73,1.74,1.65,1.69,225537,0
20100818,1.72,1.72,1.6,1.63,43831,0
20100819,1.59,1.61,1.59,1.59,43959,0
20100820,1.58,1.58,1.5,1.52,100654,0
20100823,1.52,1.52,1.46,1.46,45152,0
20100824,1.45,1.5,1.41,1.45,225472,0
20100825,1.42,1.45,1.41,1.45,52545,0
20100826,1.4,1.45,1.4,1.4,36921,0
20100827,1.42,1.44,1.4,1.41,58134,0
20100830,1.41,1.52,1.41,1.52,54885,0
20100831,1.5,1.52,1.48,1.52,142755,0
20100901,1.58,1.58,1.53,1.55,52535,0
20100902,1.58,1.6,1.56,1.58,41575,0
20100903,1.6,1.63,1.58,1.62,81141,0
20100907,1.63,1.63,1.5,1.6,92141,0
20100908,1.6,1.6,1.55,1.6,75695,0
20100909,1.6,1.6,1.5,1.51,37426,0
20100910,1.52,1.55,1.41,1.42,87936,0
20100913,1.45,1.6,1.45,1.51,116815,0
20100914,1.54,1.55,1.5,1.5,21351,0
20100915,1.5,1.57,1.5,1.52,26890,0
20100916,1.53,1.57,1.52,1.53,24806,0
20100917,1.54,1.56,1.5,1.5,44594,0
20100920,1.5,1.53,1.45,1.5,60211,0
20100921,1.45,1.5,1.44,1.45,99500,0
20100922,1.49,1.55,1.45,1.55,64057,0
20100923,1.55,1.55,1.47,1.51,61432,0
20100924,1.51,1.52,1.46,1.48,31662,0
20100927,1.46,1.47,1.4,1.42,124961,0
20100928,1.41,1.45,1.37,1.45,56431,0
20100929,1.4,1.42,1.37,1.38,39207,0
20100930,1.38,1.44,1.38,1.43,35344,0
20101001,1.44,1.47,1.42,1.44,27730,0
20101004,1.43,1.44,1.43,1.43,9575,0
20101005,1.42,1.42,1.38,1.38,90234,0
20101006,1.37,1.39,1.33,1.38,95422,0
20101007,1.39,1.47,1.38,1.44,93507,0
20101008,1.44,1.69,1.43,1.67,759221,0
20101011,1.74,1.97,1.6,1.83,549805,0
20101012,1.84,1.86,1.7,1.76,191216,0
20101013,1.98,2,1.85,1.9,409130,0
20101014,1.86,2.04,1.85,1.94,360764,0
20101015,1.95,1.99,1.85,1.9,95797,0
20101018,1.87,1.87,1.7,1.74,183459,0
20101019,1.72,1.79,1.69,1.72,124646,0
20101020,1.75,1.8,1.7,1.72,92054,0
20101021,1.69,1.8,1.66,1.73,95138,0
20101022,1.76,1.82,1.73,1.77,99527,0
20101025,1.77,1.84,1.75,1.75,87738,0
20101026,1.77,1.84,1.75,1.77,71279,0
20101027,1.81,1.87,1.81,1.86,65228,0
20101028,1.91,2.07,1.84,1.93,324904,0
20101029,1.96,1.98,1.92,1.92,69254,0
20101101,1.92,1.95,1.86,1.86,63911,0
20101102,1.87,1.87,1.77,1.8,80861,0
20101103,1.79,1.83,1.77,1.81,117110,0
20101104,1.91,1.94,1.85,1.9,106799,0
20101105,1.96,1.96,1.86,1.89,96611,0
20101108,1.89,1.89,1.78,1.84,101746,0
20101109,1.84,1.88,1.81,1.81,94254,0
20101110,1.76,1.81,1.75,1.8,85567,0
20101111,1.8,1.8,1.7,1.75,100870,0
20101112,1.68,1.71,1.65,1.65,83528,0
20101115,1.67,1.71,1.67,1.68,30878,0
20101116,1.69,1.7,1.52,1.52,189747,0
20101117,1.55,1.62,1.53,1.57,38612,0
20101118,1.57,1.57,1.48,1.48,138593,0
20101119,1.5,1.51,1.45,1.5,68275,0
20101122,1.54,1.59,1.52,1.57,90508,0
20101123,1.55,1.55,1.5,1.51,32179,0
20101124,1.56,1.59,1.51,1.52,30912,0
20101126,1.5,1.5,1.47,1.47,68778,0
20101129,1.5,1.5,1.4,1.41,154913,0
20101130,1.4,1.42,1.4,1.4,69630,0
20101201,1.42,1.54,1.42,1.53,109343,0
20101202,1.59,1.59,1.56,1.56,55895,0
20101203,1.57,1.57,1.55,1.55,18130,0
20101206,1.56,1.56,1.47,1.49,39026,0
20101207,1.49,1.52,1.41,1.43,130557,0
20101208,1.44,1.52,1.44,1.52,58550,0
20101209,1.51,1.51,1.44,1.45,34296,0
20101210,1.45,1.45,1.44,1.44,32902,0
20101213,1.5,1.51,1.46,1.51,80278,0
20101214,1.51,1.52,1.45,1.46,114715,0
20101215,1.45,1.49,1.44,1.45,39064,0
20101216,1.45,1.48,1.45,1.45,41347,0
20101217,1.44,1.48,1.44,1.44,59356,0
20101220,1.45,1.48,1.45,1.45,49741,0
20101221,1.51,1.51,1.48,1.5,134767,0
20101222,1.5,1.5,1.45,1.47,84881,0
20101223,1.51,1.58,1.49,1.51,209461,0
20101227,1.53,1.57,1.52,1.52,64739,0
20101228,1.52,1.9,1.52,1.85,755846,0
20101229,1.81,1.97,1.78,1.91,484006,0
20101230,1.88,1.95,1.8,1.9,339281,0
20101231,1.9,1.96,1.9,1.92,130829,0
20110103,1.92,2.08,1.83,2.03,252873,0
20110104,2.06,2.12,1.99,1.99,240689,0
20110105,1.96,2.03,1.9,1.94,143567,0
20110106,1.95,1.98,1.9,1.96,116835,0
20110107,1.94,1.96,1.92,1.95,67614,0
20110110,1.9,1.95,1.88,1.89,82087,0
20110111,1.9,1.9,1.8,1.8,98602,0
20110112,1.89,1.9,1.81,1.81,96413,0
20110113,1.83,2.01,1.82,1.99,322707,0
20110114,1.98,2.03,1.89,1.95,201221,0
20110118,1.9,1.92,1.83,1.85,233365,0
20110119,1.83,1.9,1.76,1.77,137804,0
20110120,1.75,1.79,1.72,1.74,81592,0
20110121,1.74,1.75,1.71,1.74,69306,0
20110124,1.91,1.98,1.87,1.93,175028,0
20110125,2.01,2.03,1.91,1.95,87903,0
20110126,1.97,2,1.87,1.94,55524,0
20110127,1.92,1.97,1.91,1.93,22744,0
20110128,1.93,1.96,1.89,1.93,70587,0
20110131,1.91,1.92,1.85,1.85,60827,0
20110201,1.87,1.89,1.79,1.8,74821,0
20110202,1.8,1.82,1.76,1.8,26977,0
20110203,1.77,1.82,1.77,1.79,34933,0
20110204,1.8,1.82,1.76,1.8,109840,0
20110207,1.79,1.82,1.73,1.75,75179,0
20110208,1.75,1.76,1.68,1.7,79728,0
20110209,1.71,1.77,1.7,1.75,64298,0
20110210,1.71,1.77,1.71,1.74,23663,0
20110211,1.75,1.81,1.75,1.8,51105,0
20110214,1.75,1.8,1.72,1.76,29181,0
20110215,1.79,1.85,1.72,1.78,68142,0
20110216,1.8,1.83,1.75,1.77,44694,0
20110218,1.76,1.76,1.69,1.69,90656,0
20110222,1.71,1.76,1.6,1.6,76201,0
20110223,1.65,1.65,1.6,1.62,63067,0
20110224,1.61,1.65,1.6,1.6,33808,0
20110225,1.6,1.63,1.59,1.61,25147,0
20110228,1.63,1.69,1.53,1.61,122126,0
20110301,1.6,1.61,1.53,1.54,52520,0
20110302,1.56,1.59,1.52,1.59,85309,0
20110303,1.62,1.62,1.53,1.55,68666,0
20110304,2.1,2.1,1.51,1.54,52242,0
20110307,1.56,1.57,1.52,1.52,30011,0
20110308,1.52,1.53,1.5,1.51,41715,0
20110309,1.52,1.54,1.51,1.52,16215,0
20110310,1.52,1.52,1.43,1.48,87515,0
20110311,1.47,1.47,1.43,1.46,57568,0
20110314,1.44,1.45,1.43,1.43,13859,0
20110315,1.41,1.42,1.39,1.4,47018,0
20110316,1.4,1.4,1.26,1.29,130543,0
20110317,1.33,1.39,1.29,1.35,49618,0
20110318,1.35,1.44,1.34,1.43,43125,0
20110321,1.45,1.48,1.44,1.45,15810,0
20110322,1.47,1.47,1.45,1.46,5999,0
20110323,1.45,1.46,1.39,1.42,39787,0
20110324,1.39,1.45,1.39,1.43,23059,0
20110325,1.43,1.51,1.42,1.51,35027,0
20110328,1.47,1.58,1.45,1.45,31880,0
20110329,1.48,1.59,1.46,1.47,15320,0
20110330,1.54,1.54,1.48,1.48,27829,0
20110331,1.48,1.48,1.41,1.41,35748,0
20110401,1.41,1.43,1.4,1.41,9106,0
20110404,1.42,1.45,1.41,1.44,36762,0
20110405,1.4,1.44,1.4,1.44,16737,0
20110406,1.46,1.53,1.44,1.49,36636,0
20110407,1.48,1.51,1.48,1.51,8603,0
20110408,1.57,1.57,1.45,1.45,28568,0
20110411,1.48,1.51,1.38,1.39,70172,0
20110412,1.37,1.41,1.35,1.35,43389,0
20110413,1.37,1.4,1.33,1.33,32407,0
20110414,1.35,1.38,1.32,1.37,52782,0
20110415,1.4,1.4,1.33,1.33,68112,0
20110418,1.3,1.33,1.29,1.32,38988,0
20110419,1.32,1.32,1.21,1.22,206191,0
20110420,1.25,1.28,1.18,1.24,195614,0
20110421,1.25,1.32,1.22,1.32,205702,0
20110425,1.34,1.35,1.28,1.3,38799,0
20110426,1.27,1.3,1.21,1.22,91065,0
20110427,1.23,1.25,1.22,1.24,46444,0
20110428,1.25,1.28,1.22,1.22,18078,0
20110429,1.23,1.26,1.21,1.21,28564,0
20110502,1.21,1.24,1.21,1.22,20623,0
20110503,1.23,1.25,1.2,1.2,16347,0
20110504,1.21,1.28,1.2,1.21,53713,0
20110505,1.2,1.26,1.2,1.24,46859,0
20110506,1.25,1.29,1.23,1.23,19210,0
20110509,1.25,1.31,1.24,1.31,36857,0
20110510,1.35,1.37,1.32,1.36,103578,0
20110511,1.38,1.38,1.3,1.32,15325,0
20110512,1.31,1.32,1.27,1.27,29368,0
20110513,1.3,1.35,1.22,1.35,80252,0
20110516,1.35,1.35,1.3,1.3,25850,0
20110517,1.3,1.31,1.26,1.3,151159,0
20110518,1.27,1.31,1.26,1.3,237215,0
20110519,1.3,1.32,1.24,1.31,98467,0
20110520,1.3,1.31,1.26,1.3,156086,0
20110523,1.3,1.31,1.29,1.3,72753,0
20110524,1.3,1.31,1.28,1.29,19970,0
20110525,1.3,1.31,1.22,1.29,145830,0
20110526,1.3,1.34,1.27,1.33,252534,0
20110527,1.32,1.34,1.28,1.3,86660,0
20110531,1.33,1.33,1.28,1.3,69388,0
20110601,1.28,1.32,1.25,1.32,213025,0
20110602,1.3,1.33,1.27,1.3,70827,0
20110603,1.3,1.31,1.3,1.31,9146,0
20110606,1.35,1.35,1.28,1.3,29239,0
20110607,1.3,1.34,1.28,1.28,10094,0
20110608,1.31,1.31,1.15,1.15,88501,0
20110609,1.15,1.2,1.15,1.17,69717,0
20110610,1.2,1.2,1.14,1.14,28325,0
20110613,1.15,1.17,1.05,1.07,139636,0
20110614,1.01,1.09,1.01,1.06,114439,0
20110615,0.98,1.11,0.98,1.06,61442,0
20110616,1.05,1.06,1.02,1.03,21590,0
20110617,1.03,1.04,1.02,1.02,9224,0
20110620,1.03,1.06,0.91,0.91,87756,0
20110621,0.91,0.99,0.91,0.92,34907,0
20110622,0.91,0.91,0.86,0.88,132288,0
20110623,0.88,0.94,0.87,0.94,30520,0
20110624,0.93,0.95,0.93,0.93,23552,0
20110627,0.9,0.95,0.9,0.93,19361,0
20110628,0.92,0.94,0.91,0.91,25687,0
20110629,0.91,0.97,0.91,0.97,14477,0
20110630,0.96,1.02,0.96,1,40173,0
20110701,1,1,0.96,0.99,24656,0
20110705,0.96,0.98,0.92,0.94,20238,0
20110706,0.92,0.94,0.9,0.93,37122,0
20110707,0.93,0.94,0.92,0.93,40364,0
20110708,0.93,0.94,0.91,0.93,18400,0
20110711,0.93,0.93,0.9,0.92,23229,0
20110712,0.89,0.94,0.89,0.91,18659,0
20110713,0.9,0.91,0.88,0.88,32904,0
20110714,0.9,0.91,0.89,0.9,10010,0
20110715,0.91,0.92,0.85,0.87,200866,0
20110718,0.87,0.89,0.85,0.86,85607,0
20110719,0.87,0.93,0.85,0.89,355711,0
20110720,0.87,0.92,0.87,0.9,297194,0
20110721,0.99,1.24,0.9,1.17,1993009,0
20110722,1.58,1.58,1.07,1.09,3435664,0
20110725,1.12,1.23,1.07,1.09,574283,0
20110726,1.16,1.16,0.97,1,424648,0
20110727,1,1,0.92,0.96,288118,0
20110728,0.96,1,0.96,0.98,78264,0
20110729,0.97,0.98,0.95,0.95,151549,0
20110801,0.98,1.07,0.91,0.91,404154,0
20110802,0.91,0.93,0.9,0.92,145279,0
20110803,0.93,0.93,0.87,0.89,111881,0
20110804,0.89,0.9,0.78,0.78,221732,0
20110805,0.77,0.9,0.73,0.76,128958,0
20110808,0.82,0.82,0.63,0.64,230387,0
20110809,0.65,0.72,0.64,0.65,571781,0
20110810,0.65,0.72,0.64,0.65,477294,0
20110811,0.65,0.79,0.65,0.77,700455,0
20110812,0.74,0.8,0.7,0.7,778724,0
20110815,0.7,0.74,0.69,0.71,226849,0
20110816,0.7,0.73,0.7,0.7,53390,0
20110817,0.71,0.74,0.69,0.73,32400,0
20110818,0.72,0.72,0.67,0.68,43922,0
20110819,0.68,0.7,0.65,0.68,24533,0
20110822,0.65,0.69,0.65,0.69,106760,0
20110823,0.7,0.77,0.7,0.76,154177,0
20110824,0.83,0.98,0.83,0.96,259944,0
20110825,0.97,1.09,0.97,0.99,358786,0
20110826,1.01,1.04,0.97,1.02,143136,0
20110829,1.03,1.12,1.03,1.1,171556,0
20110830,1.1,1.2,1.07,1.16,275642,0
20110831,1.19,1.25,1.17,1.21,197489,0
20110901,1.23,1.39,1.23,1.37,529573,0
20110902,1.44,1.56,1.4,1.49,1038024,0
20110906,1.68,1.89,1.65,1.81,2334117,0
20110907,1.9,1.93,1.61,1.7,1250811,0
20110908,1.75,1.85,1.67,1.73,551695,0
20110909,1.76,1.78,1.64,1.75,450701,0
20110912,1.72,1.73,1.55,1.65,596145,0
20110913,1.65,1.75,1.62,1.66,222311,0
20110914,1.61,1.65,1.57,1.6,137142,0
20110915,1.63,1.63,1.5,1.51,498115,0
20110916,1.56,1.61,1.51,1.58,178021,0
20110919,1.62,1.65,1.52,1.58,122875,0
20110920,1.6,1.6,1.51,1.52,125994,0
20110921,1.5,1.53,1.49,1.49,309667,0
20110922,1.5,1.51,1.27,1.29,346879,0
20110923,1.27,1.51,1.03,1.08,523820,0
20110926,1.1,1.24,1.08,1.2,205690,0
20110927,1.35,1.44,1.3,1.36,428083,0
20110928,1.37,1.43,1.26,1.26,127595,0
20110929,1.26,1.33,1.24,1.28,47312,0
20110930,1.26,1.26,1.21,1.25,132741,0
20111003,1.2,1.23,1.04,1.07,161479,0
20111004,1.04,1.17,1,1.14,269925,0
20111005,1.11,1.14,1.09,1.11,76351,0
20111006,1.09,1.13,1.05,1.1,86451,0
20111007,1.15,1.16,1.08,1.08,35715,0
20111010,1.06,1.11,1.06,1.09,19144,0
20111011,1.07,1.11,1.07,1.11,38055,0
20111012,1.11,1.19,1.09,1.16,78778,0
20111013,1.17,1.35,1.15,1.29,138283,0
20111014,1.26,1.45,1.25,1.38,125514,0
20111017,1.42,1.48,1.3,1.35,165060,0
20111018,1.33,1.4,1.33,1.34,59866,0
20111019,1.4,1.4,1.18,1.33,187222,0
20111020,1.3,1.3,1.18,1.21,108234,0
20111021,1.2,1.26,1.13,1.17,135207,0
20111024,1.15,1.18,1.08,1.13,99009,0
20111025,1.14,1.2,1.14,1.17,12844,0
20111026,1.17,1.18,1.07,1.09,89296,0
20111027,1.14,1.17,1.11,1.17,197316,0
20111028,1.15,1.22,1.07,1.08,106828,0
20111031,1.05,1.34,1.05,1.3,259352,0
20111101,1.29,1.31,1.22,1.29,88827,0
20111102,1.28,1.28,1.19,1.21,25789,0
20111103,1.18,1.32,1.15,1.26,151422,0
20111104,1.27,1.27,1.19,1.2,109509,0
20111107,1.2,1.24,1.19,1.2,59598,0
20111108,1.26,1.38,1.25,1.35,213326,0
20111109,1.28,1.28,1.15,1.22,133506,0
20111110,1.25,1.28,1.25,1.25,16701,0
20111111,1.28,1.28,1.16,1.2,93527,0
20111114,1.17,1.2,1.15,1.16,28995,0
20111115,1.15,1.22,1.15,1.18,29541,0
20111116,1.17,1.2,1.16,1.16,54518,0
20111117,1.16,1.19,1.07,1.1,141652,0
20111118,1.11,1.17,1.11,1.12,33150,0
20111121,1.11,1.11,1.1,1.1,80926,0
20111122,1.1,1.11,1.09,1.1,30165,0
20111123,1.1,1.11,1.07,1.08,30682,0
20111125,1.1,1.1,1.1,1.1,560,0
20111128,1.12,1.13,1.07,1.08,37924,0
20111129,1.08,1.12,1.07,1.07,92622,0
20111130,1.09,1.09,1.02,1.06,65776,0
20111201,1.05,1.05,0.99,1.01,49268,0
20111202,1.01,1.06,1.01,1.05,55565,0
20111205,1.01,1.04,1.01,1.01,79198,0
20111206,1,1.02,0.99,0.99,41634,0
20111207,0.99,1.01,0.99,0.99,24995,0
20111208,1,1,0.98,0.99,47186,0
20111209,0.99,0.99,0.88,0.9,82636,0
20111212,0.9,0.91,0.78,0.78,151531,0
20111213,0.8,1.05,0.8,1.03,213426,0
20111214,1.09,1.19,1.01,1.07,222476,0
20111215,1.07,1.15,1.06,1.06,92158,0
20111216,1.07,1.45,1.04,1.35,1269458,0
20111219,1.23,1.35,1.23,1.26,239718,0
20111220,1.24,1.25,1.12,1.12,202404,0
20111221,1.1,1.16,1.1,1.13,43933,0
20111222,1.13,1.13,1.1,1.11,41662,0
20111223,1.13,1.13,1.04,1.05,84666,0
20111227,1.02,1.09,1,1.05,46892,0
20111228,1.08,1.08,1.01,1.01,82400,0
20111229,1.01,1.06,0.95,0.95,136632,0
20111230,0.97,1.04,0.97,1.04,109967,0
20120103,1.06,1.16,1.05,1.13,62923,0
20120104,1.14,1.22,1.14,1.17,42947,0
20120105,1.15,1.17,1.13,1.14,41100,0
20120106,1.12,1.19,1.12,1.17,36930,0
20120109,1.2,1.2,1.12,1.14,50850,0
20120110,1.13,1.16,1.12,1.13,30224,0
20120111,1.14,1.17,1.12,1.13,48649,0
20120112,1.1,1.13,1.08,1.09,69119,0
20120113,1.09,1.12,1.06,1.12,39323,0
20120117,1.08,1.1,1.06,1.08,36618,0
20120118,1.09,1.16,1.09,1.11,37231,0
20120119,1.12,1.13,1.1,1.13,57325,0
20120120,1.13,1.13,1.07,1.12,70200,0
20120123,1.02,1.08,1.01,1.04,133815,0
20120124,1.01,1.08,1.01,1.06,183255,0
20120125,1.05,1.06,1,1.03,58438,0
20120126,1.02,1.07,1.02,1.02,56679,0
20120127,1.02,1.05,1.02,1.04,25390,0
20120130,1,1.05,1,1.05,26003,0
20120131,1.02,1.04,0.99,1,135316,0
20120201,1.02,1.03,1,1.02,33105,0
20120202,1.02,1.04,0.99,1.01,173929,0
20120203,1.05,1.05,0.99,1.04,46437,0
20120206,1.01,1.04,1.01,1.01,50150,0
20120207,1.01,1.04,1,1.03,91590,0
20120208,1.02,1.03,1,1.01,73358,0
20120209,1.03,1.08,1.02,1.05,153095,0
20120210,1.04,1.04,1,1.01,44982,0
20120213,1.02,1.05,1.02,1.04,24421,0
20120214,1.03,1.04,1.01,1.02,37162,0
20120215,1.02,1.03,1,1.03,65669,0
20120216,1.07,1.07,1.03,1.04,40846,0
20120217,1.04,1.1,1.01,1.1,100082,0
20120221,1.1,1.56,1.09,1.41,800197,0
20120222,1.38,1.38,1.15,1.2,676645,0
20120223,1.22,1.24,1.11,1.12,200091,0
20120224,1.12,1.18,1.11,1.13,119674,0
20120227,1.16,1.2,1.13,1.15,154706,0
20120228,1.16,1.24,1.16,1.18,212200,0
20120229,1.19,1.2,1.16,1.18,109668,0
20120301,1.17,1.17,1.14,1.14,91851,0
20120302,1.2,1.2,1.14,1.16,105035,0
20120305,1.18,1.18,1.07,1.12,157118,0
20120306,1.13,1.13,1.06,1.1,74867,0
20120307,1.12,1.12,1.06,1.07,47951,0
20120308,1.17,1.17,1.07,1.12,94746,0
20120309,1.12,1.12,1.07,1.09,31712,0
20120312,1.11,1.15,1.1,1.13,78556,0
20120313,1.14,1.17,1.12,1.12,12000,0
20120314,1.12,1.17,1.1,1.12,71452,0
20120315,1.13,1.14,1.1,1.11,32040,0
20120316,1.13,1.15,1.01,1.1,180846,0
20120319,1.1,1.15,1.09,1.12,51519,0
20120320,1.1,1.15,1.08,1.15,105265,0
20120321,1.14,1.35,1.12,1.2,827883,0
20120322,1.2,1.2,1.11,1.15,114319,0
20120323,1.13,1.15,1.11,1.15,13894,0
20120326,1.11,1.14,1.07,1.07,266636,0
20120327,1.14,1.15,1.06,1.15,135371,0
20120328,1.16,1.16,1.12,1.14,48010,0
20120329,1.14,1.14,1.11,1.11,30361,0
20120330,1.11,1.12,1.1,1.1,21868,0
20120402,1.11,1.13,1.08,1.08,13317,0
20120403,1.08,1.09,1.06,1.07,35317,0
20120404,1.06,1.1,1.04,1.05,119917,0
20120405,1.05,1.13,1.04,1.1,49846,0
20120409,1.14,1.18,1.12,1.18,168397,0
20120410,1.16,1.16,1.1,1.11,57265,0
20120411,1.14,1.14,1.1,1.11,20484,0
20120412,1.11,1.16,1.11,1.11,11090,0
20120413,1.11,1.14,1.1,1.12,29841,0
20120416,1.1,1.13,1.09,1.11,74185,0
20120417,1.12,1.15,1.11,1.15,14526,0
20120418,1.15,1.2,1.14,1.14,182930,0
20120419,1.15,1.15,1.11,1.15,75253,0
20120420,1.14,1.17,1.12,1.15,27498,0
20120423,1.14,1.16,1.11,1.14,53877,0
20120424,1.14,1.16,1.12,1.12,81108,0
20120425,1.12,1.14,1.1,1.13,68222,0
20120426,1.13,1.13,1.1,1.12,59358,0
20120427,1.1,1.15,1.1,1.14,35808,0
20120430,1.14,1.14,1.11,1.14,36267,0
20120501,1.13,1.16,1.12,1.14,37436,0
20120502,1.15,1.15,1.11,1.12,66720,0
20120503,1.12,1.13,1.11,1.11,52700,0
20120504,1.11,1.14,1.1,1.14,21539,0
20120507,1.14,1.14,1.07,1.1,65093,0
20120508,1.1,1.12,1.05,1.08,118034,0
20120509,1.07,1.08,1.07,1.07,40655,0
20120510,1.09,1.11,1.07,1.11,31645,0
20120511,1.09,1.09,1.08,1.09,6364,0
20120514,1.09,1.09,1.03,1.04,43295,0
20120515,1.05,1.07,1.02,1.02,124604,0
20120516,1.02,1.05,1.02,1.03,24630,0
20120517,1.03,1.05,1.01,1.01,44555,0
20120518,1.01,1.01,0.8,0.98,84472,0
20120521,0.98,1.08,0.85,1.07,129427,0
20120522,1.05,1.09,1.04,1.08,31736,0
20120523,1.07,1.07,1.03,1.05,61274,0
20120524,1.05,1.08,1.04,1.07,107627,0
20120525,1.04,1.07,1.04,1.07,29482,0
20120529,1.05,1.07,1.01,1.07,50542,0
20120530,1.04,1.09,1.04,1.09,53574,0
20120531,1.06,1.09,1.06,1.06,10082,0
20120601,1.06,1.07,1.05,1.06,34024,0
20120604,1.05,1.09,1.05,1.05,47659,0
20120605,1.07,1.08,1.05,1.06,16007,0
20120606,1.05,1.08,1.05,1.06,30676,0
20120607,1.08,1.08,1.05,1.05,9096,0
20120608,1.05,1.05,1.03,1.04,26306,0
20120611,1.03,1.08,1,1,74106,0
20120612,1.01,1.03,0.99,1.02,73213,0
20120613,1.02,1.02,1.01,1.01,7500,0
20120614,1,1.03,0.9,0.92,69373,0
20120615,0.93,1,0.93,0.94,75329,0
20120618,0.99,1.02,0.91,0.93,25445,0
20120619,1,1,0.92,0.98,28100,0
20120620,0.98,1,0.98,0.99,11738,0
20120621,0.98,1,0.95,0.95,20306,0
20120622,0.96,1.02,0.96,1.02,42740,0
20120625,1.01,1.04,1.01,1.02,24330,0
20120626,1,1.02,0.98,1,6627,0
20120627,0.97,1.02,0.97,1.02,4870,0
20120628,0.99,1.02,0.95,1.01,58335,0
20120629,1.01,1.02,0.99,1.02,39124,0
20120702,1.02,1.02,1,1,61965,0
20120703,1,1.01,0.98,0.98,4992,0
20120705,0.95,0.97,0.95,0.96,11398,0
20120706,0.95,0.97,0.92,0.94,32332,0
20120709,0.9,0.94,0.9,0.92,20232,0
20120710,0.91,0.98,0.91,0.92,20131,0
20120711,0.93,0.93,0.91,0.93,8800,0
20120712,0.91,0.92,0.89,0.9,24006,0
20120713,0.9,0.9,0.86,0.87,31287,0
20120716,0.88,0.88,0.84,0.85,42900,0
20120717,0.82,0.85,0.81,0.81,29274,0
20120718,0.81,0.82,0.8,0.82,65711,0
20120719,0.8,0.9,0.8,0.86,68230,0
20120720,0.93,0.93,0.89,0.9,32225,0
20120723,0.89,0.9,0.89,0.9,1300,0
20120724,0.91,0.95,0.89,0.93,19134,0
20120725,0.94,0.94,0.92,0.94,28300,0
20120726,0.94,0.95,0.93,0.95,41670,0
20120727,0.93,0.94,0.93,0.93,16230,0
20120730,0.88,0.88,0.83,0.86,15255,0
20120731,0.85,0.87,0.84,0.86,6200,0
20120801,0.86,0.87,0.83,0.83,4200,0
20120802,0.83,0.91,0.83,0.87,103800,0
20120803,0.88,0.91,0.87,0.87,5300,0
20120806,0.88,0.88,0.85,0.87,5240,0
20120807,0.86,0.95,0.85,0.94,16061,0
20120808,0.94,0.95,0.89,0.89,4428,0
20120809,0.89,0.9,0.89,0.89,2193,0
20120810,0.86,0.88,0.86,0.86,8825,0
20120813,0.86,0.91,0.81,0.89,26538,0
20120814,0.89,0.89,0.85,0.88,6508,0
20120815,0.89,0.9,0.88,0.9,13000,0
20120816,0.89,0.89,0.87,0.88,3801,0
20120817,0.87,0.91,0.87,0.91,5946,0
20120820,0.91,0.91,0.87,0.87,7149,0
20120821,0.86,0.9,0.85,0.89,10377,0
20120822,0.9,0.91,0.89,0.89,19856,0
20120823,0.9,0.9,0.86,0.86,10550,0
20120824,0.9,0.91,0.87,0.89,4800,0
20120827,0.89,0.91,0.88,0.88,40754,0
20120828,0.91,0.91,0.88,0.88,11053,0
20120829,0.86,0.89,0.83,0.87,16047,0
20120830,0.85,0.87,0.8,0.85,55507,0
20120831,0.87,0.87,0.83,0.85,9788,0
20120904,0.85,0.85,0.82,0.82,31641,0
20120905,0.82,0.85,0.81,0.81,38246,0
20120906,0.81,0.83,0.81,0.82,24625,0
20120907,0.81,0.85,0.81,0.84,20192,0
20120910,0.83,0.87,0.81,0.82,83260,0
20120911,0.82,0.84,0.78,0.78,162198,0
20120912,0.79,0.79,0.76,0.78,119658,0
20120913,0.71,0.77,0.68,0.73,176096,0
20120914,0.76,0.79,0.72,0.74,40015,0
20120917,0.73,0.79,0.71,0.73,38000,0
20120918,0.75,0.77,0.73,0.75,44315,0
20120919,0.73,0.73,0.71,0.73,120958,0
20120920,0.71,0.79,0.71,0.72,31749,0
20120921,0.75,0.75,0.71,0.74,38400,0
20120924,0.72,0.73,0.7,0.7,77778,0
20120925,0.72,0.79,0.7,0.72,65023,0
20120926,0.74,0.75,0.72,0.73,14984,0
20120927,0.74,0.76,0.73,0.74,65971,0
20120928,0.76,0.76,0.74,0.74,78326,0
20121001,0.75,0.78,0.75,0.78,27965,0
20121002,0.76,0.76,0.75,0.75,8163,0
20121003,0.74,0.75,0.74,0.75,29826,0
20121004,0.74,0.77,0.74,0.77,21230,0
20121005,0.76,0.79,0.76,0.79,78912,0
20121008,0.77,0.77,0.73,0.77,11120,0
20121009,0.78,0.84,0.78,0.82,138618,0
20121010,0.87,0.87,0.74,0.82,61644,0
20121011,0.8,0.8,0.79,0.8,66900,0
20121012,0.81,0.81,0.78,0.78,10815,0
20121015,0.79,0.8,0.78,0.78,30775,0
20121016,0.77,0.79,0.77,0.78,15215,0
20121017,0.77,0.78,0.75,0.76,28415,0
20121018,0.76,0.78,0.74,0.78,31855,0
20121019,0.77,0.77,0.75,0.77,16325,0
20121022,0.77,0.82,0.74,0.82,41410,0
20121023,0.8,0.95,0.75,0.83,154207,0
20121024,0.9,0.97,0.86,0.96,143370,0
20121025,0.93,1,0.93,0.99,38700,0
20121026,0.95,1,0.91,1,108549,0
20121031,1,1.02,0.89,1.02,97101,0
20121101,1.02,1.02,0.93,1,53486,0
20121102,0.98,1.01,0.97,1,36975,0
20121105,0.86,1.01,0.86,1,62752,0
20121106,0.95,1,0.95,1,48556,0
20121107,1,1.03,0.96,0.97,82383,0
20121108,0.97,0.98,0.93,0.97,1966,0
20121109,0.98,0.98,0.92,0.93,28734,0
20121112,0.91,0.95,0.9,0.92,5530,0
20121113,0.91,0.91,0.85,0.88,26925,0
20121114,0.9,0.9,0.81,0.83,42241,0
20121115,0.83,0.9,0.79,0.86,45960,0
20121116,0.89,0.98,0.81,0.97,61400,0
20121119,0.99,0.99,0.92,0.99,23509,0
20121120,0.83,0.94,0.83,0.93,19846,0
20121121,0.93,0.93,0.88,0.93,8830,0
20121123,0.93,0.93,0.84,0.86,3669,0
20121126,0.86,0.87,0.79,0.84,41865,0
20121127,0.84,0.85,0.8,0.8,13649,0
20121128,0.8,0.9,0.8,0.86,26580,0
20121129,0.86,0.86,0.77,0.78,7726,0
20121130,0.85,0.85,0.76,0.81,100264,0
20121203,0.8,0.84,0.8,0.83,14596,0
20121204,0.81,0.86,0.81,0.86,20408,0
20121205,0.82,0.82,0.81,0.82,14725,0
20121206,0.8,0.8,0.79,0.8,10150,0
20121207,0.78,0.78,0.75,0.78,16925,0
20121210,0.76,0.78,0.74,0.78,86338,0
20121211,0.8,0.8,0.74,0.74,40438,0
20121212,0.75,0.79,0.75,0.79,51614,0
20121213,0.77,0.78,0.75,0.75,33679,0
20121214,0.73,0.77,0.73,0.76,52809,0
20121217,0.78,0.79,0.77,0.79,62278,0
20121218,0.8,0.8,0.77,0.77,29125,0
20121219,0.77,0.78,0.75,0.76,47894,0
20121220,0.72,0.79,0.72,0.78,63181,0
20121221,0.76,0.76,0.73,0.75,61058,0
20121224,0.72,0.75,0.72,0.73,4200,0
20121226,0.73,0.77,0.68,0.72,116952,0
20121227,0.65,0.76,0.65,0.73,67318,0
20121228,0.75,0.77,0.73,0.73,28985,0
20121231,0.71,0.73,0.66,0.69,95450,0
20130102,0.7,0.76,0.7,0.76,39872,0
20130103,0.75,0.79,0.74,0.77,31962,0
20130104,0.76,0.79,0.75,0.76,16980,0
20130107,0.75,0.75,0.7,0.72,33645,0
20130108,0.75,0.75,0.69,0.69,25799,0
20130109,0.71,0.74,0.7,0.7,25320,0
20130110,0.73,0.74,0.72,0.73,12550,0
20130111,0.72,0.75,0.72,0.73,17431,0
20130114,0.75,0.77,0.75,0.75,18195,0
20130115,0.75,0.77,0.75,0.75,12100,0
20130116,0.75,0.79,0.75,0.75,36140,0
20130117,0.77,0.79,0.75,0.76,22406,0
20130118,0.76,0.77,0.76,0.76,500,0
20130122,0.78,0.82,0.75,0.76,17163,0
20130123,0.78,0.8,0.76,0.8,12600,0
20130124,0.81,0.83,0.79,0.81,91020,0
20130125,0.83,0.83,0.8,0.83,103255,0
20130128,0.83,0.83,0.81,0.81,110265,0
20130129,0.81,0.83,0.81,0.82,47372,0
20130130,0.81,0.82,0.81,0.81,125260,0
20130131,0.82,0.82,0.75,0.77,52211,0
20130201,0.75,0.79,0.75,0.79,13998,0
20130204,0.78,0.79,0.75,0.77,5659,0
20130205,0.79,0.79,0.77,0.77,18282,0
20130206,0.76,0.79,0.73,0.75,53500,0
20130207,0.78,0.79,0.75,0.78,5425,0
20130208,0.75,0.78,0.75,0.77,23971,0
20130211,0.75,0.78,0.75,0.75,2531,0
20130212,0.76,0.79,0.74,0.74,20529,0
20130213,0.79,0.79,0.75,0.75,8017,0
20130214,0.76,0.78,0.74,0.76,102732,0
20130215,0.77,0.78,0.74,0.77,22280,0
20130219,0.76,0.77,0.76,0.77,2000,0
20130220,0.76,0.8,0.76,0.8,16916,0
20130221,0.77,0.78,0.77,0.77,32450,0
20130222,0.78,0.8,0.78,0.8,23589,0
20130225,0.77,0.77,0.77,0.77,300,0
20130226,0.77,0.77,0.74,0.76,33536,0
20130227,0.78,0.8,0.78,0.78,4600,0
20130228,0.93,0.99,0.73,0.77,87157,0
20130301,0.74,0.78,0.74,0.77,4488,0
20130304,0.73,0.76,0.71,0.72,16750,0
20130305,0.74,0.8,0.73,0.77,18139,0
20130306,0.72,0.76,0.72,0.75,17000,0
20130307,0.77,0.96,0.72,0.92,233667,0
20130308,0.92,1.14,0.91,1.14,690074,0
20130311,1.11,1.13,1.08,1.12,307155,0
20130312,1.11,1.11,1.06,1.08,155389,0
20130313,1.12,1.12,1.07,1.08,77600,0
20130314,1.07,1.11,1.02,1.1,374607,0
20130315,1.09,1.12,1.05,1.12,65764,0
20130318,1.07,1.09,1.02,1.09,118335,0
20130319,1.07,1.07,1.03,1.05,151937,0
20130320,1.04,1.09,1.03,1.09,216490,0
20130321,1.09,1.09,1.08,1.09,6600,0
20130322,1.09,1.09,1.03,1.09,25000,0
20130325,1.06,1.08,1.04,1.08,28800,0
20130326,1.08,1.08,1.04,1.08,36059,0
20130327,1.06,1.09,1.04,1.07,67048,0
20130328,1.08,1.1,1.03,1.1,69362,0
20130401,1.1,1.14,1.03,1.13,198537,0
20130402,1.12,1.12,1.06,1.11,141709,0
20130403,1.07,1.12,1.06,1.1,54105,0
20130404,1.08,1.11,1.07,1.07,9645,0
20130405,1.05,1.1,1.04,1.1,21182,0
20130408,1.08,1.11,1.06,1.06,13443,0
20130409,1.08,1.1,1.05,1.09,27754,0
20130410,1.07,1.09,1.06,1.09,42039,0
20130411,1.08,1.09,1.05,1.09,15660,0
20130412,1.09,1.09,1.05,1.05,25519,0
20130415,1.06,1.1,1.06,1.1,23559,0
20130416,1.04,1.1,1.04,1.1,34890,0
20130417,1.05,1.08,1.03,1.07,203660,0
20130418,1.07,1.07,1.04,1.07,33661,0
20130419,1.08,1.08,1.04,1.05,38578,0
20130422,1.05,1.08,1.05,1.08,13400,0
20130423,1.08,1.16,1.06,1.16,265918,0
20130424,1.15,1.25,1.15,1.2,333383,0
20130425,1.19,1.19,1.06,1.17,69351,0
20130426,1.13,1.19,1.13,1.18,16754,0
20130429,1.14,1.14,1.03,1.08,113224,0
20130430,1.04,1.12,1.04,1.06,43238,0
20130501,1.07,1.12,1.07,1.08,15891,0
20130502,1.07,1.11,1.06,1.11,21320,0
20130503,1.11,1.11,1.05,1.08,32570,0
20130506,1.07,1.09,1.07,1.08,26077,0
20130507,1.06,1.09,1.06,1.07,18700,0
20130508,1.08,1.11,1.06,1.11,26553,0
20130509,1.06,1.09,1.06,1.09,71692,0
20130510,1.08,1.08,1.06,1.06,9728,0
20130513,1.06,1.08,1.05,1.05,36840,0
20130514,1.06,1.09,1.05,1.09,38387,0
20130515,1.08,1.08,1.05,1.05,63087,0
20130516,1.05,1.05,1.03,1.05,38850,0
20130517,1.04,1.06,1.03,1.03,36144,0
20130520,1.04,1.05,1.03,1.03,12456,0
20130521,1.04,1.09,1.03,1.05,41468,0
20130522,1.06,1.08,1.05,1.08,38304,0
20130523,1.05,1.09,1.05,1.09,15497,0
20130524,1.06,1.08,1.05,1.06,29528,0
20130528,1.07,1.07,1.05,1.05,7080,0
20130529,1.06,1.07,1.05,1.06,22497,0
20130530,1.06,1.07,1.05,1.05,9853,0
20130531,1.06,1.07,1.05,1.05,10097,0
20130603,1.06,1.07,1.06,1.07,48011,0
20130604,1.06,1.08,1.05,1.05,15721,0
20130605,1.05,1.07,1.05,1.07,26747,0
20130606,1.06,1.08,1.06,1.08,39026,0
20130607,1.09,1.14,1.07,1.11,59188,0
20130610,1.11,1.15,1.08,1.13,31137,0
20130611,1.12,1.13,1.08,1.13,11923,0
20130612,1.13,1.13,1.09,1.12,14532,0
20130613,1.11,1.15,1.1,1.13,12349,0
20130614,1.14,1.15,1.1,1.12,7765,0
20130617,1.14,1.15,1.1,1.1,4839,0
20130618,1.11,1.14,1.11,1.13,109858,0
20130619,1.11,1.14,1.11,1.14,28936,0
20130620,1.14,1.14,1.12,1.14,13887,0
20130621,1.11,1.14,1.11,1.14,40339,0
20130624,1.12,1.14,1.12,1.14,11448,0
20130625,1.14,1.15,1.12,1.15,20002,0
20130626,1.14,1.14,1.11,1.14,32987,0
20130627,1.13,1.13,1.11,1.13,20725,0
20130628,1.12,1.15,1.11,1.15,59387,0
20130701,1.14,1.15,1.12,1.15,5071,0
20130702,1.14,1.14,1.12,1.13,15698,0
20130703,1.13,1.15,1.13,1.15,3708,0
20130705,1.14,1.15,1.13,1.15,29570,0
20130708,1.12,1.13,1.12,1.13,9843,0
20130709,1.13,1.14,1.12,1.14,15923,0
20130710,1.14,1.15,1.13,1.15,11548,0
20130711,1.12,1.14,1.12,1.14,9859,0
20130712,1.14,1.15,1.12,1.13,21250,0
20130715,1.14,1.15,1.12,1.15,20782,0
20130716,1.13,1.15,1.13,1.15,18480,0
20130717,1.13,1.15,1.13,1.15,14034,0
20130718,1.13,1.15,1.13,1.15,19041,0
20130719,1.14,1.19,1.14,1.19,68484,0
20130722,1.18,1.19,1.16,1.18,24820,0
20130723,1.16,1.18,1.16,1.18,4496,0
20130724,1.18,1.18,1.17,1.17,1806,0
20130725,1.18,1.18,1.15,1.17,7420,0
20130726,1.16,1.17,1.16,1.17,2900,0
20130729,1.17,1.19,1.15,1.19,25416,0
20130730,1.17,1.17,1.14,1.14,20830,0
20130731,1.15,1.19,1.14,1.18,14752,0
20130801,1.18,1.19,1.15,1.19,11218,0
20130802,1.19,1.19,1.18,1.18,4199,0
20130805,1.16,1.18,1.15,1.18,6644,0
20130806,1.15,1.16,1.13,1.14,43555,0
20130807,1.13,1.15,1.13,1.15,19785,0
20130808,1.19,1.19,1.16,1.17,10000,0
20130809,1.15,1.15,1.14,1.14,4824,0
20130812,1.17,1.18,1.17,1.17,775,0
20130813,1.17,1.17,1.14,1.14,17435,0
20130814,1.13,1.15,1.13,1.13,10311,0
20130815,1.15,1.15,1.13,1.15,15600,0
20130816,1.16,1.16,1.15,1.15,200,0
20130819,1.17,1.17,1.13,1.15,5516,0
20130820,1.17,1.17,1.15,1.17,18963,0
20130821,1.14,1.16,1.14,1.15,5950,0
20130822,1.14,1.17,1.14,1.17,41000,0
20130823,1.16,1.16,1.16,1.16,2200,0
20130826,1.17,1.17,1.16,1.16,1600,0
20130827,1.16,1.17,1.14,1.14,8006,0
20130828,1.17,1.17,1.17,1.17,360,0
20130829,1.15,1.18,1.15,1.18,3350,0
20130830,1.17,1.17,1.14,1.15,21700,0
20130903,1.14,1.17,1.13,1.13,5000,0
20130904,1.15,1.15,1.13,1.13,8695,0
20130905,1.15,1.16,1.13,1.15,8123,0
20130906,1.13,1.14,1.13,1.14,7600,0
20130909,1.15,1.17,1.15,1.16,7173,0
20130910,1.13,1.14,1.07,1.07,69749,0
20130911,1.09,1.1,1.08,1.08,66690,0
20130912,1.08,1.09,1.08,1.08,22205,0
20130913,1.08,1.09,1.08,1.08,14460,0
20130916,1.08,1.09,1.08,1.08,36762,0
20130917,1.08,1.08,1.08,1.08,12085,0
20130918,1.08,1.1,1.08,1.1,2600,0
20130919,1.08,1.11,1.08,1.1,2986,0
20130920,1.08,1.09,1.08,1.08,22564,0
20130923,1.08,1.09,1.08,1.08,31033,0
20130924,1.1,1.1,1.08,1.09,4775,0
20130925,1.09,1.1,1.09,1.1,25600,0
20130926,1.1,1.18,1.1,1.14,94773,0
20130927,1.12,1.15,1.11,1.14,26200,0
20130930,1.12,1.14,1.1,1.13,28700,0
20131001,1.1,1.25,1.08,1.2,376813,0
20131002,1.19,1.22,1.11,1.22,117126,0
20131003,1.25,1.25,1.18,1.22,16705,0
20131004,1.16,1.24,1.15,1.23,17297,0
20131007,1.2,1.2,1.17,1.2,39912,0
20131008,1.15,1.2,1.12,1.15,15847,0
20131009,1.14,1.28,1.12,1.28,99390,0
20131010,1.23,1.6,1.23,1.58,1083215,0
20131011,1.54,1.54,1.39,1.46,408599,0
20131014,1.5,1.5,1.31,1.4,182789,0
20131015,1.4,1.47,1.36,1.42,198555,0
20131016,1.47,1.74,1.41,1.64,1409238,0
20131017,1.65,1.65,1.51,1.54,391702,0
20131018,1.59,1.59,1.46,1.53,260195,0
20131021,1.6,1.6,1.45,1.48,170481,0
20131022,1.49,1.54,1.44,1.47,168076,0
20131023,1.47,1.48,1.43,1.45,74544,0
20131024,1.48,1.54,1.45,1.47,103079,0
20131025,1.5,1.5,1.27,1.42,384924,0
20131028,1.39,1.4,1.3,1.4,130366,0
20131029,1.4,1.4,1.33,1.35,27599,0
20131030,1.31,1.32,1.25,1.3,169922,0
20131031,1.3,1.37,1.27,1.36,47800,0
20131101,1.37,1.48,1.35,1.4,108677,0
20131104,1.43,1.44,1.35,1.39,78075,0
20131105,1.38,1.46,1.36,1.38,60153,0
20131106,1.4,1.49,1.35,1.42,101491,0
20131107,1.42,1.44,1.26,1.3,100195,0
20131108,1.3,1.42,1.3,1.3,43645,0
20131111,1.38,1.38,1.33,1.33,13158,0
20131112,1.39,1.41,1.35,1.35,17535,0
20131113,1.35,1.37,1.26,1.34,38564,0
20131114,1.35,1.35,1.28,1.31,22748,0
20131115,1.31,1.42,1.31,1.39,113683,0
20131118,1.44,1.48,1.35,1.35,105740,0
20131119,1.4,1.4,1.3,1.3,81882,0
20131120,1.33,1.4,1.31,1.37,75776,0
20131121,1.33,1.42,1.31,1.42,67022,0
20131122,1.45,1.59,1.35,1.59,305505,0
20131125,1.59,1.69,1.47,1.53,406833,0
20131126,1.58,1.6,1.48,1.59,169463,0
20131127,1.62,1.62,1.55,1.59,118640,0
20131129,1.62,1.62,1.5,1.57,97967,0
20131202,1.55,1.55,1.25,1.43,220699,0
20131203,1.32,1.45,1.32,1.45,34508,0
20131204,1.43,1.49,1.38,1.48,10019,0
20131205,1.45,1.48,1.42,1.48,18217,0
20131206,1.5,1.5,1.41,1.49,33395,0
20131209,1.53,1.53,1.48,1.48,68455,0
20131210,1.51,1.52,1.45,1.46,30064,0
20131211,1.46,1.47,1.45,1.47,37152,0
20131212,1.47,1.5,1.45,1.47,29951,0
20131213,1.47,1.52,1.45,1.47,46260,0
20131216,1.51,1.51,1.36,1.38,75798,0
20131217,1.39,1.45,1.34,1.37,65672,0
20131218,1.36,1.43,1.34,1.35,28244,0
20131219,1.37,1.4,1.35,1.4,43828,0
20131220,1.4,1.42,1.36,1.4,33695,0
20131223,1.39,1.43,1.36,1.36,48984,0
20131224,1.4,1.4,1.36,1.36,24511,0
20131226,1.36,1.4,1.36,1.38,20153,0
20131227,1.4,1.52,1.4,1.48,95882,0
20131230,1.45,1.53,1.42,1.46,108532,0
20131231,1.47,1.51,1.43,1.47,45730,0
20140102,1.5,1.51,1.44,1.49,33263,0
20140103,1.51,1.64,1.45,1.57,834690,0
20140106,1.7,1.77,1.47,1.53,1444403,0
20140107,1.5,1.63,1.47,1.48,573048,0
20140108,1.48,1.51,1.4,1.47,296198,0
20140109,1.48,1.52,1.4,1.5,287560,0
20140110,1.55,1.55,1.45,1.47,132577,0
20140113,1.45,1.49,1.41,1.41,123390,0
20140114,1.45,1.49,1.42,1.45,82869,0
20140115,1.5,1.5,1.44,1.47,63152,0
20140116,1.48,1.48,1.43,1.44,81322,0
20140117,1.45,1.58,1.45,1.54,660488,0
20140121,1.6,1.61,1.55,1.61,217877,0
20140122,1.64,1.66,1.61,1.66,191888,0
20140123,1.62,1.63,1.52,1.55,166339,0
20140124,1.57,1.59,1.42,1.45,242614,0
20140127,1.47,1.47,1.36,1.38,215542,0
20140128,1.38,1.45,1.36,1.4,69627,0
20140129,1.41,1.47,1.4,1.47,140543,0
20140130,1.47,1.51,1.43,1.44,54096,0
20140131,1.42,1.47,1.41,1.47,67691,0
20140203,1.44,1.45,1.36,1.39,161175,0
20140204,1.36,1.39,1.36,1.36,77672,0
20140205,1.37,1.44,1.34,1.39,150094,0
20140206,1.38,1.41,1.36,1.41,54624,0
20140207,1.41,1.41,1.36,1.41,89005,0
20140210,1.36,1.41,1.36,1.4,46381,0
20140211,1.4,1.4,1.32,1.34,157581,0
20140212,1.36,1.45,1.34,1.44,251175,0
20140213,1.47,1.47,1.41,1.47,125859,0
20140214,1.45,1.47,1.4,1.47,183384,0
20140218,1.48,1.49,1.43,1.43,89320,0
20140219,1.41,1.47,1.41,1.44,64867,0
20140220,1.47,1.49,1.43,1.47,76323,0
20140221,1.49,1.49,1.43,1.45,28729,0
20140224,1.47,1.53,1.45,1.53,238144,0
20140225,1.5,1.66,1.5,1.56,490878,0
20140226,1.59,1.63,1.53,1.62,256713,0
20140227,1.63,1.75,1.57,1.71,468687,0
20140228,1.73,1.75,1.56,1.59,542635,0
20140303,1.58,1.6,1.51,1.56,277709,0
20140304,1.59,1.68,1.58,1.66,87367,0
20140305,1.65,2.1,1.62,2.05,2345414,0
20140306,2.11,2.12,1.81,1.83,855117,0
20140307,1.86,1.88,1.76,1.84,331709,0
20140310,1.9,1.9,1.79,1.81,176583,0
20140311,1.79,1.88,1.75,1.75,208298,0
20140312,1.81,1.84,1.75,1.8,96721,0
20140313,1.86,1.86,1.68,1.7,223740,0
20140314,1.73,1.74,1.62,1.66,161335,0
20140317,1.72,1.77,1.69,1.73,88928,0
20140318,1.78,1.85,1.65,1.65,201946,0
20140319,1.65,1.73,1.55,1.6,267390,0
20140320,1.61,1.64,1.5,1.52,264958,0
20140321,1.5,1.57,1.45,1.56,370289,0
20140324,1.56,1.68,1.53,1.54,137351,0
20140325,1.6,1.6,1.52,1.54,46041,0
20140326,1.51,1.52,1.46,1.47,122600,0
20140327,1.46,1.46,1.32,1.33,412715,0
20140328,1.38,1.38,1.35,1.37,93605,0
20140331,1.34,1.39,1.34,1.39,90645,0
20140401,1.39,1.45,1.39,1.42,73465,0
20140402,1.46,1.48,1.42,1.48,84872,0
20140403,1.48,1.49,1.43,1.43,131750,0
20140404,1.45,1.45,1.37,1.37,73012,0
20140407,1.37,1.45,1.36,1.42,72647,0
20140408,1.47,1.48,1.39,1.48,172442,0
20140409,1.45,1.46,1.39,1.43,62396,0
20140410,1.45,1.46,1.39,1.45,89807,0
20140411,1.39,1.41,1.38,1.41,38474,0
20140414,1.42,1.42,1.35,1.37,78330,0
20140415,1.37,1.4,1.34,1.34,84973,0
20140416,1.34,1.4,1.34,1.35,20467,0
20140417,1.35,1.45,1.35,1.43,86147,0
20140421,1.45,1.46,1.41,1.44,55236,0
20140422,1.46,1.47,1.44,1.45,37150,0
20140423,1.45,1.47,1.42,1.45,50410,0
20140424,1.41,1.45,1.39,1.39,30186,0
20140425,1.39,1.43,1.38,1.39,50399,0
20140428,1.42,1.42,1.37,1.37,47213,0
20140429,1.37,1.37,1.28,1.28,149275,0
20140430,1.27,1.32,1.27,1.31,33667,0
20140501,1.29,1.31,1.29,1.3,17999,0
20140502,1.3,1.32,1.29,1.3,23367,0
20140505,1.29,1.31,1.29,1.31,19495,0
20140506,1.31,1.31,1.28,1.31,34725,0
20140507,1.29,1.33,1.28,1.3,43485,0
20140508,1.29,1.3,1.29,1.29,15417,0
20140509,1.3,1.31,1.27,1.3,43138,0
20140512,1.27,1.36,1.27,1.34,49628,0
20140513,1.35,1.45,1.35,1.41,96744,0
20140514,1.44,1.45,1.33,1.33,42593,0
20140515,1.35,1.36,1.33,1.33,10767,0
20140516,1.37,1.37,1.34,1.35,4838,0
20140519,1.32,1.35,1.32,1.35,12201,0
20140520,1.35,1.35,1.3,1.3,35361,0
20140521,1.3,1.32,1.3,1.31,18245,0
20140522,1.3,1.33,1.3,1.32,35326,0
20140523,1.34,1.4,1.32,1.39,46438,0
20140527,1.4,1.42,1.37,1.42,54082,0
20140528,1.45,1.45,1.4,1.43,18208,0
20140529,1.44,1.45,1.4,1.43,40112,0
20140530,1.4,1.43,1.4,1.41,11079,0
20140602,1.44,1.44,1.4,1.41,4178,0
20140603,1.44,1.44,1.38,1.41,32891,0
20140604,1.43,1.43,1.33,1.33,28968,0
20140605,1.33,1.43,1.33,1.43,45475,0
20140606,1.43,1.43,1.39,1.42,8902,0
20140609,1.43,1.43,1.4,1.42,16549,0
20140610,1.38,1.43,1.37,1.43,18800,0
20140611,1.4,1.43,1.39,1.42,27826,0
20140612,1.43,1.43,1.39,1.41,23619,0
20140613,1.41,1.41,1.37,1.38,26977,0
20140616,1.37,1.43,1.37,1.37,20565,0
20140617,1.34,1.38,1.34,1.37,6414,0
20140618,1.38,1.38,1.33,1.34,17004,0
20140619,1.38,1.41,1.34,1.37,89699,0
20140620,1.35,1.4,1.35,1.35,39061,0
20140623,1.35,1.39,1.33,1.34,18024,0
20140624,1.34,1.35,1.33,1.33,23540,0
20140625,1.33,1.34,1.25,1.3,24720,0
20140626,1.27,1.31,1.27,1.31,10504,0
20140627,1.3,1.31,1.28,1.3,10104,0
20140630,1.3,1.3,1.25,1.26,43182,0
20140701,1.27,1.29,1.26,1.28,33809,0
20140702,1.25,1.29,1.25,1.29,28100,0
20140703,1.3,1.3,1.27,1.3,17282,0
20140707,1.24,1.33,1.24,1.31,63318,0
20140708,1.34,1.38,1.29,1.32,86219,0
20140709,1.3,1.38,1.3,1.35,39000,0
20140710,1.29,1.35,1.28,1.3,37099,0
20140711,1.27,1.37,1.27,1.29,43630,0
20140714,1.29,1.39,1.29,1.38,68437,0
20140715,1.4,1.4,1.32,1.34,47992,0
20140716,1.36,1.4,1.35,1.36,35490,0
20140717,1.37,1.41,1.34,1.38,24483,0
20140718,1.38,1.41,1.35,1.4,24080,0
20140721,1.38,1.41,1.36,1.41,29700,0
20140722,1.39,1.43,1.38,1.43,30280,0
20140723,1.43,1.43,1.4,1.42,5911,0
20140724,1.43,1.43,1.39,1.41,7197,0
20140725,1.42,1.43,1.36,1.4,28185,0
20140728,1.39,1.43,1.38,1.42,34888,0
20140729,1.39,1.43,1.38,1.41,11816,0
20140730,1.41,1.41,1.38,1.38,19488,0
20140731,1.38,1.41,1.38,1.4,19480,0
20140801,1.42,1.42,1.38,1.41,18026,0
20140804,1.39,1.43,1.38,1.38,19936,0
20140805,1.38,1.41,1.28,1.3,61574,0
20140806,1.29,1.35,1.29,1.32,29427,0
20140807,1.31,1.34,1.3,1.3,17025,0
20140808,1.3,1.37,1.3,1.31,50959,0
20140811,1.32,1.32,1.29,1.3,12621,0
20140812,1.32,1.35,1.32,1.34,56264,0
20140813,1.34,1.37,1.34,1.35,36525,0
20140814,1.35,1.36,1.3,1.3,17041,0
20140815,1.3,1.35,1.28,1.28,69172,0
20140818,1.28,1.32,1.26,1.26,87532,0
20140819,1.3,1.3,1.25,1.25,30118,0
20140820,1.23,1.24,1.11,1.13,164039,0
20140821,1.12,1.21,1.12,1.2,150057,0
20140822,1.23,1.23,1.15,1.15,24037,0
20140825,1.14,1.21,1.11,1.21,43931,0
20140826,1.2,1.21,1.17,1.19,15170,0
20140827,1.16,1.2,1.15,1.18,28215,0
20140828,1.16,1.24,1.15,1.16,53360,0
20140829,1.21,1.21,1.14,1.17,51510,0
20140902,1.15,1.19,1.11,1.13,133920,0
20140903,1.11,1.13,1.1,1.1,76215,0
20140904,1.1,1.25,1.1,1.24,199976,0
20140905,1.28,1.29,1.2,1.25,147965,0
20140908,1.28,1.39,1.25,1.39,234242,0
20140909,1.34,1.4,1.3,1.38,126998,0
20140910,1.37,1.45,1.37,1.44,161597,0
20140911,1.5,1.59,1.31,1.37,328678,0
20140912,1.38,1.55,1.35,1.35,305158,0
20140915,1.35,1.35,1.27,1.28,100118,0
20140916,1.26,1.3,1.26,1.29,25681,0
20140917,1.25,1.28,1.2,1.22,75011,0
20140918,1.22,1.26,1.2,1.21,47333,0
20140919,1.2,1.25,1.17,1.18,87599,0
20140922,1.21,1.24,1.17,1.17,30370,0
20140923,1.15,1.24,1.14,1.15,54936,0
20140924,1.19,1.2,1.15,1.15,65915,0
20140925,1.18,1.19,1.15,1.17,45071,0
20140926,1.2,1.2,1.18,1.18,17178,0
20140929,1.17,1.18,1.15,1.16,59438,0
20140930,1.17,1.18,1.1,1.11,159158,0
20141001,1.1,1.17,1.08,1.09,161876,0
20141002,1.09,1.14,1.08,1.13,61278,0
20141003,1.13,1.13,1.1,1.13,11137,0
20141006,1.11,1.12,1.09,1.09,39299,0
20141007,1.1,1.13,1.09,1.09,15989,0
20141008,1.08,1.1,1.08,1.09,19189,0
20141009,1.12,1.12,1.08,1.08,37521,0
20141010,1.08,1.11,1.07,1.07,30762,0
20141013,1.06,1.09,1.03,1.05,101981,0
20141014,1.03,1.07,1.03,1.03,30933,0
20141015,1.02,1.08,0.99,1.04,52342,0
20141016,0.97,1.1,0.96,1.1,71499,0
20141017,1.1,1.1,1,1.06,40719,0
20141020,1,1.09,1,1.09,35290,0
20141021,1.13,1.13,1.03,1.09,107545,0
20141022,1.13,1.13,1.05,1.06,66758,0
20141023,1.08,1.08,1.02,1.03,45610,0
20141024,1.03,1.04,1.02,1.04,7124,0
20141027,1.05,1.08,1.04,1.04,34918,0
20141028,1.03,1.05,1.02,1.02,19436,0
20141029,1.03,1.04,1.01,1.04,8643,0
20141030,1.01,1.02,0.99,1.01,37860,0
20141031,1.02,1.06,0.98,1.05,18327,0
20141103,1.02,1.04,0.96,1.04,34409,0
20141104,1.03,1.04,1,1,12856,0
20141105,1.04,1.04,0.99,0.99,34294,0
20141106,0.99,1.02,0.99,0.99,16932,0
20141107,0.99,1.11,0.99,1.01,78069,0
20141110,1.01,1.03,1,1,11470,0
20141111,1.02,1.02,0.97,0.97,26512,0
20141112,0.99,1.04,0.97,1.04,22555,0
20141113,1,1.04,0.98,1.04,41844,0
20141114,0.99,1.04,0.99,1.04,24179,0
20141117,1.02,1.02,1,1.01,15305,0
20141118,1.01,1.05,1,1.05,59698,0
20141119,1.03,1.05,1.02,1.05,54388,0
20141120,1.05,1.09,1.03,1.08,85930,0
20141121,1.09,1.13,1.06,1.13,37636,0
20141124,1.09,1.15,1.08,1.15,29970,0
20141125,1.11,1.13,1.06,1.11,54467,0
20141126,1.11,1.11,1.08,1.1,7075,0
20141128,1.15,1.15,1.06,1.1,12581,0
20141201,1.1,1.21,1.05,1.21,50995,0
20141202,1.1,1.18,1.06,1.11,68521,0
20141203,1.11,1.16,1.08,1.16,33516,0
20141204,1.11,1.19,1.1,1.19,44308,0
20141205,1.13,1.2,1.11,1.2,86005,0
20141208,1.18,1.26,1.05,1.26,177441,0
20141209,1.2,1.2,1.12,1.13,19084,0
20141210,1.15,1.16,1.1,1.11,25766,0
20141211,1.09,1.15,1.05,1.09,38734,0
20141212,1.05,1.08,1.05,1.08,24103,0
20141215,1.05,1.16,1,1.16,166530,0
20141216,1.15,1.15,1.07,1.1,56588,0
20141217,1.05,1.15,1.05,1.08,29914,0
20141218,1.13,1.15,1.09,1.1,21852,0
20141219,1.13,1.27,1.1,1.27,84226,0
20141222,1.16,1.23,1.16,1.23,76256,0
20141223,1.22,1.23,1.19,1.23,16016,0
20141224,1.21,1.23,1.11,1.15,12410,0
20141226,1.16,1.18,1.11,1.16,41437,0
20141229,1.06,1.15,1.06,1.12,43967,0
20141230,1.15,1.2,1.05,1.05,77842,0
20141231,1.06,1.21,1.05,1.21,67858,0
20150102,1.15,1.16,1.14,1.14,4105,0
20150105,1.15,1.2,1.12,1.12,38470,0
20150106,1.16,1.18,1.09,1.1,20104,0
20150107,1.11,1.18,1.11,1.18,25050,0
20150108,1.15,1.17,1.1,1.13,26984,0
20150109,1.14,1.2,1.05,1.2,34475,0
20150112,1.15,1.19,1.1,1.1,13084,0
20150113,1.08,1.14,1.08,1.14,23833,0
20150114,1.11,1.15,1.09,1.14,8567,0
20150115,1.09,1.13,1.05,1.13,33686,0
20150116,1.13,1.13,1.05,1.11,17074,0
