Date,Open,High,Low,Close,Volume,OpenInt
20060627,14.314,14.314,14.314,14.314,0,0
20060628,14.314,14.321,14.314,14.321,741504,0
20060629,14.314,14.321,14.314,14.321,62177,0
20060630,14.321,14.321,14.314,14.321,30880,0
20060703,14.314,14.321,14.314,14.321,27104,0
20060705,14.321,14.321,14.314,14.321,137066,0
20060706,14.314,14.321,14.314,14.314,54072,0
20060707,14.314,14.321,14.314,14.314,108424,0
20060710,14.314,14.321,14.314,14.314,85373,0
20060711,14.314,14.321,14.314,14.314,69023,0
20060712,14.314,14.314,14.314,14.314,61196,0
20060713,14.314,14.321,14.314,14.314,136090,0
20060714,14.314,14.321,14.314,14.314,68046,0
20060717,14.314,14.321,14.314,14.314,84529,0
20060718,14.314,14.321,14.314,14.314,148526,0
20060719,14.314,14.321,14.314,14.321,83412,0
20060720,14.321,14.321,14.135,14.135,311580,0
20060721,14.171,14.207,14.135,14.135,75730,0
20060724,14.135,14.171,14.135,14.135,192397,0
20060725,14.171,14.171,13.784,13.92,122396,0
20060726,13.913,13.949,13.562,13.806,193796,0
20060727,13.777,13.878,13.699,13.777,108844,0
20060728,13.849,13.878,13.749,13.878,104932,0
20060731,13.878,13.878,13.777,13.849,73354,0
20060801,13.863,13.871,13.383,13.707,60917,0
20060802,13.72,13.77,13.613,13.741,42336,0
20060803,13.707,13.849,13.598,13.849,24033,0
20060804,13.863,13.956,13.777,13.956,35490,0
20060807,13.814,13.993,13.741,13.993,31856,0
20060808,14.064,14.064,13.828,14.027,40100,0
20060809,14.035,14.078,13.707,13.92,52676,0
20060810,13.885,13.885,13.67,13.814,37166,0
20060811,13.741,13.849,13.605,13.67,29204,0
20060814,13.634,13.956,13.605,13.707,45549,0
20060815,13.67,13.814,13.642,13.749,31998,0
20060816,13.814,13.814,13.548,13.77,67627,0
20060817,13.799,14.027,13.734,13.964,20957,0
20060818,13.906,14.027,13.814,13.856,19140,0
20060821,13.956,13.956,13.619,13.627,32415,0
20060822,13.67,14.092,13.455,14.035,203711,0
20060823,14.027,14.027,13.741,13.749,135248,0
20060824,13.814,13.942,13.749,13.814,19980,0
20060825,13.834,13.834,13.749,13.799,18163,0
20060828,13.784,13.842,13.642,13.707,48764,0
20060829,13.734,13.777,13.642,13.72,34932,0
20060830,13.749,13.828,13.699,13.828,78942,0
20060831,13.849,14.027,13.821,14.007,44291,0
20060901,13.97,14.013,13.913,13.985,15928,0
20060905,14.078,14.078,13.928,13.956,36469,0
20060906,13.985,13.985,13.885,13.956,14252,0
20060907,13.906,13.956,13.878,13.913,24591,0
20060908,13.92,14.021,13.849,13.849,29620,0
20060911,13.878,13.956,13.806,13.956,41359,0
20060912,14.013,14.013,13.885,13.97,22775,0
20060913,13.863,14.042,13.821,13.849,43455,0
20060914,13.871,13.97,13.871,13.964,23053,0
20060915,13.999,14.07,13.985,14.021,16628,0
20060918,14.05,14.05,13.791,13.806,76846,0
20060919,13.821,13.936,13.821,13.885,21240,0
20060920,13.913,14.078,13.849,13.863,55470,0
20060921,13.842,13.942,13.77,13.942,37028,0
20060922,13.899,13.942,13.814,13.878,19140,0
20060925,13.891,14.078,13.885,13.964,30600,0
20060926,13.885,14.085,13.784,14.064,48063,0
20060927,14.07,14.085,13.956,14.035,41076,0
20060928,14.057,14.092,14.035,14.092,44432,0
20060929,14.085,14.107,14.035,14.1,24871,0
20061002,14.085,14.207,13.791,13.791,56726,0
20061003,13.913,13.936,13.842,13.891,61478,0
20061004,13.891,14.013,13.856,13.878,56027,0
20061005,13.885,14.05,13.856,14.013,18723,0
20061006,13.956,14.114,13.956,14.114,36748,0
20061009,14.114,14.185,14.027,14.07,23894,0
20061010,14.135,14.164,14.092,14.114,14391,0
20061011,14.027,14.135,13.964,13.964,24452,0
20061012,13.899,14.092,13.878,13.949,35490,0
20061013,13.849,14.027,13.849,13.942,44713,0
20061016,13.993,14.314,13.834,14.164,62736,0
20061017,14.207,14.25,14.128,14.164,14951,0
20061018,14.171,14.214,14.007,14.027,26969,0
20061019,14.135,14.171,13.842,13.871,57705,0
20061020,13.863,13.949,13.814,13.849,29620,0
20061023,13.849,13.949,13.814,13.949,41637,0
20061024,13.956,14.078,13.856,13.891,32137,0
20061025,13.949,13.999,13.913,13.964,24730,0
20061026,13.863,13.906,13.784,13.878,68327,0
20061027,13.878,13.885,13.799,13.849,21378,0
20061030,13.806,13.956,13.799,13.956,27384,0
20061031,14.007,14.035,13.949,13.999,38842,0
20061101,14.064,14.107,13.978,14.021,18443,0
20061102,14.027,14.085,13.871,13.878,34791,0
20061103,13.784,13.964,13.77,13.806,37305,0
20061106,13.856,13.993,13.821,13.913,28084,0
20061107,13.863,13.999,13.856,13.949,44291,0
20061108,13.913,13.949,13.856,13.928,35907,0
20061109,13.956,14.07,13.906,14.07,16908,0
20061110,14.027,14.142,13.856,13.891,52676,0
20061113,13.891,13.949,13.821,13.856,36327,0
20061114,13.849,14.07,13.764,13.814,51696,0
20061115,13.77,13.834,13.741,13.821,35210,0
20061116,13.784,14.013,13.784,13.92,56448,0
20061117,13.814,13.913,13.814,13.849,61615,0
20061120,13.878,13.878,13.619,13.656,104373,0
20061121,13.662,13.784,13.627,13.72,82576,0
20061122,13.713,13.741,13.662,13.741,47926,0
20061124,13.72,13.885,13.707,13.885,25988,0
20061127,13.871,13.885,13.67,13.777,131200,0
20061128,13.784,13.906,13.784,13.906,64412,0
20061129,13.906,14.027,13.906,14.027,59102,0
20061130,13.92,14.128,13.92,14.128,60220,0
20061201,14.128,14.314,14.092,14.25,43594,0
20061204,14.279,14.435,14.264,14.435,71258,0
20061205,14.378,14.378,14.121,14.3,57426,0
20061206,14.314,14.314,14.214,14.314,39262,0
20061207,14.329,14.329,14.135,14.236,36327,0
20061208,14.3,14.329,14.2,14.279,34510,0
20061211,14.421,14.486,14.171,14.336,52395,0
20061212,14.321,14.336,14.242,14.307,42616,0
20061213,14.242,14.372,14.228,14.364,50578,0
20061214,14.435,14.435,14.242,14.321,35490,0
20061215,14.429,14.443,14.121,14.25,49461,0
20061218,14.314,14.321,14.192,14.293,48342,0
20061219,14.486,14.486,14.171,14.279,58403,0
20061220,14.293,14.3,14.035,14.192,80061,0
20061221,14.25,14.3,14.1,14.228,57285,0
20061222,14.285,14.307,14.142,14.307,39262,0
20061226,14.336,14.407,14.178,14.386,70978,0
20061227,14.336,14.386,14.257,14.307,49881,0
20061228,14.45,14.45,14.314,14.378,77687,0
20061229,14.551,14.629,14.358,14.601,54910,0
20070103,14.708,14.708,14.457,14.587,61340,0
20070104,14.658,14.658,14.35,14.429,33811,0
20070105,14.536,14.543,14.321,14.329,19702,0
20070108,14.271,14.629,14.271,14.465,39542,0
20070109,14.457,14.636,14.364,14.364,75452,0
20070110,14.192,14.25,14.142,14.178,31017,0
20070111,14.149,14.257,14.027,14.114,33253,0
20070112,14.114,14.25,14.027,14.05,47225,0
20070116,14.057,14.078,13.993,13.993,25847,0
20070117,14.027,14.027,13.72,13.928,44850,0
20070118,13.821,13.956,13.821,13.928,48342,0
20070119,13.956,13.956,13.828,13.878,51557,0
20070122,13.906,13.956,13.834,13.856,37865,0
20070123,13.834,13.993,13.834,13.985,38564,0
20070124,13.964,13.97,13.834,13.856,64134,0
20070125,13.878,13.885,13.791,13.834,27943,0
20070126,13.806,13.856,13.777,13.784,31856,0
20070129,13.828,14.057,13.791,14.057,51418,0
20070130,14.042,14.07,13.906,13.956,44291,0
20070131,14.021,14.092,13.92,14.092,32972,0
20070201,14.1,14.429,14.035,14.207,53653,0
20070202,14.25,14.435,14.164,14.171,53514,0
20070205,14.192,14.314,14.064,14.314,23474,0
20070206,14.314,14.314,14.157,14.2,30737,0
20070207,14.214,14.415,14.2,14.221,25288,0
20070208,14.279,14.358,14.142,14.236,31436,0
20070209,14.242,14.364,14.128,14.178,33253,0
20070212,14.192,14.242,14.05,14.192,22985,0
20070213,14.07,14.157,13.92,13.956,46806,0
20070214,13.906,13.985,13.899,13.928,26127,0
20070215,13.906,14.064,13.906,13.97,39125,0
20070216,13.97,14.021,13.956,13.993,28224,0
20070220,13.993,13.993,13.849,13.871,55330,0
20070221,13.814,13.936,13.777,13.799,69864,0
20070222,13.791,13.993,13.734,13.834,67627,0
20070223,13.799,13.842,13.684,13.828,59939,0
20070226,13.791,13.92,13.791,13.92,14951,0
20070227,13.878,13.885,13.756,13.77,30880,0
20070228,13.828,13.936,13.764,13.849,34791,0
20070301,13.956,13.956,13.764,13.806,30179,0
20070302,13.814,14.05,13.777,13.956,34092,0
20070305,13.871,14.085,13.863,13.942,30179,0
20070306,14.013,14.035,13.949,13.964,20957,0
20070307,14.021,14.128,13.993,14.078,30737,0
20070308,14.171,14.264,14.035,14.264,33533,0
20070309,14.207,14.307,14.128,14.307,25009,0
20070312,14.279,14.314,13.993,14.171,68881,0
20070313,13.92,14.236,13.92,14.107,36048,0
20070314,14.027,14.149,13.985,14.027,19702,0
20070315,14.042,14.064,13.956,14.007,29901,0
20070316,14.149,14.164,13.993,14.1,34650,0
20070319,14.07,14.3,14.042,14.207,55330,0
20070320,14.293,14.293,14.085,14.185,54213,0
20070321,14.171,14.314,14.121,14.307,53236,0
20070322,14.307,14.314,14.171,14.271,39542,0
20070323,14.279,14.343,14.242,14.329,60499,0
20070326,14.343,14.343,14.157,14.207,73214,0
20070327,14.279,14.307,14.078,14.207,57426,0
20070328,14.207,14.236,13.993,14.236,67902,0
20070329,14.25,14.314,14.25,14.307,35210,0
20070330,14.285,14.421,14.285,14.386,33956,0
20070402,14.386,14.386,14.307,14.378,43455,0
20070403,14.415,14.421,14.285,14.285,34230,0
20070404,14.3,14.358,14.293,14.336,41496,0
20070405,14.314,14.393,14.264,14.372,39262,0
20070409,14.386,14.4,14.314,14.364,35210,0
20070410,14.35,14.378,14.3,14.329,47785,0
20070411,14.358,14.364,14.257,14.285,32556,0
20070412,14.264,14.271,14.128,14.207,40520,0
20070413,14.25,14.321,14.214,14.321,57986,0
20070416,14.35,14.386,14.207,14.207,43174,0
20070417,14.207,14.271,14.185,14.242,31436,0
20070418,14.257,14.257,14.149,14.25,46806,0
20070419,14.221,14.236,14.149,14.228,48622,0
20070420,14.228,14.279,14.178,14.257,40100,0
20070423,14.3,14.3,14.142,14.149,35768,0
20070424,14.135,14.25,14.07,14.07,73354,0
20070425,14.064,14.214,14.057,14.064,46666,0
20070426,14.107,14.157,14.078,14.135,39679,0
20070427,14.128,14.221,14.128,14.214,31715,0
20070430,14.192,14.271,14.171,14.2,20957,0
20070501,14.228,14.25,14.178,14.207,53793,0
20070502,14.221,14.4,14.221,14.364,67627,0
20070503,14.364,14.421,14.358,14.372,40799,0
20070504,14.364,14.407,14.092,14.1,58963,0
20070507,14.207,14.279,14.171,14.242,50440,0
20070508,14.257,14.429,14.207,14.429,27943,0
20070509,14.285,14.8,14.285,14.507,74052,0
20070510,14.457,14.507,14.429,14.429,43872,0
20070511,14.429,14.486,14.386,14.386,37865,0
20070514,14.457,14.472,14.386,14.415,53793,0
20070515,14.421,14.493,14.415,14.45,17605,0
20070516,14.45,14.493,14.364,14.407,40799,0
20070517,14.407,14.472,14.407,14.421,35631,0
20070518,14.457,14.557,14.343,14.415,41496,0
20070521,14.429,14.435,14.257,14.257,47365,0
20070522,14.221,14.279,14.107,14.135,57426,0
20070523,14.142,14.279,14.142,14.185,59102,0
20070524,14.149,14.192,14.092,14.1,29762,0
20070525,14.171,14.192,14.128,14.185,57986,0
20070529,14.2,14.415,14.2,14.321,29620,0
20070530,14.25,14.343,14.228,14.264,24172,0
20070531,14.279,14.493,14.279,14.364,29831,0
20070601,14.293,14.378,14.257,14.378,30880,0
20070604,14.329,14.536,14.329,14.493,45969,0
20070605,14.407,14.435,14.336,14.386,36469,0
20070606,14.386,14.407,14.314,14.343,38982,0
20070607,14.293,14.615,14.293,14.421,40378,0
20070608,14.293,14.5,14.178,14.242,44291,0
20070611,14.207,14.271,13.956,14.042,50440,0
20070612,13.97,14.021,13.871,14.007,28643,0
20070613,13.777,13.885,13.756,13.828,36748,0
20070614,13.791,13.891,13.749,13.777,14671,0
20070615,13.956,13.956,13.72,13.849,44990,0
20070618,13.777,13.885,13.656,13.677,24871,0
20070619,13.619,13.699,13.598,13.699,38144,0
20070620,13.562,13.692,13.562,13.627,61059,0
20070621,13.627,13.677,13.548,13.605,32275,0
20070622,13.535,13.677,13.535,13.598,40939,0
20070625,13.585,13.642,13.448,13.497,50160,0
20070626,13.284,13.333,13.062,13.104,159561,0
20070627,13.089,13.306,13.076,13.211,94032,0
20070628,13.177,13.356,13.177,13.333,46944,0
20070629,13.284,13.455,13.284,13.363,37028,0
20070702,13.348,13.505,13.348,13.455,25150,0
20070703,13.497,13.512,13.398,13.491,21657,0
20070705,13.448,13.448,13.219,13.276,20818,0
20070706,13.241,13.348,13.197,13.241,15511,0
20070709,13.184,13.306,13.119,13.184,33114,0
20070710,13.248,13.254,13.032,13.047,35631,0
20070711,13.097,13.226,13.097,13.169,41076,0
20070712,13.133,13.204,13.005,13.076,43174,0
20070713,13.04,13.07,12.847,12.955,59661,0
20070716,12.997,13.04,12.854,12.904,43594,0
20070717,12.89,12.89,12.682,12.79,59102,0
20070718,12.719,12.739,12.446,12.532,95849,0
20070719,12.532,12.725,12.532,12.696,60499,0
20070720,12.711,12.733,12.574,12.618,34650,0
20070723,12.725,12.79,12.561,12.574,62315,0
20070724,12.574,12.574,12.361,12.497,82993,0
20070725,12.425,12.497,12.146,12.396,105911,0
20070726,12.325,12.325,12.053,12.124,61758,0
20070727,12.095,12.345,11.996,12.26,70000,0
20070730,12.368,12.639,12.317,12.632,60917,0
20070731,12.654,12.948,12.625,12.632,37028,0
20070801,12.54,12.662,12.361,12.561,35347,0
20070802,12.625,12.783,12.589,12.711,35070,0
20070803,12.689,12.797,12.468,12.503,25288,0
20070806,12.475,12.483,12.088,12.21,102276,0
20070807,12.225,12.41,12.189,12.353,52953,0
20070808,12.331,12.525,12.317,12.497,45408,0
20070809,12.368,12.725,12.331,12.489,27943,0
20070810,12.382,12.446,12.017,12.375,57007,0
20070813,12.489,12.489,12.268,12.425,17326,0
20070814,12.46,12.525,12.124,12.268,87050,0
20070815,12.124,12.152,11.888,11.981,52395,0
20070816,11.767,11.845,10.665,11.466,208326,0
20070817,11.909,12.167,11.551,12.167,64690,0
20070820,12.239,12.574,12.095,12.489,74471,0
20070821,12.604,12.725,12.353,12.725,63852,0
20070822,12.811,12.86,12.568,12.654,55748,0
20070823,12.739,12.753,12.525,12.625,52953,0
20070824,12.625,12.783,12.46,12.597,36188,0
20070827,12.632,12.682,12.489,12.574,44990,0
20070828,12.568,12.574,12.389,12.503,44990,0
20070829,12.604,12.768,12.604,12.725,35631,0
20070830,12.639,12.682,12.389,12.546,44291,0
20070831,12.711,12.719,12.574,12.632,28363,0
20070904,12.625,12.833,12.574,12.833,32693,0
20070905,12.689,12.955,12.618,12.955,56866,0
20070906,12.904,12.968,12.746,12.968,40100,0
20070907,12.811,12.997,12.811,12.876,36188,0
20070910,12.948,12.948,12.847,12.86,30600,0
20070911,12.925,12.975,12.854,12.876,29762,0
20070912,12.604,12.719,12.54,12.568,38842,0
20070913,12.561,12.632,12.331,12.597,52815,0
20070914,12.625,12.625,12.497,12.554,19560,0
20070917,12.632,12.632,12.46,12.554,47506,0
20070918,12.625,12.668,12.389,12.668,57986,0
20070919,12.618,12.725,12.418,12.517,69440,0
20070920,12.453,12.503,12.274,12.483,36188,0
20070921,12.446,12.561,12.339,12.396,44151,0
20070924,12.475,12.54,12.239,12.368,75031,0
20070925,12.331,12.418,12.288,12.325,40520,0
20070926,12.41,12.453,12.339,12.425,20818,0
20070927,12.46,12.468,12.239,12.468,41496,0
20070928,12.468,12.589,12.46,12.561,62597,0
20071001,12.625,12.632,12.468,12.54,47645,0
20071002,12.597,12.662,12.489,12.532,35070,0
20071003,12.418,12.525,12.418,12.475,31017,0
20071004,12.483,12.525,12.41,12.425,23612,0
20071005,12.432,12.489,12.389,12.403,33114,0
20071008,12.361,12.425,12.361,12.403,18306,0
20071009,12.446,12.446,12.382,12.403,21517,0
20071010,12.46,12.525,12.439,12.475,34092,0
20071011,12.489,12.546,12.353,12.425,38702,0
20071012,12.475,12.503,12.403,12.46,25009,0
20071015,12.489,12.489,12.253,12.311,30320,0
20071016,12.26,12.375,12.239,12.253,39399,0
20071017,12.345,12.396,12.181,12.274,39542,0
20071018,12.274,12.331,12.225,12.296,25988,0
20071019,12.203,12.345,12.203,12.303,34092,0
20071022,12.268,12.282,12.16,12.181,31300,0
20071023,12.16,12.231,12.124,12.217,51696,0
20071024,12.16,12.246,12.16,12.225,29341,0
20071025,12.189,12.311,12.189,12.311,38702,0
20071026,12.331,12.554,12.331,12.497,117646,0
20071029,12.489,12.625,12.489,12.597,56448,0
20071030,12.668,12.668,12.468,12.483,20957,0
20071031,12.582,12.647,12.425,12.425,44713,0
20071101,12.389,12.41,12.246,12.303,34373,0
20071102,12.382,12.382,12.274,12.274,25150,0
20071105,12.217,12.282,12.174,12.282,40659,0
20071106,12.239,12.311,12.203,12.203,18306,0
20071107,12.21,12.361,11.967,11.988,68601,0
20071108,10.936,12.01,10.936,11.974,52648,0
20071109,11.831,11.923,11.767,11.817,44291,0
20071112,11.738,11.852,11.738,11.787,44569,0
20071113,11.781,11.852,11.738,11.838,34230,0
20071114,11.881,11.902,11.809,11.838,47785,0
20071115,11.767,11.831,11.759,11.831,24871,0
20071116,11.824,11.895,11.781,11.809,43174,0
20071119,11.759,11.817,11.652,11.702,49602,0
20071120,11.702,11.996,11.702,11.917,95011,0
20071121,11.831,12.01,11.787,11.874,91937,0
20071123,11.945,12.017,11.909,11.938,12852,0
20071126,11.945,12.017,11.945,12.002,25847,0
20071127,11.931,11.988,11.866,11.888,62736,0
20071128,11.909,12.095,11.909,11.996,47645,0
20071129,11.996,12.11,11.923,12.017,31017,0
20071130,12.032,12.26,12.032,12.167,60220,0
20071203,12.11,12.203,12.103,12.124,40240,0
20071204,12.138,12.239,12.116,12.132,43732,0
20071205,12.116,12.239,12.116,12.21,56027,0
20071206,12.152,12.288,12.152,12.239,74471,0
20071207,12.217,12.345,12.032,12.16,108563,0
20071210,12.088,12.239,12.088,12.195,49043,0
20071211,12.116,12.21,11.938,12.017,110098,0
20071212,11.866,11.931,11.744,11.817,72235,0
20071213,11.781,11.809,11.645,11.702,76287,0
20071214,11.623,11.767,11.623,11.71,36048,0
20071217,11.694,11.802,11.544,11.551,91098,0
20071218,11.588,11.637,11.458,11.573,112757,0
20071219,11.588,11.652,11.538,11.637,66647,0
20071220,11.602,11.652,11.538,11.538,46806,0
20071221,11.752,11.752,11.444,11.645,76287,0
20071224,11.637,11.752,11.623,11.752,28363,0
20071226,11.767,11.845,11.724,11.831,50019,0
20071227,11.752,11.824,11.702,11.759,53098,0
20071228,11.752,11.824,11.666,11.744,50998,0
20071231,11.824,11.831,11.666,11.71,66929,0
20080102,11.773,11.981,11.687,11.945,115829,0
20080103,11.952,12.288,11.952,12.21,73075,0
20080104,12.167,12.167,12.01,12.032,65390,0
20080107,12.01,12.053,11.952,12.024,55191,0
20080108,12.074,12.167,12.024,12.059,42056,0
20080109,12.017,12.339,11.988,12.303,95151,0
20080110,12.325,12.425,12.174,12.311,51278,0
20080111,12.311,12.453,12.311,12.368,60499,0
20080114,12.368,12.439,12.368,12.382,41076,0
20080115,12.353,12.497,12.311,12.375,86489,0
20080116,12.325,12.453,12.325,12.41,17462,0
20080117,12.418,12.453,12.303,12.345,49321,0
20080118,12.375,12.41,12.146,12.325,53793,0
20080122,12.203,12.497,11.866,12.432,65110,0
20080123,12.525,12.625,12.368,12.525,58963,0
20080124,12.54,12.625,12.41,12.625,52395,0
20080125,12.639,12.818,12.497,12.497,47365,0
20080128,12.446,12.554,12.396,12.525,55470,0
20080129,12.525,12.632,12.475,12.489,55470,0
20080130,12.503,12.811,12.489,12.803,82434,0
20080131,12.876,12.89,12.739,12.854,57007,0
20080201,12.826,12.918,12.811,12.89,28363,0
20080204,13.019,13.421,12.968,12.997,138954,0
20080205,12.997,13.097,12.948,13.012,38001,0
20080206,13.019,13.162,13.005,13.055,38001,0
20080207,13.026,13.219,13.005,13.127,36931,0
20080208,13.07,13.211,12.955,12.99,68601,0
20080211,12.99,13.119,12.99,13.026,43594,0
20080212,13.097,13.191,13.012,13.14,47951,0
20080213,13.219,13.219,13.127,13.127,35156,0
20080214,13.234,13.234,12.574,12.876,168364,0
20080215,12.682,13.07,12.676,13.07,56448,0
20080219,13.162,13.169,12.883,12.911,36327,0
20080220,12.739,12.897,12.739,12.811,61459,0
20080221,12.897,12.897,12.546,12.611,64834,0
20080222,12.604,12.689,12.568,12.618,42056,0
20080225,12.582,12.668,12.561,12.618,31998,0
20080226,12.662,12.711,12.554,12.597,44432,0
20080227,12.668,12.733,12.618,12.618,39399,0
20080228,12.682,12.753,12.639,12.689,29063,0
20080229,12.597,12.632,12.54,12.574,30600,0
20080303,12.546,12.632,12.546,12.574,39961,0
20080304,12.525,12.632,12.382,12.475,48531,0
20080305,12.489,12.604,12.325,12.389,58963,0
20080306,12.339,12.483,12.167,12.167,66229,0
20080307,12.345,12.403,12.217,12.403,30880,0
20080310,12.303,12.375,12.024,12.038,40659,0
20080311,12.167,12.195,12.067,12.138,29593,0
20080312,11.931,11.988,11.759,11.838,35210,0
20080313,11.931,11.96,11.738,11.96,33883,0
20080314,11.981,12.024,11.881,11.923,39262,0
20080317,11.738,11.824,11.588,11.738,77126,0
20080318,11.802,11.923,11.795,11.845,41917,0
20080319,11.859,11.967,11.838,11.967,58963,0
20080320,11.931,12.024,11.859,11.974,29762,0
20080324,11.974,12.46,11.974,12.282,94454,0
20080325,12.331,12.389,12.059,12.311,52395,0
20080326,12.239,12.282,12.189,12.26,26823,0
20080327,12.396,12.46,12.375,12.453,22355,0
20080328,12.46,12.497,12.41,12.483,28922,0
20080331,12.511,12.525,12.425,12.453,22775,0
20080401,12.483,12.511,12.403,12.425,85090,0
20080402,12.561,12.568,12.425,12.425,27666,0
20080403,12.361,12.382,12.26,12.296,30040,0
20080404,12.296,12.361,12.203,12.21,47926,0
20080407,12.225,12.353,12.217,12.311,19840,0
20080408,12.317,12.368,12.274,12.274,48484,0
20080409,12.303,12.339,12.253,12.282,22078,0
20080410,12.282,12.317,12.181,12.181,33114,0
20080411,12.174,12.231,12.103,12.195,24591,0
20080414,12.195,12.195,12.059,12.081,28503,0
20080415,12.181,12.189,12.032,12.045,25288,0
20080416,12.074,12.138,12.074,12.116,16071,0
20080417,11.68,12.174,11.68,12.074,31170,0
20080418,12.138,12.174,12.059,12.074,41412,0
20080421,12.074,12.081,11.945,12.059,48784,0
20080422,12.116,12.16,12.095,12.103,40825,0
20080423,12.167,12.203,12.095,12.16,19978,0
20080424,12.124,12.195,12.124,12.167,27643,0
20080425,12.217,12.217,12.132,12.181,18898,0
20080428,12.282,12.288,12.088,12.103,35131,0
20080429,12.067,12.103,12.053,12.053,31520,0
20080430,12.053,12.103,12.038,12.045,26693,0
20080501,12.059,12.167,12.059,12.103,23941,0
20080502,12.059,12.146,12.032,12.146,26360,0
20080505,12.095,12.116,12.059,12.059,16764,0
20080506,12.038,12.074,11.974,12.074,30179,0
20080507,12.081,12.081,12.038,12.053,15706,0
20080508,12.081,12.103,12.032,12.095,28329,0
20080509,12.103,12.138,12.067,12.138,19472,0
20080512,12.16,12.195,12.124,12.174,23011,0
20080513,12.21,12.21,12.138,12.174,18881,0
20080514,12.203,12.225,12.167,12.225,21443,0
20080515,12.217,12.253,12.195,12.253,38262,0
20080516,12.396,12.396,12.253,12.296,46563,0
20080519,12.311,12.382,12.253,12.311,34272,0
20080520,12.331,12.331,12.225,12.253,39739,0
20080521,12.339,12.339,12.088,12.088,55589,0
20080522,12.152,12.189,12.103,12.167,38134,0
20080523,12.124,12.16,12.088,12.116,36175,0
20080527,12.167,12.189,12.081,12.116,97779,0
20080528,12.116,12.152,12.059,12.081,37518,0
20080529,12.088,12.124,12.081,12.081,41529,0
20080530,12.024,12.081,11.902,11.952,91069,0
20080602,11.952,12.024,11.931,11.96,183693,0
20080603,11.967,11.996,11.931,11.996,112597,0
20080604,12.045,12.045,11.96,11.996,35279,0
20080605,12.002,12.053,12.002,12.024,26252,0
20080606,12.032,12.045,11.981,12.045,24730,0
20080609,12.038,12.074,12.017,12.059,18747,0
20080610,11.988,12.024,11.974,12.01,14425,0
20080611,11.666,11.73,11.659,11.73,32802,0
20080612,11.724,11.752,11.637,11.645,25326,0
20080613,11.573,11.645,11.565,11.602,43905,0
20080616,11.551,11.588,11.53,11.558,11692,0
20080617,11.551,11.588,11.515,11.515,12741,0
20080618,11.494,11.609,11.494,11.609,56511,0
20080619,11.588,11.673,11.588,11.673,32372,0
20080620,11.588,11.645,11.501,11.501,24194,0
20080623,11.444,11.558,11.444,11.558,33260,0
20080624,11.501,11.515,11.424,11.473,49415,0
20080625,11.43,11.551,11.416,11.551,28935,0
20080626,11.538,11.558,11.43,11.538,49034,0
20080627,11.451,11.573,11.43,11.573,32160,0
20080630,11.473,11.58,11.473,11.501,46290,0
20080701,11.48,11.515,11.416,11.424,31247,0
20080702,11.523,11.609,11.265,11.265,30133,0
20080703,11.214,11.272,11.201,11.272,32955,0
20080707,11.258,11.258,10.993,11.107,58557,0
20080708,11.042,11.042,10.692,11,105058,0
20080709,11.058,11.151,11.036,11.036,36550,0
20080710,11.03,11.073,11.016,11.05,39499,0
20080711,10.972,11.1,10.972,11.042,26021,0
20080714,11.144,11.144,10.985,10.985,28700,0
20080715,10.894,10.908,10.699,10.793,88351,0
20080716,10.714,10.993,10.714,10.908,104846,0
20080717,10.908,11.187,10.908,11.151,85946,0
20080718,11.18,11.272,11.122,11.252,25984,0
20080721,11.265,11.336,11.265,11.309,19856,0
20080722,11.366,11.373,11.229,11.373,18484,0
20080723,11.394,11.494,11.351,11.494,69541,0
20080724,11.451,11.451,11.315,11.379,43063,0
20080725,11.344,11.408,11.315,11.351,43100,0
20080728,11.351,11.451,11.351,11.351,41892,0
20080729,11.387,11.544,11.387,11.515,33301,0
20080730,11.466,11.523,11.451,11.515,20752,0
20080731,11.43,11.588,11.43,11.588,49533,0
20080801,11.588,11.637,11.523,11.616,21405,0
20080804,11.595,11.645,11.53,11.623,65939,0
20080805,11.558,11.63,11.558,11.595,21848,0
20080806,11.623,11.659,11.565,11.595,18730,0
20080807,11.58,11.595,11.551,11.565,99407,0
20080808,11.501,11.565,11.451,11.538,34564,0
20080811,11.551,11.68,11.523,11.68,59044,0
20080812,11.68,11.694,11.558,11.58,23998,0
20080813,11.63,11.63,11.466,11.473,52038,0
20080814,11.458,11.659,11.458,11.602,28682,0
20080815,11.637,11.637,11.451,11.451,15241,0
20080818,11.458,11.508,11.451,11.473,22974,0
20080819,11.48,11.544,11.451,11.544,10488,0
20080820,11.487,11.501,11.436,11.487,12135,0
20080821,11.466,11.609,11.466,11.609,25445,0
20080822,11.595,11.694,11.565,11.63,24573,0
20080825,11.666,11.673,11.53,11.53,32722,0
20080826,11.494,11.558,11.458,11.487,23303,0
20080827,11.451,11.558,11.451,11.48,30790,0
20080828,11.523,11.544,11.501,11.501,15750,0
20080829,11.466,11.565,11.466,11.551,63991,0
20080902,11.523,11.544,11.508,11.508,9158,0
20080903,11.494,11.494,11.43,11.466,33251,0
20080904,11.458,11.473,11.387,11.387,41679,0
20080905,11.351,11.387,11.279,11.387,33675,0
20080908,11.458,11.515,11.458,11.501,39709,0
20080909,11.466,11.508,11.43,11.43,30804,0
20080910,11.43,11.43,11.265,11.351,47222,0
20080911,11.042,11.042,10.915,11.008,39965,0
20080912,10.951,11.016,10.85,10.871,33076,0
20080915,10.699,10.722,10.421,10.442,88528,0
20080916,10.356,10.356,10.028,10.227,105034,0
20080917,10.199,10.22,9.877,9.971,198042,0
20080918,9.92,9.941,9.512,9.913,156447,0
20080919,10.442,10.55,10.335,10.413,74454,0
20080922,10.371,10.493,10.348,10.493,20476,0
20080923,10.442,10.55,10.291,10.406,84554,0
20080924,10.399,10.55,10.399,10.55,63717,0
20080925,10.485,10.714,10.485,10.699,54039,0
20080926,10.615,10.744,10.6,10.707,59493,0
20080929,10.592,10.629,10.291,10.291,134434,0
20080930,10.314,10.493,10.277,10.485,54419,0
20081001,10.585,10.692,10.421,10.692,37864,0
20081002,10.649,10.972,10.634,10.858,44428,0
20081003,10.764,10.993,10.736,10.871,19179,0
20081006,10.528,10.665,10.306,10.306,177053,0
20081007,10.592,10.592,10.379,10.499,72490,0
20081008,10.951,10.951,10.385,10.634,152148,0
20081009,10.979,10.979,10.048,10.085,85143,0
20081010,9.605,10.485,8.6601,10.485,113324,0
20081013,11.666,11.666,10.749,11.43,89013,0
20081014,11.466,11.508,11.036,11.309,43287,0
20081015,11.023,11.065,10.592,10.714,42484,0
20081016,10.729,11.023,10.356,10.985,56956,0
20081017,11.042,11.13,10.665,10.915,36178,0
20081020,10.951,11.466,10.951,11.107,35209,0
20081021,10.878,11.208,10.878,11.208,58701,0
20081022,11.18,11.229,10.985,11.229,21022,0
20081023,11.272,11.272,10.764,10.8,49469,0
20081024,10.45,10.829,10.314,10.47,33290,0
20081027,10.736,10.806,10.192,10.199,85750,0
20081028,10.27,10.413,10.234,10.406,34967,0
20081029,10.564,10.665,10.285,10.634,75557,0
20081030,10.829,10.921,10.585,10.894,50654,0
20081031,11.087,11.087,10.714,10.771,30667,0
20081103,10.806,10.951,10.757,10.814,49024,0
20081104,10.871,11.058,10.844,10.985,47447,0
20081105,10.793,10.972,10.793,10.878,41569,0
20081106,10.736,10.921,10.564,10.665,75610,0
20081107,10.806,10.806,10.592,10.6,34024,0
20081110,10.806,10.829,10.577,10.6,37028,0
20081111,10.6,10.736,10.385,10.736,39723,0
20081112,10.456,10.557,10.342,10.428,54494,0
20081113,10.249,10.6,10.206,10.463,53125,0
20081114,10.507,10.52,10.306,10.321,23951,0
20081117,10.348,10.371,10.077,10.127,59475,0
20081118,9.955,10.156,9.955,10.135,51627,0
20081119,10.034,10.105,9.963,10.013,43573,0
20081120,9.913,10.013,9.898,9.999,80669,0
20081121,9.991,10.227,9.984,10.034,57945,0
20081124,10.135,10.206,10.034,10.105,47579,0
20081125,10.07,10.234,10.07,10.234,39874,0
20081126,10.291,10.771,10.291,10.757,35941,0
20081128,10.507,10.985,10.442,10.915,41548,0
20081201,10.629,10.629,10.306,10.314,86967,0
20081202,10.665,10.665,10.249,10.413,66070,0
20081203,10.442,10.485,10.306,10.428,49608,0
20081204,10.348,10.55,10.348,10.421,53570,0
20081205,10.379,10.829,10.371,10.722,41322,0
20081208,10.692,10.85,10.577,10.729,65199,0
20081209,10.557,10.779,10.557,10.642,56990,0
20081210,10.686,10.829,10.493,10.607,71856,0
20081211,10.485,10.844,10.105,10.119,66280,0
20081212,10.148,10.45,10.099,10.348,92649,0
20081215,10.665,10.771,10.348,10.507,54679,0
20081216,10.736,10.736,10.17,10.45,125217,0
20081217,10.328,10.692,10.328,10.592,62733,0
20081218,10.806,10.836,10.543,10.729,330588,0
20081219,10.814,10.951,10.607,10.787,67964,0
20081222,10.787,11.042,10.557,10.821,384925,0
20081223,10.966,11.023,10.686,11.008,239942,0
20081224,11.05,11.058,10.779,11.058,155894,0
20081226,11.1,11.309,10.863,11.093,636866,0
20081229,11.208,11.208,10.936,11.023,166462,0
20081230,11.023,11.366,11.023,11.151,48964,0
20081231,11.379,11.451,11.214,11.401,165727,0
20090102,11.451,11.773,11.279,11.666,118420,0
20090105,11.738,11.809,11.252,11.623,72200,0
20090106,11.659,11.659,11.286,11.515,75161,0
20090107,11.48,11.659,11.451,11.616,27702,0
20090108,11.616,11.616,11.53,11.595,20274,0
20090109,11.595,11.724,11.515,11.724,49133,0
20090112,11.767,11.767,11.494,11.645,62142,0
20090113,11.716,11.724,11.523,11.588,52711,0
20090114,11.63,11.63,11.466,11.515,26989,0
20090115,11.551,11.558,11.451,11.558,44237,0
20090116,11.738,11.744,11.558,11.73,45742,0
20090120,11.759,11.759,11.379,11.379,94113,0
20090121,11.523,11.609,11.322,11.523,50112,0
20090122,11.451,11.738,11.394,11.48,46567,0
20090123,11.523,11.63,11.458,11.508,36331,0
20090126,11.558,11.71,11.538,11.558,32342,0
20090127,11.724,11.724,11.595,11.645,76890,0
20090128,11.738,11.738,11.523,11.687,42666,0
20090129,11.702,11.702,11.558,11.659,38286,0
20090130,11.702,12.01,11.694,11.938,96051,0
20090202,11.952,11.952,11.809,11.895,41187,0
20090203,11.945,12.167,11.917,11.931,44622,0
20090204,11.988,12.124,11.881,12.002,57514,0
20090205,12.239,12.239,11.716,11.752,91932,0
20090206,11.895,12.053,11.744,11.902,34669,0
20090209,12.246,12.246,11.945,12.074,70794,0
20090210,12.088,12.11,11.974,12.038,113381,0
20090211,12.059,12.095,11.945,12.095,30764,0
20090212,12.116,12.116,11.866,12.024,41983,0
20090213,12.095,12.103,11.952,12.053,53600,0
20090217,12.017,12.095,11.817,12.095,72725,0
20090218,12.246,12.274,12.032,12.16,65103,0
20090219,12.167,12.167,11.96,12.095,48660,0
20090220,12.132,12.132,11.494,11.866,74468,0
20090223,11.945,11.952,11.344,11.366,64662,0
20090224,11.286,11.366,10.985,11.244,56853,0
20090225,11.294,11.336,11.065,11.244,88540,0
20090226,11.408,11.544,11.042,11.073,55640,0
20090227,11.023,11.144,10.958,11.023,43552,0
20090302,10.878,10.928,10.399,10.793,101970,0
20090303,10.779,10.985,10.757,10.928,41358,0
20090304,11.023,11.408,10.951,11.107,44389,0
20090305,11.13,11.164,10.714,10.736,58146,0
20090306,10.736,10.908,10.649,10.672,40777,0
20090309,10.615,10.665,10.485,10.615,76453,0
20090310,10.672,11.093,10.672,10.985,32911,0
20090311,10.972,10.979,10.771,10.814,37044,0
20090312,10.901,11.137,10.821,11.05,40828,0
20090313,11.172,11.172,10.886,11.008,29580,0
20090316,11.093,11.1,10.878,10.886,62249,0
20090317,10.921,10.972,10.878,10.936,30324,0
20090318,10.878,10.966,10.878,10.878,56727,0
20090319,10.943,11.309,10.871,11.008,93890,0
20090320,11.115,11.115,10.943,10.972,45896,0
20090323,11.164,11.214,11.03,11.05,55895,0
20090324,11.157,11.157,10.943,10.943,64238,0
20090325,11.065,11.222,11,11.164,57096,0
20090326,11.222,11.237,11.13,11.208,35649,0
20090327,11.279,11.279,11.087,11.137,46955,0
20090330,11.093,11.1,11.036,11.087,37399,0
20090331,11.201,11.201,11.065,11.151,37164,0
20090401,11.214,11.237,11.151,11.237,47145,0
20090402,11.401,11.508,11.258,11.302,67805,0
20090403,11.373,11.379,11.208,11.229,45565,0
20090406,11.229,11.265,11.13,11.208,39538,0
20090407,11.222,11.229,11.137,11.201,41678,0
20090408,11.344,11.444,11.309,11.444,34272,0
20090409,11.666,11.673,11.366,11.673,46376,0
20090413,11.767,11.881,11.494,11.523,52679,0
20090414,11.573,11.809,11.501,11.68,31069,0
20090415,11.809,11.809,11.652,11.702,33449,0
20090416,11.817,11.881,11.738,11.738,27567,0
20090417,11.845,11.881,11.666,11.852,36702,0
20090420,11.738,11.852,11.716,11.802,34621,0
20090421,11.802,11.831,11.702,11.71,30464,0
20090422,11.824,11.824,11.63,11.637,69908,0
20090423,11.716,11.724,11.659,11.724,46870,0
20090424,11.738,11.824,11.73,11.759,16464,0
20090427,11.738,11.795,11.716,11.781,45390,0
20090428,11.738,11.795,11.716,11.759,41999,0
20090429,11.759,11.787,11.666,11.752,105942,0
20090430,11.809,11.824,11.68,11.767,35663,0
20090501,11.795,11.802,11.702,11.773,22368,0
20090504,11.831,11.881,11.724,11.73,56602,0
20090505,11.767,11.866,11.724,11.795,22222,0
20090506,11.931,11.931,11.738,11.781,32318,0
20090507,11.874,11.881,11.687,11.687,63727,0
20090508,11.809,11.845,11.637,11.738,58754,0
20090511,11.652,11.752,11.652,11.71,25562,0
20090512,11.724,11.802,11.666,11.694,36396,0
20090513,11.652,11.73,11.487,11.666,48728,0
20090514,11.738,11.881,11.451,11.73,51260,0
20090515,11.781,11.781,11.573,11.623,28441,0
20090518,11.71,11.767,11.616,11.724,48186,0
20090519,11.795,11.988,11.787,11.938,61909,0
20090520,12.095,12.095,11.909,12.032,43498,0
20090521,12.032,12.053,11.802,12.024,96823,0
20090522,11.974,12.024,11.881,11.996,34151,0
20090526,11.974,11.996,11.831,11.996,64161,0
20090527,12.01,12.053,11.902,11.952,31503,0
20090528,11.988,11.988,11.874,11.952,47922,0
20090529,11.981,12.017,11.888,12.017,47054,0
20090601,12.024,12.095,11.988,12.002,32615,0
20090602,11.974,12.024,11.817,11.888,20159,0
20090603,11.874,11.974,11.859,11.974,23944,0
20090604,12.017,12.024,11.988,12.002,11028,0
20090605,12.095,12.095,12.002,12.095,18824,0
20090608,11.945,12.132,11.902,12.045,38369,0
20090609,12.053,12.095,12.002,12.095,48976,0
20090610,12.095,12.11,11.996,12.095,21184,0
20090611,11.881,11.917,11.652,11.767,83459,0
20090612,11.781,11.795,11.637,11.724,30180,0
20090615,11.724,11.724,11.451,11.523,26687,0
20090616,11.666,11.666,11.023,11.424,125638,0
20090617,11.473,11.487,11.302,11.43,51687,0
20090618,11.436,11.558,11.416,11.501,47910,0
20090619,11.494,11.595,11.424,11.595,26140,0
20090622,11.623,11.623,11.451,11.451,50970,0
20090623,11.544,11.588,11.523,11.558,16527,0
20090624,11.623,11.645,11.58,11.63,14834,0
20090625,11.551,11.724,11.551,11.724,37693,0
20090626,11.787,11.838,11.702,11.809,23413,0
20090629,11.931,11.981,11.881,11.981,28358,0
20090630,11.981,12.081,11.981,12.081,33491,0
20090701,12.146,12.167,12.116,12.167,41255,0
20090702,12.138,12.195,12.116,12.167,23445,0
20090706,11.981,12.203,11.981,12.167,23839,0
20090707,12.195,12.203,12.01,12.11,34219,0
20090708,11.988,12.195,11.988,12.095,20379,0
20090709,12.132,12.132,12.045,12.116,24553,0
20090710,12.132,12.152,12.067,12.132,34457,0
20090713,12.152,12.246,12.146,12.246,32288,0
20090714,12.239,12.239,12.002,12.024,50995,0
20090715,12.059,12.067,11.974,12.017,35730,0
20090716,12.01,12.081,11.996,12.081,41338,0
20090717,12.124,12.132,12.103,12.132,38254,0
20090720,12.189,12.203,12.167,12.203,86984,0
20090721,12.174,12.203,11.809,12.116,75625,0
20090722,12.167,12.217,12.095,12.195,70970,0
20090723,12.167,12.203,12.116,12.203,52141,0
20090724,12.203,12.203,12.138,12.152,50085,0
20090727,12.195,12.195,12.103,12.103,39041,0
20090728,12.116,12.152,12.103,12.152,34546,0
20090729,12.103,12.167,12.103,12.167,36398,0
20090730,12.132,12.132,12.11,12.124,57818,0
20090731,12.132,12.189,12.103,12.189,33141,0
20090803,12.195,12.239,12.146,12.21,46176,0
20090804,12.132,12.225,12.132,12.225,58876,0
20090805,12.146,12.203,12.132,12.203,36213,0
20090806,12.203,12.239,12.146,12.217,37043,0
20090807,12.203,12.225,12.174,12.225,23639,0
20090810,12.217,12.217,12.152,12.217,35607,0
20090811,12.167,12.231,12.167,12.203,29838,0
20090812,12.181,12.217,12.167,12.217,70127,0
20090813,12.225,12.253,12.181,12.21,29367,0
20090814,12.195,12.203,12.189,12.203,34424,0
20090817,12.167,12.225,12.132,12.195,57111,0
20090818,12.203,12.239,12.174,12.239,34045,0
20090819,12.203,12.239,12.132,12.203,65524,0
20090820,12.189,12.203,12.167,12.203,40438,0
20090821,12.203,12.21,12.146,12.195,57865,0
20090824,12.16,12.231,12.146,12.231,36242,0
20090825,12.26,12.268,12.167,12.239,26440,0
20090826,12.231,12.239,12.174,12.231,31199,0
20090827,12.174,12.231,12.174,12.21,28737,0
20090828,12.181,12.246,12.181,12.246,36021,0
20090831,12.217,12.217,12.181,12.181,27210,0
20090901,12.181,12.195,12.146,12.174,52720,0
20090902,12.174,12.217,12.152,12.217,63515,0
20090903,12.189,12.239,12.16,12.189,67195,0
20090904,12.26,12.268,12.21,12.26,34725,0
20090908,12.274,12.425,12.268,12.274,50752,0
20090909,12.296,12.396,12.253,12.382,20718,0
20090910,12.389,12.503,12.325,12.439,72984,0
20090911,12.146,12.41,12.146,12.296,43613,0
20090914,12.311,12.446,12.181,12.288,84721,0
20090915,12.325,15.029,12.217,12.41,73971,0
20090916,12.41,12.719,12.41,12.475,92135,0
20090917,12.489,12.503,12.418,12.503,54995,0
20090918,12.525,12.662,12.439,12.611,74198,0
20090921,12.589,12.654,12.403,12.654,35185,0
20090922,12.647,12.997,12.639,12.654,87265,0
20090923,12.776,13.699,12.589,12.668,62517,0
20090924,12.503,12.733,12.503,12.574,40853,0
20090925,12.489,12.668,12.475,12.611,59688,0
20090928,12.746,12.776,12.625,12.676,41010,0
20090929,12.676,12.689,12.403,12.611,35981,0
20090930,12.647,12.704,12.618,12.704,39795,0
20091001,12.753,12.797,12.733,12.797,41314,0
20091002,12.739,12.797,12.689,12.797,45314,0
20091005,12.811,12.876,12.719,12.868,37872,0
20091006,12.876,12.897,12.704,12.753,59849,0
20091007,12.704,12.826,12.704,12.797,26352,0
20091008,12.739,12.904,12.668,12.711,40846,0
20091009,12.668,12.753,12.554,12.568,39650,0
20091012,12.525,12.625,12.475,12.625,55204,0
20091013,12.662,12.662,12.532,12.574,26754,0
20091014,12.54,12.719,12.532,12.668,45729,0
20091015,12.561,12.682,12.525,12.682,21363,0
20091016,12.582,12.625,12.453,12.525,43967,0
20091019,12.432,12.625,12.432,12.618,23399,0
20091020,12.739,12.753,12.632,12.639,23138,0
20091021,12.632,12.689,12.525,12.689,14773,0
20091022,12.668,12.761,12.632,12.719,39598,0
20091023,12.668,12.84,12.639,12.711,35435,0
20091026,12.711,12.803,12.662,12.704,30696,0
20091027,12.753,12.753,12.361,12.46,40523,0
20091028,12.525,12.525,12.189,12.189,58447,0
20091029,12.21,12.303,11.988,11.988,63790,0
20091030,11.996,11.996,11.53,11.588,117957,0
20091102,11.58,11.802,11.53,11.645,28016,0
20091103,11.609,11.952,11.588,11.881,43853,0
20091104,11.888,12.032,11.888,12.024,32991,0
20091105,11.967,12.088,11.845,11.866,48186,0
20091106,11.859,11.938,11.781,11.938,44169,0
20091109,11.909,12.074,11.824,12.059,47409,0
20091110,11.96,11.96,11.63,11.938,91761,0
20091111,11.945,11.945,11.773,11.881,65950,0
20091112,11.831,11.895,11.687,11.73,29770,0
20091113,11.666,11.917,11.609,11.673,126676,0
20091116,11.659,11.809,11.63,11.71,353156,0
20091117,11.645,11.759,11.645,11.738,90519,0
20091118,11.666,11.838,11.659,11.838,127635,0
20091119,11.817,11.881,11.73,11.881,136403,0
20091120,11.781,11.945,11.781,11.945,31603,0
20091123,12.01,12.053,11.852,12.053,49094,0
20091124,12.045,12.059,11.881,11.952,39025,0
20091125,11.952,12.095,11.952,12.095,51512,0
20091127,12.01,12.081,12.01,12.059,13341,0
20091130,12.045,12.095,12.045,12.095,52335,0
20091201,12.095,12.16,12.088,12.16,62450,0
20091202,12.16,12.331,12.16,12.325,44439,0
20091203,12.361,12.517,12.353,12.517,40653,0
20091204,12.525,12.597,12.489,12.54,34591,0
20091207,12.46,12.632,12.46,12.632,22314,0
20091208,12.453,12.833,12.389,12.453,72706,0
20091209,12.517,12.618,12.296,12.453,35375,0
20091210,12.503,12.511,12.282,12.503,67497,0
20091211,12.203,12.345,12.189,12.296,26949,0
20091214,12.268,12.282,12.138,12.274,30096,0
20091215,12.288,12.296,12.174,12.21,38489,0
20091216,12.239,12.361,12.239,12.26,28074,0
20091217,12.239,12.468,12.152,12.375,85008,0
20091218,12.446,12.446,12.239,12.268,37139,0
20091221,12.239,12.325,12.203,12.274,32255,0
20091222,12.26,12.468,12.253,12.453,33790,0
20091223,12.418,12.689,12.389,12.517,34892,0
20091224,12.453,12.682,12.453,12.662,40403,0
20091228,12.704,12.704,12.554,12.582,22930,0
20091229,12.525,12.668,12.525,12.662,25674,0
20091230,12.639,12.668,12.382,12.396,38065,0
20091231,12.489,12.489,12.331,12.331,16751,0
20100104,12.274,12.339,12.253,12.274,29464,0
20100105,12.274,12.468,12.274,12.468,39039,0
20100106,12.41,12.46,12.317,12.453,33047,0
20100107,12.382,12.503,12.353,12.396,33058,0
20100108,12.368,12.453,12.368,12.375,33589,0
20100111,12.345,12.439,12.345,12.403,46547,0
20100112,12.317,12.425,12.274,12.425,27857,0
20100113,12.368,12.446,12.26,12.446,45696,0
20100114,12.368,12.382,12.167,12.167,51031,0
20100115,12.167,12.21,12.095,12.138,45294,0
20100119,12.081,12.282,11.909,11.909,42697,0
20100120,11.902,11.96,11.859,11.859,62812,0
20100121,11.909,12.067,11.852,12.059,39083,0
20100122,12.116,12.124,11.917,11.917,30457,0
20100125,12.024,12.024,11.702,11.795,44092,0
20100126,11.716,11.831,11.652,11.716,59002,0
20100127,11.652,11.752,11.602,11.623,33576,0
20100128,11.595,11.716,11.595,11.659,34044,0
20100129,11.68,11.702,11.595,11.645,38143,0
20100201,11.687,11.817,11.659,11.702,33093,0
20100202,11.659,11.809,11.659,11.809,17898,0
20100203,11.767,11.874,11.767,11.817,17119,0
20100204,11.817,11.824,11.63,11.68,30144,0
20100205,11.616,11.687,11.43,11.673,66139,0
20100208,11.573,11.666,11.558,11.616,32533,0
20100209,11.616,11.68,11.53,11.68,41815,0
20100210,11.63,11.73,11.523,11.73,61874,0
20100211,11.724,11.724,11.63,11.68,36206,0
20100212,11.659,11.694,11.645,11.666,16669,0
20100216,11.652,11.738,11.652,11.738,42230,0
20100217,11.687,11.795,11.687,11.767,33562,0
20100218,11.702,11.866,11.659,11.802,36041,0
20100219,11.845,11.917,11.687,11.817,28760,0
20100222,11.759,11.909,11.759,11.838,28046,0
20100223,11.759,11.881,11.724,11.859,46468,0
20100224,11.909,12.059,11.859,12.038,39611,0
20100225,11.967,12.081,11.952,11.952,28396,0
20100226,11.974,12.059,11.974,12.059,10704,0
20100301,12.124,12.225,11.974,11.988,45139,0
20100302,12.002,12.059,11.988,12.002,88315,0
20100303,12.067,12.116,12.002,12.088,38422,0
20100304,12.059,12.11,12.017,12.045,23502,0
20100305,12.053,12.174,12.024,12.167,31124,0
20100308,12.167,12.231,12.11,12.231,42583,0
20100309,12.225,12.268,12.167,12.239,55485,0
20100310,12.195,12.253,12.195,12.21,27769,0
20100311,11.981,12.124,11.938,12.038,44162,0
20100312,11.981,12.045,11.809,11.888,63402,0
20100315,12.002,12.002,11.852,11.945,25166,0
20100316,11.909,11.967,11.852,11.909,64254,0
20100317,11.866,11.96,11.866,11.902,43561,0
20100318,11.866,12.067,11.866,11.902,40148,0
20100319,11.881,11.967,11.809,11.838,27380,0
20100322,11.809,11.981,11.809,11.845,54449,0
20100323,11.852,11.909,11.738,11.866,40299,0
20100324,11.787,11.881,11.787,11.838,31342,0
20100325,11.809,11.866,11.802,11.866,21016,0
20100326,11.881,11.881,11.809,11.824,26991,0
20100329,11.824,11.845,11.787,11.838,33820,0
20100330,11.802,11.866,11.759,11.866,23018,0
20100331,11.817,11.974,11.817,11.974,39291,0
20100401,12.017,12.017,11.931,12.017,23162,0
20100405,11.967,12.067,11.945,12.024,30868,0
20100406,12.024,12.038,11.952,11.952,21783,0
20100407,11.931,11.981,11.824,11.974,37556,0
20100408,11.952,12.067,11.938,11.988,22775,0
20100409,11.945,11.945,11.824,11.874,41410,0
20100412,11.859,11.917,11.824,11.888,20598,0
20100413,11.824,11.888,11.824,11.859,12625,0
20100414,11.809,11.888,11.702,11.859,23673,0
20100415,11.802,11.852,11.752,11.838,21500,0
20100416,11.831,11.831,11.752,11.795,12794,0
20100419,11.781,11.781,11.744,11.752,20752,0
20100420,11.752,11.795,11.738,11.767,25575,0
20100421,11.716,11.773,11.68,11.773,32540,0
20100422,11.767,11.988,11.752,11.974,70823,0
20100423,11.968,12.027,11.887,11.917,44998,0
20100426,11.902,11.974,11.881,11.974,21705,0
20100427,12.002,12.088,11.881,12.032,32775,0
20100428,12.074,12.074,11.917,12.017,20420,0
20100429,12.017,12.132,12.017,12.116,26267,0
20100430,12.067,12.11,12.024,12.045,14186,0
20100503,12.059,12.088,12.024,12.074,13530,0
20100504,12.231,12.231,11.881,11.881,39390,0
20100505,11.881,11.917,11.565,11.565,44090,0
20100506,11.595,12.16,9.461,11.809,254971,0
20100507,11.523,11.744,11.087,11.702,136550,0
20100510,11.874,12.174,11.68,12.167,74696,0
20100511,12.095,12.095,11.895,12.024,20375,0
20100512,11.988,12.024,11.923,11.945,25310,0
20100513,11.917,11.923,11.565,11.616,101545,0
20100514,11.501,11.637,11.451,11.623,21898,0
20100517,11.595,11.645,11.366,11.623,26776,0
20100518,11.73,11.73,11.595,11.63,29919,0
20100519,11.58,11.588,11.208,11.237,120736,0
20100520,10.936,11.201,10.936,11.1,45291,0
20100521,11.093,11.351,11.073,11.265,81452,0
20100524,11.265,11.436,11.073,11.33,23709,0
20100525,11.208,11.309,11.122,11.201,155831,0
20100526,11.237,11.487,11.237,11.424,70200,0
20100527,11.458,11.595,11.458,11.53,22812,0
20100528,11.551,11.687,11.473,11.666,68249,0
20100601,11.63,11.673,11.494,11.494,59168,0
20100602,11.551,11.63,11.473,11.53,24540,0
20100603,11.573,11.602,11.466,11.494,42517,0
20100604,11.451,11.616,11.451,11.58,32264,0
20100607,11.595,11.702,11.538,11.702,47548,0
20100608,11.68,11.687,11.53,11.68,46162,0
20100609,11.666,11.687,11.602,11.645,42117,0
20100610,11.652,11.687,11.609,11.687,26118,0
20100611,11.451,11.558,11.351,11.558,25649,0
20100614,11.558,11.637,11.487,11.637,15020,0
20100615,11.637,11.637,11.538,11.58,27403,0
20100616,11.565,11.595,11.451,11.494,29859,0
20100617,11.48,11.588,11.473,11.551,18190,0
20100618,11.58,11.63,11.558,11.63,16389,0
20100621,11.63,11.666,11.544,11.588,29831,0
20100622,11.538,11.609,11.53,11.588,16577,0
20100623,11.538,11.659,11.538,11.609,35093,0
20100624,11.595,11.702,11.595,11.637,41753,0
20100625,11.609,11.659,11.609,11.63,17653,0
20100628,11.659,11.809,11.659,11.781,19616,0
20100629,11.738,11.845,11.71,11.738,45696,0
20100630,11.722,11.729,11.602,11.729,44002,0
20100701,11.767,11.787,11.602,11.616,41961,0
20100702,11.58,11.616,11.538,11.538,10760,0
20100706,11.558,11.702,11.558,11.702,15748,0
20100707,11.637,11.759,11.595,11.666,34753,0
20100708,11.652,11.824,11.652,11.781,43604,0
20100709,11.809,11.809,11.68,11.702,15147,0
20100712,11.73,11.845,11.73,11.845,30369,0
20100713,11.845,11.859,11.694,11.759,62418,0
20100714,11.738,11.809,11.659,11.767,31911,0
20100715,11.752,11.824,11.602,11.702,33992,0
20100716,11.759,11.787,11.71,11.781,18247,0
20100719,11.773,11.787,11.702,11.702,14445,0
20100720,11.666,11.787,11.666,11.787,46374,0
20100721,11.787,11.881,11.787,11.881,27464,0
20100722,11.881,11.881,11.809,11.845,47281,0
20100723,11.845,11.981,11.845,11.881,26964,0
20100726,11.917,11.988,11.881,11.988,56241,0
20100727,12.032,12.045,11.874,11.923,30310,0
20100728,11.888,11.952,11.1,11.866,32313,0
20100729,11.845,11.988,11.845,11.967,24091,0
20100730,11.967,12.038,11.952,12.032,18820,0
20100802,12.088,12.132,11.996,11.996,22255,0
20100803,12.032,12.095,12.017,12.045,39908,0
20100804,12.017,12.217,12.017,12.21,51896,0
20100805,12.152,12.217,12.152,12.189,21110,0
20100806,12.174,12.231,12.124,12.167,19029,0
20100809,12.167,12.311,12.167,12.268,45386,0
20100810,12.189,12.303,12.132,12.282,30382,0
20100811,12.167,12.311,12.167,12.225,31855,0
20100812,12.203,12.203,12.116,12.132,33641,0
20100813,12.095,12.268,12.088,12.26,19213,0
20100816,12.268,12.311,12.11,12.181,71051,0
20100817,12.174,12.432,12.138,12.325,30739,0
20100818,12.361,12.361,12.246,12.246,35764,0
20100819,12.239,12.331,12.239,12.268,26328,0
20100820,12.368,12.396,12.21,12.21,41139,0
20100823,12.239,12.331,12.21,12.311,31055,0
20100824,12.303,12.425,12.274,12.403,48433,0
20100825,12.311,12.41,12.311,12.339,40015,0
20100826,12.339,12.345,12.138,12.174,79616,0
20100827,12.11,12.181,12.017,12.138,28868,0
20100830,12.195,12.21,12.103,12.195,28008,0
20100831,12.166,12.365,12.166,12.306,22382,0
20100901,12.303,12.446,12.288,12.439,35336,0
20100902,12.453,12.453,12.26,12.331,22739,0
20100903,12.403,12.446,12.246,12.246,37633,0
20100907,12.174,12.41,12.053,12.382,62599,0
20100908,12.554,12.753,12.225,12.389,41763,0
20100909,12.489,12.554,12.361,12.546,47603,0
20100910,12.554,12.647,12.46,12.525,62036,0
20100913,12.331,12.331,12.189,12.288,35666,0
20100914,12.282,12.345,12.167,12.189,24493,0
20100915,12.16,12.253,12.116,12.195,34158,0
20100916,12.16,12.195,11.988,12.032,52972,0
20100917,12.081,12.225,12.081,12.167,36728,0
20100920,12.174,12.339,12.174,12.339,41348,0
20100921,12.303,12.453,12.268,12.282,31477,0
20100922,12.331,12.382,12.311,12.339,28611,0
20100923,12.339,12.483,12.253,12.475,69815,0
20100924,12.446,12.468,12.432,12.468,20957,0
20100927,12.382,12.46,12.325,12.361,67595,0
20100928,12.317,12.375,12.225,12.253,53060,0
20100929,12.181,12.368,12.181,12.331,15883,0
20100930,12.32,12.365,12.144,12.365,78648,0
20101001,12.403,12.403,12.16,12.181,80229,0
20101004,12.11,12.282,12.11,12.231,34151,0
20101005,12.189,12.325,12.189,12.231,18103,0
20101006,12.195,12.375,12.195,12.375,29604,0
20101007,12.339,12.339,12.239,12.325,26666,0
20101008,12.288,12.361,12.246,12.325,24871,0
20101011,12.282,12.368,12.181,12.231,49517,0
20101012,12.268,12.331,12.253,12.331,14319,0
20101013,12.331,12.418,12.274,12.353,34874,0
20101014,12.353,12.389,12.331,12.353,26121,0
20101015,12.396,12.446,12.317,12.389,35806,0
20101018,12.403,12.403,12.331,12.353,28876,0
20101019,12.246,12.311,12.246,12.282,33235,0
20101020,12.253,12.345,12.253,12.303,60663,0
20101021,12.268,12.303,12.239,12.268,32992,0
20101022,12.268,12.282,12.195,12.217,28620,0
20101025,12.21,12.339,12.21,12.325,36364,0
20101026,12.246,12.353,12.246,12.282,36543,0
20101027,12.274,12.425,12.274,12.353,44633,0
20101028,12.403,12.403,12.268,12.353,37333,0
20101029,12.327,12.41,12.327,12.372,37437,0
20101101,12.375,12.425,12.361,12.403,30095,0
20101102,12.418,12.503,12.389,12.497,22229,0
20101103,12.483,12.517,12.345,12.345,16610,0
20101104,12.396,12.639,12.396,12.46,45840,0
20101105,12.468,12.568,12.46,12.54,28047,0
20101108,12.554,12.597,12.432,12.54,42451,0
20101109,12.574,12.574,12.375,12.382,29917,0
20101110,12.203,12.268,12.174,12.268,67568,0
20101111,12.225,12.253,12.116,12.174,53396,0
20101112,12.167,12.217,12.152,12.203,22834,0
20101115,12.167,12.274,12.11,12.138,23573,0
20101116,12.095,12.11,11.752,11.845,60938,0
20101117,11.787,12.002,11.781,11.96,35575,0
20101118,11.967,12.132,11.952,12.024,37617,0
20101119,12.045,12.074,11.952,11.974,16565,0
20101122,11.974,11.974,11.881,11.902,18160,0
20101123,11.859,11.902,11.637,11.831,27321,0
20101124,11.881,11.967,11.852,11.931,23430,0
20101126,11.938,11.996,11.931,11.96,6635,0
20101129,11.945,11.974,11.831,11.888,14778,0
20101130,11.917,12.086,11.887,12.027,28897,0
20101201,12.045,12.074,11.945,12.024,14326,0
20101202,11.996,11.996,11.687,11.866,71799,0
20101203,11.852,11.902,11.809,11.831,25474,0
20101206,11.831,11.974,11.817,11.96,30489,0
20101207,12.088,12.088,11.824,11.838,27164,0
20101208,11.881,11.881,11.673,11.702,27660,0
20101209,11.752,11.759,11.501,11.508,49576,0
20101210,11.53,11.595,11.508,11.515,31859,0
20101213,11.33,11.33,10.806,10.814,151906,0
20101214,10.814,10.915,10.707,10.886,64261,0
20101215,10.871,10.972,10.757,10.972,56821,0
20101216,10.899,11.052,10.868,10.979,48726,0
20101217,10.958,11.016,10.836,10.836,48052,0
20101220,10.844,10.901,10.814,10.858,29249,0
20101221,10.821,11.03,10.821,11.03,41175,0
20101222,11.008,11.157,11.008,11.093,26556,0
20101223,11.036,11.18,11.036,11.172,28692,0
20101227,11.151,11.222,11.087,11.201,23306,0
20101228,11.265,11.272,11.115,11.208,22981,0
20101229,11.153,11.227,11.086,11.199,30801,0
20101230,11.131,11.227,11.063,11.175,67974,0
20101231,11.209,11.24,11.115,11.201,25660,0
20110103,11.279,11.279,11.195,11.208,20412,0
20110104,11.187,11.258,11.157,11.157,21699,0
20110105,11.122,11.195,11.122,11.187,20840,0
20110106,11.151,11.201,11.13,11.18,19662,0
20110107,11.157,11.195,11.144,11.195,16958,0
20110110,11.164,11.18,11.1,11.144,30849,0
20110111,11.115,11.18,11.115,11.172,41202,0
20110112,11.137,11.244,11.137,11.214,31527,0
20110113,11.244,11.252,11.03,11.087,62913,0
20110114,11.065,11.065,10.908,10.985,42580,0
20110118,10.928,10.951,10.915,10.928,44431,0
20110119,10.927,10.935,10.891,10.891,22462,0
20110120,10.908,10.921,10.878,10.886,23168,0
20110121,10.894,10.966,10.894,10.966,21017,0
20110124,10.993,11.058,10.993,11.036,32529,0
20110125,10.928,10.993,10.901,10.928,51269,0
20110126,10.901,10.928,10.894,10.908,26616,0
20110127,10.886,10.915,10.821,10.85,33795,0
20110128,10.836,10.844,10.806,10.806,25463,0
20110131,10.85,10.858,10.809,10.826,28421,0
20110201,10.829,10.878,10.814,10.858,16945,0
20110202,10.821,10.858,10.8,10.844,26925,0
20110203,10.809,10.883,10.803,10.855,26331,0
20110204,10.863,10.863,10.821,10.858,28426,0
20110207,10.844,10.858,10.806,10.829,28916,0
20110208,10.821,10.85,10.749,10.806,42984,0
20110209,10.787,10.836,10.679,10.736,57825,0
20110210,10.664,10.737,10.628,10.679,104258,0
20110211,10.665,10.686,10.629,10.629,28896,0
20110214,10.6,10.736,10.577,10.729,55215,0
20110215,10.679,10.729,10.592,10.722,43008,0
20110216,10.744,10.771,10.699,10.736,50654,0
20110218,10.73,10.782,10.707,10.737,28737,0
20110222,10.707,10.714,10.629,10.686,59658,0
20110223,10.692,10.699,10.585,10.6,42671,0
20110224,10.642,10.686,10.607,10.665,21134,0
20110225,10.679,10.758,10.679,10.751,20109,0
20110228,10.787,10.787,10.688,10.733,47505,0
20110301,10.715,10.782,10.707,10.758,76941,0
20110302,10.774,10.774,10.679,10.745,47168,0
20110303,10.715,10.766,10.715,10.745,33863,0
20110304,10.723,10.774,10.679,10.751,32048,0
20110307,10.73,10.745,10.641,10.723,33931,0
20110308,10.692,10.737,10.692,10.723,31989,0
20110309,10.656,10.737,10.634,10.737,39927,0
20110310,10.715,10.73,10.634,10.679,53572,0
20110311,10.598,10.73,10.575,10.7,73347,0
20110314,10.634,10.758,10.555,10.7,52866,0
20110315,10.555,10.707,10.531,10.628,69705,0
20110316,10.672,10.707,10.62,10.649,57837,0
20110317,10.667,10.681,10.575,10.621,47412,0
20110318,10.62,10.686,10.539,10.539,60892,0
20110321,10.555,10.628,10.539,10.582,67373,0
20110322,10.606,10.692,10.569,10.656,43281,0
20110323,10.692,10.758,10.656,10.73,63263,0
20110324,10.751,10.766,10.664,10.664,24169,0
20110325,10.686,10.766,10.672,10.73,15974,0
20110328,10.715,10.758,10.656,10.715,34620,0
20110329,10.758,10.796,10.751,10.766,34978,0
20110330,10.774,10.789,10.7,10.7,28129,0
20110331,10.685,10.754,10.63,10.754,44137,0
20110401,10.796,10.803,10.715,10.715,46850,0
20110404,10.723,10.751,10.686,10.686,27990,0
20110405,10.628,10.692,10.628,10.641,27161,0
20110406,10.613,10.679,10.613,10.649,40291,0
20110407,10.62,10.679,10.606,10.641,29161,0
20110408,10.606,10.679,10.606,10.664,42368,0
20110411,10.634,10.745,10.634,10.723,81934,0
20110412,10.649,10.774,10.62,10.758,74382,0
20110413,10.715,10.848,10.686,10.825,144733,0
20110414,10.803,11.008,10.803,11.001,177737,0
20110415,10.979,11.008,10.92,10.972,69965,0
20110418,10.92,10.965,10.92,10.958,29918,0
20110419,10.935,10.993,10.935,10.993,50790,0
20110420,11.016,11.037,11.001,11.001,28888,0
20110421,10.985,11.016,10.942,10.942,35957,0
20110425,10.92,10.972,10.92,10.935,24397,0
20110426,10.927,11.008,10.927,10.979,30035,0
20110427,10.942,10.979,10.891,10.92,33715,0
20110428,10.958,11.016,10.958,10.993,16205,0
20110429,10.989,10.989,10.935,10.951,28230,0
20110502,10.985,11.001,10.958,10.993,23392,0
20110503,11.033,11.055,10.995,11.055,31544,0
20110504,11.016,11.016,10.927,10.979,21255,0
20110505,10.987,11.039,10.979,11.026,22590,0
20110506,11.044,11.052,11.008,11.052,22031,0
20110509,11.044,11.059,10.979,11.044,45043,0
20110510,11.03,11.067,11.016,11.067,37969,0
20110511,11.063,11.123,11.039,11.115,62613,0
20110512,11.11,11.126,11.088,11.103,13875,0
20110513,11.126,11.147,11.118,11.147,25794,0
20110516,11.147,11.161,11.133,11.161,20051,0
20110517,11.169,11.169,11.11,11.11,40756,0
20110518,11.103,11.11,11.016,11.024,44580,0
20110519,11.052,11.103,11.037,11.059,28946,0
20110520,11.047,11.107,11.011,11.026,44615,0
20110523,11.037,11.044,10.993,11.001,66232,0
20110524,10.972,11.024,10.942,10.993,70233,0
20110525,10.958,11.016,10.958,10.985,62809,0
20110526,10.958,11.044,10.958,11.044,44487,0
20110527,11.033,11.131,11.033,11.123,25938,0
20110531,11.162,11.162,11.056,11.064,47282,0
20110601,11.016,11.169,11.016,11.11,46177,0
20110602,11.099,11.167,11.086,11.145,49520,0
20110603,11.145,11.16,11.071,11.071,34083,0
20110606,11.063,11.099,11.033,11.079,45720,0
20110607,11.099,11.191,11.099,11.167,53134,0
20110608,11.115,11.205,11.107,11.16,107260,0
20110609,11.145,11.227,11.107,11.213,58857,0
20110610,11.219,11.265,11.191,11.243,84533,0
20110613,11.295,11.295,11.099,11.099,42526,0
20110614,11.139,11.272,11.107,11.191,54575,0
20110615,11.191,11.191,10.907,10.995,57144,0
20110616,11.01,11.018,10.918,10.925,14374,0
20110617,10.914,11.039,10.914,10.979,22958,0
20110620,11.011,11.019,10.891,10.951,44250,0
20110621,10.973,11.019,10.787,10.839,86961,0
20110622,10.839,10.959,10.839,10.959,24257,0
20110623,10.951,10.979,10.92,10.959,41301,0
20110624,10.935,11.011,10.935,10.995,24450,0
20110627,11.047,11.123,11.047,11.107,25604,0
20110628,11.183,11.183,11.033,11.139,52480,0
20110629,11.086,11.205,10.979,11.011,38552,0
20110630,10.989,11.06,10.989,11.022,27024,0
20110701,11.055,11.153,11.011,11.153,35891,0
20110705,11.123,11.153,11.107,11.131,44862,0
20110706,11.133,11.162,11.109,11.155,25112,0
20110707,11.167,11.227,11.145,11.191,38196,0
20110708,11.107,11.199,11.099,11.199,21380,0
20110711,11.16,11.213,11.107,11.131,61137,0
20110712,11.115,11.219,11.115,11.219,31191,0
20110713,11.191,11.355,11.131,11.191,27905,0
20110714,11.235,11.251,11.099,11.16,40092,0
20110715,11.213,11.219,11.183,11.205,25053,0
20110718,11.219,11.265,11.099,11.115,36834,0
20110719,11.141,11.209,11.125,11.178,21677,0
20110720,11.227,11.265,11.115,11.123,47405,0
20110721,11.123,11.191,11.123,11.16,22819,0
20110722,11.153,11.227,11.153,11.219,17995,0
20110725,11.227,11.258,11.107,11.139,37465,0
20110726,11.201,11.201,11.018,11.04,39924,0
20110727,11.063,11.099,10.801,10.891,54740,0
20110728,10.904,10.972,10.888,10.925,25596,0
20110729,10.743,10.842,10.674,10.743,74285,0
20110801,10.794,10.927,10.771,10.914,39128,0
20110802,10.911,10.994,10.896,10.994,25377,0
20110803,11.011,11.033,10.943,11.026,52320,0
20110804,11.01,11.048,10.688,10.789,42207,0
20110805,10.86,10.86,10.336,10.575,83634,0
20110808,10.351,10.427,10.006,10.194,123611,0
20110809,10.336,10.479,10.202,10.389,57211,0
20110810,10.329,10.509,10.329,10.434,103861,0
20110811,10.599,10.621,10.441,10.539,51342,0
20110812,10.591,10.794,10.569,10.741,38060,0
20110815,10.831,10.891,10.726,10.823,39164,0
20110816,10.815,10.815,10.711,10.763,37047,0
20110817,10.86,10.907,10.787,10.907,43910,0
20110818,10.831,10.854,10.703,10.794,65066,0
20110819,10.755,10.943,10.747,10.86,34891,0
20110822,10.943,10.995,10.695,10.823,42866,0
20110823,10.967,11.099,10.891,11.099,38098,0
20110824,11.019,11.139,10.987,11.099,41491,0
20110825,11.115,11.175,11.071,11.145,12628,0
20110826,11.162,11.224,11.117,11.224,26653,0
20110829,11.28,11.28,11.205,11.227,39199,0
20110830,11.295,11.295,11.153,11.153,61815,0
20110831,11.257,11.263,11.146,11.169,21185,0
20110901,11.251,11.34,11.16,11.287,32053,0
20110902,11.194,11.333,11.186,11.318,31966,0
20110906,11.201,11.209,11.048,11.162,35335,0
20110907,11.262,11.331,11.094,11.141,40579,0
20110908,11.141,11.201,11.125,11.125,34457,0
20110909,11.17,11.187,11.094,11.141,24417,0
20110912,11.087,11.301,10.994,11.033,49435,0
20110913,11.094,11.248,11.048,11.248,21119,0
20110914,11.323,11.339,11.195,11.195,33824,0
20110915,11.232,11.262,11.04,11.04,45240,0
20110916,11.248,11.316,11.178,11.256,90797,0
20110919,11.262,11.416,11.248,11.4,44989,0
20110920,11.4,11.424,11.309,11.316,32212,0
20110921,11.339,11.339,11.256,11.323,30969,0
20110922,11.232,11.301,11.026,11.117,57035,0
20110923,11.201,11.216,10.994,10.994,43358,0
20110926,11.018,11.162,10.986,11.162,42841,0
20110927,11.187,11.256,11.178,11.224,27449,0
20110928,11.27,11.277,11.072,11.248,52895,0
20110929,11.301,11.301,11.147,11.201,31549,0
20110930,11.155,11.171,11.068,11.147,46361,0
20111003,11.155,11.187,11.04,11.101,42995,0
20111004,11.094,11.094,10.49,10.735,85134,0
20111005,10.781,10.933,10.773,10.818,18807,0
20111006,10.918,10.933,10.712,10.757,25182,0
20111007,10.888,10.888,10.681,10.712,33766,0
20111010,10.757,10.933,10.743,10.911,18661,0
20111011,10.88,11.033,10.88,11.018,22182,0
20111012,11.125,11.162,10.949,10.949,27022,0
20111013,11.01,11.033,10.925,10.933,16803,0
20111014,11.072,11.17,10.904,11.125,34830,0
20111017,11.117,11.141,10.911,10.957,26757,0
20111018,11.056,11.072,10.735,10.735,32657,0
20111019,10.757,10.918,10.757,10.818,36767,0
20111020,10.88,10.88,10.765,10.864,40672,0
20111021,10.994,11.01,10.904,10.994,23580,0
20111024,11.018,11.026,10.858,10.858,35149,0
20111025,10.858,10.951,10.795,10.795,35179,0
20111026,10.888,10.896,10.749,10.749,34046,0
20111027,10.904,10.979,10.864,10.872,41070,0
20111028,10.896,10.957,10.864,10.949,42503,0
20111031,10.948,11.021,10.923,11.004,27086,0
20111101,10.989,10.989,10.927,10.959,41780,0
20111102,11.094,11.094,10.858,10.872,30712,0
20111103,11.006,11.006,10.888,10.888,29217,0
20111104,10.897,10.905,10.88,10.888,17299,0
20111107,10.911,10.911,10.888,10.888,14962,0
20111108,10.904,10.904,10.826,10.826,17532,0
20111109,10.779,10.842,10.779,10.826,41480,0
20111110,10.912,10.912,10.779,10.779,33744,0
20111111,10.872,10.872,10.781,10.81,30573,0
20111114,10.803,10.85,10.803,10.803,24349,0
20111115,10.803,10.864,10.765,10.773,32158,0
20111116,10.818,10.85,10.765,10.796,26735,0
20111117,10.85,10.864,10.781,10.781,33618,0
20111118,10.765,10.81,10.757,10.789,35076,0
20111121,10.749,10.781,10.743,10.765,38035,0
20111122,10.789,10.789,10.757,10.757,13410,0
20111123,10.743,10.757,10.634,10.735,32559,0
20111125,10.7,10.725,10.654,10.725,12671,0
20111128,10.834,10.834,10.613,10.613,26775,0
20111129,10.628,10.688,10.559,10.642,41068,0
20111130,10.792,10.907,10.693,10.907,51490,0
20111201,10.834,10.834,10.704,10.773,17790,0
20111202,10.787,10.818,10.754,10.771,29095,0
20111205,10.912,10.912,10.802,10.818,18530,0
20111206,10.763,10.787,10.763,10.771,32034,0
20111207,10.779,10.864,10.763,10.864,18141,0
20111208,10.905,10.989,10.858,10.872,70454,0
20111209,10.967,10.967,10.872,10.905,13022,0
20111212,10.919,10.919,10.763,10.858,25466,0
20111213,10.912,10.912,10.802,10.802,36963,0
20111214,10.826,10.834,10.746,10.834,66359,0
20111215,10.809,10.85,10.754,10.787,36051,0
20111216,10.763,10.864,10.763,10.802,20460,0
20111219,10.834,10.834,10.787,10.787,22546,0
20111220,10.795,10.88,10.763,10.779,32259,0
20111221,10.802,10.834,10.779,10.802,28208,0
20111222,10.842,10.88,10.818,10.842,16459,0
20111223,10.842,10.951,10.842,10.912,19425,0
20111227,10.888,10.943,10.858,10.858,52881,0
20111228,10.919,10.951,10.897,10.912,23292,0
20111229,10.951,11.037,10.951,11.014,34032,0
20111230,11.065,11.082,11.006,11.082,34197,0
20120103,11.161,11.161,10.981,10.981,30665,0
20120104,10.919,10.959,10.897,10.943,29801,0
20120105,10.967,11.022,10.927,10.967,11802,0
20120106,11.006,11.052,11.006,11.014,15336,0
20120109,11.069,11.091,10.989,11.014,17188,0
20120110,11.115,11.131,11.044,11.052,16565,0
20120111,11.084,11.123,11.084,11.098,22534,0
20120112,11.123,11.123,11.069,11.115,16497,0
20120113,11.131,11.161,11.131,11.161,24547,0
20120117,11.196,11.196,11.107,11.107,20700,0
20120118,11.14,11.201,11.131,11.186,19275,0
20120119,11.249,11.287,11.201,11.287,25136,0
20120120,11.318,11.318,11.271,11.271,16916,0
20120123,11.271,11.312,11.271,11.271,18654,0
20120124,11.303,11.326,11.279,11.279,16165,0
20120125,11.312,11.443,11.303,11.443,22831,0
20120126,11.396,11.421,11.279,11.287,56498,0
20120127,11.333,11.435,11.333,11.366,18078,0
20120130,11.389,11.389,11.35,11.358,23952,0
20120131,11.459,11.507,11.308,11.347,62615,0
20120201,11.443,11.451,11.342,11.366,42975,0
20120202,11.318,11.404,11.318,11.396,27265,0
20120203,11.421,11.491,11.421,11.443,20214,0
20120206,11.358,11.429,11.358,11.413,32606,0
20120207,11.45,11.499,11.395,11.484,24950,0
20120208,11.54,11.547,11.467,11.499,26798,0
20120209,11.54,11.54,11.42,11.443,41323,0
20120210,11.435,11.498,11.421,11.475,21534,0
20120213,11.498,11.506,11.421,11.435,44766,0
20120214,11.429,11.443,11.295,11.295,59054,0
20120215,11.366,11.373,11.312,11.358,39551,0
20120216,11.421,11.421,11.381,11.404,28045,0
20120217,11.404,11.429,11.333,11.333,46042,0
20120221,11.421,11.421,11.312,11.366,31702,0
20120222,11.413,11.429,11.366,11.421,28207,0
20120223,11.484,11.506,11.381,11.451,43798,0
20120224,11.491,11.491,11.379,11.411,28048,0
20120227,11.413,11.498,11.404,11.475,39726,0
20120228,11.459,11.491,11.279,11.333,167299,0
20120229,11.33,11.395,11.33,11.395,76079,0
20120301,11.459,11.491,11.421,11.459,76959,0
20120302,11.484,11.507,11.467,11.491,16181,0
20120305,11.435,11.491,11.428,11.443,25352,0
20120306,11.42,11.459,11.339,11.339,36108,0
20120307,11.428,11.484,11.428,11.484,17864,0
20120308,11.491,11.523,11.491,11.515,35727,0
20120309,11.531,11.531,11.515,11.515,14539,0
20120312,11.54,11.54,11.467,11.467,27257,0
20120313,11.603,11.626,11.547,11.626,60286,0
20120314,11.57,11.659,11.57,11.635,45379,0
20120315,11.626,11.626,11.499,11.499,22614,0
20120316,11.531,11.531,11.403,11.403,17102,0
20120319,11.331,11.331,11.259,11.267,30729,0
20120320,11.274,11.274,11.141,11.244,30692,0
20120321,11.283,11.283,11.171,11.227,30290,0
20120322,11.267,11.267,11.163,11.211,65199,0
20120323,11.252,11.252,11.196,11.219,21092,0
20120326,11.283,11.283,11.196,11.244,37157,0
20120327,11.203,11.308,11.155,11.259,37792,0
20120328,11.3,11.323,11.244,11.315,31860,0
20120329,11.372,11.372,11.283,11.356,48925,0
20120330,11.365,11.464,11.356,11.455,25165,0
20120402,11.484,11.54,11.45,11.54,27980,0
20120403,11.57,11.57,11.507,11.563,46879,0
20120404,11.563,11.587,11.523,11.563,28203,0
20120405,11.587,11.587,11.484,11.547,25174,0
20120409,11.579,11.603,11.467,11.57,24287,0
20120410,11.61,11.619,11.555,11.603,78110,0
20120411,11.61,11.675,11.603,11.675,29393,0
20120412,11.675,11.682,11.563,11.563,43743,0
20120413,11.643,11.651,11.57,11.587,49390,0
20120416,11.57,11.619,11.547,11.587,31753,0
20120417,11.587,11.596,11.555,11.596,31716,0
20120418,11.643,11.651,11.467,11.555,55689,0
20120419,11.603,11.619,11.54,11.603,28920,0
20120420,11.69,11.715,11.603,11.69,41913,0
20120423,11.69,11.707,11.626,11.707,46909,0
20120424,11.707,11.73,11.699,11.715,37962,0
20120425,11.73,11.802,11.69,11.802,41050,0
20120426,11.819,11.819,11.771,11.802,30811,0
20120427,11.811,11.819,11.659,11.723,27829,0
20120430,11.781,11.814,11.755,11.755,33546,0
20120501,11.811,11.835,11.786,11.827,33317,0
20120502,11.858,11.899,11.763,11.899,33905,0
20120503,11.891,11.891,11.763,11.843,32530,0
20120504,11.851,11.851,11.786,11.835,16641,0
20120507,11.843,11.843,11.723,11.795,15270,0
20120508,11.802,11.867,11.802,11.827,32649,0
20120509,11.827,11.843,11.795,11.835,23123,0
20120510,11.942,11.942,11.82,11.877,20884,0
20120511,11.802,11.891,11.771,11.771,22036,0
20120514,11.746,11.763,11.659,11.659,17536,0
20120515,11.699,11.779,11.531,11.555,45579,0
20120516,11.651,11.682,11.555,11.626,34598,0
20120517,11.659,11.675,11.531,11.596,19631,0
20120518,11.603,11.667,11.323,11.331,38023,0
20120521,11.443,11.579,11.42,11.467,29799,0
20120522,11.531,11.57,11.531,11.555,24532,0
20120523,11.563,11.667,11.547,11.659,45871,0
20120524,11.61,11.635,11.555,11.603,11168,0
20120525,11.651,11.69,11.626,11.635,24554,0
20120529,11.723,11.739,11.707,11.715,23923,0
20120530,11.675,11.707,11.643,11.699,23486,0
20120531,11.755,11.781,11.723,11.755,34154,0
20120601,11.714,11.714,11.592,11.624,17639,0
20120604,11.667,11.707,11.651,11.667,31566,0
20120605,11.722,11.738,11.706,11.714,19472,0
20120606,11.779,11.787,11.632,11.632,25278,0
20120607,11.746,11.771,11.722,11.722,26968,0
20120608,11.754,11.82,11.754,11.82,9866,0
20120611,11.828,11.828,11.697,11.697,18774,0
20120612,11.746,11.779,11.583,11.583,28756,0
20120613,11.526,11.632,11.526,11.6,20163,0
20120614,11.592,11.681,11.486,11.486,53640,0
20120615,11.543,11.6,11.478,11.478,20958,0
20120618,11.452,11.575,11.452,11.493,19460,0
20120619,11.46,11.592,11.452,11.526,30607,0
20120620,11.583,11.632,11.509,11.551,19942,0
20120621,11.592,11.624,11.551,11.566,22629,0
20120622,11.566,11.649,11.566,11.6,24223,0
20120625,11.566,11.6,11.509,11.566,21466,0
20120626,11.608,11.73,11.608,11.615,21408,0
20120627,11.624,11.771,11.615,11.689,14904,0
20120628,11.706,11.746,11.689,11.746,16004,0
20120629,11.814,11.872,11.797,11.823,21075,0
20120702,11.909,11.959,11.885,11.909,44535,0
20120703,11.95,11.975,11.868,11.868,33665,0
20120705,11.893,11.942,11.893,11.893,13604,0
20120706,11.868,12.007,11.86,11.877,22100,0
20120709,11.828,11.959,11.779,11.844,18627,0
20120710,11.902,11.975,11.779,11.787,19371,0
20120711,11.852,11.975,11.852,11.909,18815,0
20120712,11.909,11.909,11.828,11.877,24501,0
20120713,11.95,11.991,11.868,11.917,18401,0
20120716,11.975,12.056,11.934,11.959,24150,0
20120717,12.023,12.023,11.86,11.86,28726,0
20120718,11.905,11.956,11.897,11.905,26576,0
20120719,11.942,11.95,11.852,11.909,30526,0
20120720,11.893,11.893,11.429,11.868,42531,0
20120723,11.844,11.959,11.836,11.925,48147,0
20120724,11.963,12.056,11.881,11.914,52972,0
20120725,11.942,12.056,11.942,12.007,28566,0
20120726,12.146,12.146,11.925,11.982,32260,0
20120727,11.934,12.032,11.925,12.007,37753,0
20120730,11.942,11.999,11.934,11.966,22806,0
20120731,12.014,12.014,11.905,11.914,26793,0
20120801,11.982,12.064,11.982,12.032,24080,0
20120802,12.105,12.122,11.98,11.98,13756,0
20120803,12.105,12.113,12.04,12.048,18660,0
20120806,12.097,12.097,11.999,12.023,12807,0
20120807,12.089,12.097,11.982,11.982,12063,0
20120808,11.991,12.04,11.902,11.902,17932,0
20120809,11.975,12.048,11.925,11.934,12863,0
20120810,12.023,12.032,11.828,11.893,26811,0
20120813,11.893,11.934,11.885,11.902,22585,0
20120814,11.959,12.032,11.95,12.032,26711,0
20120815,12.073,12.073,11.934,11.934,40635,0
20120816,11.975,12.04,11.966,11.999,21354,0
20120817,11.999,12.007,11.917,11.917,14872,0
20120820,11.917,11.925,11.828,11.828,14808,0
20120821,11.868,11.917,11.795,11.795,23185,0
20120822,11.803,11.909,11.436,11.436,38280,0
20120823,11.665,11.893,11.615,11.746,59423,0
20120824,11.781,11.83,11.681,11.764,21333,0
20120827,11.763,11.925,11.738,11.868,64222,0
20120828,11.942,11.942,11.811,11.828,25647,0
20120829,11.893,11.893,11.836,11.885,17844,0
20120830,11.909,11.934,11.828,11.885,33536,0
20120831,11.947,11.947,11.789,11.83,78982,0
20120904,11.572,11.905,11.572,11.814,37078,0
20120905,11.755,11.972,11.739,11.83,70204,0
20120906,11.839,11.872,11.73,11.797,54912,0
20120907,11.747,11.839,11.747,11.789,33280,0
20120910,11.723,11.93,11.723,11.93,90483,0
20120911,11.881,11.997,11.872,11.905,65908,0
20120912,11.997,11.997,11.83,11.839,42030,0
20120913,11.856,11.963,11.856,11.856,44607,0
20120914,11.863,11.963,11.823,11.823,19563,0
20120917,11.772,11.905,11.764,11.764,26184,0
20120918,11.805,11.889,11.797,11.797,25009,0
20120919,11.847,11.914,11.847,11.914,30618,0
20120920,11.905,11.947,11.856,11.856,26294,0
20120921,11.889,11.947,11.781,11.83,51777,0
20120924,11.856,11.914,11.83,11.863,31011,0
20120925,11.922,11.997,11.914,11.98,45063,0
20120926,12.022,12.072,11.972,12.072,62986,0
20120927,12.113,12.155,11.989,12.13,61042,0
20120928,12.113,12.164,12.08,12.164,89840,0
20121001,12.23,12.23,12.089,12.197,80566,0
20121002,12.205,12.213,11.947,12.089,68725,0
20121003,12.13,12.213,12.038,12.064,41759,0
20121004,12.138,12.18,12.105,12.147,23861,0
20121005,12.155,12.171,12.03,12.056,41501,0
20121008,12.08,12.155,12.08,12.096,21584,0
20121009,12.122,12.138,11.989,12.072,22439,0
20121010,12.072,12.155,12.014,12.113,44952,0
20121011,12.138,12.189,12.08,12.18,35489,0
20121012,12.189,12.189,12.138,12.138,31883,0
20121015,12.197,12.197,12.138,12.171,20790,0
20121016,12.197,12.197,12.113,12.113,30503,0
20121017,12.18,12.197,12.13,12.197,24861,0
20121018,12.197,12.213,12.089,12.122,32373,0
20121019,12.197,12.205,12.155,12.155,32170,0
20121022,12.171,12.171,12.13,12.164,24654,0
20121023,12.164,12.164,12.113,12.113,39618,0
20121024,12.164,12.171,12.138,12.155,21178,0
20121025,12.155,12.164,12.105,12.105,19619,0
20121026,12.18,12.18,11.956,11.972,33195,0
20121031,12.03,12.03,11.83,11.889,26940,0
20121101,11.989,12.064,11.956,12.03,33146,0
20121102,12.122,12.138,12.056,12.13,31170,0
20121105,12.038,12.038,11.914,11.947,29181,0
20121106,11.989,11.997,11.914,11.93,32430,0
20121107,11.956,12.014,11.956,12.014,24708,0
20121108,12.03,12.056,11.997,12.056,13165,0
20121109,12.072,12.072,12.03,12.047,27412,0
20121112,12.064,12.08,12.005,12.022,21696,0
20121113,11.956,11.989,11.905,11.914,19873,0
20121114,11.956,11.956,11.656,11.656,40839,0
20121115,11.589,11.589,11.389,11.514,82801,0
20121116,11.581,11.73,11.497,11.656,35794,0
20121119,11.823,11.872,11.664,11.714,20649,0
20121120,11.723,12.064,11.672,11.739,37095,0
20121121,11.739,11.797,11.714,11.73,57488,0
20121123,11.797,11.797,11.664,11.789,11727,0
20121126,11.747,11.789,11.681,11.714,20035,0
20121127,11.739,11.781,11.714,11.73,42761,0
20121128,11.755,11.823,11.714,11.805,29977,0
20121129,11.872,11.897,11.781,11.897,20325,0
20121130,11.889,11.889,11.723,11.764,18226,0
20121203,11.797,11.839,11.739,11.772,24439,0
20121204,11.755,11.789,11.755,11.755,20615,0
20121205,11.805,11.805,11.714,11.739,29249,0
20121206,11.697,11.856,11.697,11.823,25287,0
20121207,11.881,11.881,11.772,11.823,21913,0
20121210,11.772,11.856,11.772,11.814,16162,0
20121211,11.889,11.889,11.805,11.805,13903,0
20121212,11.903,11.997,11.835,11.997,22590,0
20121213,11.946,12.014,11.912,11.938,41941,0
20121214,11.979,11.979,11.895,11.912,25032,0
20121217,11.903,11.988,11.903,11.903,37721,0
20121218,11.903,11.962,11.903,11.92,24674,0
20121219,11.988,12.005,11.938,11.962,23536,0
20121220,12.022,12.048,11.938,11.938,25585,0
20121221,11.878,12.056,11.878,12.056,39715,0
20121224,12.039,12.074,11.955,11.979,14699,0
20121226,12.022,12.039,11.869,11.869,22238,0
20121227,11.903,11.929,11.708,11.827,50729,0
20121228,11.81,11.827,11.776,11.827,21331,0
20121231,11.844,11.938,11.844,11.92,38789,0
20130102,11.979,12.167,11.979,12.133,30770,0
20130103,12.115,12.167,12.074,12.099,24898,0
20130104,12.115,12.158,12.082,12.158,23550,0
20130107,12.184,12.184,12.074,12.175,40833,0
20130108,12.227,12.285,12.158,12.285,22355,0
20130109,12.303,12.328,12.235,12.26,22797,0
20130110,12.21,12.285,12.21,12.235,31703,0
20130111,12.277,12.371,12.268,12.337,21784,0
20130114,12.337,12.371,12.285,12.303,22648,0
20130115,12.328,12.388,12.294,12.354,30232,0
20130116,12.294,12.363,12.285,12.303,21318,0
20130117,12.337,12.43,12.328,12.43,28054,0
20130118,12.482,12.533,12.439,12.499,20943,0
20130122,12.473,12.558,12.473,12.533,25251,0
20130123,12.574,12.601,12.542,12.558,52810,0
20130124,12.601,12.601,12.524,12.549,24037,0
20130125,12.583,12.592,12.507,12.542,17343,0
20130128,12.574,12.592,12.455,12.464,17977,0
20130129,12.49,12.542,12.49,12.524,13114,0
20130130,12.549,12.574,12.499,12.558,15398,0
20130131,12.583,12.592,12.542,12.592,16392,0
20130201,12.601,12.609,12.583,12.601,16550,0
20130204,12.634,12.652,12.583,12.592,14598,0
20130205,12.601,12.601,12.473,12.49,15967,0
20130206,12.524,12.542,12.455,12.473,14448,0
20130207,12.542,12.542,12.422,12.439,13573,0
20130208,12.447,12.533,12.43,12.533,14681,0
20130211,12.524,12.524,12.455,12.524,22361,0
20130212,12.515,12.515,12.455,12.455,25484,0
20130213,12.49,12.542,12.388,12.388,37449,0
20130214,12.354,12.507,12.312,12.354,45721,0
20130215,12.38,12.404,12.345,12.363,15413,0
20130219,12.413,12.49,12.363,12.439,28754,0
20130220,12.49,12.524,12.413,12.49,33023,0
20130221,12.455,12.455,12.371,12.396,25115,0
20130222,12.396,12.396,12.328,12.345,30023,0
20130225,12.388,12.404,12.337,12.363,21902,0
20130226,12.38,12.38,12.235,12.328,28562,0
20130227,12.294,12.371,12.294,12.354,9623,0
20130228,12.388,12.43,12.32,12.388,27131,0
20130301,12.371,12.388,12.32,12.388,13529,0
20130304,12.363,12.363,12.268,12.277,55937,0
20130305,12.303,12.371,12.26,12.312,43654,0
20130306,12.354,12.388,12.312,12.363,11356,0
20130307,12.328,12.38,12.328,12.363,23616,0
20130308,12.354,12.43,12.354,12.388,13648,0
20130311,12.464,12.464,12.328,12.422,27882,0
20130312,12.473,12.473,12.252,12.388,40536,0
20130313,12.479,12.505,12.461,12.479,15441,0
20130314,12.54,12.54,12.331,12.331,23959,0
20130315,12.375,12.409,12.201,12.262,52604,0
20130318,12.279,12.418,12.262,12.4,12344,0
20130319,12.4,12.453,12.184,12.219,29593,0
20130320,12.193,12.227,12.15,12.193,19014,0
20130321,12.236,12.367,12.236,12.306,32860,0
20130322,12.358,12.367,12.27,12.323,19805,0
20130325,12.358,12.436,12.297,12.306,26678,0
20130326,12.428,12.461,12.253,12.306,46571,0
20130327,12.34,12.409,12.306,12.306,19313,0
20130328,12.4,12.409,12.167,12.167,286991,0
20130401,12.297,12.306,12.175,12.184,73877,0
20130402,12.036,12.279,12.036,12.219,15492,0
20130403,12.21,12.219,12.167,12.184,17844,0
20130404,12.15,12.219,12.15,12.201,17669,0
20130405,12.15,12.245,12.132,12.219,18298,0
20130408,12.279,12.306,12.175,12.288,21526,0
20130409,12.236,12.323,12.236,12.253,27460,0
20130410,12.201,12.331,12.201,12.331,27604,0
20130411,12.4,12.418,12.348,12.392,29286,0
20130412,12.384,12.409,12.367,12.384,20030,0
20130415,12.409,12.444,12.367,12.367,24187,0
20130416,12.331,12.358,12.193,12.253,33073,0
20130417,12.236,12.375,12.236,12.358,21778,0
20130418,12.444,12.453,12.262,12.323,26260,0
20130419,12.331,12.436,12.27,12.436,20263,0
20130422,12.436,12.436,12.367,12.384,30004,0
20130423,12.444,12.444,12.34,12.409,21821,0
20130424,12.34,12.453,12.331,12.418,24532,0
20130425,12.306,12.47,12.306,12.47,37724,0
20130426,12.505,12.583,12.487,12.487,30304,0
20130429,12.487,12.574,12.479,12.513,26012,0
20130430,12.558,12.583,12.497,12.505,25542,0
20130501,12.497,12.574,12.497,12.548,35243,0
20130502,12.548,12.574,12.531,12.566,20472,0
20130503,12.522,12.592,12.522,12.522,43915,0
20130506,12.513,12.678,12.513,12.609,29026,0
20130507,12.618,12.67,12.601,12.653,39971,0
20130508,12.618,12.86,12.522,12.844,72211,0
20130509,12.887,12.887,12.662,12.696,52847,0
20130510,12.686,12.766,12.662,12.747,15474,0
20130513,12.739,12.799,12.686,12.756,25178,0
20130514,12.705,12.731,12.558,12.574,32158,0
20130515,12.522,12.583,12.505,12.505,31011,0
20130516,12.497,12.505,12.428,12.428,19651,0
20130517,12.428,12.558,12.409,12.418,29616,0
20130520,12.375,12.375,12.27,12.288,32670,0
20130521,12.323,12.392,12.314,12.367,18719,0
20130522,12.34,12.375,12.288,12.288,30813,0
20130523,12.262,12.4,12.253,12.314,33084,0
20130524,12.253,12.314,12.184,12.227,31307,0
20130528,12.201,12.392,12.114,12.375,53647,0
20130529,12.288,12.323,11.915,11.923,64652,0
20130530,11.967,12.062,11.95,11.984,35891,0
20130531,11.961,11.961,11.769,11.769,30346,0
20130603,11.768,11.768,11.333,11.534,44736,0
20130604,11.551,11.724,11.551,11.715,32750,0
20130605,11.585,11.785,11.585,11.785,35256,0
20130606,11.785,11.802,11.628,11.785,21069,0
20130607,11.845,11.872,11.681,11.724,24685,0
20130610,11.663,11.715,11.585,11.698,38457,0
20130611,11.534,11.646,11.369,11.437,51520,0
20130612,11.51,11.6,11.351,11.377,64123,0
20130613,11.217,11.386,11.147,11.351,99455,0
20130614,11.289,11.377,11.289,11.298,43468,0
20130617,11.316,11.493,11.316,11.413,31597,0
20130618,11.457,11.501,11.404,11.475,24329,0
20130619,11.394,11.439,11.324,11.332,29349,0
20130620,11.209,11.245,10.979,11.032,77828,0
20130621,10.855,10.987,10.802,10.828,54765,0
20130624,10.81,10.81,10.448,10.67,51984,0
20130625,10.616,10.616,10.448,10.465,62317,0
20130626,10.563,10.819,10.555,10.766,42449,0
20130627,10.732,10.917,10.732,10.909,53580,0
20130628,10.881,11.006,10.838,10.944,62400,0
20130701,10.934,11.086,10.934,10.987,51529,0
20130702,10.987,11.086,10.987,11.006,58588,0
20130703,10.934,10.97,10.838,10.9,29996,0
20130705,10.9,10.9,10.678,10.678,37535,0
20130708,10.642,10.776,10.571,10.598,53444,0
20130709,10.571,10.695,10.571,10.661,58464,0
20130710,10.625,10.713,10.625,10.695,21535,0
20130711,10.819,10.872,10.757,10.872,18726,0
20130712,10.891,10.891,10.757,10.881,39852,0
20130715,10.819,10.855,10.766,10.81,31895,0
20130716,10.785,10.953,10.785,10.953,66602,0
20130717,10.925,10.987,10.891,10.987,50689,0
20130718,10.962,11.139,10.934,11.121,75596,0
20130719,11.049,11.139,10.979,11.121,42895,0
20130722,11.077,11.164,11.04,11.147,82158,0
20130723,11.217,11.217,11.094,11.174,17382,0
20130724,11.147,11.183,11.068,11.183,17144,0
20130725,11.077,11.147,11.006,11.102,35696,0
20130726,10.979,11.174,10.979,11.015,98491,0
20130729,10.996,11.04,10.962,10.97,33298,0
20130730,10.97,10.979,10.909,10.944,34282,0
20130731,10.891,11.006,10.838,10.881,36462,0
20130801,10.847,10.909,10.838,10.838,26691,0
20130802,10.819,10.881,10.819,10.847,28198,0
20130805,10.855,10.909,10.695,10.757,41711,0
20130806,10.67,10.776,10.651,10.678,41411,0
20130807,10.704,10.713,10.598,10.608,45848,0
20130808,10.58,10.819,10.563,10.687,73742,0
20130809,10.67,10.757,10.633,10.67,45513,0
20130812,10.651,10.757,10.651,10.723,26362,0
20130813,10.678,10.678,10.598,10.625,40710,0
20130814,10.555,10.67,10.555,10.598,40713,0
20130815,10.518,10.563,10.483,10.51,33369,0
20130816,10.474,10.555,10.474,10.518,36135,0
20130819,10.465,10.474,10.421,10.421,59577,0
20130820,10.378,10.421,10.378,10.394,47253,0
20130821,10.386,10.403,10.306,10.333,58603,0
20130822,10.394,10.394,10.263,10.359,67943,0
20130823,10.359,10.368,10.288,10.35,40438,0
20130826,10.359,10.394,10.315,10.324,84081,0
20130827,10.297,10.359,10.288,10.359,60418,0
20130828,10.297,10.35,10.279,10.306,36013,0
20130829,10.306,10.359,10.288,10.324,35728,0
20130830,10.324,10.412,10.315,10.386,36634,0
20130903,10.382,10.418,10.354,10.363,22543,0
20130904,10.327,10.428,10.327,10.382,32271,0
20130905,10.363,10.437,10.281,10.281,18501,0
20130906,10.29,10.327,10.273,10.318,32354,0
20130909,10.359,10.359,10.315,10.315,27498,0
20130910,10.318,10.373,10.29,10.354,32460,0
20130911,10.354,10.5,10.354,10.437,76946,0
20130912,10.382,10.473,10.382,10.391,106811,0
20130913,10.391,10.473,10.327,10.418,33686,0
20130916,10.482,10.556,10.473,10.482,22611,0
20130917,10.454,10.546,10.454,10.492,25337,0
20130918,10.446,10.683,10.446,10.674,63624,0
20130919,10.619,10.665,10.619,10.636,38028,0
20130920,10.665,10.72,10.646,10.72,28444,0
20130923,10.738,10.738,10.674,10.674,39951,0
20130924,10.582,10.683,10.565,10.683,31707,0
20130925,10.691,10.691,10.611,10.636,50520,0
20130926,10.591,10.691,10.591,10.683,27569,0
20130927,10.619,10.71,10.591,10.7,22285,0
20130930,10.655,10.71,10.655,10.7,21262,0
20131001,10.71,10.738,10.683,10.72,43294,0
20131002,10.619,10.674,10.601,10.629,32360,0
20131003,10.729,10.729,10.591,10.619,35531,0
20131004,10.565,10.611,10.565,10.591,60375,0
20131007,10.582,10.646,10.546,10.611,26244,0
20131008,10.582,10.601,10.556,10.582,26483,0
20131009,10.537,10.601,10.537,10.556,35332,0
20131010,10.565,10.674,10.565,10.674,21575,0
20131011,10.611,10.691,10.601,10.691,35866,0
20131014,10.619,10.7,10.619,10.7,26383,0
20131015,10.636,10.665,10.611,10.636,20456,0
20131016,10.619,10.665,10.619,10.646,38285,0
20131017,10.646,10.774,10.646,10.765,42067,0
20131018,10.765,10.848,10.765,10.829,37807,0
20131021,10.893,10.893,10.848,10.874,22190,0
20131022,10.857,10.948,10.819,10.948,30557,0
20131023,10.864,10.967,10.864,10.92,32573,0
20131024,10.928,10.948,10.911,10.948,24702,0
20131025,10.928,11.012,10.92,10.967,44531,0
20131028,10.938,10.992,10.928,10.992,18919,0
20131029,10.948,10.967,10.911,10.92,36289,0
20131030,10.911,10.92,10.857,10.857,46663,0
20131031,10.903,10.911,10.838,10.838,15127,0
20131101,10.829,10.829,10.802,10.802,19191,0
20131104,10.784,10.903,10.784,10.874,83291,0
20131105,10.829,10.864,10.802,10.864,34594,0
20131106,10.848,10.857,10.765,10.765,36090,0
20131107,10.784,10.829,10.7,10.738,37763,0
20131108,10.683,10.738,10.629,10.636,30434,0
20131111,10.601,10.636,10.591,10.619,31092,0
20131112,10.546,10.565,10.51,10.51,64560,0
20131113,10.428,10.527,10.428,10.518,26451,0
20131114,10.492,10.556,10.463,10.518,25145,0
20131115,10.492,10.674,10.492,10.527,60706,0
20131118,10.546,10.629,10.546,10.611,17021,0
20131119,10.601,10.629,10.591,10.611,17009,0
20131120,10.611,10.665,10.601,10.601,49483,0
20131121,10.591,10.619,10.565,10.611,20107,0
20131122,10.565,10.665,10.492,10.537,45996,0
20131125,10.492,10.573,10.492,10.565,30954,0
20131126,10.518,10.591,10.51,10.591,36340,0
20131127,10.556,10.573,10.5,10.527,100671,0
20131129,10.565,10.565,10.492,10.518,12865,0
20131202,10.5,10.546,10.446,10.463,25627,0
20131203,10.492,10.546,10.418,10.428,44611,0
20131204,10.4,10.428,10.345,10.345,33141,0
20131205,10.391,10.391,10.327,10.336,18953,0
20131206,10.336,10.336,10.281,10.318,20066,0
20131209,10.29,10.418,10.29,10.4,43892,0
20131210,10.4,10.418,10.345,10.373,57131,0
20131211,10.349,10.46,10.349,10.387,61599,0
20131212,10.349,10.434,10.331,10.349,52582,0
20131213,10.331,10.396,10.331,10.34,43868,0
20131216,10.368,10.434,10.349,10.378,50710,0
20131217,10.349,10.424,10.34,10.424,38000,0
20131218,10.387,10.424,10.368,10.387,51590,0
20131219,10.34,10.499,10.331,10.499,57462,0
20131220,10.424,10.536,10.414,10.526,57075,0
20131223,10.591,10.909,10.591,10.676,100272,0
20131224,10.676,10.713,10.657,10.703,17219,0
20131226,10.703,10.723,10.601,10.62,29469,0
20131227,10.582,10.703,10.555,10.591,115396,0
20131230,10.573,10.647,10.526,10.638,46508,0
20131231,10.694,10.703,10.582,10.62,43386,0
20140102,10.508,10.611,10.499,10.517,85245,0
20140103,10.536,10.629,10.452,10.517,42535,0
20140106,10.48,10.573,10.48,10.508,50608,0
20140107,10.499,10.638,10.499,10.582,30824,0
20140108,10.555,10.591,10.545,10.564,20698,0
20140109,10.564,10.591,10.545,10.564,43446,0
20140110,10.564,10.667,10.564,10.647,35898,0
20140113,10.591,10.676,10.591,10.601,36665,0
20140114,10.601,10.703,10.564,10.703,65083,0
20140115,10.676,10.693,10.657,10.686,37329,0
20140116,10.667,10.686,10.591,10.62,57512,0
20140117,10.555,10.62,10.517,10.545,111054,0
20140121,10.536,10.611,10.508,10.591,31409,0
20140122,10.564,10.693,10.555,10.647,88534,0
20140123,10.667,10.676,10.601,10.667,35220,0
20140124,10.591,10.591,10.47,10.49,43983,0
20140127,10.657,10.779,10.358,10.443,66204,0
20140128,10.47,10.47,10.414,10.443,52467,0
20140129,10.396,10.424,10.275,10.312,69324,0
20140130,10.303,10.349,10.256,10.303,99950,0
20140131,10.256,10.322,10.219,10.246,65990,0
20140203,10.201,10.284,10.051,10.089,101322,0
20140204,10.069,10.265,10.042,10.154,88706,0
20140205,10.181,10.265,10.181,10.219,31182,0
20140206,10.237,10.349,10.237,10.322,43338,0
20140207,10.331,10.414,10.331,10.404,16688,0
20140210,10.358,10.49,10.358,10.452,37384,0
20140211,10.49,10.526,10.34,10.517,60014,0
20140212,10.526,10.545,10.49,10.526,30304,0
20140213,10.49,10.517,10.46,10.499,38778,0
20140214,10.47,10.564,10.47,10.536,11264,0
20140218,10.564,10.667,10.564,10.62,65375,0
20140219,10.591,10.647,10.591,10.638,31056,0
20140220,10.62,10.657,10.62,10.647,22111,0
20140221,10.657,10.713,10.638,10.686,23308,0
20140224,10.686,10.723,10.686,10.713,17135,0
20140225,10.647,10.769,10.647,10.759,57269,0
20140226,10.713,10.779,10.713,10.733,27331,0
20140227,10.676,10.797,10.676,10.759,21644,0
20140228,10.742,10.854,10.742,10.825,22053,0
20140303,10.769,10.805,10.759,10.769,16962,0
20140304,10.769,10.815,10.769,10.805,14063,0
20140305,10.779,10.815,10.749,10.797,17221,0
20140306,10.779,10.844,10.769,10.825,41752,0
20140307,10.825,10.88,10.788,10.788,25205,0
20140310,10.749,10.844,10.749,10.769,15587,0
20140311,10.759,10.788,10.741,10.759,34339,0
20140312,10.783,10.81,10.753,10.783,66011,0
20140313,10.763,10.773,10.745,10.753,24749,0
20140314,10.745,10.773,10.735,10.745,26470,0
20140317,10.735,10.802,10.735,10.763,27141,0
20140318,10.745,10.802,10.745,10.802,26492,0
20140319,10.773,10.85,10.726,10.726,24966,0
20140320,10.687,10.81,10.687,10.81,71927,0
20140321,10.753,10.83,10.735,10.82,57453,0
20140324,10.792,10.897,10.783,10.897,47284,0
20140325,10.859,10.981,10.726,10.981,71923,0
20140326,10.973,11.021,10.877,10.981,27449,0
20140327,11.021,11.03,10.981,11.011,31174,0
20140328,10.981,11.011,10.944,10.964,29621,0
20140331,10.973,11.03,10.964,11.001,45351,0
20140401,10.964,11.078,10.954,11.011,63110,0
20140402,11.011,11.078,10.924,11.048,103529,0
20140403,11.048,11.048,10.964,11.03,26222,0
20140404,11.03,11.087,11.03,11.068,49956,0
20140407,11.03,11.096,11.03,11.087,29118,0
20140408,11.058,11.135,11.058,11.115,29840,0
20140409,11.135,11.182,11.105,11.153,25327,0
20140410,11.144,11.162,11.087,11.115,25069,0
20140411,11.087,11.125,11.087,11.096,19161,0
20140414,11.105,11.144,11.078,11.105,32208,0
20140415,11.162,11.162,11.105,11.115,18444,0
20140416,11.135,11.172,11.096,11.172,28242,0
20140417,11.135,11.153,11.135,11.144,18064,0
20140421,11.058,11.192,11.058,11.153,33475,0
20140422,11.162,11.21,11.153,11.21,32984,0
20140423,11.219,11.267,11.21,11.249,24485,0
20140424,11.249,11.333,11.249,11.333,75264,0
20140425,11.353,11.353,11.315,11.353,17188,0
20140428,11.343,11.381,11.324,11.363,14776,0
20140429,11.353,11.39,11.343,11.39,29720,0
20140430,11.39,11.438,11.39,11.42,40765,0
20140501,11.438,11.467,11.39,11.429,278247,0
20140502,11.39,11.457,11.372,11.448,65673,0
20140505,11.448,11.486,11.429,11.477,32788,0
20140506,11.467,11.505,11.467,11.495,60035,0
20140507,11.495,11.534,11.486,11.524,25144,0
20140508,11.524,11.562,11.477,11.543,48387,0
20140509,11.534,11.571,11.486,11.571,29035,0
20140512,11.571,11.638,11.543,11.628,77425,0
20140513,11.571,11.657,11.562,11.657,128467,0
20140514,11.628,11.714,11.628,11.714,44097,0
20140515,11.676,11.742,11.638,11.742,182256,0
20140516,11.676,11.762,11.648,11.762,61018,0
20140519,11.705,11.79,11.676,11.79,32095,0
20140520,11.781,11.847,11.742,11.781,51225,0
20140521,11.742,11.885,11.695,11.828,125004,0
20140522,11.781,11.914,11.781,11.904,64360,0
20140523,11.857,11.914,11.857,11.914,55385,0
20140527,11.885,11.961,11.819,11.942,88630,0
20140528,11.942,12.009,11.895,11.999,47604,0
20140529,11.99,12.076,11.971,12.066,47274,0
20140530,12.047,12.104,12.047,12.104,22027,0
20140602,12.076,12.076,12.028,12.028,58336,0
20140603,12.028,12.028,11.942,11.99,86816,0
20140604,11.971,11.999,11.933,11.952,55265,0
20140605,11.933,11.971,11.876,11.942,55779,0
20140606,11.895,12.056,11.895,11.98,57821,0
20140609,12.019,12.019,11.971,11.98,59587,0
20140610,11.895,12.037,11.895,11.99,38597,0
20140611,11.937,12.13,11.859,12.082,115084,0
20140612,11.995,12.159,11.995,12.053,21073,0
20140613,12.053,12.072,12.014,12.024,6967,0
20140616,12.034,12.13,12.014,12.12,84966,0
20140617,12.082,12.092,12.034,12.082,19725,0
20140618,12.082,12.13,12.082,12.111,81930,0
20140619,12.092,12.169,12.092,12.15,94311,0
20140620,12.15,12.217,12.14,12.198,40716,0
20140623,12.208,12.227,12.15,12.217,34494,0
20140624,12.236,12.324,12.227,12.294,39448,0
20140625,12.333,12.362,12.284,12.342,32516,0
20140626,12.324,12.391,12.324,12.372,35105,0
20140627,12.362,12.507,12.362,12.458,67860,0
20140630,12.43,12.546,12.304,12.324,69474,0
20140701,12.324,12.372,12.324,12.342,72255,0
20140702,12.342,12.44,12.324,12.42,25141,0
20140703,12.458,12.458,12.324,12.41,7522,0
20140707,12.382,12.468,12.352,12.44,23605,0
20140708,12.391,12.449,12.178,12.4,33317,0
20140709,12.41,12.41,12.372,12.4,36652,0
20140710,12.236,12.4,12.236,12.304,76600,0
20140711,12.275,12.391,12.275,12.382,21873,0
20140714,12.362,12.391,12.304,12.382,19040,0
20140715,12.372,12.372,12.198,12.324,36319,0
20140716,12.304,12.333,12.208,12.314,41201,0
20140717,12.304,12.352,12.246,12.284,94977,0
20140718,12.275,12.324,12.12,12.304,23179,0
20140721,12.294,12.314,12.246,12.314,23178,0
20140722,12.304,12.391,12.294,12.391,26747,0
20140723,12.391,12.41,12.362,12.4,28830,0
20140724,12.391,12.449,12.391,12.44,22191,0
20140725,12.43,12.43,12.275,12.352,13923,0
20140728,12.342,12.4,12.314,12.4,11813,0
20140729,12.372,12.43,12.284,12.372,18944,0
20140730,12.362,12.382,12.217,12.304,48429,0
20140731,12.246,12.304,12.12,12.15,15207,0
20140801,12.092,12.15,12.082,12.111,11471,0
20140804,12.082,12.12,12.034,12.12,32606,0
20140805,12.101,12.159,12.092,12.12,36688,0
20140806,12.101,12.12,12.034,12.101,20427,0
20140807,12.101,12.111,12.092,12.111,16347,0
20140808,12.159,12.284,12.159,12.256,160105,0
20140811,12.266,12.324,12.227,12.236,29335,0
20140812,12.246,12.294,12.246,12.275,31531,0
20140813,12.294,12.333,12.256,12.275,54223,0
20140814,12.284,12.342,12.217,12.294,10000,0
20140815,12.294,12.333,12.284,12.294,9631,0
20140818,12.304,12.391,12.304,12.372,30823,0
20140819,12.333,12.362,12.333,12.352,12919,0
20140820,12.342,12.342,12.284,12.294,78430,0
20140821,12.304,12.342,12.304,12.324,28417,0
20140822,12.294,12.304,12.284,12.294,26690,0
20140825,12.275,12.324,12.236,12.275,23241,0
20140826,12.275,12.284,12.266,12.284,20611,0
20140827,12.294,12.333,12.227,12.304,34736,0
20140828,12.256,12.275,12.246,12.246,19164,0
20140829,12.227,12.256,12.227,12.227,17353,0
20140902,12.227,12.266,12.227,12.256,15616,0
20140903,12.236,12.256,12.198,12.227,72099,0
20140904,12.198,12.294,12.198,12.198,42270,0
20140905,12.15,12.159,12.101,12.111,23375,0
20140908,12.101,12.159,12.092,12.101,32252,0
20140909,12.101,12.101,12.034,12.053,26432,0
20140910,12.004,12.053,11.985,12.004,51585,0
20140911,12.029,12.167,11.99,12.088,68513,0
20140912,12.078,12.078,11.891,11.911,26185,0
20140915,11.882,11.921,11.852,11.891,24361,0
20140916,11.862,11.891,11.842,11.882,37921,0
20140917,11.852,11.872,11.832,11.862,55954,0
20140918,11.832,11.931,11.832,11.921,31608,0
20140919,11.911,11.921,11.832,11.882,17280,0
20140922,11.823,11.862,11.793,11.803,69650,0
20140923,11.783,11.842,11.764,11.823,28518,0
20140924,11.842,11.872,11.793,11.842,24860,0
20140925,11.832,11.832,11.764,11.773,4033,0
20140926,11.813,11.872,11.773,11.832,16777,0
20140929,11.783,11.783,11.744,11.783,7066,0
20140930,11.823,12.206,11.764,12.147,116737,0
20141001,11.891,11.931,11.803,11.852,55773,0
20141002,11.852,11.931,11.832,11.901,17936,0
20141003,11.941,11.941,11.872,11.921,19763,0
20141006,11.97,11.97,11.911,11.941,31938,0
20141007,11.921,11.941,11.882,11.901,10521,0
20141008,11.921,11.95,11.872,11.931,19816,0
20141009,11.901,11.901,11.754,11.803,19117,0
20141010,11.754,11.754,11.685,11.714,19064,0
20141013,11.714,11.714,11.656,11.675,22380,0
20141014,11.646,11.714,11.616,11.675,37754,0
20141015,11.616,11.616,10.859,11.488,98661,0
20141016,11.341,11.646,11.194,11.636,42287,0
20141017,11.606,11.636,11.538,11.636,15439,0
20141020,11.626,11.665,11.557,11.606,22212,0
20141021,11.685,11.705,11.606,11.695,40208,0
20141022,11.685,11.705,11.616,11.685,15102,0
20141023,11.714,11.773,11.656,11.773,13082,0
20141024,11.823,11.891,11.675,11.754,13379,0
20141027,11.754,11.783,11.616,11.754,24434,0
20141028,11.754,11.862,11.695,11.803,23363,0
20141029,11.793,11.823,11.783,11.813,15486,0
20141030,11.783,11.842,11.754,11.842,10382,0
20141031,11.862,11.862,11.764,11.813,56944,0
20141103,11.823,11.823,11.587,11.744,40064,0
20141104,11.724,11.754,11.705,11.754,22463,0
20141105,11.734,11.754,11.695,11.724,14534,0
20141106,11.744,11.744,11.695,11.705,3645,0
20141107,11.646,11.705,11.508,11.695,31868,0
20141110,11.695,11.783,11.695,11.783,15124,0
20141111,11.783,11.793,11.744,11.793,52581,0
20141112,11.773,11.813,11.754,11.803,41933,0
20141113,11.744,11.793,11.705,11.764,18435,0
20141114,11.724,11.803,11.714,11.803,3375,0
20141117,11.734,11.744,11.724,11.734,10934,0
20141118,11.764,11.764,11.685,11.685,39041,0
20141119,11.79,11.85,11.75,11.79,110842,0
20141120,11.75,11.83,11.75,11.82,17922,0
20141121,11.89,11.89,11.8,11.83,33004,0
