Date,Open,High,Low,Close,Volume,OpenInt
20140206,16.5,16.99,16.5,16.99,7249567,0
20140207,17.01,17.84,16.83,17.3,730741,0
20140210,17.25,17.85,17.1,17.49,302532,0
20140211,17.52,17.74,17.22,17.3,198197,0
20140212,17.23,17.29,16.75,16.88,145785,0
20140213,16.8,17.4,16.74,17.34,243236,0
20140214,17.25,17.4,17.1,17.25,153880,0
20140218,17.15,17.18,16.93,16.97,53793,0
20140219,16.9,17.05,16.86,16.95,30064,0
20140220,17.05,17.05,16.58,16.65,136235,0
20140221,16.56,16.98,16.56,16.93,61777,0
20140224,17.05,17.1,16.72,17.1,98457,0
20140225,17,17.51,16.91,17.3,89722,0
20140226,17.3,17.58,16.81,16.82,112024,0
20140227,16.81,17.12,16.8,16.93,226562,0
20140228,16.8,17.14,16.75,17,130947,0
20140303,16.75,17.02,16.72,16.83,599384,0
20140304,17.1,17.19,16.9,17.05,228711,0
20140305,17,17.05,16.81,16.84,145118,0
20140306,16.88,17.43,16.88,17.28,905856,0
20140307,17.45,19,17.38,18.6,500097,0
20140310,18.65,18.89,18.5,18.58,174063,0
20140311,18.7,18.86,18.4,18.75,345497,0
20140312,18.6,19,18.45,18.85,351016,0
20140313,18.9,18.93,18.53,18.6,265734,0
20140314,18.6,19.77,18.15,18.95,262330,0
20140317,19.1,19.32,18.41,18.48,299822,0
20140318,18.4,19.27,18.15,18.95,299019,0
20140319,18.95,18.96,18.71,18.87,261811,0
20140320,18.87,18.99,18.47,18.82,192178,0
20140321,18.85,19,18.31,18.31,1566089,0
20140324,18.51,19.07,18.27,18.89,196567,0
20140325,18.91,19.3,18.8,19,216742,0
20140326,19.02,19.12,18.4,18.41,224700,0
20140327,18.46,18.6,18.22,18.46,185357,0
20140328,18.47,18.88,18.45,18.59,128469,0
20140331,18.66,19.31,18.58,18.88,1582459,0
20140401,18.85,19.35,18.84,19.33,297025,0
20140402,19.29,19.48,19.05,19.22,189654,0
20140403,19.29,19.43,19.22,19.36,159334,0
20140404,19.44,19.69,18.84,19.12,423708,0
20140407,19.03,19.12,18.51,18.57,92591,0
20140408,18.55,18.75,18.26,18.49,126061,0
20140409,18.55,19.5,18.51,19.47,150773,0
20140410,19.39,19.39,18.81,18.9,134854,0
20140411,18.73,18.95,17.84,18.13,103009,0
20140414,18.25,18.7,17.92,18.14,49930,0
20140415,18.16,18.24,17.72,18.04,91213,0
20140416,18.18,18.69,18.15,18.44,50753,0
20140417,18.51,18.58,18.19,18.44,79093,0
20140421,18.52,18.52,18.3,18.34,38055,0
20140422,18.24,18.56,18.09,18.2,121700,0
20140423,18.08,18.26,17.91,18.15,95203,0
20140424,18.19,18.27,17.68,17.9,88889,0
20140425,17.81,17.96,17.17,17.67,291750,0
20140428,17.77,18,17.46,17.65,99488,0
20140429,17.65,17.79,17.52,17.72,59247,0
20140430,17.72,17.9,17.55,17.89,113536,0
20140501,17.78,17.78,17.32,17.71,68524,0
20140502,17.82,18.05,17.75,17.93,160845,0
20140505,17.76,18.29,17.5,18.28,111615,0
20140506,18.3,18.3,17.5,17.87,184203,0
20140507,17.83,17.84,17.46,17.71,77470,0
20140508,17.59,17.63,17.24,17.49,155666,0
20140509,17.42,17.55,17.14,17.33,99090,0
20140512,17.32,17.5,17.25,17.32,271139,0
20140513,17.3,17.7,17.13,17.42,122144,0
20140514,17.34,17.36,17.05,17.1,68916,0
20140515,17.02,17.15,16.83,16.92,64170,0
20140516,16.87,17.09,16.78,17.04,107980,0
20140519,16.97,17.3,16.87,17.16,104603,0
20140520,17.13,17.23,16.61,16.64,317900,0
20140521,16.62,16.9,16.62,16.78,96337,0
20140522,16.78,17.21,16.67,17.15,284111,0
20140523,17.16,17.34,17.12,17.25,62548,0
20140527,17.39,17.71,17.31,17.57,65894,0
20140528,17.6,18.03,17.54,17.95,96732,0
20140529,18.04,18.08,17.57,17.61,193014,0
20140530,17.69,18.71,17.55,18.55,424572,0
20140602,18.7,19.19,18.7,19.02,168759,0
20140603,19.04,19.29,18.87,19.24,160652,0
20140604,19.25,19.53,19.19,19.48,178116,0
20140605,19.47,19.81,19.44,19.63,103730,0
20140606,19.73,19.98,19.51,19.75,149703,0
20140609,19.85,19.89,19.46,19.61,103464,0
20140610,19.64,19.73,19.22,19.54,147900,0
20140611,19.54,19.64,19.4,19.62,63505,0
20140612,19.52,19.53,19.3,19.5,85449,0
20140613,19.58,19.62,19.4,19.55,80412,0
20140616,19.49,19.51,19.01,19.2,214391,0
20140617,19.18,19.43,19.13,19.38,67691,0
20140618,19.34,19.38,19.22,19.27,61606,0
20140619,19.34,19.34,19.03,19.03,67349,0
20140620,19,19.1,18.75,18.77,303274,0
20140623,18.82,18.93,18.61,18.67,78780,0
20140624,18.6,18.82,18,18.1,90682,0
20140625,18,18.33,17.96,18.28,70167,0
20140626,18.37,18.51,18.1,18.17,79003,0
20140627,18.09,18.17,17.86,18.11,232035,0
20140630,18.14,18.25,17.88,18.07,98654,0
20140701,18.18,18.93,18.06,18.66,292101,0
20140702,18.71,19.4,18.55,19.24,248700,0
20140703,19.24,19.24,19.01,19.08,22024,0
20140707,19.03,19.08,18.73,18.78,99314,0
20140708,18.73,18.98,18.61,18.88,154337,0
20140709,18.93,18.98,18.8,18.88,28966,0
20140710,18.74,19,18.62,18.87,44051,0
20140711,18.84,18.91,18.78,18.8,52895,0
20140714,19.06,19.06,18.64,18.66,50699,0
20140715,18.68,18.86,18.52,18.64,113207,0
20140716,18.8,18.81,18.59,18.68,40484,0
20140717,18.57,18.8,18.35,18.4,48523,0
20140718,18.34,18.88,18.26,18.87,97420,0
20140721,18.85,18.91,18.58,18.64,44650,0
20140722,18.76,18.81,18.5,18.61,38362,0
20140723,18.61,18.63,18.5,18.56,28321,0
20140724,18.62,18.66,18.42,18.61,97162,0
20140725,18.5,18.65,18.15,18.32,56857,0
20140728,18.45,18.45,17.75,17.95,72062,0
20140729,17.95,18.12,17.82,17.93,89546,0
20140730,18.05,18.1,17.91,17.97,47134,0
20140731,17.86,18,17.5,17.6,111113,0
20140801,17.54,17.77,17.35,17.53,85726,0
20140804,17.64,18.01,17.51,17.89,61670,0
20140805,17.75,18.16,17.46,17.55,76396,0
20140806,17.34,17.66,17.02,17.26,131437,0
20140807,17.26,17.35,16.78,17,98076,0
20140808,17.01,17.23,16.85,16.89,96420,0
20140811,17,17.57,16.85,17.23,126589,0
20140812,17.13,17.38,17.09,17.34,60876,0
20140813,17.35,17.8,17.31,17.76,71462,0
20140814,17.73,17.88,17.57,17.83,78348,0
20140815,18.02,18.22,17.66,18.07,73313,0
20140818,18.25,18.36,18.1,18.33,28260,0
20140819,18.31,18.47,18.27,18.4,56082,0
20140820,18.36,18.48,18.25,18.27,20989,0
20140821,18.27,18.6,18.27,18.5,79654,0
20140822,18.55,19.04,18.55,18.64,86944,0
20140825,18.75,18.97,18.75,18.84,56524,0
20140826,18.9,18.97,18.6,18.7,48677,0
20140827,18.78,18.87,18.6,18.71,34820,0
20140828,18.69,18.84,18.31,18.45,54639,0
20140829,18.48,18.73,18.38,18.6,39522,0
20140902,18.7,18.95,17.7,17.93,247623,0
20140903,17.97,18.55,17.9,18.37,96863,0
20140904,18.41,18.49,18.25,18.35,18740,0
20140905,18.3,18.3,18.02,18.15,28724,0
20140908,18.17,18.64,18.17,18.45,40485,0
20140909,18.48,19.06,18.38,18.87,94942,0
20140910,18.92,18.92,18.48,18.68,37797,0
20140911,18.6,19.08,18.6,19.01,246884,0
20140912,19.07,19.07,18.71,18.96,195249,0
20140915,18.95,19.11,18.95,19.05,226256,0
20140916,19.04,19.12,18.95,19.07,282300,0
20140917,19.05,19.26,19,19.19,185474,0
20140918,19.21,19.47,19.21,19.4,150320,0
20140919,19.58,19.58,19.11,19.13,305336,0
20140922,19.05,19.34,19,19.27,165326,0
20140923,19.23,20.13,19.22,19.64,320043,0
20140924,19.7,19.7,19.03,19.07,118399,0
20140925,19.09,19.09,18.64,19.03,101299,0
20140926,19.06,19.16,18.92,19.06,47097,0
20140929,18.93,19.26,18.88,19.12,57098,0
20140930,18.97,19.15,18.78,18.9,91641,0
20141001,19.04,19.15,18.7,18.89,129514,0
20141002,18.85,19.07,18.75,19.02,40969,0
20141003,19.15,19.34,19.01,19.13,74149,0
20141006,19.14,19.18,18.94,19.12,59691,0
20141007,18.97,19.15,18.86,18.89,22556,0
20141008,18.86,19.2,18.78,19.14,48733,0
20141009,19.15,19.15,18.59,18.59,30478,0
20141010,18.42,18.71,18.33,18.41,77385,0
20141013,18.41,19.11,18.41,18.65,86110,0
20141014,18.82,19.33,18.82,19,118105,0
20141015,18.65,19,18.4,18.75,87811,0
20141016,18.71,19.18,18.57,18.94,33577,0
20141017,19.23,19.23,18.67,18.75,30821,0
20141020,18.86,19.13,18.75,19.05,172577,0
20141021,19.12,19.25,18.95,19.05,27293,0
20141022,18.94,19.04,18.66,18.88,25557,0
20141023,19.02,19.05,18.76,18.86,30475,0
20141024,18.8,18.98,18.75,18.93,30842,0
20141027,18.85,19.12,18.72,18.94,20790,0
20141028,19.05,19.38,18.86,19.34,59714,0
20141029,19.31,19.31,18.96,19.22,30556,0
20141030,19.4,19.4,18.91,19.09,65760,0
20141031,19.39,19.39,18.85,18.99,453982,0
20141103,19.01,19.24,18.91,19.05,65142,0
20141104,19.02,19.07,19.02,19.05,53517,0
20141105,19.09,19.15,19,19.09,175312,0
20141106,18.9,19.1,18.86,18.99,61813,0
20141107,19,19.05,18.84,19.05,177979,0
20141110,19,19.05,18.89,19.05,35424,0
20141111,19,19.05,18.71,18.86,53192,0
20141112,18.88,19.05,18.82,19.03,25686,0
20141113,19.03,19.05,18.84,19,39967,0
20141114,18.9,19.07,18.85,18.98,42100,0
20141117,18.91,18.93,18.33,18.44,37984,0
20141118,18.48,18.48,18,18.02,84836,0
20141119,17.98,18.19,17.81,18.16,72462,0
20141120,18.1,18.97,18.1,18.93,80749,0
20141121,19.05,19.05,18.79,18.88,73144,0
20141124,18.84,19.04,18.81,19,37291,0
20141125,19.03,19.03,18.76,18.8,57419,0
20141126,19,19.05,18.87,19.02,53487,0
20141128,19,19.18,18.88,18.91,29298,0
20141201,18.98,19.05,18.88,19,186491,0
20141202,19.17,19.27,19,19.24,170144,0
20141203,19.3,19.48,19.24,19.3,44751,0
20141204,19.31,19.67,19.27,19.67,56626,0
20141205,19.62,19.75,19.61,19.68,29082,0
20141208,19.57,19.8,19.44,19.52,58058,0
20141209,19.33,19.71,19.33,19.56,61093,0
20141210,19.43,19.63,19.02,19.2,92159,0
20141211,19.57,19.57,19.13,19.17,58040,0
20141212,19,19.38,18.81,19.02,59062,0
20141215,19.08,19.22,18.82,18.95,56616,0
20141216,19.13,20.32,19.13,20.21,165240,0
20141217,20.38,20.72,20.22,20.45,128607,0
20141218,20.56,20.78,20.04,20.08,77300,0
20141219,20.05,20.19,19.85,19.9,142650,0
20141222,19.92,20.06,19.8,19.89,218146,0
20141223,19.92,20.1,19.75,19.97,321986,0
20141224,19.82,20.22,19.82,19.98,173887,0
20141226,20,20.1,19.85,19.92,56727,0
20141229,20,20.02,19.93,19.98,152141,0
20141230,19.95,19.99,19.79,19.8,34588,0
20141231,19.79,19.9,19.55,19.61,48647,0
20150102,19.79,20,19.63,19.98,150693,0
20150105,19.83,20,19.29,19.55,90737,0
20150106,19.65,19.79,19.33,19.45,143093,0
20150107,19.49,19.52,19.11,19.42,99753,0
20150108,19.61,20,19.47,19.63,54084,0
20150109,19.7,19.76,19.24,19.48,49091,0
20150112,19.75,19.77,19.16,19.34,58066,0
20150113,19.47,19.54,18.91,19.09,61811,0
20150114,18.88,19.15,18.6,18.79,163038,0
20150115,18.78,18.78,18.34,18.49,45635,0
20150116,18.41,18.5,18.41,18.45,63689,0
