Date,Open,High,Low,Close,Volume,OpenInt
20100428,16.442,16.442,16.035,16.257,7097213,0
20100429,16.257,17.18,16.183,16.995,11873140,0
20100430,16.959,16.995,16.442,16.478,2225356,0
20100503,16.811,16.959,16.737,16.847,4469458,0
20100504,16.847,16.847,15.887,15.887,3080726,0
20100505,16.257,16.257,14.777,15.215,9544714,0
20100506,15.148,15.185,13.633,14.373,10866107,0
20100507,14.409,14.447,13.227,13.743,5252778,0
20100510,14.595,14.667,13.819,14.047,5225117,0
20100511,13.856,14.247,13.856,13.967,3554887,0
20100512,14.187,14.808,14.187,14.631,7733082,0
20100513,14.667,14.853,14.483,14.519,3350582,0
20100514,14.261,14.335,13.856,13.856,4132152,0
20100517,14.039,14.187,13.819,13.929,13691203,0
20100518,14.077,14.276,13.486,13.884,8417191,0
20100519,13.967,13.989,12.968,13.08,8427872,0
20100520,12.666,12.666,11.97,12.487,13869139,0
20100521,12.082,12.651,12.008,12.229,6049905,0
20100524,12.34,12.673,12.325,12.487,2315881,0
20100525,12.406,12.406,11.97,12.244,6292173,0
20100526,12.556,12.857,12.414,12.673,2813888,0
20100527,13.042,13.301,13.042,13.227,4271106,0
20100528,13.227,13.227,12.008,13.131,300582,0
20100601,13.042,13.153,12.71,12.932,1218938,0
20100602,13.013,13.049,12.724,12.806,1123079,0
20100603,12.894,12.932,12.673,12.806,2941457,0
20100604,12.599,12.635,12.377,12.599,4258970,0
20100607,12.673,12.71,12.37,12.48,3825455,0
20100608,12.584,12.584,12.193,12.377,2757543,0
20100609,12.406,12.635,12.34,12.406,1908374,0
20100610,12.54,12.613,12.451,12.54,1895938,0
20100611,12.518,12.704,12.518,12.666,612244,0
20100614,12.704,12.99,12.704,12.924,1364779,0
20100615,12.916,13.301,12.821,13.279,2665003,0
20100616,13.248,13.279,13.028,13.035,1409376,0
20100617,13.065,13.115,12.666,12.784,1475802,0
20100618,12.806,12.821,12.673,12.718,1858920,0
20100621,12.894,12.954,12.628,12.635,695631,0
20100622,12.628,12.635,12.414,12.444,2033863,0
20100623,12.487,12.525,12.266,12.304,1523310,0
20100624,12.333,12.503,12.082,12.414,2911753,0
20100625,12.487,12.503,12.34,12.429,828094,0
20100628,12.466,12.466,12.34,12.466,481631,0
20100629,12.37,12.37,12.008,12.008,3465765,0
20100630,12.023,12.193,11.934,11.934,2075994,0
20100701,12,12.045,11.38,11.49,5421403,0
20100702,11.513,11.594,11.38,11.439,313515,0
20100706,11.454,11.52,11.01,11.129,1128201,0
20100707,11.121,11.195,10.98,11.084,2892236,0
20100708,11.047,11.195,11.047,11.121,3277944,0
20100709,11.158,11.838,11.084,11.676,2001089,0
20100712,11.69,11.838,11.676,11.69,1063778,0
20100713,11.697,12.193,11.697,12.118,2229178,0
20100714,12.118,12.156,12.008,12.118,2080211,0
20100715,12.141,12.141,11.823,12.095,1225830,0
20100716,12.045,12.045,11.823,11.97,845391,0
20100719,11.956,12.34,11.905,12.156,672882,0
20100720,12.148,12.148,11.934,11.963,1684340,0
20100721,11.963,12.045,11.963,12,2437430,0
20100722,12.015,12.258,12.015,12.229,1524132,0
20100723,12.229,12.406,12.208,12.4,1915004,0
20100726,12.562,13.08,12.562,13.042,4500174,0
20100727,13.241,13.552,12.746,13.472,7820333,0
20100728,13.464,13.464,13.168,13.248,3302015,0
20100729,13.374,13.411,13.183,13.256,2163154,0
20100730,13.241,13.353,13.065,13.301,2737824,0
20100802,13.411,13.492,13.339,13.347,2088006,0
20100803,13.366,13.389,13.08,13.227,2109356,0
20100804,13.227,13.64,13.227,13.522,5676034,0
20100805,13.522,13.522,13.449,13.479,341424,0
20100806,13.464,13.486,13.241,13.301,677384,0
20100809,13.301,13.411,13.294,13.339,1695486,0
20100810,13.339,13.339,13.227,13.294,1429353,0
20100811,13.153,13.153,13.005,13.013,2734963,0
20100812,13.028,13.028,12.857,12.932,4412399,0
20100813,12.939,13.324,12.939,13.316,4024217,0
20100816,13.929,14.261,13.781,13.819,14520381,0
20100817,14.002,14.187,14.002,14.092,6188304,0
20100818,14.115,14.815,14.115,14.631,4824164,0
20100819,14.698,14.845,14.039,14.631,7190017,0
20100820,14.631,14.793,14.602,14.698,4455937,0
20100823,14.705,14.963,14.705,14.823,3008162,0
20100824,14.631,14.815,14.557,14.772,7007963,0
20100825,14.735,14.815,14.682,14.728,5405371,0
20100826,14.743,15.148,14.743,14.777,3798708,0
20100827,14.882,15.104,14.764,15.104,2685095,0
20100830,15.075,15.371,14.941,14.941,2338400,0
20100831,14.941,15.156,14.941,15.148,3134626,0
20100901,15.148,15.739,15.141,15.533,7395270,0
20100902,15.554,15.554,15.34,15.481,2095729,0
20100903,15.511,15.739,15.511,15.614,1451497,0
20100907,15.606,15.606,15.371,15.489,2084035,0
20100908,15.481,15.614,15.481,15.511,2889777,0
20100909,15.518,15.629,15.274,15.295,4003467,0
20100910,15.303,15.386,15.289,15.363,1091337,0
20100913,15.356,15.82,15.356,15.799,4643667,0
20100914,15.805,15.938,15.747,15.894,3253177,0
20100915,15.894,15.991,15.851,15.932,1762026,0
20100916,16.071,16.463,16.071,16.147,5656436,0
20100917,16.397,16.442,16.264,16.442,3850942,0
20100920,16.442,16.456,16.397,16.404,2234814,0
20100921,16.411,16.456,16.382,16.411,4170670,0
20100922,16.434,16.463,16.147,16.212,2215170,0
20100923,16.147,16.219,15.961,16.147,1835639,0
20100924,16.257,16.604,16.257,16.596,3561823,0
20100927,16.767,17.077,16.767,17.07,5874842,0
20100928,17.07,17.468,17.018,17.328,3968042,0
20100929,17.277,17.698,17.269,17.454,5149174,0
20100930,17.476,17.698,17.187,17.661,5879407,0
20101001,17.675,17.779,17.52,17.638,8993980,0
20101004,17.757,18.03,17.683,17.8,5188097,0
20101005,17.764,18.473,17.757,18.318,9596905,0
20101006,18.363,18.386,17.698,17.897,2572885,0
20101007,17.927,18.133,17.875,18.067,2940347,0
20101008,18.252,18.68,18.252,18.658,8687973,0
20101011,18.614,19.657,18.562,19.33,10859801,0
20101012,19.287,19.471,18.806,19.434,9477672,0
20101013,19.509,20.04,19.427,19.93,16667369,0
20101014,19.93,20.433,18.067,19.966,12446680,0
20101015,20.025,20.025,19.581,19.581,4340806,0
20101018,19.657,19.981,19.515,19.767,5517754,0
20101019,19.944,19.944,19.538,19.596,10532620,0
20101020,19.729,20.099,19.692,20.048,8231615,0
20101021,20.091,20.691,20.025,20.365,8838106,0
20101022,20.395,20.453,20.173,20.357,3304775,0
20101025,20.573,20.89,20.483,20.661,5325609,0
20101026,20.742,20.779,19.581,20.483,7487138,0
20101027,20.566,20.566,19.84,20.106,4897842,0
20101028,20.232,20.535,19.944,20.327,5171675,0
20101029,20.582,20.872,19.654,19.846,9731011,0
20101101,19.775,20.07,18.991,19.212,5636441,0
20101102,19.434,19.797,19.346,19.677,4584701,0
20101103,19.885,20.3,19.471,19.915,4518236,0
20101104,20.137,20.365,19.944,20.254,6926581,0
20101105,20.285,21.083,19.775,20.949,10378408,0
20101108,21.061,21.319,20.867,21.319,5562957,0
20101109,21.444,21.503,20.816,21.015,3068257,0
20101110,20.985,21.061,20.498,20.942,3676902,0
20101111,20.779,21.281,20.706,20.905,3354212,0
20101112,20.928,20.963,20.195,20.247,5907396,0
20101115,20.137,20.683,20.099,20.44,5605989,0
20101116,20.372,20.433,19.397,19.729,3950680,0
20101117,19.759,20.181,19.463,20.121,4322100,0
20101118,20.734,20.86,20.349,20.46,4569427,0
20101119,20.52,21.341,20.321,21.244,23660090,0
20101122,21.156,22.035,21.095,21.932,8327855,0
20101123,21.613,21.613,21.289,21.392,5934516,0
20101124,21.503,21.829,21.326,21.799,4521371,0
20101126,21.577,21.837,21.54,21.711,1002180,0
20101129,22.095,22.146,21.326,21.983,4621262,0
20101130,21.599,21.799,21.473,21.585,3831532,0
20101201,21.939,22.198,21.894,22.08,9652337,0
20101202,22.324,22.537,21.732,22.529,10340564,0
20101203,22.198,22.692,21.821,22.552,7557181,0
20101206,22.627,22.995,22.537,22.967,6263589,0
20101207,23.277,23.462,22.856,23.351,8522528,0
20101208,23.351,23.535,22.708,22.804,4815150,0
20101209,23.077,23.158,21.872,22.619,5827442,0
20101210,22.582,23.032,22.509,22.982,4579143,0
20101213,22.967,23.623,22.929,23.543,51514957,0
20101214,23.358,23.986,22.959,23.638,5244096,0
20101215,23.638,23.786,23.291,23.462,1973993,0
20101216,23.653,23.697,22.84,23.054,3381133,0
20101217,23.01,23.646,22.7,23.55,5386062,0
20101220,23.58,23.735,23.366,23.72,3384403,0
20101221,23.646,24.067,23.646,24.053,4467431,0
20101222,23.897,24.371,23.897,24.348,4347781,0
20101223,24.348,24.385,24.23,24.333,980352,0
20101227,24.141,24.407,24.125,24.356,919599,0
20101228,24.34,24.606,24.258,24.591,1504317,0
20101229,24.54,24.718,24.518,24.681,1746190,0
20101230,24.703,24.991,24.577,24.947,2172813,0
20101231,25.014,25.522,24.997,25.419,2541226,0
20110103,25.677,25.856,25.442,25.537,4605677,0
20110104,25.715,25.826,25.522,25.767,7410116,0
20110105,25.627,25.863,25.59,25.752,3763234,0
20110106,25.811,25.944,25.656,25.84,4397274,0
20110107,25.996,26.032,25.457,25.582,2557216,0
20110110,25.804,26.085,25.567,26.039,5482886,0
20110111,26.306,27.031,26.24,26.948,6400334,0
20110112,27.09,27.341,26.979,27.149,3881060,0
20110113,27.223,27.223,26.491,26.899,5960516,0
20110114,26.808,27.341,26.632,27.052,5198013,0
20110118,27.303,27.341,26.941,26.971,2931975,0
20110119,27.096,27.119,26.255,26.351,4983424,0
20110120,26.055,26.432,24.806,26.172,10606851,0
20110121,26.514,26.765,25.419,25.899,4936222,0
20110124,26.306,26.402,25.677,26.343,3369214,0
20110125,26.381,26.713,26.248,26.381,8595372,0
20110126,26.439,26.785,26.262,26.602,3147313,0
20110127,26.646,26.979,26.476,26.75,3679314,0
20110128,26.823,26.956,25.582,25.759,2654103,0
20110131,25.695,26.635,25.695,26.557,3045326,0
20110201,26.743,27.341,26.58,27.223,3820894,0
20110202,26.979,27.253,26.728,27.009,2228106,0
20110203,27.215,27.667,26.602,26.69,4962744,0
20110204,26.927,27.163,26.115,26.728,5530898,0
20110207,26.963,27.17,26.077,26.248,6028717,0
20110208,26.432,26.491,25.39,26.218,6839163,0
20110209,26.039,26.565,25.56,26.484,7087918,0
20110210,26.107,27.215,26.107,27.157,3845318,0
20110211,26.728,28.737,26.424,27.393,6278598,0
20110214,27.652,27.667,27.2,27.637,3740851,0
20110215,27.629,27.835,27.016,27.695,3343275,0
20110216,27.687,27.932,27.408,27.739,3999775,0
20110217,27.777,28.523,27.534,28.516,8534931,0
20110218,27.267,28.169,26.115,28.044,20829791,0
20110222,26.994,28.634,26.409,26.484,8583375,0
20110223,26.269,27.341,25.774,27.075,8375556,0
20110224,27.09,27.629,26.793,27.119,6030756,0
20110225,27.725,28.486,27.71,28.204,6630580,0
20110228,28.811,29.558,27.866,28.139,16871265,0
20110301,28.353,28.707,27.163,27.386,4840899,0
20110302,27.489,28.509,27.223,28.131,5319034,0
20110303,28.84,29.447,28.56,29.232,7522009,0
20110304,29.705,29.78,29.07,29.292,5830793,0
20110307,29.698,29.78,29.158,29.433,5878117,0
20110308,29.372,30.356,29.085,30.097,4424247,0
20110309,30.238,30.385,29.786,30.223,3651575,0
20110310,29.838,30.296,28.471,29.328,9960708,0
20110311,28.855,29.307,28.227,28.938,5367733,0
20110314,28.877,29.861,28.634,28.96,2369730,0
20110315,28.057,28.553,27.584,28.287,5000236,0
20110316,28.169,29.122,28.071,28.147,4156951,0
20110317,28.693,29.048,28.649,28.811,2065411,0
20110318,29.203,29.247,28.234,28.375,3796898,0
20110321,28.995,29.558,28.672,29.314,3803660,0
20110322,29.292,29.328,28.589,28.855,1940079,0
20110323,28.693,29.535,28.456,29.462,1744704,0
20110324,29.558,30,29.372,29.846,2506939,0
20110325,29.853,30.201,29.498,29.824,2021587,0
20110328,29.928,30.163,29.129,29.713,4780791,0
20110329,29.513,30.104,29.483,29.661,2846834,0
20110330,29.78,29.846,29.181,29.32,3994878,0
20110331,29.54,29.651,29.022,29.229,4812136,0
20110401,29.551,29.765,29.232,29.757,5556229,0
20110404,29.928,30.296,29.824,30.038,2696885,0
20110405,29.905,30.673,29.772,30.548,3461646,0
20110406,30.584,31.072,30.496,30.747,4000397,0
20110407,30.762,30.851,30.09,30.666,4379236,0
20110408,30.725,31.981,30.666,31.464,6579529,0
20110411,31.479,31.923,30.895,31.397,3197429,0
20110412,31.057,31.242,29.824,29.949,5677699,0
20110413,30.104,30.208,29.624,30.023,3349553,0
20110414,29.853,30.023,29.285,29.868,2174158,0
20110415,29.89,30.429,29.551,30.304,2805887,0
20110418,30.061,30.385,29.41,29.602,3067698,0
20110419,29.595,30.348,29.447,30.133,4179127,0
20110420,30.637,31.035,30.563,31.035,3224343,0
20110421,31.072,31.627,30.984,31.575,3214166,0
20110425,31.559,32.32,31.346,31.967,2902318,0
20110426,32.166,32.513,31.759,32.357,3755504,0
20110427,32.505,32.816,32.07,32.292,4202789,0
20110428,32.351,32.913,32.232,32.838,4922933,0
20110429,33.004,33.521,32.711,32.884,5028881,0
20110502,35.543,35.557,32.978,33.711,8606961,0
20110503,33.769,34.199,32.853,32.935,5750091,0
20110504,32.816,32.905,31.035,31.649,6719777,0
20110505,31.545,32.062,30.511,30.776,6970159,0
20110506,30.843,31.619,30.208,30.356,9809480,0
20110509,30.356,31.249,30.319,30.666,6097298,0
20110510,31.035,31.405,30.851,31.213,6758182,0
20110511,31.405,32.003,30.637,31.199,8991000,0
20110512,31.035,31.28,30.422,30.54,5479533,0
20110513,30.762,30.851,29.085,29.32,6275420,0
20110516,28.316,29.003,27.881,28.154,13648197,0
20110517,28.154,28.981,28.131,28.782,12164757,0
20110518,28.9,30.341,28.775,30.296,9495754,0
20110519,30.481,30.718,29.92,30.296,4237737,0
20110520,30.082,30.171,29.314,29.558,5465689,0
20110523,28.752,29.077,28.198,28.744,6027622,0
20110524,29.137,29.558,29.003,29.372,6048587,0
20110525,29.188,31.094,29.188,30.732,6503065,0
20110526,30.762,31.183,30.133,30.858,6175464,0
20110527,31.124,31.582,30.901,31.582,3632848,0
20110531,32.089,32.379,31.659,32.371,11776285,0
20110601,32.27,32.668,31.116,31.242,5656839,0
20110602,31.523,31.759,30.341,30.814,4958789,0
20110603,29.928,30.082,28.973,29.476,8989068,0
20110606,29.595,29.616,28.169,28.257,7467828,0
20110607,29.137,29.181,28.398,28.729,5912221,0
20110608,28.449,29.188,28.257,28.981,5937506,0
20110609,29.224,29.691,28.981,29.558,4469545,0
20110610,29.224,29.513,28.657,29.04,4356395,0
20110613,29.114,29.38,28.162,28.302,4543587,0
20110614,28.923,29.742,28.862,29.468,6023446,0
20110615,29.025,29.254,28.139,28.346,6645518,0
20110616,28.418,28.536,26.723,27.347,11084935,0
20110617,27.747,27.866,26.8,27.253,8911344,0
20110620,26.971,27.245,26.514,27.016,7468978,0
20110621,27.408,28.642,27.318,28.53,7919364,0
20110622,28.553,29.195,28.295,28.596,6192703,0
20110623,27.984,28.154,27.075,28.124,6354847,0
20110624,28.257,28.693,27.725,27.77,25715892,0
20110627,27.82,27.953,26.484,27.534,9506298,0
20110628,27.858,27.858,26.948,27.695,7207960,0
20110629,27.887,29.033,27.843,28.295,5892738,0
20110630,28.299,28.858,27.979,28.462,4408211,0
20110701,29.122,29.254,28.398,28.759,6293028,0
20110705,28.826,29.638,28.634,29.476,5250828,0
20110706,29.288,29.376,28.671,29.153,6113413,0
20110707,29.517,30.559,29.517,30.468,7888115,0
20110708,29.934,30.239,29.525,30.209,4793246,0
20110711,29.551,29.558,28.006,28.434,6148939,0
20110712,28.313,28.782,28.074,28.372,3113406,0
20110713,28.714,28.892,28.191,28.428,3649872,0
20110714,28.449,28.797,27.938,28.021,3301708,0
20110715,28.227,28.309,27.835,28.147,3472796,0
20110718,27.968,28.183,26.75,27.223,5350331,0
20110719,27.547,27.86,27.243,27.4,5408136,0
20110720,27.629,28.131,27.481,27.785,4802310,0
20110721,28.029,29.137,27.835,28.885,6756654,0
20110722,28.782,29.303,28.261,29.22,5408680,0
20110725,28.678,29.033,28.242,28.309,4629445,0
20110726,28.292,29.057,28.194,28.774,4209893,0
20110727,28.486,28.885,27.799,28.079,5396635,0
20110728,28.082,28.41,27.427,27.748,4756473,0
20110729,28.082,29.54,27.255,29.16,11193948,0
20110801,30.481,30.984,28.382,29.801,8343597,0
20110802,29.54,29.607,27.599,27.63,7603906,0
20110803,27.792,28.109,25.899,27.555,14330141,0
20110804,27.041,27.041,23.861,24.759,16894696,0
20110805,25.288,25.973,22.3,24.462,12604425,0
20110808,23.266,24.069,19.594,21.036,19297344,0
20110809,21.787,23.534,21.496,23.526,16809058,0
20110810,22.864,24.001,22.395,23.006,9414096,0
20110811,23.154,25.674,23.111,25.139,8178072,0
20110812,25.199,25.525,24.388,25.049,6820755,0
20110815,25.369,26.03,24.893,25.228,4115731,0
20110816,24.893,24.931,23.838,24.248,5242731,0
20110817,24.485,24.812,23.31,23.72,6591095,0
20110818,22.746,23.013,21.43,21.593,10155029,0
20110819,21.311,21.928,20.754,20.798,6818672,0
20110822,21.668,22.62,20.991,21.37,7344707,0
20110823,21.615,22.529,21.162,22.189,6490235,0
20110824,22.092,22.947,21.988,22.887,4832172,0
20110825,23.065,23.259,22.24,22.612,4895634,0
20110826,22.322,23.846,22.099,23.675,4452536,0
20110829,24.367,25.823,24.195,25.785,6303022,0
20110830,25.392,25.638,25.049,25.318,5238408,0
20110831,25.548,26.057,25.316,25.755,5836802,0
20110901,25.704,25.816,25.012,25.214,4557318,0
20110902,24.126,24.299,23.273,23.868,1935565,0
20110906,22.931,23.906,22.746,23.861,6532496,0
20110907,24.351,25.437,24.321,25.228,2999606,0
20110908,24.857,25.272,24.455,24.79,2784056,0
20110909,24.351,24.396,22.924,23.184,4984625,0
20110912,22.598,23.422,22.493,23.355,5312775,0
20110913,23.601,24.24,23.348,24.165,2304136,0
20110914,24.269,25.109,23.503,24.745,2929423,0
20110915,25.065,25.437,24.5,25.042,2640449,0
20110916,25.02,25.295,24.388,25.272,2884873,0
20110919,24.396,24.708,23.757,24.47,3773552,0
20110920,24.611,24.916,23.548,23.609,3924059,0
20110921,23.37,23.37,21.453,21.475,8011706,0
20110922,20.182,21.094,19.015,20.672,8719887,0
20110923,20.657,21.943,20.367,21.162,3499587,0
20110926,21.408,21.699,20.672,21.557,7892858,0
20110927,22.345,23.282,21.89,21.995,8809528,0
20110928,21.943,22.062,20.554,20.642,5228534,0
20110929,21.258,21.422,19.363,19.81,6950506,0
20110930,19.107,19.21,18.144,18.162,11244667,0
20111003,18.086,18.985,17.699,17.915,9198372,0
20111004,17.572,19.349,17.022,19.237,9512849,0
20111005,19.349,19.712,18.962,19.394,10089381,0
20111006,19.416,20.531,19.26,20.359,8471231,0
20111007,20.589,20.731,19.647,19.712,5950192,0
20111010,20.248,20.91,19.758,20.256,4584046,0
20111011,20.018,21.244,19.765,20.849,4710302,0
20111012,21.006,21.905,20.776,21.334,6026275,0
20111013,21.029,21.208,20.443,20.857,2946496,0
20111014,21.422,22.143,21.266,21.706,6020089,0
20111017,21.534,21.734,20.731,20.991,4225471,0
20111018,20.842,21.273,20.322,21.029,6197280,0
20111019,20.754,20.835,19.929,20.018,7487410,0
20111020,19.981,20.405,19.401,20.359,4684167,0
20111021,22.894,23.237,21.557,23.058,16969110,0
20111024,23.013,24.055,23.013,24.032,6283598,0
20111025,24.058,24.109,22.765,22.842,5338753,0
20111026,23.191,23.861,22.366,23.594,7503367,0
20111027,24.448,25.333,24.173,24.968,6784071,0
20111028,25.459,26.388,24.767,25.645,8029030,0
20111031,24.9,25.829,24.414,24.423,6907909,0
20111101,22.972,24.17,21.928,23.868,7674680,0
20111102,24.24,25.028,24.202,24.686,3147406,0
20111103,25.299,25.747,24.549,25.618,5532432,0
20111104,25.376,26.212,25.057,26.023,7103881,0
20111107,25.957,26.038,25.214,25.861,3152557,0
20111108,26.014,26.195,25.264,25.972,3195993,0
20111109,24.799,25.635,24.738,25.316,6552880,0
20111110,25.661,26.11,25.014,26.066,7227465,0
20111111,26.186,27.1,25.695,26.815,5418757,0
20111114,27.135,27.471,26.298,26.41,7055188,0
20111115,26.385,26.797,25.901,25.954,14724597,0
20111116,25.807,26.377,25.764,26.03,9393199,0
20111117,25.859,26.177,25.833,26.16,11488450,0
20111118,26.368,26.739,25.281,25.669,17575339,0
20111121,25.41,25.73,25.204,25.652,20069580,0
20111122,25.437,26.092,25.255,25.661,5853450,0
20111123,25.385,25.393,24.385,24.419,6588790,0
20111125,24.445,25.238,24.428,24.696,1976993,0
20111128,25.661,26.083,25.325,25.781,5588515,0
20111129,25.842,26.523,25.61,26.168,4787636,0
20111130,27.049,28.346,26.997,28.163,5705269,0
20111201,27.971,28.161,27.677,27.935,4542401,0
20111202,28.445,28.79,28.064,28.273,3517449,0
20111205,28.825,29.47,28.608,29.065,4042881,0
20111206,29.092,29.375,28.54,29.049,3513188,0
20111207,28.617,28.858,28.144,28.393,4360680,0
20111208,28.082,28.608,27.79,28.117,4319309,0
20111209,28.1,28.902,27.203,28.6,7080561,0
20111212,28.117,28.367,27.453,27.824,3806373,0
20111213,27.927,28.402,27.083,27.488,3888298,0
20111214,26.953,27.341,26.177,26.463,5293999,0
20111215,26.85,26.894,26.298,26.548,4567529,0
20111216,26.868,27.712,26.721,27.626,9056740,0
20111219,27.126,27.35,26.721,26.894,3338829,0
20111220,27.712,28.644,27.582,28.375,2862660,0
20111221,28.42,28.497,27.686,28.411,2088071,0
20111222,28.359,28.866,28.135,28.35,2686285,0
20111223,28.402,28.54,28.264,28.436,1802523,0
20111227,28.402,28.694,28.178,28.42,1188221,0
20111228,28.42,28.445,27.67,27.798,978330,0
20111229,27.911,28.375,27.755,28.282,825487,0
20111230,28.307,28.332,27.92,28.006,1088919,0
20120103,28.703,29.29,28.54,28.849,4178282,0
20120104,28.816,30.108,28.79,29.945,5652893,0
20120105,29.807,29.807,29.308,29.513,6466780,0
20120106,29.642,30.117,29.255,29.695,5165657,0
20120109,29.738,29.85,29.47,29.583,5022459,0
20120110,29.755,32.082,29.678,31.85,10545388,0
20120111,32.307,32.928,31.824,32.237,9214554,0
20120112,32.668,34.048,32.41,33.521,9336010,0
20120113,32.919,33.677,32.531,33.539,6722420,0
20120117,34.319,34.518,33.574,33.781,3724402,0
20120118,33.926,35.53,33.806,35.021,7446425,0
20120119,35.1,35.229,34.315,34.479,4540006,0
20120120,34.367,34.479,34.022,34.391,4376509,0
20120123,34.479,34.538,33.6,33.909,5908971,0
20120124,33.806,34.506,33.427,34.453,4111543,0
20120125,34.255,34.729,33.633,34.668,4619584,0
20120126,34.944,35.255,34.453,34.729,3703349,0
20120127,34.608,35.805,34.608,35.539,4751092,0
20120130,35.185,36.581,34.918,36.565,4789367,0
20120131,36.738,37.165,36.608,37.147,6582066,0
20120201,37.479,37.84,37.203,37.582,6623620,0
20120202,37.849,37.927,37.185,37.323,5208548,0
20120203,37.693,38.633,37.693,38.617,7121329,0
20120206,38.65,38.65,38.184,38.573,3402416,0
20120207,38.482,38.812,38.222,38.673,6406491,0
20120208,38.786,38.837,38.309,38.525,3614956,0
20120209,38.734,38.891,38.231,38.431,6768766,0
20120210,37.927,39.574,37.59,38.573,11215036,0
20120213,39.004,39.986,38.728,39.66,10365181,0
20120214,39.219,39.598,37.952,38.452,7336485,0
20120215,38.184,38.184,37.374,37.547,9108493,0
20120216,37.547,37.961,37.479,37.918,5411200,0
20120217,38.11,38.231,37.684,37.91,2230598,0
20120221,37.988,38.168,36.177,36.969,4642766,0
20120222,36.635,37.424,36.271,37.32,4358427,0
20120223,37.479,37.504,36.642,37.227,3160740,0
20120224,37.165,38.119,37.165,38.057,5317903,0
20120227,37.669,38.772,37.504,38.133,3554126,0
20120228,38.237,38.667,37.866,37.927,2877542,0
20120229,37.81,38.213,36.951,37.222,3258808,0
20120301,37.441,37.771,36.904,37.554,2379846,0
20120302,37.65,38.101,37.58,37.676,2085686,0
20120305,37.371,37.433,35.42,36.029,6211821,0
20120306,35.168,35.316,33.539,33.861,6980272,0
20120307,34.476,35.168,34.302,34.996,3987461,0
20120308,35.316,37.173,35.316,37.05,6709832,0
20120309,37.112,37.355,36.34,36.548,4271388,0
20120312,36.426,36.575,34.579,35.212,6455793,0
20120313,35.663,36.678,35.316,36.653,3314586,0
20120314,36.47,36.635,36.045,36.393,1980106,0
20120315,36.435,37.554,36.366,37.043,3000936,0
20120316,37.05,37.511,36.791,37.208,2859291,0
20120319,36.973,37.165,36.653,36.895,3050592,0
20120320,36.496,37.259,36.098,37.19,2522443,0
20120321,37.277,37.997,36.921,37.858,2161526,0
20120322,37.208,37.537,35.966,36.089,2925863,0
20120323,36.105,36.947,35.89,36.878,2061204,0
20120326,37.295,38.24,37.077,38.049,4110714,0
20120327,38.04,39.012,37.537,37.546,3655946,0
20120328,37.624,38.04,36.722,36.982,3013299,0
20120329,36.426,37.511,35.612,37.407,4413292,0
20120330,37.875,38.04,37.277,37.858,3288350,0
20120402,37.832,38.891,37.598,38.655,4178525,0
20120403,38.37,39.08,37.641,38.013,6443546,0
20120404,37.468,38.371,37.328,38.24,2729925,0
20120405,38.029,39.238,37.477,37.731,3212670,0
20120409,37.138,37.199,36.653,36.835,1629852,0
20120410,36.852,36.887,35.316,35.517,3738998,0
20120411,36.262,36.6,35.559,35.751,3869718,0
20120412,36.011,37.19,35.81,37.147,4172096,0
20120413,36.999,38.543,36.965,38.222,4995186,0
20120416,38.525,38.682,37.806,38.404,4358008,0
20120417,38.932,39.159,38.16,38.274,3775986,0
20120418,38.144,38.404,37.641,38.049,2482746,0
20120419,38.092,38.777,37.962,38.24,3503686,0
20120420,38.361,38.69,38.066,38.301,2606859,0
20120423,37.477,38.119,37.05,37.944,2319506,0
20120424,37.806,38.386,37.355,38.24,2258717,0
20120425,38.682,39.349,38.561,39.185,2343634,0
20120426,38.707,39.775,38.161,39.488,2711859,0
20120427,39.623,40.009,39.212,39.659,5068560,0
20120430,38.119,38.639,36.236,36.236,11015735,0
20120501,36.758,37.906,36.337,37.17,6728740,0
20120502,37.103,37.598,36.54,37.416,3664599,0
20120503,37.512,37.529,35.637,35.777,5155538,0
20120504,35.557,36.014,34.033,34.244,9067608,0
20120507,34.05,34.7,33.902,34.024,6115185,0
20120508,33.747,33.869,32.671,33.695,6547229,0
20120509,33.586,35.803,33.279,34.777,8850159,0
20120510,35.444,35.453,34.499,35.094,7712140,0
20120511,34.681,35.33,34.576,34.761,4448617,0
20120514,34.35,34.366,33.674,34.104,5858269,0
20120515,34.226,34.804,34.095,34.463,4504618,0
20120516,34.936,35.162,33.656,34.015,5257799,0
20120517,34.086,34.086,32.377,32.386,5142899,0
20120518,32.465,33.315,32.228,32.456,4884359,0
20120521,32.508,34.314,32.456,34.173,3400341,0
20120522,34.541,34.804,34.147,34.4,6397011,0
20120523,34.095,34.253,33.175,34.138,4189484,0
20120524,34.436,34.848,33.604,34.147,3146951,0
20120525,34.287,34.9,34.042,34.699,2396051,0
20120529,35.13,35.987,34.98,35.829,4465477,0
20120530,34.9,35.067,34.104,34.481,2818528,0
20120531,34.638,34.752,33.647,34.576,5282199,0
20120601,32.622,33.473,32.456,32.648,5887436,0
20120604,32.675,32.675,31.519,32.21,3394556,0
20120605,31.904,32.973,31.668,32.876,4766378,0
20120606,33.393,34.122,33.113,33.683,5317693,0
20120607,34.49,35.13,33.139,33.297,4965020,0
20120608,33.079,33.638,32.395,33.498,2831065,0
20120611,33.937,34.033,32.412,32.473,2012439,0
20120612,32.867,33.384,32.596,33.148,2549519,0
20120613,32.815,33.604,32.657,33.096,3318219,0
20120614,33.016,33.27,32.482,32.947,3265945,0
20120615,33.253,34.305,33.007,34.122,3732157,0
20120618,33.973,35.646,33.719,35.515,4185740,0
20120619,35.707,36.723,35.575,36.346,3261814,0
20120620,36.346,36.793,35.96,36.294,2927004,0
20120621,36.311,36.434,34.323,34.4,4869664,0
20120622,34.936,34.936,33.814,34.717,4630512,0
20120625,34.138,34.427,33.744,34.278,3617021,0
20120626,34.305,34.98,34.006,34.638,2056733,0
20120627,34.848,34.848,33.683,34.086,3198501,0
20120628,33.552,34.059,33.227,33.841,3676218,0
20120629,35.085,35.409,34.655,35.287,4363181,0
20120702,35.566,36.68,35.356,35.794,3611900,0
20120703,35.874,36.89,35.874,36.749,1566441,0
20120705,36.645,37.328,36.346,37.074,3112787,0
20120706,36.618,36.916,35.724,36.058,2735978,0
20120709,36.548,36.749,35.557,35.76,3408490,0
20120710,36.109,36.391,35.198,35.462,2995925,0
20120711,35.435,35.497,34.409,34.769,3170664,0
20120712,34.314,35.023,33.683,34.717,3112626,0
20120713,35.067,36.197,35.049,35.734,3032245,0
20120716,35.531,36.382,35.225,36.109,3093895,0
20120717,36.319,36.82,35.865,36.776,2575070,0
20120718,36.451,37.293,36.443,37.013,2933760,0
20120719,37.144,37.407,36.68,36.767,2768073,0
20120720,35.969,36.504,35.338,36.451,2505046,0
20120723,35.409,36.093,35.076,35.951,2983948,0
20120724,35.892,36.189,34.822,35.426,4223259,0
20120725,35.566,35.777,35.094,35.417,1759908,0
20120726,36.26,36.513,35.139,35.838,5101450,0
20120727,38.072,39.421,37.582,39.002,10046599,0
20120730,39.159,39.421,38.835,39.063,3180772,0
20120731,39.142,39.37,38.852,39.02,3591260,0
20120801,39.264,39.264,38.528,38.757,3413765,0
20120802,38.317,39.177,37.986,38.914,3801777,0
20120803,39.833,40.168,39.186,39.755,3882060,0
20120806,39.939,40.912,39.922,40.272,4212253,0
20120807,40.535,41.219,40.464,40.93,2783361,0
20120808,40.394,41.569,40.386,41.367,3110221,0
20120809,41.157,41.569,40.885,41.489,2920105,0
20120810,41.157,41.552,40.849,41.429,2505771,0
20120813,41.183,41.71,40.842,41.498,2375700,0
20120814,41.604,42.2,41.516,41.665,3925129,0
20120815,41.674,41.997,41.324,41.858,2953929,0
20120816,42.033,42.682,41.867,42.515,2370014,0
20120817,42.655,43.216,42.41,43.146,2496169,0
20120820,43.076,43.698,43.024,43.689,3407882,0
20120821,43.777,43.777,42.884,42.989,3067404,0
20120822,42.675,42.878,41.854,42.569,2444675,0
20120823,42.105,42.349,41.402,41.823,2668152,0
20120824,41.911,42.34,41.761,41.972,2212140,0
20120827,40.763,41.534,40.578,41.298,3012243,0
20120828,40.957,42.087,40.842,41.604,3379331,0
20120829,41.596,41.814,40.867,41.438,3491813,0
20120830,43.24,43.338,42.834,43.011,13947266,0
20120831,43.293,43.381,42.957,43.16,5438877,0
20120904,42.242,42.595,41.429,41.543,46553569,0
20120905,41.631,42.002,41.233,41.507,11937566,0
20120906,41.924,43.674,41.712,42.825,6694375,0
20120907,42.985,43.93,42.771,43.708,3575863,0
20120910,43.532,44.203,43.505,43.594,3534536,0
20120911,43.824,44.389,43.452,43.656,2501617,0
20120912,43.735,43.938,43.081,43.842,3190608,0
20120913,43.824,46.262,43.815,45.883,8516677,0
20120914,46.528,47.518,46.113,47.208,7394933,0
20120917,46.97,47.014,45.785,45.935,3640532,0
20120918,45.839,46.033,45.388,45.9,4720506,0
20120919,46.315,47.385,46.148,46.395,5354655,0
20120920,45.848,46.502,44.69,46.413,5277384,0
20120921,46.793,47.023,46.068,46.28,7806519,0
20120924,46.334,46.731,45.574,45.989,3140715,0
20120925,46.413,46.562,44.795,44.893,5149571,0
20120926,45.052,45.229,44.318,45.034,3798407,0
20120927,45.273,46.139,44.972,45.848,2500947,0
20120928,45.477,45.767,44.999,45.653,2860713,0
20121001,46.006,46.617,45.908,46.13,3218552,0
20121002,46.297,46.758,45.971,46.758,3573702,0
20121003,46.828,46.828,46.041,46.254,3603620,0
20121004,46.722,47.163,45.892,45.953,4118084,0
20121005,46.562,46.997,46.352,46.553,4449569,0
20121008,46.352,46.395,45.944,46.288,2228789,0
20121009,46.315,46.448,45.221,45.265,3418905,0
20121010,45.361,45.477,44.601,44.804,2747995,0
20121011,45.397,45.857,45.344,45.379,3023857,0
20121012,45.29,45.697,44.699,44.947,4077006,0
20121015,44.999,45.494,44.734,45.44,3223869,0
20121016,45.917,48.941,45.917,48.04,10657931,0
20121017,48.42,49.276,48.163,49.258,5306302,0
20121018,48.914,49.488,48.339,48.808,3475437,0
20121019,48.604,48.685,47.72,48.012,3657995,0
20121022,47.994,49.09,47.509,49.02,3259876,0
20121023,47.853,47.958,46.395,46.863,5066258,0
20121024,47.624,48.393,46.9,47.57,4752158,0
20121025,48.012,48.224,46.767,47.19,4095482,0
20121026,45.83,49.162,44.99,47.5,10141721,0
20121031,47.553,47.757,46.571,47.18,5296806,0
20121101,47.314,48.825,47.288,48.649,6444727,0
20121102,47.367,47.5,46.722,46.89,11989767,0
20121105,46.997,47.288,46.599,47.199,3993522,0
20121106,47.446,47.801,47.066,47.561,10105302,0
20121107,47.156,47.156,45.883,46.643,5578908,0
20121108,46.669,46.961,45.803,45.883,2513189,0
20121109,46.122,46.122,44.804,44.938,6213097,0
20121112,45.088,45.247,44.583,44.761,3311454,0
20121113,43.938,45.079,43.399,44.239,5883496,0
20121114,44.787,44.787,43.338,43.488,6729039,0
20121115,43.601,44.007,42.364,42.874,6714392,0
20121116,42.959,44.413,42.817,44.253,6361679,0
20121119,45.094,45.423,44.791,45.319,5701756,0
20121120,45.319,45.414,44.327,44.895,3823487,0
20121121,45.026,45.82,44.847,45.31,2887699,0
20121123,45.697,48.095,45.348,45.905,2027161,0
20121126,45.65,45.886,44.895,45.319,3714753,0
20121127,45.29,45.461,44.687,44.895,4016424,0
20121128,44.442,45.432,44.243,45.386,2948003,0
20121129,45.508,46.283,45.461,46.018,4346705,0
20121130,46.263,47.143,46.055,46.953,7832118,0
20121203,47.094,47.425,45.753,46.15,4656491,0
20121204,46.074,47.037,46.009,46.982,4345791,0
20121205,46.263,48.954,46.046,48.954,20184110,0
20121206,48.954,49.237,48.643,49.001,6331756,0
20121207,49.549,50.852,49.474,50.804,5712096,0
20121210,50.616,51.683,50.191,51.334,4535592,0
20121211,51.523,51.664,50.626,51.031,4900921,0
20121212,51.362,51.58,50.814,51.003,3810091,0
20121213,51.003,51.221,49.851,50.021,2739355,0
20121214,50.134,50.965,49.842,50.786,4535187,0
20121217,51.079,51.712,50.804,51.692,3443514,0
20121218,51.748,52.033,51.503,51.834,3274234,0
20121219,52.042,52.165,51.712,51.787,3483603,0
20121220,51.768,52.467,51.371,52.457,3662256,0
20121221,51.787,52.136,51.099,52.06,6762056,0
20121224,52.4,52.929,52.079,52.74,1856443,0
20121226,52.996,53.865,52.711,53.335,5001627,0
20121227,53.411,53.478,52.108,53.241,2603974,0
20121228,52.788,53.241,52.335,52.41,2503460,0
20121231,52.354,53.968,52.202,53.901,2838070,0
20130102,55.149,56.263,54.704,55.865,4757535,0
20130103,55.223,55.592,54.146,54.421,3772093,0
20130104,54.77,55.376,54.656,55.149,3139330,0
20130107,54.808,55.847,54.543,55.837,2467521,0
20130108,55.64,56.46,55.026,56.404,4002232,0
20130109,56.744,56.809,56.111,56.272,3137898,0
20130110,56.829,57.348,56.224,57.225,3831335,0
20130111,57.273,57.556,56.837,57.508,2111463,0
20130114,57.386,57.99,57.339,57.782,3387478,0
20130115,57.631,58.207,57.479,57.914,2310398,0
20130116,57.611,57.66,56.895,57.14,2769356,0
20130117,57.744,58.745,57.611,58.66,3887615,0
20130118,58.584,59.094,58.093,59.094,2831825,0
20130122,59.104,59.198,58.028,58.038,3796710,0
20130123,57.829,58.689,57.744,58.641,4365923,0
20130124,58.783,59.312,58.736,59.028,2821542,0
20130125,59.397,59.454,58.707,59.246,2471068,0
20130128,59.169,59.189,57.461,57.82,5555112,0
20130129,58.613,60.001,58.065,59.727,5807688,0
20130130,59.689,60.001,59.255,59.5,2633182,0
20130131,59.057,60.614,58.726,59.878,4766810,0
20130201,58.491,59.689,56.952,57.942,8905414,0
20130204,57.726,58.934,57.631,57.679,5283114,0
20130205,58.424,58.793,57.801,57.829,4167983,0
20130206,57.867,58.057,57.084,57.65,3576031,0
20130207,57.782,58.302,56.998,57.99,3013361,0
20130208,58.122,58.755,57.537,58.641,3513448,0
20130211,58.368,58.368,56.924,57.159,3364343,0
20130212,57.234,57.489,56.763,57.13,2944101,0
20130213,58.263,59.765,58.16,58.821,4085431,0
20130214,58.131,58.443,57.65,57.753,10204566,0
20130215,57.772,57.867,56.536,57.027,7607827,0
20130219,57.442,57.763,57.017,57.763,3727730,0
20130220,57.736,57.971,56.809,56.895,8983284,0
20130221,55.725,56.372,54.092,54.822,8251604,0
20130222,55.412,56.381,55.098,56.381,4181580,0
20130225,56.439,56.723,54.147,54.157,5090694,0
20130226,54.614,54.861,53.168,54.024,7951047,0
20130227,54.186,55.544,53.701,55.317,5615105,0
20130228,55.488,56.514,55.287,55.716,3841029,0
20130301,55.307,57.636,54.586,56.733,5944522,0
20130304,56.524,57.445,55.84,57.445,3552659,0
20130305,57.542,58.378,57.532,57.759,4929584,0
20130306,58.834,59.679,58.369,59.423,5194280,0
20130307,59.613,59.623,59.005,59.052,2195265,0
20130308,59.679,60.688,59.489,60.449,3298530,0
20130311,60.184,60.668,59.119,60.574,3250862,0
20130312,60.61,61.211,60.468,60.906,4749656,0
20130313,60.915,61.325,60.06,60.164,4945066,0
20130314,60.772,62.114,60.697,61.561,4945786,0
20130315,61.247,62.436,60.706,60.839,5351166,0
20130318,60.25,60.887,59.956,60.592,3532942,0
20130319,60.574,61.266,59.736,60.839,6142714,0
20130320,61.325,62.407,61.256,62.179,4743631,0
20130321,61.751,62.436,61.049,61.221,3916838,0
20130322,61.457,61.714,61.067,61.305,2310205,0
20130325,61.695,61.913,60.06,60.212,3712528,0
20130326,60.583,60.83,60.221,60.307,3951957,0
20130327,59.889,60.373,59.47,60.23,2343284,0
20130328,60.412,60.972,60.051,60.155,3027431,0
20130401,59.965,60.041,58.511,58.692,3929907,0
20130402,59.356,59.508,56.59,56.876,6581333,0
20130403,56.809,56.837,54.917,55.745,10689521,0
20130404,55.887,56.381,55.706,55.868,3846864,0
20130405,54.813,56.115,54.28,56.058,4452574,0
20130408,56.106,56.172,55.317,55.887,4563663,0
20130409,55.925,57.36,55.784,57.237,3770427,0
20130410,57.428,57.855,56.952,57.759,2477898,0
20130411,57.74,59.052,57.551,58.339,3341275,0
20130412,58.045,58.169,55.764,56.514,4590848,0
20130415,55.735,55.802,52.722,52.76,7520497,0
20130416,53.368,54.699,52.941,54.49,5157681,0
20130417,53.854,53.854,52.675,53.322,6780423,0
20130418,53.455,53.559,52.295,53.045,5186174,0
20130419,53.464,55.137,53.378,54.994,4881356,0
20130422,55.27,56.182,54.527,55.735,3028436,0
20130423,55.973,56.743,55.784,56.401,2924150,0
20130424,56.61,57.56,56.2,57.342,3828848,0
20130425,58.834,60.135,57.759,57.903,5237703,0
20130426,58.929,59.157,55.669,57.161,4574809,0
20130429,57.399,58.586,56.723,58.415,3519887,0
20130430,58.396,58.444,57.483,57.693,3637661,0
20130501,57.551,57.74,54.566,54.689,6150213,0
20130502,55.088,56.524,54.49,55.983,5389441,0
20130503,57.189,58.036,57.094,57.931,4677768,0
20130506,59.489,59.546,58.197,59.546,4557257,0
20130507,59.822,60.639,59.033,60.145,4545772,0
20130508,60.164,60.373,58.843,59.727,3783010,0
20130509,59.556,59.795,58.33,58.425,5611933,0
20130510,58.082,58.558,57.418,58.502,4801757,0
20130513,59.404,59.67,58.302,59.213,6073368,0
20130514,58.996,61.77,58.919,61.438,6830548,0
20130515,61.228,62.122,61.172,61.477,3869372,0
20130516,61.162,62.92,61.095,62.835,5544044,0
20130517,63.053,63.985,62.485,63.985,5559138,0
20130520,63.937,64.109,63.491,63.634,3019754,0
20130521,63.605,63.946,62.549,62.588,4353778,0
20130522,62.341,63.729,61.438,61.848,3663643,0
20130523,61.591,62.94,59.603,62.569,5187512,0
20130524,62.026,62.653,61.637,62.465,2367753,0
20130528,63.434,64.716,63.034,63.852,4691281,0
20130529,63.245,63.757,62.465,62.997,3204387,0
20130530,63.446,64.73,63.054,63.964,3276217,0
20130531,63.795,65.193,63.217,63.834,6753566,0
20130603,63.993,64.52,62.461,64.462,4257039,0
20130604,64.251,65.563,64.251,64.817,4261789,0
20130605,64.557,64.778,62.642,62.9,4665908,0
20130606,62.786,63.763,62.536,63.591,4224476,0
20130607,62.719,62.824,61.885,62.124,7926963,0
20130610,62.307,63.054,62.029,62.25,3516552,0
20130611,61.512,62.461,60.976,61.475,3431059,0
20130612,62.288,62.526,61.321,61.406,2487265,0
20130613,61.341,64.078,61.292,63.772,7527194,0
20130614,63.667,65.228,63.495,64.567,4623594,0
20130617,65.219,65.631,64.596,65.257,3643648,0
20130618,65.583,66.511,65.496,65.899,3351518,0
20130619,66.051,66.483,65.592,65.707,2811146,0
20130620,64.596,65.276,63.879,64.165,4161052,0
20130621,64.683,64.826,62.471,63.925,5307144,0
20130624,62.307,62.968,61.187,62.278,5090383,0
20130625,62.91,64.06,62.91,63.648,3692326,0
20130626,64.117,64.385,62.804,64.146,3779424,0
20130627,64.835,65.142,64.232,64.644,4814738,0
20130628,64.596,64.883,63.456,63.456,10036551,0
20130701,64.165,65.487,63.275,63.475,7269805,0
20130702,63.505,63.879,62.192,62.642,6080525,0
20130703,62.212,63.791,62,63.686,2075739,0
20130705,64.481,64.826,63.888,64.817,2997096,0
20130708,65.439,65.717,64.903,65.41,2304631,0
20130709,66.081,66.55,65.123,66.051,2596805,0
20130710,65.726,66.961,65.678,66.856,4010469,0
20130711,67.622,67.652,66.185,66.453,3820026,0
20130712,66.453,67.22,65.869,67.038,3029886,0
20130715,67.459,68.313,66.932,67.89,3794091,0
20130716,68.245,68.264,65.831,66.329,3210848,0
20130717,66.779,67.057,64.969,65.065,4509488,0
20130718,65.41,65.717,64.673,64.683,4783383,0
20130719,64.663,65.965,64.357,65.515,3915762,0
20130722,65.707,66.128,65.458,65.563,1901972,0
20130723,66.128,66.329,64.979,65.027,2624648,0
20130724,65.123,65.381,64.385,64.567,2110701,0
20130725,64.557,65.391,64.539,65.171,2329932,0
20130726,66.876,67.297,63.686,64.548,3532607,0
20130729,64.548,65.152,63.543,64.855,3064944,0
20130730,64.787,66.521,64.185,66.003,3786469,0
20130731,65.975,66.531,65.362,65.803,2425160,0
20130801,65.41,66.013,64.989,65.113,9673064,0
20130802,65.123,66.309,64.864,66.033,4321349,0
20130805,66.023,66.76,66.003,66.531,4037839,0
20130806,66.435,66.579,65.478,65.678,4423846,0
20130807,65.496,65.659,65.085,65.113,3499944,0
20130808,65.841,66.081,65.352,65.687,3181102,0
20130809,65.86,66.569,65.257,65.793,2711209,0
20130812,65.525,65.889,65.171,65.41,3535706,0
20130813,65.583,67.421,65.237,67.115,4099098,0
20130814,67.201,67.545,66.607,66.636,2980785,0
20130815,66.416,66.579,65.295,65.449,4308770,0
20130816,65.189,66.081,64.873,65.956,3078470,0
20130819,65.611,66.368,65.458,65.621,2331768,0
20130820,65.621,65.697,64.663,65.352,2649276,0
20130821,65.295,65.505,64.807,64.883,2384162,0
20130822,65.017,67,64.883,66.559,2427934,0
20130823,66.752,67.22,66.368,67.154,2157123,0
20130826,67.325,68.034,67.124,67.154,3271742,0
20130827,66.272,66.674,65.631,65.879,3354277,0
20130828,65.956,66.752,65.429,66.54,2139953,0
20130829,66.319,67.68,66.12,67.325,2781457,0
20130830,67.449,67.68,66.827,67.182,2923727,0
20130903,68.174,68.847,66.842,67.489,4508630,0
20130904,66.311,66.727,66.023,66.524,6688463,0
20130905,66.466,67.643,66.311,67.363,4903591,0
20130906,67.643,68.01,67.017,67.344,3398792,0
20130909,67.374,67.89,67.287,67.747,3014170,0
20130910,68.289,68.636,67.825,67.903,4553728,0
20130911,68.081,68.081,67.287,67.737,4063621,0
20130912,67.747,67.947,67.115,67.22,4436476,0
20130913,67.498,68.211,67.412,68,3808145,0
20130916,68.916,69.116,68.15,68.369,4504491,0
20130917,68.607,69.813,68.385,69.6,3067393,0
20130918,69.793,70.409,69.446,70.265,5145461,0
20130919,70.835,72.965,70.39,71.153,5341583,0
20130920,71.249,71.567,70.324,70.419,12508838,0
20130923,70.005,70.343,69.215,70.034,3375723,0
20130924,70.064,70.362,69.726,69.832,2631422,0
20130925,69.879,70.776,69.513,70.314,2539253,0
20130926,70.767,71.577,70.497,71.364,3307032,0
20130927,71.066,71.567,70.68,70.767,2451722,0
20130930,69.783,70.96,69.523,70.612,2108200,0
20131001,70.671,71.462,70.632,71.462,1872289,0
20131002,71.124,71.499,70.314,71.394,2201340,0
20131003,71.297,71.547,69.976,71.336,3488951,0
20131004,71.22,72.772,71.018,72.696,3042115,0
20131007,71.943,72.869,71.692,71.915,1829828,0
20131008,71.741,71.79,70.199,70.554,3256745,0
20131009,70.671,70.719,69.687,70.13,3048789,0
20131010,71.963,72.618,71.143,72.406,2827584,0
20131011,72.463,73.408,72.203,73.255,1890380,0
20131014,72.86,73.361,72.406,73.004,2064193,0
20131015,72.965,73.323,72.406,72.503,2563992,0
20131016,73.043,73.804,72.522,73.766,2638622,0
20131017,73.448,74.962,73.448,74.797,1951727,0
20131018,74.865,75.694,74.392,75.126,3329235,0
20131021,75.337,75.694,74.952,75.559,2333663,0
20131022,75.424,76.34,75.281,75.944,2255455,0
20131023,75.733,76.505,75.212,75.858,2840076,0
20131024,76.042,76.253,75.107,75.261,2676444,0
20131025,75.289,75.357,72.936,74.344,3765292,0
20131028,74.431,74.556,72.628,72.811,4406788,0
20131029,70.419,72.936,69.938,72.86,6226523,0
20131030,73.245,74.306,72.348,72.608,2925689,0
20131031,72.599,73.381,71.933,71.933,3205469,0
20131101,71.606,71.645,70.97,71.287,6609965,0
20131104,71.509,71.867,71.056,71.827,3590028,0
20131105,71.587,71.963,71.085,71.645,2941344,0
20131106,72.04,72.676,71.885,72.483,2816337,0
20131107,72.821,73.293,71.847,72.135,4913309,0
20131108,72.262,72.801,71.963,72.696,4025904,0
20131111,72.705,73.11,72.406,72.917,3219853,0
20131112,72.898,73.188,72.58,72.637,2497729,0
20131113,72.608,73.834,72.531,73.785,3619997,0
20131114,74.142,75.666,73.92,75.462,3487035,0
20131115,75.443,76.051,75.377,75.762,2758954,0
20131118,75.829,76.455,75.443,75.666,2173172,0
20131119,75.588,75.809,74.691,74.875,3057168,0
20131120,74.855,75.327,74.267,74.74,2800565,0
20131121,74.905,76.013,74.905,75.565,2644545,0
20131122,75.78,77.1,75.518,77.053,2422904,0
20131125,76.207,76.304,74.109,74.39,7657709,0
20131126,74.634,75.372,74.147,74.185,3854382,0
20131127,74.574,75.624,74.438,75.275,2863060,0
20131129,75.555,75.983,74.866,75.002,1831826,0
20131202,75.256,75.808,74.604,75.654,2856181,0
20131203,75.265,75.799,74.594,74.944,3497142,0
20131204,74.76,74.836,73.37,74.4,4223072,0
20131205,74.049,74.205,72.408,73.029,4407794,0
20131206,74.069,74.788,73.622,74.39,2387829,0
20131209,74.827,75.362,74.185,74.634,3439011,0
20131210,74.661,74.992,74.468,74.7,1952400,0
20131211,75.119,75.411,73.165,73.417,2585699,0
20131212,74.341,76.052,73.884,74.341,3146720,0
20131213,74.545,74.671,73.856,74.039,2293716,0
20131216,75.012,75.634,74.74,74.827,2945325,0
20131217,74.545,75.624,74.478,75.439,3352423,0
20131218,75.818,76.304,74.438,76.227,4621753,0
20131219,76.139,76.721,75.322,75.76,3353223,0
20131220,75.751,76.489,75.488,76.383,4412114,0
20131223,76.771,76.867,75.439,75.877,2762073,0
20131224,76.003,77.033,75.887,76.936,1201974,0
20131226,77.062,77.422,76.721,77.091,1680981,0
20131227,77.11,77.325,76.877,77.189,1065178,0
20131230,77.344,77.519,76.635,77.208,3405774,0
20131231,77.402,78.064,77.082,78.014,1665625,0
20140102,77.792,77.947,75.701,76.556,5065656,0
20140103,76.721,76.897,76.119,76.489,1572935,0
20140106,76.829,76.829,75.518,75.77,3210041,0
20140107,75.954,77.014,75.701,76.711,2812218,0
20140108,78.102,78.15,76.304,77.48,3518489,0
20140109,77.558,78.539,77.528,78.209,3601207,0
20140110,78.374,79.317,77.762,78.083,2418676,0
20140113,78.15,78.326,77.382,77.568,3315689,0
20140114,77.908,79.861,77.792,79.502,3636174,0
20140115,79.706,80.474,79.453,80.415,2868293,0
20140116,80.094,80.629,79.598,79.9,2420276,0
20140117,79.715,79.774,78.617,79.102,2597508,0
20140121,79.812,80.279,78.413,78.665,2943679,0
20140122,78.919,79.132,76.683,77.956,5250817,0
20140123,77.928,77.928,74.332,75.565,10810112,0
20140124,74.982,75.575,73.719,73.777,6094029,0
20140127,73.777,74.488,72.272,73.603,5681620,0
20140128,73.817,75.302,73.622,74.526,3049072,0
20140129,74.554,75.827,73.467,74.497,4558731,0
20140130,75.206,76.703,74.488,75.857,4721354,0
20140131,76.771,78.539,75.312,76.538,6101616,0
20140203,76.761,77.17,74.564,75.031,4944257,0
20140204,75.401,76.615,74.992,75.837,3766481,0
20140205,75.186,75.751,74.166,75.419,4938173,0
20140206,75.799,77.014,75.372,76.887,2889349,0
20140207,77.664,78.821,77.325,78.549,3724561,0
20140210,78.433,79.006,78.112,78.675,3107553,0
20140211,78.986,79.948,78.539,79.375,4250630,0
20140212,79.394,80.629,79.394,80.289,3287998,0
20140213,79.569,81.396,79.569,81.017,3400882,0
20140214,80.852,82.134,80.667,82.086,3021478,0
20140218,82.592,82.991,81.658,82.921,3719735,0
20140219,82.602,83.67,81.756,81.902,4012821,0
20140220,81.94,83.806,81.115,83.379,4119945,0
20140221,83.923,84.34,83.175,83.233,3398453,0
20140224,83.282,84.642,83.193,83.543,3066922,0
20140225,83.476,84.274,82.991,83.865,3021951,0
20140226,83.952,85.031,83.749,84.953,3320171,0
20140227,85.022,86.029,84.572,85.981,3836629,0
20140228,85.735,87.273,85.735,86.186,4736018,0
20140303,85.403,86.577,85.168,86.567,2481488,0
20140304,87.702,87.869,86.949,87.752,3152494,0
20140305,87.712,88.417,87.605,88.163,2994369,0
20140306,88.622,89.964,88.583,89.101,4219150,0
20140307,89.347,89.601,88.358,88.946,2738035,0
20140310,88.662,89.21,88.065,89.073,2377373,0
20140311,89.151,89.62,88.358,88.495,2889532,0
20140312,87.956,88.876,87.517,88.221,2891608,0
20140313,88.702,89.063,86.92,87.116,3187131,0
20140314,87.184,88.153,86.821,87.008,3451110,0
20140317,87.644,89.063,87.585,88.652,2336770,0
20140318,88.809,89.151,88.602,88.749,4073184,0
20140319,88.965,88.965,86.949,87.771,3496821,0
20140320,87.634,88.358,87.33,88.319,2295263,0
20140321,88.602,88.779,88.016,88.103,3992334,0
20140324,88.573,88.946,87.203,87.644,3637027,0
20140325,88.368,89.512,88.329,88.622,3695807,0
20140326,89.405,89.405,87.928,87.947,3372521,0
20140327,87.82,87.859,85.462,85.481,4797085,0
20140328,85.394,86.861,85.325,86.48,2550645,0
20140331,87.614,87.849,86.861,87.027,2649067,0
20140401,87.233,87.243,86.587,86.861,3722404,0
20140402,86.949,88.378,86.694,88.329,2572757,0
20140403,88.133,88.956,87.869,88.515,2623774,0
20140404,89.884,89.894,87.067,87.116,3436876,0
20140407,86.821,87.174,84.64,85.246,4010576,0
20140408,85.276,85.892,84.64,85.168,3462623,0
20140409,85.384,87.135,85.041,86.637,3049134,0
20140410,87.018,87.018,85.295,85.501,4582284,0
20140411,83.563,86.343,83.563,85.237,3858330,0
20140414,85.971,86.665,85.531,86.254,2625247,0
20140415,86.518,87.742,85.912,87.624,3829327,0
20140416,89.425,90.129,88.368,89.493,3679452,0
20140417,88.485,90.501,88.485,90.129,3356497,0
20140421,90.001,91.42,89.826,90.256,2536459,0
20140422,91.029,91.969,90.325,91.264,2533790,0
20140423,90.981,91.88,89.62,90.315,3656254,0
20140424,90.73,90.907,89.516,90.197,2331012,0
20140425,90.069,90.305,89.398,89.773,3250832,0
20140428,90.453,90.64,88.599,89.468,3523972,0
20140429,88.955,91.251,88.491,89.694,6171832,0
20140430,90.009,92.1,89.556,91.203,5420009,0
20140501,91.489,91.528,90.582,91.123,2225918,0
20140502,90.788,91.874,90.71,91.104,2071152,0
20140505,90.917,92.721,90.828,92.347,1980058,0
20140506,92.09,93.106,91.666,92.731,2267751,0
20140507,93.046,94.466,92.613,94.426,2585685,0
20140508,94.2,95.009,92.593,93.126,3810134,0
20140509,93.49,94.131,92.495,94.111,2345251,0
20140512,94.851,95.363,94.555,94.929,2403570,0
20140513,95.157,95.748,94.574,94.644,2688914,0
20140514,94.999,95.708,94.416,95.215,2421300,0
20140515,94.831,94.989,92.968,93.905,3026931,0
20140516,93.963,94.979,93.312,94.792,2250163,0
20140519,94.811,96.803,94.732,95.442,3609339,0
20140520,95.215,96.359,95.067,95.64,2912640,0
20140521,96.083,97.01,95.906,96.783,2958488,0
20140522,96.625,97.079,96.191,96.329,2700240,0
20140523,96.329,97.533,96.31,97.395,1875586,0
20140527,97.661,98.302,96.872,97.088,3275816,0
20140528,97.453,98.499,97.128,97.601,3145028,0
20140529,97.769,99.078,97.138,98.939,1981983,0
20140530,98.849,98.879,97.729,98.174,3287444,0
20140602,98.528,99.088,97.868,98.79,2247664,0
20140603,98.81,99.58,98.44,98.489,2256318,0
20140604,98.538,99.197,97.927,98.73,2490479,0
20140605,98.499,98.919,97.385,97.651,3759240,0
20140606,97.809,98.252,97.444,97.611,3661248,0
20140609,97.355,98.272,97.138,97.533,2156253,0
20140610,97.611,98.667,97.513,98.548,2268619,0
20140611,97.671,98.222,97.621,97.809,1966476,0
20140612,97.345,99.71,97.345,97.868,4251410,0
20140613,97.858,98.351,97.345,97.572,2566845,0
20140616,97.729,97.937,96.754,97.483,2433135,0
20140617,97.158,97.947,97.03,97.395,2375410,0
20140618,97.168,97.671,96.487,97.581,2719443,0
20140619,97.671,98.016,97.168,97.414,2121282,0
20140620,97.966,98.919,97.701,98.75,5690283,0
20140623,98.919,99.58,98.232,99.306,3167848,0
20140624,101.19,101.19,98.657,98.696,4614202,0
20140625,97.937,98.939,97.02,97.198,4105765,0
20140626,97.572,97.611,96.261,97.118,2641568,0
20140627,96.764,97.246,95.009,95.511,6266253,0
20140630,95.778,96.754,95.275,96.281,3052962,0
20140701,96.922,97.739,96.172,97.138,2280607,0
20140702,96.832,97.829,96.783,97.365,2127744,0
20140703,97.483,98.489,97.453,98.272,1339352,0
20140707,97.878,98.075,96.419,96.96,2239853,0
20140708,96.429,96.931,95.728,96.31,2379855,0
20140709,96.783,97.681,96.635,97.434,2332537,0
20140710,96.271,97.907,96.201,97.108,2115359,0
20140711,97.217,98.026,96.922,97.769,1807077,0
20140714,97.868,98.203,97.266,97.601,2199053,0
20140715,97.868,98.38,96.852,97.088,2632230,0
20140716,97.088,98.194,97.088,98.055,2360380,0
20140717,97.108,99.008,97.088,98.134,2312069,0
20140718,97.917,99.79,97.848,99.61,2661577,0
20140721,99.207,99.96,98.696,99.8,2176352,0
20140722,99.83,100.76,99.66,100.71,2428382,0
20140723,101.06,101.6,100.8,101.06,2129612,0
20140724,101.67,102.01,100.7,100.98,2320439,0
20140725,103.52,106.17,103.06,105.98,4128580,0
20140728,105.99,108.36,105.91,108.12,4078222,0
20140729,108.14,108.83,106.73,106.77,2712622,0
20140730,107.22,107.73,106.28,106.66,2882393,0
20140731,105.82,106.08,104.47,104.76,3555575,0
20140801,104.76,105.46,104.16,105.06,2600868,0
20140804,105.66,107.15,104.57,107.11,3272739,0
20140805,106.18,107.65,105.19,105.85,3097292,0
20140806,105.87,108.22,105.86,107.46,2762711,0
20140807,107.62,108.44,106.15,106.42,2641621,0
20140808,106.51,107.08,106.08,106.85,3993017,0
20140811,107.6,108.26,106.42,106.76,2974152,0
20140812,106.9,107.51,106.26,107.36,2775393,0
20140813,107.52,108.59,107.12,108.3,2780879,0
20140814,108.45,108.94,108.17,108.25,1936279,0
20140815,108.45,109.12,107.19,109.05,2629988,0
20140818,110.13,110.43,109.13,109.6,2605632,0
20140819,109.84,110.8,109.61,110.63,2202074,0
20140820,110.81,110.94,110.26,110.6,1775934,0
20140821,111.31,111.85,110.59,111.42,1902549,0
20140822,110.92,111.55,110.63,111.26,1600261,0
20140825,111.95,112.76,111.69,112.07,2053706,0
20140826,112.25,112.25,111.47,111.72,1528962,0
20140827,112.23,112.82,111.57,112.71,1667865,0
20140828,112.62,112.82,111.68,112.59,1614779,0
20140829,113.05,113.48,112.45,113.45,2068523,0
20140902,114.17,114.43,112.89,113.3,2568330,0
20140903,113.55,113.88,113.19,113.34,1784810,0
20140904,113.57,114.01,112.69,112.95,1585374,0
20140905,113.05,113.82,112.62,113.69,1786793,0
20140908,113.42,114.11,113,113.11,2080675,0
20140909,112.89,113.36,112.06,112.14,1617380,0
20140910,112.13,112.75,111.12,112.56,1456842,0
20140911,112.12,112.53,111.67,112.34,1820737,0
20140912,112.49,112.71,110.59,110.81,2334568,0
20140915,110.6,111.17,109.95,110.98,2167217,0
20140916,110.9,111.64,110.59,110.69,2983104,0
20140917,111.14,112.19,110,110.71,3005091,0
20140918,111.34,112.97,111.31,112.86,2934442,0
20140919,113.73,114.5,112.65,113.11,4797542,0
20140922,113.11,113.38,111.68,111.73,2495005,0
20140923,111.68,111.94,109.29,109.45,2801093,0
20140924,110.04,111.1,108.88,111.07,2898502,0
20140925,110.56,110.91,109.12,109.2,2049403,0
20140926,109.49,112.76,109.39,112.36,2643172,0
20140929,111.24,112.7,110.38,112.41,2219913,0
20140930,111.61,111.81,106.83,107.81,6446509,0
20141001,106.93,106.95,103.63,104.18,7020336,0
20141002,103.38,103.68,99.99,102.19,7134112,0
20141003,102.84,102.84,100.02,100.92,6108656,0
20141006,101.2,101.8,100.58,101.09,4283122,0
20141007,100.45,100.55,98.463,98.552,4980071,0
20141008,98.711,102,97.51,101.78,6491705,0
20141009,101.95,102.28,98.234,98.403,4500787,0
20141010,98.324,98.334,94.206,94.295,6705991,0
20141013,94.762,95.049,85.683,85.912,12536169,0
20141014,87.559,88.749,83.838,84.721,12562817,0
20141015,83.104,85.614,80.514,85.257,13023445,0
20141016,83.808,89.831,83.798,88.63,9096411,0
20141017,91.567,92.093,88.571,88.928,7312965,0
20141020,88.68,91.547,88.561,91.299,4568542,0
20141021,92.162,94.96,92.103,94.444,5767091,0
20141022,95.724,96.052,92.629,92.748,4875868,0
20141023,93.74,94.157,91.587,93.591,5059996,0
20141024,91.478,92.688,89.305,91.666,7544177,0
20141027,88.452,89.206,84.027,86.507,12138019,0
20141028,86.566,88.571,85.654,88.531,6456148,0
20141029,89.503,90.158,87.717,90.079,11589565,0
20141030,89.325,90.724,88.65,90.297,4808887,0
20141031,91.369,91.795,89.007,90.912,6565644,0
20141103,91.17,91.775,88.333,88.521,6664496,0
20141104,87.797,87.807,82.508,83.411,9232921,0
20141105,83.798,86.08,83.372,84.582,6127895,0
20141106,84.761,86.537,83.769,85.624,4908441,0
20141107,85.832,87.142,85.634,86.775,4217527,0
20141110,86.388,88.372,86.348,87.34,4013603,0
20141111,87.271,87.856,85.892,87.846,3144268,0
20141112,88.035,88.422,86.16,87.896,5570788,0
20141113,87.866,88.948,86.199,87.251,4888708,0
20141114,87.251,88.68,86.914,87.638,4156740,0
20141117,87.489,87.638,86.051,87.013,4979090,0
20141118,87.41,88.928,87.38,88.342,4751389,0
20141119,88.471,88.918,87.638,88.65,3366077,0
20141120,88,90.75,87.66,90.42,6185540,0
20141121,94,94.33,90.43,91.2,6461421,0
20141124,91.13,91.61,90.31,90.56,4207505,0
20141125,91.29,91.66,90.09,90.65,3913971,0
20141126,90.39,90.39,88.37,89.54,3836665,0
20141128,83.92,84.02,78.58,78.86,8323259,0
20141201,76.21,78.61,75.3,76.81,12690634,0
20141202,77.23,77.98,75.88,77.03,6125457,0
20141203,77.6,80.17,77.06,78.72,7430700,0
20141204,78.25,81.14,78.21,81.14,7160629,0
20141205,83.43,83.44,80.21,80.77,7066093,0
20141208,80.19,80.78,76.26,77.7,7485792,0
20141209,77.5,78.76,76.67,78.69,5001391,0
20141210,77.57,77.57,74.04,74.62,6822925,0
20141211,74.42,76.89,74.41,75.3,5133597,0
20141212,71.32,73.19,70.26,70.61,9431429,0
20141215,71.67,72.19,70.06,70.67,6474471,0
20141216,71.14,73.69,70.37,71.55,8814898,0
20141217,72.08,77.11,72,75.6,8663970,0
20141218,80.87,81.21,76.85,79.26,9716195,0
20141219,80.37,82.31,79.71,82,8325675,0
20141222,82.43,82.43,80.2,81.11,4721100,0
20141223,81.34,82.82,80.39,82.2,4043830,0
20141224,81.63,82.36,80.77,81.31,2367163,0
20141226,81.21,81.98,80.54,80.98,2846888,0
20141229,80.97,81.99,80.37,80.73,3422768,0
20141230,81.24,81.7,80.29,80.6,2985866,0
20141231,80.18,80.58,78.95,79.39,3304905,0
20150102,79.94,80.59,79.29,80.07,2868725,0
20150105,78.79,78.99,75.23,76.04,5461191,0
20150106,76.44,76.9,74.12,74.43,5074643,0
20150107,75.14,75.97,74.01,75.21,3457127,0
20150108,76.05,78.56,75.86,78.22,6055478,0
20150109,79.46,79.77,77.69,78.98,5082555,0
20150112,78.36,78.8,75.75,76.15,5468355,0
20150113,77.3,77.3,74.51,75.3,6464193,0
20150114,74,74.82,71.74,74.36,6020475,0
20150115,75.08,76.84,74.33,75.27,5792153,0
20150116,75.42,80.24,75.42,79.84,7351729,0
