Date,Open,High,Low,Close,Volume,OpenInt
20050225,0.52,0.61,0.51,0.61,74747,0
20050228,0.65,0.8,0.65,0.75,52550,0
20050301,0.7,0.7,0.59,0.59,18700,0
20050302,0.7,0.7,0.66,0.7,7500,0
20050303,0.62,0.7,0.62,0.69,24000,0
20050304,0.67,0.7,0.62,0.65,37700,0
20050307,0.65,0.7,0.62,0.64,26500,0
20050308,0.58,0.67,0.57,0.67,33822,0
20050309,0.7,0.81,0.7,0.8,96956,0
20050310,0.8,0.8,0.78,0.79,6900,0
20050311,0.75,0.84,0.75,0.84,19010,0
20050314,0.85,0.85,0.6,0.77,33467,0
20050315,0.77,0.79,0.75,0.77,10900,0
20050316,0.76,0.84,0.76,0.79,34850,0
20050317,0.84,0.84,0.8,0.8,14170,0
20050318,0.76,0.82,0.76,0.82,11100,0
20050321,0.82,1,0.82,1,88354,0
20050322,1.01,1.01,0.99,1,63300,0
20050323,1,1,0.95,0.95,44200,0
20050324,0.87,0.96,0.87,0.96,26600,0
20050328,0.97,0.97,0.97,0.97,2000,0
20050329,0.94,0.97,0.91,0.95,23500,0
20050330,0.88,0.9,0.76,0.9,75000,0
20050331,0.85,0.85,0.73,0.8,24150,0
20050401,0.71,0.95,0.71,0.85,5100,0
20050404,0.85,0.86,0.85,0.85,9740,0
20050405,0.85,0.85,0.85,0.85,5000,0
20050407,0.85,0.85,0.85,0.85,5000,0
20050408,0.85,0.85,0.85,0.85,1400,0
20050412,0.95,0.95,0.76,0.76,4500,0
20050413,0.9,0.9,0.76,0.85,4611,0
20050414,0.85,0.85,0.85,0.85,3400,0
20050415,0.8,0.8,0.75,0.8,12500,0
20050418,0.8,0.85,0.8,0.85,10000,0
20050419,0.85,0.85,0.85,0.85,500,0
20050420,0.79,0.8,0.72,0.75,47300,0
20050421,0.75,0.76,0.75,0.76,9000,0
20050422,0.71,0.8,0.69,0.8,7700,0
20050425,0.75,0.8,0.75,0.8,47000,0
20050426,0.8,0.8,0.8,0.8,5300,0
20050427,0.8,0.9,0.8,0.9,6500,0
20050428,0.85,0.85,0.8,0.81,11250,0
20050429,0.9,0.9,0.9,0.9,1000,0
20050502,0.9,0.9,0.9,0.9,25700,0
20050503,0.75,0.81,0.75,0.81,10000,0
20050504,0.8,0.9,0.8,0.9,9000,0
20050505,0.82,0.82,0.82,0.82,7500,0
20050506,0.82,0.82,0.77,0.77,4000,0
20050509,0.77,0.77,0.75,0.75,7000,0
20050510,0.82,0.9,0.82,0.85,28400,0
20050511,0.85,0.86,0.84,0.85,17700,0
20050512,0.81,0.81,0.81,0.81,8000,0
20050513,0.8,0.8,0.7,0.75,17500,0
20050516,0.66,0.7,0.65,0.65,14500,0
20050517,0.7,0.7,0.65,0.65,2800,0
20050519,0.65,0.79,0.65,0.79,12100,0
20050520,0.7,0.7,0.66,0.66,4500,0
20050523,0.7,0.7,0.7,0.7,4000,0
20050524,0.75,0.85,0.75,0.85,13792,0
20050525,0.81,0.81,0.81,0.81,5000,0
20050526,0.81,0.85,0.8,0.85,15900,0
20050527,0.85,0.85,0.85,0.85,19000,0
20050531,0.85,0.85,0.81,0.81,16900,0
20050601,0.8,0.8,0.75,0.8,30500,0
20050602,0.81,0.82,0.81,0.82,9100,0
20050603,0.82,0.88,0.78,0.88,39600,0
20050606,0.82,0.82,0.82,0.82,5000,0
20050607,0.85,0.85,0.84,0.84,7792,0
20050608,0.88,0.88,0.87,0.88,7500,0
20050609,0.91,1.5,0.9,1.15,211580,0
20050610,1.25,1.35,1.08,1.15,107204,0
20050613,1.15,1.17,1.14,1.14,16200,0
20050614,1.17,1.34,1.12,1.27,73295,0
20050615,1.3,1.34,1.22,1.25,49900,0
20050616,1.25,1.3,1.23,1.3,26385,0
20050617,1.25,1.3,1.19,1.2,30210,0
20050620,1.3,1.3,1.18,1.2,76012,0
20050621,1.19,1.25,1.17,1.25,45400,0
20050622,1.19,1.25,1.16,1.17,30800,0
20050623,1.18,1.2,1.18,1.19,22300,0
20050624,1.22,1.3,1.21,1.26,39700,0
20050627,1.3,1.3,1.23,1.29,27500,0
20050628,1.29,1.29,1.25,1.29,5650,0
20050629,1.29,1.29,1.26,1.28,27400,0
20050630,1.29,1.35,1.25,1.35,43190,0
20050701,1.35,1.35,1.3,1.35,15350,0
20050705,1.35,1.35,1.31,1.32,8400,0
20050706,1.25,1.3,1.18,1.3,10600,0
20050707,1.29,1.29,1.2,1.23,17500,0
20050708,1.23,1.23,1.21,1.22,10650,0
20050711,1.22,1.28,1.22,1.28,24800,0
20050712,1.25,1.34,1.25,1.34,56000,0
20050713,1.25,1.44,1.25,1.42,81650,0
20050714,1.42,1.49,1.4,1.49,24900,0
20050715,1.5,1.55,1.49,1.55,63385,0
20050718,1.5,1.68,1.5,1.66,121620,0
20050719,1.69,1.69,1.4,1.49,292871,0
20050720,1.49,1.5,1.45,1.45,27200,0
20050721,1.44,1.5,1.4,1.5,18725,0
20050722,1.5,1.5,1.45,1.5,29150,0
20050725,1.5,1.5,1.26,1.26,33200,0
20050726,1.22,1.36,1.18,1.3,40408,0
20050727,1.35,1.35,1.35,1.35,4320,0
20050728,1.4,1.41,1.36,1.41,33879,0
20050729,1.41,1.45,1.2,1.4,22075,0
20050801,1.39,1.39,1.3,1.3,7500,0
20050802,1.3,1.3,1.25,1.3,12946,0
20050803,1.35,1.42,1.35,1.42,7850,0
20050804,1.42,1.42,1.4,1.42,29800,0
20050805,1.4,1.4,1.38,1.38,3154,0
20050808,1.38,1.38,1.37,1.37,17900,0
20050809,1.38,1.38,1.36,1.36,12050,0
20050810,1.36,1.36,1.36,1.36,800,0
20050811,1.38,1.38,1.38,1.38,8500,0
20050812,1.38,1.38,1.36,1.38,12400,0
20050815,1.4,1.4,1.32,1.32,8273,0
20050816,1.25,1.4,1.25,1.3,39700,0
20050817,1.22,1.3,1.2,1.25,29830,0
20050818,1.2,1.25,1.19,1.2,10400,0
20050819,1.16,1.16,1.1,1.1,37800,0
20050822,1.11,1.17,1.11,1.15,23600,0
20050823,1.15,1.2,1.15,1.15,17700,0
20050824,1.11,1.18,1.1,1.15,17500,0
20050825,1.06,1.07,1.05,1.07,21000,0
20050826,1.02,1.07,1.01,1.07,16834,0
20050829,1.07,1.1,1.01,1.05,39000,0
20050830,1.05,1.12,1.05,1.12,15800,0
20050831,1.12,1.2,1.01,1.1,58250,0
20050901,1.05,1.15,1.05,1.15,1100,0
20050902,1.15,1.17,1.12,1.14,16450,0
20050906,1.14,1.14,1.05,1.05,25000,0
20050907,1.05,1.05,1,1.01,28465,0
20050908,1.01,1.01,0.98,1,18500,0
20050909,1.01,1.01,1.01,1.01,9500,0
20050912,1.01,1.38,1,1.35,39785,0
20050913,1.44,1.44,1.25,1.37,73017,0
20050914,1.35,1.4,1.29,1.35,47150,0
20050915,1.35,1.51,1.33,1.48,148185,0
20050916,1.48,1.53,1.48,1.5,75700,0
20050919,1.52,1.6,1.25,1.5,103616,0
20050920,1.54,1.54,1.4,1.4,19825,0
20050921,1.47,1.47,1.4,1.45,11750,0
20050922,1.45,1.45,1.4,1.41,10263,0
20050923,1.4,1.48,1.4,1.4,24500,0
20050926,1.48,1.5,1.48,1.48,18825,0
20050927,1.48,1.5,1.35,1.4,44138,0
20050928,1.4,1.44,1.4,1.44,13500,0
20050929,1.4,1.5,1.4,1.5,45050,0
20050930,1.5,1.5,1.48,1.48,65400,0
20051003,1.5,1.6,1.5,1.6,119449,0
20051004,1.6,1.7,1.6,1.7,52509,0
20051005,1.75,1.85,1.6,1.8,120790,0
20051006,1.8,1.95,1.75,1.79,58603,0
20051007,1.8,1.8,1.78,1.8,42218,0
20051010,1.85,1.9,1.8,1.87,43665,0
20051011,1.9,1.9,1.65,1.66,73394,0
20051012,1.65,1.65,1.52,1.55,34661,0
20051013,1.6,1.79,1.6,1.65,26450,0
20051014,1.65,1.74,1.3,1.3,53541,0
20051017,1.35,1.55,1.3,1.51,59185,0
20051018,1.52,1.56,1.38,1.38,8527,0
20051019,1.38,1.56,1.38,1.48,6159,0
20051020,1.5,1.56,1.5,1.5,4855,0
20051021,1.4,1.4,1.35,1.35,10281,0
20051024,1.37,1.4,1.37,1.37,8255,0
20051025,1.38,1.38,1.3,1.3,18351,0
20051026,1.3,1.3,1.27,1.27,32005,0
20051027,1.25,1.25,0.91,1.15,150145,0
20051028,1.13,1.19,1.01,1.15,62069,0
20051031,1.15,1.24,1.1,1.24,23146,0
20051101,1.24,1.24,1.15,1.21,5175,0
20051102,1.2,1.2,1.05,1.13,32660,0
20051103,1.15,1.15,1.1,1.14,18522,0
20051104,1.13,1.23,1.13,1.23,9886,0
20051107,1.3,1.31,1.25,1.31,15920,0
20051108,1.31,1.32,1.28,1.28,16610,0
20051109,1.28,1.28,1.28,1.28,2550,0
20051111,1.25,1.25,1.25,1.25,12000,0
20051114,1.24,1.25,1.24,1.25,1200,0
20051115,1.24,1.24,1.17,1.17,2207,0
20051116,1.17,1.17,1.16,1.17,1800,0
20051117,1.13,1.13,1.05,1.1,15200,0
20051118,1.05,1.05,0.95,1.05,15420,0
20051121,1,1.24,1,1.17,31381,0
20051122,1.24,1.24,1.21,1.23,5750,0
20051123,1.22,1.23,1.22,1.22,5328,0
20051125,1.22,1.22,1.21,1.21,13000,0
20051128,1.21,1.21,1.15,1.15,3700,0
20051129,1.16,1.16,1.16,1.16,725,0
20051130,1.16,1.16,1.15,1.15,10000,0
20051201,1.15,1.25,1.15,1.2,10150,0
20051202,1.15,1.18,1.15,1.18,1400,0
20051205,1.15,1.25,1.15,1.16,11737,0
20051206,1.16,1.16,1.14,1.14,6902,0
20051207,1.15,1.16,1.14,1.16,15853,0
20051208,1.14,1.14,1.14,1.14,1020,0
20051209,1.15,1.18,1.14,1.18,6300,0
20051212,1.15,1.15,1.06,1.06,10500,0
20051213,1.15,1.17,1.07,1.17,15350,0
20051214,1.17,1.17,1.17,1.17,850,0
20051215,1.15,1.15,1.1,1.1,1652,0
20051216,1.15,1.2,1.09,1.2,27050,0
20051219,1.22,1.22,1.2,1.2,400,0
20051220,1.22,1.22,1.22,1.22,200,0
20051221,1.05,1.1,1.04,1.06,50500,0
20051222,1.1,1.15,1.1,1.15,40500,0
20051223,1.12,1.12,1.12,1.12,500,0
20051227,1.1,1.15,1.07,1.08,22500,0
20051228,1.11,1.17,1.11,1.17,13000,0
20051229,1.2,1.37,1.15,1.21,76797,0
20051230,1.21,1.3,1.21,1.24,30020,0
20060103,1.3,1.35,1.22,1.24,16799,0
20060104,1.22,1.33,1.22,1.33,13460,0
20060105,1.33,1.33,1.27,1.27,5675,0
20060106,1.32,1.32,1.24,1.28,29082,0
20060109,1.3,1.3,1.25,1.25,9500,0
20060110,1.25,1.26,1.19,1.19,18125,0
20060111,1.15,1.15,1.06,1.12,17800,0
20060112,1.12,1.12,1.12,1.12,8000,0
20060113,1.13,1.13,1.05,1.05,12461,0
20060117,1.05,1.2,1.02,1.2,40830,0
20060118,1.15,1.15,1.03,1.1,12000,0
20060119,1.15,1.3,1.15,1.3,9752,0
20060120,1.3,1.3,1.11,1.2,17982,0
20060123,1.3,1.3,1.2,1.25,23250,0
20060124,1.27,1.3,1.25,1.3,18884,0
20060125,1.22,1.3,1.22,1.3,36200,0
20060126,1.25,1.25,1.25,1.25,3200,0
20060127,1.26,1.26,1.15,1.17,14941,0
20060130,1.17,1.3,1.17,1.3,17006,0
20060131,1.3,1.3,1.3,1.3,695,0
20060201,1.3,1.3,1.29,1.29,2400,0
20060202,1.29,1.29,1.29,1.29,800,0
20060203,1.27,1.27,1.27,1.27,3100,0
20060206,1.25,1.35,1.17,1.17,34260,0
20060207,1.23,1.23,1.15,1.16,16529,0
20060208,1.16,1.16,1.1,1.1,14500,0
20060209,1.12,1.13,1.1,1.13,8190,0
20060210,1.15,1.2,1.1,1.1,14100,0
20060213,1.1,1.12,1.1,1.12,2500,0
20060214,1.12,1.12,1.07,1.07,11200,0
20060216,1.16,1.19,1.16,1.19,2490,0
20060217,1.19,1.19,1.13,1.13,2000,0
20060221,1.17,1.17,1.08,1.1,25500,0
20060222,1.08,1.1,1.03,1.1,21025,0
20060223,1.15,1.15,1.1,1.1,11100,0
20060224,1.1,1.1,1.08,1.1,10485,0
20060227,1.1,1.2,1.09,1.2,14025,0
20060228,1.2,1.2,1.16,1.16,2163,0
20060301,1.15,1.15,1.15,1.15,4337,0
20060302,1.15,1.15,0.95,0.95,62103,0
20060303,0.9,1.01,0.86,0.95,60293,0
20060306,0.95,1.01,0.87,0.97,19430,0
20060307,1.01,1.01,0.96,1.01,12900,0
20060308,1,1,0.98,0.98,11500,0
20060309,1.01,1.01,0.88,0.88,1456,0
20060310,1.01,1.01,1,1.01,6500,0
20060313,1.01,1.01,1.01,1.01,200,0
20060314,0.9,1.01,0.89,1.01,5300,0
20060315,1.01,1.01,1.01,1.01,5100,0
20060316,1.01,1.01,0.91,0.99,20822,0
20060317,0.95,0.95,0.95,0.95,2000,0
20060321,0.96,0.96,0.9,0.91,6643,0
20060322,0.87,0.91,0.85,0.85,9500,0
20060323,0.9,0.9,0.85,0.86,40570,0
20060324,0.89,0.98,0.89,0.9,24000,0
20060327,0.98,0.98,0.98,0.98,1050,0
20060328,1,1,1,1,2000,0
20060329,1.01,1.01,1.01,1.01,1300,0
20060330,1.01,1.08,0.99,1.02,35720,0
20060331,1.01,1.03,0.99,1.03,13150,0
20060403,1.08,1.08,1.05,1.05,10850,0
20060404,1.07,1.07,1.05,1.05,2100,0
20060405,1.07,1.07,1.05,1.05,9072,0
20060406,1.07,1.07,1.02,1.02,2100,0
20060407,1.02,1.02,0.99,0.99,5000,0
20060410,1.02,1.05,0.93,1.05,21117,0
20060411,1.01,1.08,1.01,1.03,9100,0
20060412,1.05,1.05,1.05,1.05,2200,0
20060413,1.02,1.02,1.02,1.02,1600,0
20060417,1.04,1.05,1.04,1.04,7341,0
20060418,1.02,1.05,1.02,1.05,5000,0
20060419,1.08,1.08,1.04,1.08,8712,0
20060420,1.05,1.06,1.04,1.05,7600,0
20060421,1.04,1.04,1.01,1.01,2000,0
20060424,1.01,1.08,1,1.05,4250,0
20060425,1.05,1.05,0.98,0.98,1610,0
20060426,1.08,1.08,1.08,1.08,230,0
20060428,1.02,1.02,1,1,2500,0
20060501,1.05,1.05,1.05,1.05,6875,0
20060502,1.08,1.16,1.05,1.1,22551,0
20060503,1.1,1.12,1.05,1.05,36450,0
20060504,1.05,1.05,1.02,1.05,5000,0
20060505,1.05,1.07,1.05,1.07,6680,0
20060508,1.15,1.15,1.15,1.15,500,0
20060509,1.15,1.15,1.05,1.05,14431,0
20060510,1.05,1.07,1.03,1.07,10200,0
20060511,1.03,1.05,0.96,1.05,16100,0
20060512,1.07,1.07,1.05,1.05,200,0
20060515,1.05,1.05,0.95,0.95,23105,0
20060516,1.05,1.05,0.87,0.95,18800,0
20060517,0.9,0.9,0.85,0.85,45550,0
20060518,0.94,0.94,0.94,0.94,200,0
20060519,0.94,1.01,0.94,1,8565,0
20060523,0.95,0.95,0.92,0.92,1000,0
20060524,0.92,0.92,0.88,0.88,5900,0
20060525,0.81,1,0.81,1,9789,0
20060526,0.89,1,0.89,0.89,2810,0
20060530,1,1,1,1,120,0
20060531,1,1,0.88,0.88,18900,0
20060601,0.82,0.82,0.82,0.82,2500,0
20060602,1,1.01,1,1,3200,0
20060605,0.82,1.05,0.82,1,4700,0
20060607,1,1.03,0.95,1.03,3450,0
20060608,0.95,0.95,0.9,0.93,4600,0
20060609,1,1,0.95,1,4663,0
20060612,1,1,0.9,0.99,1800,0
20060613,0.9,0.9,0.9,0.9,5900,0
20060615,1,1,0.93,0.95,8800,0
20060616,0.95,0.95,0.81,0.95,10600,0
20060619,0.81,1,0.81,0.93,4442,0
20060621,0.85,0.85,0.81,0.81,200,0
20060623,1,1,0.9,0.95,4500,0
20060626,1,1,0.82,0.9,2150,0
20060627,0.9,0.9,0.9,0.9,10139,0
20060628,0.81,0.81,0.81,0.81,6180,0
20060629,0.8,0.9,0.8,0.9,7200,0
20060630,1,1,0.9,0.95,13000,0
20060705,0.8,0.96,0.8,0.95,1700,0
20060707,0.8,0.8,0.8,0.8,1000,0
20060710,0.82,0.82,0.8,0.8,3000,0
20060711,0.85,0.85,0.8,0.85,31600,0
20060712,0.8,0.87,0.8,0.87,11857,0
20060714,0.9,0.9,0.9,0.9,2000,0
20060717,1,1,0.93,0.97,20000,0
20060718,0.96,0.97,0.9,0.97,17800,0
20060719,0.95,1,0.93,0.95,10250,0
20060720,1,1.01,0.93,0.93,13820,0
20060721,0.93,1,0.93,1,3500,0
20060724,0.95,1.1,0.93,1.1,26355,0
20060725,1.07,1.07,1.07,1.07,9350,0
20060726,1.04,1.04,1,1.01,6350,0
20060727,1.02,1.03,1,1,22500,0
20060728,1.01,1.02,1.01,1.02,1900,0
20060731,0.93,0.95,0.8,0.8,11600,0
20060802,1,1,1,1,100,0
20060804,0.9,0.9,0.9,0.9,3000,0
20060807,0.8,0.8,0.8,0.8,235,0
20060808,0.85,0.85,0.85,0.85,2455,0
20060809,0.9,0.9,0.85,0.9,7938,0
20060810,0.85,0.85,0.85,0.85,2475,0
20060811,0.85,1,0.8,1,7400,0
20060814,0.8,0.8,0.8,0.8,3000,0
20060816,0.88,0.92,0.8,0.82,24686,0
20060817,0.82,0.82,0.82,0.82,3415,0
20060818,0.82,0.89,0.8,0.89,11100,0
20060822,0.82,0.82,0.82,0.82,4600,0
20060823,0.81,0.82,0.77,0.8,15400,0
20060824,0.8,0.8,0.8,0.8,2000,0
20060829,0.82,0.82,0.71,0.77,17640,0
20060830,0.82,0.94,0.82,0.94,12500,0
20060901,0.85,0.85,0.85,0.85,100,0
20060907,0.71,0.94,0.71,0.89,1200,0
20060908,0.71,0.76,0.71,0.76,5080,0
20060911,0.76,0.89,0.76,0.89,8100,0
20060912,0.72,0.75,0.67,0.7,33275,0
20060913,0.7,0.77,0.65,0.77,15001,0
20060914,0.65,0.78,0.62,0.62,15400,0
20060915,0.76,0.76,0.72,0.72,2000,0
20060918,0.72,0.72,0.72,0.72,1100,0
20060919,0.6,0.65,0.6,0.65,21478,0
20060920,0.6,0.6,0.5,0.5,95372,0
20060921,0.54,0.54,0.43,0.5,70612,0
20060922,0.48,0.54,0.48,0.54,2200,0
20060925,0.54,0.54,0.54,0.54,122,0
20060926,0.43,0.44,0.43,0.44,12000,0
20060927,0.5,0.54,0.5,0.54,700,0
20060928,0.54,0.55,0.53,0.55,15318,0
20060929,0.55,0.55,0.55,0.55,8000,0
20061002,0.51,0.51,0.51,0.51,11000,0
20061004,0.46,0.46,0.46,0.46,2755,0
20061005,0.5,0.5,0.46,0.46,3460,0
20061006,0.5,0.5,0.5,0.5,2400,0
20061009,0.44,0.47,0.44,0.47,2800,0
20061010,0.5,0.55,0.5,0.55,13200,0
20061011,0.55,0.55,0.55,0.55,1800,0
20061012,0.55,0.55,0.43,0.43,1400,0
20061013,0.43,0.45,0.43,0.45,10585,0
20061016,0.45,0.45,0.45,0.45,250,0
20061018,0.45,0.45,0.45,0.45,300,0
20061020,0.45,0.45,0.45,0.45,2000,0
20061023,0.42,0.42,0.42,0.42,100,0
20061024,0.42,0.42,0.42,0.42,2750,0
20061026,0.42,0.42,0.42,0.42,3500,0
20061027,0.42,0.42,0.42,0.42,2740,0
20061030,0.42,0.43,0.42,0.42,12400,0
20061031,0.41,0.41,0.4,0.4,4000,0
20061101,0.4,0.4,0.4,0.4,150,0
20061102,0.4,0.44,0.4,0.44,4262,0
20061103,0.4,0.4,0.4,0.4,2250,0
20061106,0.47,0.47,0.4,0.4,12000,0
20061107,0.4,0.4,0.4,0.4,4000,0
20061108,0.35,0.35,0.35,0.35,3900,0
20061109,0.42,0.45,0.42,0.45,4400,0
20061110,0.45,0.45,0.35,0.35,17100,0
20061113,0.36,0.36,0.32,0.32,28350,0
20061114,0.32,0.32,0.32,0.32,6000,0
20061115,0.32,0.35,0.3,0.3,52057,0
20061116,0.35,0.35,0.32,0.35,21348,0
20061117,0.38,0.39,0.38,0.39,30250,0
20061120,0.39,0.4,0.35,0.4,31000,0
20061121,0.4,0.45,0.38,0.43,27800,0
20061122,0.5,0.63,0.45,0.63,47148,0
20061124,0.65,0.7,0.64,0.7,23100,0
20061127,0.69,0.7,0.66,0.68,24800,0
20061128,0.6,0.62,0.45,0.51,18250,0
20061129,0.51,0.51,0.35,0.51,43557,0
20061130,0.47,0.47,0.43,0.43,4500,0
20061204,0.43,0.43,0.43,0.43,1100,0
20061205,0.51,0.51,0.51,0.51,700,0
20061206,0.49,0.51,0.45,0.51,3800,0
20061207,0.44,0.51,0.43,0.51,5250,0
20061208,0.43,0.45,0.4,0.45,57750,0
20061211,0.4,0.41,0.4,0.41,2400,0
20061213,0.4,0.4,0.4,0.4,3516,0
20061215,0.4,0.4,0.35,0.35,13000,0
20061218,0.32,0.32,0.32,0.32,2000,0
20061220,0.32,0.32,0.32,0.32,3250,0
20061221,0.42,0.42,0.32,0.32,5300,0
20061222,0.29,0.34,0.29,0.29,39012,0
20061226,0.29,0.34,0.29,0.29,36167,0
20061227,0.29,0.29,0.29,0.29,7000,0
20061229,0.3,0.34,0.3,0.31,88337,0
20070104,0.32,0.32,0.27,0.27,31000,0
20070108,0.35,0.35,0.25,0.25,41073,0
20070109,0.25,0.25,0.25,0.25,100,0
20070110,0.25,0.27,0.25,0.25,7058,0
20070112,0.29,0.29,0.29,0.29,200,0
20070116,0.29,0.29,0.27,0.27,22075,0
20070117,0.25,0.25,0.25,0.25,2295,0
20070119,0.25,0.25,0.25,0.25,1840,0
20070122,0.29,0.29,0.29,0.29,2500,0
20070123,0.29,0.29,0.29,0.29,2200,0
20070124,0.35,0.35,0.35,0.35,3000,0
20070125,0.25,0.25,0.25,0.25,2200,0
20070126,0.25,0.31,0.25,0.31,7400,0
20070130,0.35,0.35,0.35,0.35,285,0
20070201,0.35,0.35,0.35,0.35,2600,0
20070202,0.38,0.38,0.38,0.38,2000,0
20070205,0.39,0.39,0.39,0.39,200,0
20070208,0.3,0.3,0.3,0.3,5000,0
20070212,0.3,0.39,0.3,0.39,5500,0
20070213,0.25,0.25,0.25,0.25,534,0
20070216,0.39,0.39,0.25,0.25,1850,0
20070221,0.25,0.27,0.22,0.25,26500,0
20070222,0.26,0.35,0.22,0.22,4000,0
20070223,0.22,0.22,0.22,0.22,10000,0
20070226,0.22,0.22,0.22,0.22,2000,0
20070227,0.25,0.25,0.25,0.25,1500,0
20070228,0.25,0.3,0.25,0.3,5200,0
20070305,0.27,0.35,0.27,0.35,12600,0
20070306,0.33,0.33,0.33,0.33,4000,0
20070307,0.35,0.35,0.35,0.35,5000,0
20070308,0.27,0.45,0.27,0.44,1500,0
20070312,0.28,0.28,0.28,0.28,356,0
20070315,0.28,0.28,0.28,0.28,1100,0
20070316,0.28,0.28,0.28,0.28,300,0
20070320,0.3,0.3,0.27,0.27,16600,0
20070321,0.33,0.33,0.25,0.25,30000,0
20070323,0.35,0.35,0.35,0.35,3000,0
20070326,0.35,0.35,0.35,0.35,10200,0
20070327,0.35,0.35,0.31,0.31,14419,0
20070328,0.34,0.35,0.34,0.34,15879,0
20070329,0.31,0.33,0.31,0.33,7690,0
20070330,0.31,0.31,0.31,0.31,10506,0
20070402,0.3,0.3,0.3,0.3,2000,0
20070403,0.3,0.38,0.3,0.38,4169,0
20070405,0.38,0.38,0.3,0.38,9800,0
20070409,0.38,0.38,0.38,0.38,5842,0
20070410,0.38,0.38,0.25,0.25,55755,0
20070411,0.25,0.29,0.25,0.25,36304,0
20070412,0.29,0.29,0.29,0.29,4902,0
20070416,0.24,0.29,0.24,0.29,6695,0
20070417,0.24,0.24,0.24,0.24,4999,0
20070418,0.24,0.25,0.21,0.25,27609,0
20070419,0.26,0.29,0.25,0.25,45882,0
20070420,0.25,0.25,0.25,0.25,2500,0
20070423,0.27,0.27,0.27,0.27,3900,0
20070424,0.27,0.27,0.27,0.27,2000,0
20070425,0.33,0.33,0.27,0.27,5399,0
20070426,0.32,0.32,0.32,0.32,4000,0
20070501,0.28,0.28,0.28,0.28,3000,0
20070502,0.25,0.28,0.25,0.28,8500,0
20070503,0.25,0.25,0.25,0.25,285,0
20070504,0.25,0.31,0.25,0.25,5200,0
20070508,0.25,0.3,0.25,0.3,41300,0
20070509,0.3,0.3,0.25,0.25,6000,0
20070511,0.3,0.31,0.3,0.31,6672,0
20070514,0.33,0.33,0.31,0.31,15600,0
20070515,0.31,0.33,0.31,0.33,10981,0
20070517,0.26,0.26,0.26,0.26,200,0
20070518,0.38,0.38,0.26,0.26,3000,0
20070521,0.28,0.3,0.28,0.28,1336,0
20070522,0.28,0.3,0.28,0.28,4231,0
20070523,0.28,0.38,0.28,0.38,38300,0
20070524,0.38,0.38,0.38,0.38,700,0
20070525,0.38,0.45,0.38,0.45,26000,0
20070529,0.45,0.49,0.4,0.45,35700,0
20070530,0.4,0.49,0.4,0.49,3950,0
20070531,0.4,0.49,0.4,0.49,1912,0
20070601,0.4,0.45,0.4,0.4,14550,0
20070604,0.38,0.38,0.32,0.32,5300,0
20070605,0.43,0.43,0.42,0.42,1300,0
20070606,0.38,0.4,0.35,0.35,27000,0
20070607,0.4,0.4,0.4,0.4,3000,0
20070611,0.32,0.32,0.31,0.31,26100,0
20070613,0.3,0.3,0.28,0.28,15000,0
20070615,0.32,0.32,0.26,0.26,30000,0
20070618,0.27,0.27,0.27,0.27,5000,0
20070619,0.27,0.27,0.26,0.26,25000,0
20070620,0.26,0.31,0.26,0.31,1600,0
20070621,0.27,0.27,0.27,0.27,4000,0
20070625,0.32,0.32,0.32,0.32,3900,0
20070626,0.31,0.32,0.31,0.32,3500,0
20070627,0.36,0.36,0.36,0.36,1100,0
20070628,0.39,0.45,0.39,0.45,27500,0
20070629,0.3,0.3,0.3,0.3,300,0
20070702,0.25,0.35,0.25,0.35,4500,0
20070703,0.32,0.32,0.32,0.32,500,0
20070705,0.32,0.35,0.32,0.35,4900,0
20070706,0.32,0.32,0.32,0.32,1000,0
20070710,0.32,0.32,0.32,0.32,2100,0
20070711,0.45,0.45,0.45,0.45,2600,0
20070712,0.44,0.44,0.44,0.44,500,0
20070713,0.37,0.4,0.31,0.32,17593,0
20070716,0.28,0.32,0.28,0.32,3500,0
20070717,0.32,0.32,0.32,0.32,4000,0
20070718,0.3,0.3,0.25,0.25,27000,0
20070720,0.33,0.33,0.33,0.33,11400,0
20070724,0.34,0.34,0.28,0.28,5000,0
20070725,0.29,0.29,0.28,0.28,13400,0
20070726,0.34,0.34,0.34,0.34,7000,0
20070727,0.32,0.34,0.31,0.31,25000,0
20070730,0.34,0.34,0.25,0.25,7000,0
20070731,0.25,0.25,0.25,0.25,2000,0
20070801,0.34,0.34,0.34,0.34,2000,0
20070808,0.34,0.34,0.28,0.28,2002,0
20070809,0.28,0.33,0.28,0.33,2427,0
20070810,0.28,0.28,0.28,0.28,100,0
20070813,0.29,0.32,0.29,0.32,5500,0
20070814,0.25,0.34,0.25,0.34,3500,0
20070815,0.25,0.25,0.25,0.25,6881,0
20070816,0.25,0.25,0.25,0.25,7600,0
20070817,0.25,0.25,0.25,0.25,5500,0
20070820,0.25,0.25,0.25,0.25,5000,0
20070821,0.22,0.25,0.22,0.22,33800,0
20070823,0.22,0.22,0.21,0.21,12281,0
20070827,0.2,0.2,0.15,0.15,11000,0
20070828,0.15,0.15,0.15,0.15,1700,0
20070829,0.17,0.17,0.17,0.17,600,0
20070830,0.17,0.17,0.17,0.17,3000,0
20070904,0.17,0.17,0.17,0.17,3000,0
20070905,0.2,0.2,0.17,0.18,36000,0
20070910,0.15,0.15,0.15,0.15,20300,0
20070911,0.12,0.12,0.12,0.12,8000,0
20070913,0.1,0.1,0.1,0.1,6300,0
20070914,0.1,0.1,0.1,0.1,1000,0
20070917,0.07,0.07,0.07,0.07,1400,0
20070918,0.07,0.07,0.07,0.07,17100,0
20070920,0.06,0.06,0.06,0.06,14600,0
20070921,0.06,0.06,0.06,0.06,1500,0
20070924,0.13,0.13,0.13,0.13,2000,0
20070925,0.1,0.1,0.1,0.1,100,0
20070926,0.07,0.07,0.07,0.07,10000,0
20070927,0.06,0.07,0.05,0.05,22800,0
20070928,0.05,0.05,0.05,0.05,7000,0
20071004,0.07,0.07,0.07,0.07,2900,0
20071005,0.07,0.07,0.05,0.05,28575,0
20071008,0.06,0.06,0.05,0.05,21600,0
20071009,0.04,0.04,0.03,0.03,15000,0
20071010,0.03,0.03,0.02,0.02,65129,0
20071011,0.02,0.04,0.02,0.04,6353,0
20071012,0.04,0.04,0.03,0.03,31300,0
20071015,0.03,0.03,0.03,0.03,40000,0
20071016,0.03,0.03,0.03,0.03,37910,0
20071017,0.03,0.03,0.03,0.03,35000,0
20071018,0.03,0.03,0.03,0.03,75000,0
20071019,0.03,0.03,0.03,0.03,20000,0
20071022,0.03,0.04,0.03,0.04,88000,0
20071023,0.04,0.04,0.03,0.03,55950,0
20071024,0.03,0.03,0.03,0.03,2000,0
20071029,0.06,0.06,0.06,0.06,800,0
20071030,0.06,0.06,0.04,0.04,2534,0
20071031,0.07,0.07,0.07,0.07,11416,0
20071101,0.07,0.08,0.07,0.08,17000,0
20071102,0.08,0.08,0.07,0.08,11600,0
20071105,0.08,0.08,0.08,0.08,10903,0
20071106,0.08,0.08,0.08,0.08,15000,0
20071107,0.09,0.09,0.08,0.08,9779,0
20071108,0.1,0.12,0.1,0.1,32400,0
20071109,0.1,0.1,0.1,0.1,900,0
20071112,0.1,0.1,0.1,0.1,5000,0
20071114,0.1,0.1,0.09,0.1,54000,0
20071115,0.11,0.11,0.1,0.1,20222,0
20071119,0.09,0.09,0.09,0.09,2100,0
20071120,0.08,0.08,0.05,0.06,62098,0
20071121,0.06,0.06,0.06,0.06,3137,0
20071123,0.06,0.06,0.06,0.06,5000,0
20071126,0.06,0.06,0.06,0.06,3575,0
20071127,0.06,0.07,0.06,0.07,10640,0
20071129,0.06,0.06,0.04,0.04,55000,0
20071130,0.04,0.04,0.04,0.04,5100,0
20071203,0.05,0.06,0.04,0.04,76434,0
20071204,0.05,0.05,0.05,0.05,5000,0
20071205,0.05,0.06,0.05,0.06,11000,0
20071206,0.05,0.05,0.05,0.05,10000,0
20071207,0.06,0.06,0.06,0.06,6600,0
20071210,0.06,0.08,0.06,0.06,15800,0
20071211,0.08,0.08,0.07,0.08,21500,0
20071212,0.08,0.08,0.08,0.08,5000,0
20071213,0.07,0.09,0.07,0.09,58273,0
20071214,0.07,0.07,0.07,0.07,7000,0
20071217,0.06,0.08,0.06,0.08,10100,0
20071218,0.08,0.08,0.06,0.06,10000,0
20071220,0.06,0.09,0.06,0.09,21000,0
20071226,0.08,0.08,0.06,0.06,6870,0
20071227,0.05,0.06,0.05,0.06,15000,0
20071228,0.07,0.07,0.06,0.06,9500,0
20071231,0.06,0.06,0.06,0.06,5000,0
20080102,0.06,0.06,0.06,0.06,500,0
20080104,0.05,0.05,0.05,0.05,800,0
20080109,0.06,0.06,0.06,0.06,5000,0
20080110,0.07,0.07,0.06,0.06,17000,0
20080117,0.06,0.09,0.06,0.08,9100,0
20080122,0.09,0.09,0.06,0.09,3424,0
20080124,0.08,0.08,0.08,0.08,5000,0
20080131,0.08,0.08,0.08,0.08,2072,0
20080201,0.08,0.09,0.08,0.09,10000,0
20080207,0.14,0.14,0.13,0.13,916,0
20080208,0.15,0.2,0.15,0.2,21851,0
20080211,0.2,0.2,0.12,0.12,21110,0
20080212,0.12,0.12,0.12,0.12,15740,0
20080214,0.2,0.2,0.2,0.2,1984,0
20080215,0.2,0.2,0.2,0.2,5000,0
20080221,0.12,0.13,0.12,0.13,8000,0
20080225,0.18,0.18,0.18,0.18,8150,0
20080226,0.17,0.17,0.17,0.17,250,0
20080227,0.13,0.13,0.13,0.13,3000,0
20080228,0.14,0.14,0.14,0.14,5000,0
20080229,0.17,0.17,0.17,0.17,14900,0
20080304,0.17,0.17,0.17,0.17,2100,0
20080310,0.17,0.17,0.15,0.15,7100,0
20080312,0.15,0.17,0.15,0.17,7890,0
20080313,0.17,0.17,0.17,0.17,200,0
20080314,0.14,0.14,0.14,0.14,1600,0
20080317,0.2,0.2,0.1,0.1,7300,0
20080320,0.1,0.2,0.1,0.2,4900,0
20080326,0.2,0.2,0.12,0.12,7100,0
20080327,0.12,0.12,0.12,0.12,2900,0
20080403,0.13,0.13,0.13,0.13,5000,0
20080408,0.13,0.13,0.13,0.13,10000,0
20080414,0.12,0.12,0.1,0.1,10000,0
20080416,0.1,0.15,0.1,0.15,15900,0
20080417,0.15,0.15,0.1,0.15,13500,0
20080418,0.15,0.15,0.15,0.15,5000,0
20080421,0.15,0.15,0.15,0.15,5000,0
20080422,0.25,0.25,0.2,0.2,5100,0
20080424,0.2,0.2,0.2,0.2,3000,0
20080425,0.22,0.22,0.22,0.22,12125,0
20080430,0.22,0.22,0.1,0.1,14550,0
20080505,0.25,0.25,0.25,0.25,4500,0
20080506,0.12,0.17,0.12,0.17,11000,0
20080507,0.2,0.2,0.15,0.16,15000,0
20080508,0.25,0.25,0.25,0.25,3960,0
20080509,0.25,0.25,0.21,0.21,13500,0
20080512,0.28,0.28,0.25,0.25,280,0
20080519,0.28,0.28,0.25,0.25,4660,0
20080521,0.22,0.25,0.22,0.25,3000,0
20080522,0.24,0.24,0.24,0.24,100,0
20080523,0.25,0.25,0.24,0.24,1708,0
20080527,0.21,0.21,0.21,0.21,107,0
20080528,0.21,0.21,0.21,0.21,1500,0
20080529,0.3,0.3,0.3,0.3,1000,0
20080530,0.3,0.3,0.24,0.24,4120,0
20080602,0.3,0.3,0.24,0.26,36139,0
20080603,0.26,0.26,0.2,0.2,51700,0
20080604,0.22,0.22,0.22,0.22,7600,0
20080605,0.2,0.2,0.2,0.2,20290,0
20080611,0.2,0.2,0.2,0.2,15750,0
20080613,0.18,0.18,0.18,0.18,500,0
20080616,0.25,0.25,0.2,0.2,11750,0
20080617,0.25,0.28,0.22,0.23,10425,0
20080618,0.23,0.31,0.2,0.3,34740,0
20080620,0.35,0.75,0.34,0.52,163972,0
20080623,0.55,0.55,0.5,0.5,42037,0
20080624,0.4,0.47,0.32,0.45,48882,0
20080625,0.38,0.42,0.35,0.42,13807,0
20080626,0.4,0.4,0.4,0.4,3700,0
20080630,0.4,0.4,0.35,0.35,21450,0
20080701,0.35,0.35,0.33,0.33,9000,0
20080702,0.4,0.54,0.4,0.5,19390,0
20080707,0.4,0.4,0.4,0.4,5000,0
20080708,0.51,0.51,0.35,0.35,36900,0
20080709,0.4,0.4,0.4,0.4,5200,0
20080711,0.4,0.4,0.4,0.4,1000,0
20080714,0.4,0.45,0.4,0.42,46123,0
20080715,0.43,0.5,0.43,0.5,7300,0
20080716,0.5,0.5,0.5,0.5,5000,0
20080717,0.5,0.5,0.5,0.5,1300,0
20080718,0.5,0.5,0.45,0.45,14900,0
20080721,0.54,0.54,0.5,0.5,16925,0
20080724,0.45,0.45,0.45,0.45,6500,0
20080725,0.45,0.45,0.45,0.45,17609,0
20080729,0.5,0.54,0.5,0.54,10805,0
20080730,0.45,0.45,0.45,0.45,14716,0
20080731,0.33,0.48,0.33,0.48,500,0
20080801,0.33,0.33,0.33,0.33,427,0
20080804,0.33,0.33,0.33,0.33,1174,0
20080806,0.48,0.48,0.48,0.48,350,0
20080807,0.45,0.48,0.45,0.45,18935,0
20080811,0.48,0.48,0.46,0.46,500,0
20080812,0.46,0.46,0.46,0.46,4596,0
20080814,0.38,0.46,0.38,0.46,7150,0
20080819,0.38,0.38,0.38,0.38,400,0
20080821,0.46,0.46,0.46,0.46,400,0
20080822,0.46,0.46,0.46,0.46,400,0
20080826,0.46,0.46,0.46,0.46,300,0
20080827,0.38,0.38,0.38,0.38,1000,0
20080828,0.45,0.52,0.45,0.5,6000,0
20080829,0.51,0.51,0.51,0.51,100,0
20080902,0.45,0.45,0.45,0.45,20100,0
20080910,0.38,0.47,0.38,0.38,3000,0
20080915,0.38,0.38,0.38,0.38,200,0
20080916,0.38,0.38,0.38,0.38,1350,0
20080917,0.38,0.38,0.35,0.38,9900,0
20080919,0.44,0.44,0.44,0.44,1000,0
20080923,0.44,0.44,0.4,0.4,3000,0
20080926,0.42,0.42,0.4,0.4,10000,0
20080929,0.4,0.4,0.31,0.38,10100,0
20081003,0.33,0.33,0.22,0.22,800,0
20081006,0.45,0.45,0.45,0.45,100,0
20081007,0.22,0.35,0.22,0.35,970,0
20081009,0.22,0.22,0.22,0.22,100,0
20081014,0.21,0.25,0.21,0.25,7100,0
20081015,0.21,0.38,0.15,0.15,35400,0
20081016,0.15,0.15,0.15,0.15,4500,0
20081022,0.2,0.2,0.2,0.2,4695,0
20081023,0.25,0.25,0.25,0.25,3700,0
20081024,0.23,0.23,0.2,0.2,6000,0
20081027,0.25,0.25,0.15,0.23,6500,0
20081028,0.23,0.23,0.23,0.23,5000,0
20081029,0.23,0.23,0.23,0.23,300,0
20081030,0.15,0.21,0.15,0.21,17210,0
20081031,0.12,0.2,0.12,0.2,4500,0
20081103,0.2,0.21,0.17,0.17,12250,0
20081104,0.23,0.23,0.23,0.23,4280,0
20081110,0.23,0.23,0.23,0.23,9800,0
20081114,0.24,0.25,0.23,0.23,3100,0
20081117,0.19,0.25,0.19,0.25,14750,0
20081118,0.25,0.25,0.25,0.25,5000,0
20081120,0.2,0.2,0.2,0.2,5000,0
20081124,0.19,0.19,0.19,0.19,3400,0
20081128,0.15,0.15,0.15,0.15,5000,0
20081202,0.16,0.16,0.16,0.16,100,0
20081208,0.29,0.29,0.29,0.29,1600,0
20081216,0.25,0.25,0.25,0.25,800,0
20081217,0.25,0.35,0.25,0.3,47360,0
20081218,0.21,0.21,0.21,0.21,7000,0
20081219,0.26,0.26,0.21,0.21,5700,0
20081222,0.21,0.21,0.21,0.21,2000,0
20081223,0.21,0.21,0.21,0.21,3000,0
20081224,0.21,0.21,0.21,0.21,10000,0
20081229,0.21,0.25,0.21,0.25,6500,0
20090106,0.21,0.21,0.21,0.21,5000,0
20090115,0.26,0.26,0.22,0.22,5000,0
20090120,0.26,0.3,0.26,0.3,11800,0
20090121,0.18,0.18,0.18,0.18,1980,0
20090126,0.19,0.19,0.19,0.19,1200,0
20090127,0.35,0.39,0.32,0.32,16400,0
20090128,0.3,0.3,0.19,0.19,3600,0
20090129,0.32,0.4,0.32,0.4,12020,0
20090130,0.4,0.4,0.29,0.3,24025,0
20090202,0.3,0.3,0.3,0.3,4500,0
20090203,0.3,0.3,0.2,0.2,9549,0
20090205,0.37,0.4,0.37,0.4,9000,0
20090209,0.4,0.4,0.4,0.4,2000,0
20090211,0.25,0.25,0.25,0.25,2000,0
20090213,0.37,0.37,0.37,0.37,3020,0
20090224,0.2,0.2,0.2,0.2,1000,0
20090302,0.2,0.2,0.2,0.2,637,0
20090305,0.37,0.37,0.37,0.37,1300,0
20090309,0.37,0.37,0.37,0.37,1200,0
20090310,0.2,0.3,0.2,0.3,5200,0
20090317,0.35,0.35,0.35,0.35,3500,0
20090318,0.35,0.35,0.35,0.35,1000,0
20090319,0.15,0.25,0.15,0.25,16600,0
20090320,0.25,0.25,0.25,0.25,2000,0
20090324,0.2,0.23,0.2,0.23,10700,0
20090330,0.15,0.15,0.15,0.15,1000,0
20090401,0.16,0.16,0.16,0.16,5500,0
20090406,0.3,0.37,0.3,0.37,11800,0
20090407,0.37,0.37,0.35,0.35,9000,0
20090408,0.15,0.15,0.15,0.15,5000,0
20090414,0.25,0.35,0.15,0.15,9113,0
20090415,0.35,0.35,0.35,0.35,5900,0
20090416,0.35,0.35,0.35,0.35,8687,0
20090417,0.35,0.35,0.16,0.16,22050,0
20090421,0.2,0.35,0.15,0.15,12065,0
20090423,0.2,0.2,0.2,0.2,1666,0
20090424,0.21,0.35,0.21,0.35,8667,0
20090427,0.2,0.2,0.2,0.2,450,0
20090428,0.21,0.21,0.21,0.21,10000,0
20090429,0.31,0.34,0.31,0.34,1140,0
20090430,0.2,0.35,0.2,0.33,4144,0
20090505,0.22,0.25,0.22,0.22,4600,0
20090507,0.22,0.22,0.22,0.22,5000,0
20090508,0.35,0.35,0.32,0.32,3500,0
20090511,0.22,0.22,0.22,0.22,450,0
20090512,0.32,0.34,0.32,0.34,2854,0
20090513,0.34,0.34,0.34,0.34,2000,0
20090514,0.22,0.22,0.22,0.22,1200,0
20090515,0.32,0.32,0.32,0.32,291,0
20090519,0.2,0.22,0.2,0.22,8614,0
20090521,0.26,0.26,0.23,0.23,8593,0
20090526,0.23,0.23,0.23,0.23,690,0
20090529,0.34,0.34,0.34,0.34,4800,0
20090608,0.32,0.32,0.32,0.32,3000,0
20090609,0.33,0.33,0.33,0.33,3000,0
20090610,0.32,0.32,0.32,0.32,4700,0
20090611,0.32,0.32,0.32,0.32,1300,0
20090612,0.32,0.34,0.32,0.34,18108,0
20090615,0.4,0.4,0.36,0.37,21950,0
20090616,0.25,0.37,0.25,0.37,3604,0
20090617,0.37,0.38,0.37,0.38,4000,0
20090618,0.25,0.25,0.25,0.25,6116,0
20090619,0.3,0.3,0.26,0.3,7250,0
20090622,0.26,0.3,0.26,0.3,3400,0
20090623,0.29,0.29,0.29,0.29,2700,0
20090624,0.3,0.3,0.28,0.3,8032,0
20090625,0.3,0.3,0.3,0.3,44250,0
20090626,0.3,0.3,0.3,0.3,8500,0
20090629,0.25,0.3,0.25,0.3,14400,0
20090630,0.29,0.29,0.29,0.29,4000,0
20090701,0.3,0.3,0.3,0.3,5000,0
20090707,0.3,0.3,0.3,0.3,3000,0
20090708,0.3,0.3,0.3,0.3,5000,0
20090713,0.3,0.3,0.3,0.3,11000,0
20090715,0.27,0.27,0.27,0.27,100,0
20090716,0.27,0.3,0.27,0.3,2250,0
20090720,0.28,0.28,0.28,0.28,1716,0
20090722,0.3,0.3,0.3,0.3,2300,0
20090729,0.28,0.32,0.28,0.3,16600,0
20090730,0.3,0.3,0.3,0.3,4200,0
20090731,0.3,0.3,0.25,0.25,11300,0
20090803,0.27,0.3,0.27,0.3,11000,0
20090804,0.3,0.3,0.3,0.3,12200,0
20090821,0.28,0.28,0.28,0.28,3000,0
20090824,0.28,0.28,0.25,0.28,6655,0
20090825,0.32,0.32,0.32,0.32,2000,0
20090827,0.35,0.35,0.35,0.35,6000,0
20090828,0.35,0.35,0.3,0.34,7003,0
20090831,0.35,0.35,0.35,0.35,1100,0
20090901,0.34,0.34,0.34,0.34,5100,0
20090902,0.3,0.35,0.3,0.35,5350,0
20090903,0.35,0.35,0.35,0.35,15316,0
20090904,0.35,0.35,0.35,0.35,25166,0
20090908,0.35,0.37,0.35,0.37,8020,0
20090910,0.36,0.51,0.36,0.4,12004,0
20090911,0.4,0.4,0.35,0.35,14700,0
20090916,0.4,0.47,0.32,0.47,5690,0
20090917,0.47,0.47,0.35,0.47,35407,0
20090918,0.47,0.47,0.47,0.47,18250,0
20090922,0.44,0.5,0.44,0.5,13092,0
20090923,0.5,0.5,0.48,0.5,10552,0
20090924,0.5,0.5,0.38,0.5,20400,0
20090925,0.5,0.5,0.45,0.5,32150,0
20090928,0.5,0.5,0.49,0.5,35665,0
20090929,0.44,0.5,0.44,0.5,6100,0
20090930,0.5,0.5,0.5,0.5,16825,0
20091001,0.5,0.5,0.5,0.5,800,0
20091002,0.5,0.51,0.5,0.51,12580,0
20091005,0.51,0.6,0.51,0.57,121115,0
20091006,0.59,0.6,0.57,0.58,36984,0
20091007,0.6,0.6,0.57,0.58,35125,0
20091008,0.58,0.58,0.55,0.58,7823,0
20091009,0.58,0.6,0.55,0.6,26430,0
20091012,0.6,0.6,0.6,0.6,14250,0
20091013,0.55,0.6,0.55,0.6,8250,0
20091014,0.57,0.6,0.56,0.6,17850,0
20091015,0.55,0.56,0.53,0.56,29400,0
20091016,0.56,0.58,0.53,0.58,23550,0
20091019,0.58,0.6,0.53,0.6,31523,0
20091020,0.6,0.72,0.57,0.7,240409,0
20091021,0.72,0.72,0.66,0.7,64013,0
20091022,0.7,0.7,0.68,0.7,54730,0
20091023,0.7,0.7,0.65,0.65,5500,0
20091026,0.7,0.7,0.65,0.65,22737,0
20091027,0.65,0.65,0.65,0.65,680,0
20091028,0.67,0.67,0.62,0.64,13600,0
20091029,0.64,0.64,0.64,0.64,20439,0
20091030,0.62,0.62,0.62,0.62,5692,0
20091102,0.63,0.64,0.62,0.64,2500,0
20091103,0.64,0.7,0.63,0.7,13355,0
20091104,0.69,0.69,0.69,0.69,3000,0
20091105,0.68,0.68,0.65,0.68,13675,0
20091106,0.68,0.71,0.68,0.7,136455,0
20091109,0.71,1.2,0.7,0.99,138190,0
20091110,0.8,0.99,0.8,0.91,38105,0
20091111,0.9,0.92,0.9,0.92,38400,0
20091112,0.9,0.9,0.9,0.9,19675,0
20091113,0.85,0.85,0.7,0.7,12980,0
20091116,0.85,0.85,0.78,0.78,15415,0
20091117,0.78,0.78,0.7,0.75,9800,0
20091118,0.73,0.8,0.72,0.78,146530,0
20091119,0.78,0.78,0.78,0.78,4140,0
20091120,0.78,0.78,0.76,0.76,4605,0
20091123,0.75,0.75,0.73,0.75,31799,0
20091124,0.73,0.73,0.65,0.68,22985,0
20091125,0.69,0.69,0.68,0.68,5400,0
20091130,0.63,0.7,0.63,0.65,31000,0
20091201,0.65,0.7,0.65,0.65,8475,0
20091202,0.65,0.65,0.6,0.64,17167,0
20091203,0.6,0.6,0.6,0.6,1685,0
20091204,0.64,0.65,0.6,0.61,64850,0
20091207,0.7,0.7,0.68,0.69,13299,0
20091208,0.7,0.7,0.69,0.7,25442,0
20091209,0.65,0.7,0.65,0.7,17950,0
20091210,0.6,0.63,0.6,0.61,7950,0
20091211,0.65,0.7,0.65,0.69,52900,0
20091214,0.69,0.7,0.65,0.69,104230,0
20091215,0.69,0.7,0.69,0.7,37646,0
20091216,0.7,1,0.69,0.95,261682,0
20091217,1,1.35,0.93,1.35,658239,0
20091218,1.38,1.52,1.16,1.2,534189,0
20091221,1.11,1.35,1.1,1.3,69267,0
20091222,1.31,1.51,1.22,1.49,193392,0
20091223,1.5,1.53,1.4,1.5,65583,0
20091224,1.41,1.58,1.41,1.53,53346,0
20091228,1.7,2,1.6,2,225494,0
20091229,2.02,2.84,2,2.72,421461,0
20091230,2.79,3.1,2.4,2.95,216939,0
20091231,3.02,3.2,2.75,2.9,81783,0
20100104,2.88,2.88,2.32,2.5,165331,0
20100105,2.32,2.35,1.77,2.1,271643,0
20100106,2.17,2.25,2.04,2.2,75125,0
20100107,2.24,2.24,1.75,2,197618,0
20100108,1.95,2.01,1.81,1.91,109740,0
20100111,1.96,2,1.87,1.9,51881,0
20100112,1.9,2,1.81,2,92147,0
20100113,1.95,2.01,1.9,1.94,42600,0
20100114,1.95,1.95,1.8,1.95,29275,0
20100115,1.95,1.95,1.88,1.93,28716,0
20100119,1.95,2.01,1.9,2,155207,0
20100120,2.05,2.1,1.95,1.96,88031,0
20100121,1.98,1.98,1.6,1.7,233954,0
20100122,1.78,1.78,1.65,1.65,86055,0
20100125,1.72,1.84,1.7,1.82,99479,0
20100126,1.8,1.99,1.77,1.87,64250,0
20100127,1.99,2.04,1.95,1.96,145039,0
20100128,1.97,1.97,1.83,1.87,83059,0
20100129,1.9,1.9,1.89,1.89,37054,0
20100201,1.86,2,1.86,1.95,150155,0
20100202,1.99,2.68,1.9,2.4,466312,0
20100203,2.5,2.5,2.24,2.3,76967,0
20100204,2.25,2.3,2.2,2.28,85624,0
20100205,2.24,2.6,2.21,2.6,237892,0
20100208,2.51,2.6,2.4,2.56,83488,0
20100209,2.6,2.6,2.48,2.55,50053,0
20100210,2.55,2.7,2.55,2.7,72499,0
20100211,2.67,2.72,2.55,2.55,113995,0
20100212,2.7,2.7,2.65,2.65,97388,0
20100216,2.69,2.69,2.53,2.53,69776,0
20100217,2.56,2.56,2.53,2.53,64229,0
20100218,2.65,2.65,2.45,2.52,70398,0
20100219,2.51,2.62,2.51,2.51,104139,0
20100222,2.59,2.65,2.5,2.65,27100,0
20100223,2.69,2.7,2.5,2.53,45090,0
20100224,2.6,2.62,2.55,2.57,34355,0
20100225,2.6,2.6,2.54,2.6,41512,0
20100226,2.63,2.63,2.55,2.6,35697,0
20100301,2.6,2.7,2.53,2.7,153323,0
20100302,2.72,3,2.7,2.95,181847,0
20100303,3.01,3.38,2.9,3.2,273677,0
20100304,3.46,3.48,2.93,2.97,243990,0
20100305,3,3.2,3,3.2,59079,0
20100308,3.21,3.38,3.21,3.32,100635,0
20100309,3.35,3.35,3.07,3.25,154919,0
20100310,3.21,3.25,3.17,3.25,36221,0
20100311,3.25,3.62,3.25,3.6,226159,0
20100312,3.64,4.18,3.64,4.15,425976,0
20100315,4.1,4.95,4.1,4.41,380657,0
20100316,4.43,4.53,3.95,4.2,196398,0
20100317,4.2,4.7,4.2,4.5,134663,0
20100318,4.5,4.55,4.3,4.48,131796,0
20100319,4.54,4.54,4.33,4.38,54245,0
20100322,4.35,4.5,4.33,4.5,122979,0
20100323,4.52,4.52,4.36,4.4,75644,0
20100324,4.5,4.78,4.46,4.6,190107,0
20100325,4.73,4.75,4.55,4.74,102811,0
20100326,4.78,5.28,4.7,5.28,309010,0
20100329,5.47,6.6,5.47,6.6,620186,0
20100330,6.5,6.52,6.03,6.1,323946,0
20100331,6,6.84,5.77,6.6,559643,0
20100401,6.55,6.9,5.79,5.98,558446,0
20100405,6.12,6.33,6,6,305834,0
20100406,6,6,5.07,5.6,440074,0
20100407,5.58,5.7,5.1,5.27,229145,0
20100408,5.25,5.25,4.95,5.07,203477,0
20100409,5.13,5.55,5.13,5.49,105531,0
20100412,5.49,5.49,5.11,5.45,116181,0
20100413,5.46,5.83,5.4,5.8,185660,0
20100414,5.7,5.7,5.45,5.46,156044,0
20100415,5.4,5.5,5.36,5.36,59387,0
20100416,5.39,5.39,5.05,5.1,96073,0
20100419,5.05,5.15,5.05,5.07,35669,0
20100420,5.25,5.55,4.99,5.35,140094,0
20100421,5.38,5.5,5.25,5.25,106390,0
20100422,5.29,5.4,5.18,5.3,128768,0
20100423,5.32,5.4,5.3,5.35,67158,0
20100426,5.34,6.15,5.33,6.02,330461,0
20100427,6.04,6.1,5.78,5.93,193983,0
20100428,5.93,6,5.74,5.94,38965,0
20100429,5.9,6.06,5.68,5.83,203687,0
20100430,5.76,5.88,5.73,5.78,50314,0
20100503,5.76,5.95,5.71,5.9,56725,0
20100504,5.71,5.95,5.4,5.58,81609,0
20100505,5.55,5.62,5.32,5.5,114037,0
20100506,5.95,6.1,5.6,5.75,178864,0
20100507,5.78,5.92,5.4,5.92,159912,0
20100510,6.05,6.17,5.75,5.95,170391,0
20100511,5.89,5.95,5.8,5.93,67819,0
20100512,5.95,5.95,5.61,5.75,129399,0
20100513,5.65,5.9,5.62,5.85,102719,0
20100514,5.84,5.89,5.62,5.83,124151,0
20100517,5.8,6.09,5.7,5.84,263980,0
20100518,6,6.02,5.65,5.83,74126,0
20100519,5.83,5.83,5.07,5.4,156774,0
20100520,5.25,5.3,4.75,4.9,230406,0
20100521,4.88,5,4.44,4.76,329629,0
20100524,4.74,5.02,4.74,5.02,71448,0
20100525,4.97,5.04,4.66,5.02,82243,0
20100526,5.03,5.45,5.03,5.28,83635,0
20100527,5.5,5.65,5.38,5.65,82810,0
20100528,5.72,5.89,5.55,5.89,160326,0
20100601,5.75,5.95,5.5,5.95,135398,0
20100602,5.93,5.96,5.76,5.92,123033,0
20100603,5.9,6.21,5.88,6.21,291214,0
20100604,6.14,6.24,6.04,6.17,233508,0
20100607,6.15,6.15,5.58,5.83,168828,0
20100608,5.96,5.96,5.25,5.49,78281,0
20100609,5.68,5.69,5.3,5.35,51247,0
20100610,5.69,5.69,5.25,5.53,137504,0
20100611,5.51,5.88,5.43,5.88,184146,0
20100614,5.88,6.01,5.84,6,159138,0
20100615,6.01,6.25,5.96,6.22,195972,0
20100616,6.21,6.38,6.04,6.23,277237,0
20100617,6.2,6.5,6,6.39,236021,0
20100618,6.41,6.78,6.35,6.61,280515,0
20100621,6.89,7.14,6.69,6.94,277331,0
20100622,7.04,7.25,6.8,7.19,325163,0
20100623,7.18,7.67,7.18,7.28,533864,0
20100624,7.28,7.46,7.13,7.42,437195,0
20100625,7.4,7.67,7.2,7.48,2868340,0
20100628,7.15,7.15,6.29,6.9,678662,0
20100629,6.74,6.74,6.1,6.17,380033,0
20100630,6.16,6.4,5.75,5.76,367354,0
20100701,5.8,5.95,5.5,5.64,242158,0
20100702,5.68,5.68,5,5.29,280780,0
20100706,5.29,5.4,4.8,4.83,313923,0
20100707,4.84,5.03,4.83,4.94,491321,0
20100708,5.3,5.31,4.96,5.28,471068,0
20100709,5.28,5.3,5,5.19,304783,0
20100712,5.19,5.19,5,5.1,80470,0
20100713,5.25,5.25,5.09,5.16,356744,0
20100714,5.12,5.15,5.05,5.11,148512,0
20100715,5.1,5.18,4.92,5.01,146993,0
20100716,4.99,4.99,4.82,4.92,151828,0
20100719,4.92,5.22,4.51,4.57,240932,0
20100720,4.53,4.54,4.2,4.4,323420,0
20100721,4.54,5.17,4.5,4.9,236924,0
20100722,4.92,5.22,4.79,5.19,197317,0
20100723,5.17,5.77,5,5.66,329610,0
20100726,5.79,5.9,5.5,5.69,254873,0
20100727,5.7,5.79,5.5,5.65,118184,0
20100728,5.67,5.79,5.55,5.66,105839,0
20100729,5.82,5.82,4.96,4.98,295488,0
20100730,5,5.14,4.81,4.99,346948,0
20100802,5.14,5.18,4.95,5,137359,0
20100803,4.99,5.13,4.85,4.99,109311,0
20100804,5.02,5.15,4.99,5.09,130072,0
20100805,5.2,5.2,5,5.02,121048,0
20100806,4.97,5.05,4.55,4.74,239382,0
20100809,4.88,4.9,4.74,4.8,141121,0
20100810,4.99,4.99,4.6,4.6,108501,0
20100811,4.72,4.72,4.35,4.35,171691,0
20100812,4.3,4.32,4.05,4.12,262660,0
20100813,4.07,4.23,4.07,4.16,123520,0
20100816,4.2,4.83,4.16,4.44,143343,0
20100817,4.49,5,4.45,4.93,261926,0
20100818,4.94,4.96,4.71,4.74,76481,0
20100819,4.69,4.75,4.3,4.3,142615,0
20100820,4.3,4.48,4.15,4.31,168240,0
20100823,4.34,4.5,4.12,4.28,149862,0
20100824,4.21,4.27,4.05,4.07,94543,0
20100825,4.07,4.39,4,4.37,184905,0
20100826,4.36,4.36,4.05,4.05,161993,0
20100827,4.1,4.44,4.08,4.42,267264,0
20100830,4.38,4.42,4.26,4.28,109760,0
20100831,4.25,4.44,4.15,4.18,93099,0
20100901,4.24,4.44,4.08,4.44,80135,0
20100902,4.4,4.45,4.23,4.45,110325,0
20100903,4.46,5.15,4.26,5.05,560590,0
20100907,5.05,5.05,4.79,4.81,98761,0
20100908,4.83,4.93,4.75,4.78,70401,0
20100909,4.83,4.85,4.71,4.72,61025,0
20100910,4.74,4.75,4.7,4.7,52762,0
20100913,4.71,4.98,4.71,4.94,123601,0
20100914,4.95,5.02,4.73,4.78,237568,0
20100915,4.77,4.88,4.52,4.57,151224,0
20100916,4.57,4.67,4.52,4.54,84195,0
20100917,4.61,4.77,4.46,4.46,212129,0
20100920,4.51,4.77,4.5,4.74,183579,0
20100921,4.75,4.8,4.64,4.71,64510,0
20100922,4.74,4.85,4.65,4.73,71348,0
20100923,4.79,5.16,4.76,5.02,432049,0
20100924,4.95,5.1,4.94,5.03,244576,0
20100927,5.07,5.15,4.99,5.04,134336,0
20100928,5.04,5.08,4.97,5.01,102675,0
20100929,4.95,5.18,4.95,5.18,157837,0
20100930,5.23,5.45,5.2,5.39,289066,0
20101001,5.5,5.77,5.46,5.53,306710,0
20101004,5.55,5.64,5.45,5.5,156245,0
20101005,5.67,5.78,5.6,5.78,235782,0
20101006,5.75,6.09,5.75,6.03,363398,0
20101007,6.05,6.08,5.99,6.02,249280,0
20101008,6.05,6.35,6,6.31,419528,0
20101011,6.4,6.4,6.02,6.04,390579,0
20101012,6,6.14,5.97,6.12,247529,0
20101013,6.2,6.25,6.05,6.1,137202,0
20101014,6.23,6.29,5.73,6.1,143321,0
20101015,6.16,6.23,6.09,6.12,175263,0
20101018,6.12,6.32,6.1,6.17,107086,0
20101019,6.09,6.15,5.99,6.04,269383,0
20101020,6.04,6.04,5.8,6.01,150390,0
20101021,6.05,6.08,5.97,6.01,94572,0
20101022,6.02,6.02,5.91,5.97,123489,0
20101025,6.02,6.02,5.75,5.77,146931,0
20101026,5.75,5.8,5.44,5.63,245028,0
20101027,5.48,5.55,5.09,5.14,234967,0
20101028,5.16,5.25,5.11,5.18,290602,0
20101029,5.2,5.7,5.07,5.5,451084,0
20101101,5.62,5.75,5.16,5.19,198786,0
20101102,5.35,5.35,4.98,4.99,339586,0
20101103,5,5.01,4.51,4.72,620871,0
20101104,5.05,5.05,4.7,4.78,432457,0
20101105,4.8,4.88,4.74,4.77,258655,0
20101108,4.78,4.83,4.7,4.73,234243,0
20101109,4.73,4.79,4.63,4.68,149216,0
20101110,4.68,4.75,4.65,4.71,104698,0
20101111,4.65,4.8,4.65,4.77,115077,0
20101112,4.68,4.77,4.6,4.62,113677,0
20101115,4.62,4.73,4.58,4.61,116692,0
20101116,4.58,4.58,4.2,4.28,399711,0
20101117,4.3,4.55,4.25,4.53,148327,0
20101118,4.6,4.8,4.53,4.57,187475,0
20101119,4.67,4.85,4.51,4.85,126184,0
20101122,4.85,5.08,4.85,5.06,198025,0
20101123,5.02,5.45,5,5.3,207595,0
20101124,5.39,5.45,5.03,5.28,227506,0
20101126,5.14,5.27,5.01,5.23,59410,0
20101129,5.23,5.41,5.1,5.36,115445,0
20101130,5.28,5.36,5.15,5.26,283563,0
20101201,5.39,5.39,5.15,5.29,111801,0
20101202,5.3,5.5,5.2,5.5,196587,0
20101203,5.48,5.59,5.26,5.48,208174,0
20101206,5.5,5.53,5.36,5.51,153668,0
20101207,5.6,5.63,5.51,5.56,298765,0
20101208,5.63,5.67,5.5,5.66,121975,0
20101209,5.72,5.75,5.62,5.69,148676,0
20101210,5.72,5.72,5.12,5.13,340377,0
20101213,5.11,5.26,4.33,4.47,1533444,0
20101214,4.52,4.52,4.12,4.2,579433,0
20101215,4.19,4.58,4.19,4.56,312756,0
20101216,4.6,4.81,4.56,4.65,276460,0
20101217,4.75,4.75,4.5,4.64,245051,0
20101220,4.75,4.75,4.47,4.53,227028,0
20101221,4.53,4.53,4.4,4.47,151455,0
20101222,4.49,4.59,4.42,4.59,91117,0
20101223,4.6,4.7,4.55,4.64,149141,0
20101227,4.66,4.7,3.97,4.69,1473960,0
20101228,4.68,5.1,4.65,5.01,261226,0
20101229,5.1,5.49,5.03,5.21,424934,0
20101230,5.19,5.47,5.19,5.36,279400,0
20101231,5.44,5.45,5.1,5.2,243504,0
20110103,5.31,5.45,5.21,5.35,256897,0
20110104,5.42,5.42,5.04,5.1,251996,0
20110105,5.11,5.21,5,5.17,160425,0
20110106,5.19,5.2,5.1,5.2,100196,0
20110107,5.2,5.2,5.04,5.09,138345,0
20110110,5.05,5.07,4.86,4.99,800531,0
20110111,5,5.14,4.94,5.13,167503,0
20110112,5.21,5.47,5.15,5.43,425541,0
20110113,5.45,5.47,5.25,5.4,207868,0
20110114,5.4,5.47,5.37,5.42,158419,0
20110118,5.37,5.41,5.18,5.25,165907,0
20110119,5.26,5.31,5.11,5.2,101614,0
20110120,5.15,5.2,5,5.06,175315,0
20110121,5.05,5.11,5.01,5.05,107581,0
20110124,5.11,5.11,5,5.02,178935,0
20110125,5,5.04,4.95,5,144554,0
20110126,5.13,5.15,4.95,5.02,136392,0
20110127,5.02,5.04,4.96,4.99,92234,0
20110128,5,5,4.75,4.78,248741,0
20110131,4.8,5.06,4.8,5.05,220627,0
20110201,5.07,5.13,4.97,5,166769,0
20110202,4.97,5.04,4.91,4.97,131005,0
20110203,5.03,5.04,4.92,5,153621,0
20110204,4.99,5.05,4.98,5.01,132581,0
20110207,5.03,5.03,4.92,4.95,184859,0
20110208,4.96,4.96,4.76,4.8,278982,0
20110209,4.8,4.95,4.72,4.95,185160,0
20110210,4.88,4.95,4.81,4.91,117553,0
20110211,4.9,4.95,4.83,4.92,73996,0
20110214,4.94,5.06,4.87,5.01,190422,0
20110215,5,5.05,4.95,5.02,139876,0
20110216,5,5.03,4.97,5.02,176790,0
20110218,5.02,5.04,4.98,5.01,88041,0
20110222,5.03,5.06,4.98,4.98,228380,0
20110223,4.99,5.25,4.96,5.16,362014,0
20110224,5.25,5.8,5.2,5.25,1495451,0
20110225,5.31,5.48,5.2,5.41,384111,0
20110228,5.42,5.68,5.42,5.49,397913,0
20110301,5.55,5.65,5.31,5.31,383660,0
20110302,5.32,5.42,5.3,5.35,203187,0
20110303,5.38,5.45,5.26,5.45,251310,0
20110304,5.45,5.53,5.33,5.45,167612,0
20110307,5.57,5.69,5.37,5.41,312089,0
20110308,5.4,5.51,5.2,5.42,193802,0
20110309,5.46,5.59,5.42,5.52,232966,0
20110310,5.43,5.64,5.15,5.23,434073,0
20110311,5.22,5.25,5.08,5.22,174032,0
20110314,5.25,5.25,4.96,5.08,255390,0
20110315,4.96,5.04,4.85,5.02,295274,0
20110316,5.03,5.13,4.75,4.92,229590,0
20110317,5.02,5.15,4.99,5.15,582721,0
20110318,5.17,5.17,5.01,5.05,250794,0
20110321,5.06,5.14,4.92,5.13,385731,0
20110322,5.11,5.18,5.09,5.12,141161,0
20110323,5.16,5.16,4.98,5.09,605970,0
20110324,5.06,5.08,4.99,5.05,549915,0
20110325,5.14,5.19,5.09,5.14,214672,0
20110328,5.17,5.18,4.95,4.95,337186,0
20110329,4.93,5,4.85,4.98,289546,0
20110330,5,5,4.98,5,305236,0
20110331,5.06,5.15,4.96,5,659677,0
20110401,5.04,5.15,5.02,5.14,150648,0
20110404,5.14,5.17,5.09,5.09,290259,0
20110405,5.08,5.12,5.02,5.08,75651,0
20110406,5.06,5.1,5,5.01,107158,0
20110407,5.01,5.46,5.01,5.39,469960,0
20110408,5.4,5.6,5.19,5.26,444970,0
20110411,5.26,5.91,5.15,5.72,1430816,0
20110412,5.83,6,5.65,5.77,679012,0
20110413,5.77,6.25,5.77,6.11,1554357,0
20110414,6,6.14,6,6.07,434015,0
20110415,6.14,6.16,6,6.05,495009,0
20110418,6.2,6.2,5.92,5.95,655114,0
20110419,5.98,6.05,5.65,6.03,637263,0
20110420,6.04,6.16,6,6.01,435108,0
20110421,6.06,6.06,5.82,5.89,318259,0
20110425,5.89,5.91,5.62,5.71,373632,0
20110426,5.85,5.9,5.7,5.89,272413,0
20110427,5.92,5.93,5.72,5.8,176847,0
20110428,5.8,5.8,5.61,5.75,258882,0
20110429,5.73,5.77,5.7,5.77,185731,0
20110502,5.77,5.9,5.5,5.56,295881,0
20110503,5.58,5.65,5.32,5.37,314327,0
20110504,5.4,5.69,5.25,5.53,290304,0
20110505,5.55,5.55,5.21,5.32,268509,0
20110506,5.36,5.44,5.2,5.23,197350,0
20110509,5.33,5.59,5.26,5.58,227817,0
20110510,5.58,5.71,5.42,5.48,217435,0
20110511,5.51,5.51,5.34,5.34,134434,0
20110512,5.34,5.44,5.25,5.39,166595,0
20110513,5.36,5.38,5.2,5.21,186119,0
20110516,5.2,5.35,5.07,5.11,217290,0
20110517,5.18,5.5,5.07,5.19,169569,0
20110518,5.24,5.48,5.22,5.47,189586,0
20110519,5.5,5.64,5.44,5.55,184972,0
20110520,5.58,5.58,5.46,5.51,140277,0
20110523,5.45,5.59,5.36,5.57,143628,0
20110524,5.58,5.6,5.43,5.5,207119,0
20110525,5.52,5.77,5.52,5.64,344314,0
20110526,5.68,5.84,5.5,5.72,279431,0
20110527,5.65,5.93,5.63,5.89,296645,0
20110531,5.92,5.94,5.63,5.81,222430,0
20110601,5.77,5.89,5.53,5.57,202223,0
20110602,5.6,5.7,5.42,5.43,185378,0
20110603,5.34,5.52,5.28,5.35,202925,0
20110606,5.34,5.45,5.27,5.29,204515,0
20110607,5.31,5.35,5.25,5.29,283702,0
20110608,5.26,5.39,5.26,5.35,111380,0
20110609,5.36,5.41,5.3,5.35,100583,0
20110610,5.39,5.64,5.35,5.64,183758,0
20110613,5.85,6.01,5.75,5.79,676652,0
20110614,5.89,5.89,5.6,5.8,242920,0
20110615,5.82,5.85,5.69,5.82,259446,0
20110616,5.87,6.2,5.78,5.91,588135,0
20110617,6,6,5.7,5.72,342145,0
20110620,5.76,5.94,5.67,5.87,237681,0
20110621,5.95,6.04,5.86,6.01,236683,0
20110622,5.95,6.4,5.95,6.19,991732,0
20110623,6.12,6.4,6.03,6.38,368720,0
20110624,6.43,6.71,6.37,6.55,1387096,0
20110627,6.55,6.7,6.27,6.35,506856,0
20110628,6.47,6.55,6.36,6.52,480910,0
20110629,6.55,6.55,6.16,6.3,314306,0
20110630,6.3,6.43,6.2,6.4,511190,0
20110701,6.4,6.47,6.25,6.4,245094,0
20110705,6.41,6.77,6.39,6.74,449603,0
20110706,6.81,7,6.75,6.78,601826,0
20110707,6.95,7.13,6.82,7.08,762304,0
20110708,7.02,7.12,6.78,7.06,381506,0
20110711,6.94,7.09,6.92,7.04,287805,0
20110712,7.06,7.45,7.02,7.41,616123,0
20110713,7.31,7.95,7.31,7.87,1495302,0
20110714,7.96,8.04,7.09,7.46,1131598,0
20110715,7.6,8.03,7.52,8.02,937568,0
20110718,8,8,7.6,7.83,513066,0
20110719,7.9,7.93,7.7,7.85,414800,0
20110720,7.87,7.89,7.54,7.57,318791,0
20110721,7.6,7.64,7.4,7.61,403535,0
20110722,7.63,7.64,7.42,7.52,337759,0
20110725,7.43,7.52,7.33,7.39,248636,0
20110726,7.35,7.5,7.18,7.38,431231,0
20110727,7.31,7.34,7.03,7.04,464731,0
20110728,7.03,7.4,5.16,5.4,5111111,0
20110729,3.85,5.2,3.4,4.41,11374832,0
20110801,4.52,4.91,2.81,3.95,6030013,0
20110802,3.93,4.09,3.3,3.37,2283392,0
20110803,3.41,3.92,3.38,3.45,2298268,0
20110804,3.5,3.77,3.41,3.45,1341141,0
20110805,3.45,3.62,3,3.09,1339560,0
20110808,2.95,3.05,2.66,2.73,820821,0
20110809,2.38,2.58,2.02,2.36,2397015,0
20110810,2.42,2.69,2.2,2.5,781873,0
20110811,2.46,2.7,2.41,2.67,583333,0
20110812,2.68,2.93,2.67,2.79,697063,0
20110815,2.83,3.1,2.65,3.07,672855,0
20110816,3.07,3.12,2.83,2.92,411573,0
20110817,2.92,2.99,2.72,2.74,387304,0
20110818,2.5,2.55,2.1,2.29,801576,0
20110819,2.19,2.42,2.19,2.25,676400,0
20110822,2.32,2.37,2.18,2.21,554369,0
20110823,2.2,2.3,2.12,2.29,750164,0
20110824,2.25,2.36,2.21,2.32,426486,0
20110825,2.34,2.36,2.16,2.16,402352,0
20110826,2.11,2.35,2.1,2.27,407153,0
20110829,2.61,3.75,2.58,3.65,3935896,0
20110830,3.84,3.84,3.4,3.6,1539232,0
20110831,3.84,3.94,3.41,3.58,1109655,0
20110901,3.62,3.62,3.22,3.37,654183,0
20110902,3.27,3.36,3.26,3.32,268497,0
20110906,3.17,3.25,3.13,3.17,415539,0
20110907,3.23,3.41,3.22,3.4,278654,0
20110908,3.38,3.53,3.36,3.5,304552,0
20110909,3.4,3.42,3.2,3.2,262713,0
20110912,3.16,3.45,3.16,3.34,261385,0
20110913,3.4,3.73,3.31,3.67,577519,0
20110914,3.75,3.82,3.45,3.47,402530,0
20110915,3.71,3.73,3.54,3.6,371772,0
20110916,3.69,3.71,3.37,3.48,344561,0
20110919,3.41,3.49,3.36,3.41,130572,0
20110920,3.47,3.5,3.3,3.3,184115,0
20110921,3.4,3.42,3.09,3.09,209094,0
20110922,2.97,3.3,2.78,2.87,651762,0
20110923,2.92,3.06,2.9,2.97,246263,0
20110926,3.09,3.09,2.79,2.95,442261,0
20110927,2.98,3.08,2.7,2.79,580509,0
20110928,2.91,3,2.72,2.72,372263,0
20110929,2.82,2.95,2.65,2.83,192675,0
20110930,2.77,2.77,2.63,2.64,244011,0
20111003,2.62,2.62,2.14,2.19,713289,0
20111004,2.17,3.05,2.15,2.95,400430,0
20111005,2.62,2.67,2.44,2.63,295973,0
20111006,2.64,2.75,2.49,2.67,199087,0
20111007,2.88,2.88,2.59,2.62,214863,0
20111010,2.66,2.75,2.5,2.65,268157,0
20111011,2.64,2.79,2.61,2.74,211564,0
20111012,2.78,2.85,2.65,2.69,224736,0
20111013,2.69,2.69,2.56,2.63,81366,0
20111014,2.65,2.9,2.56,2.85,390608,0
20111017,2.88,3.1,2.75,2.8,480451,0
20111018,2.79,2.9,2.6,2.89,205493,0
20111019,2.83,2.99,2.78,2.79,170751,0
20111020,2.8,2.85,2.66,2.76,121065,0
20111021,2.87,2.94,2.72,2.76,222526,0
20111024,2.74,2.91,2.62,2.91,329377,0
20111025,2.85,2.88,2.67,2.68,193451,0
20111026,2.76,2.85,2.69,2.79,124820,0
20111027,2.88,2.98,2.82,2.96,501859,0
20111028,2.96,3.03,2.89,3.01,233289,0
20111031,2.95,3,2.87,2.87,152396,0
20111101,2.78,2.94,2.72,2.78,167003,0
20111102,2.81,2.97,2.81,2.9,160522,0
20111103,2.92,3.17,2.89,3.08,798188,0
20111104,3.08,3.3,2.98,3.1,249874,0
20111107,3.05,3.2,2.99,3.17,209204,0
20111108,3.22,3.22,3.05,3.15,223729,0
20111109,3.07,3.18,3.04,3.04,245763,0
20111110,3.1,3.14,2.95,3.04,233648,0
20111111,3.08,3.08,3.02,3.07,86367,0
20111114,3.07,3.11,2.9,2.95,226749,0
20111115,2.93,2.97,2.8,2.88,299504,0
20111116,2.84,3.03,2.8,2.98,230616,0
20111117,2.96,2.97,2.7,2.71,230010,0
20111118,2.75,2.99,2.7,2.76,181664,0
20111121,2.67,2.72,2.62,2.69,219342,0
20111122,2.67,2.72,2.62,2.67,136771,0
20111123,2.66,2.73,2.64,2.67,133865,0
20111125,2.67,2.69,2.63,2.63,61543,0
20111128,2.76,2.87,2.7,2.87,180459,0
20111129,2.86,2.95,2.75,2.92,238512,0
20111130,3,3.1,2.95,3.05,291811,0
20111201,3.03,3.67,2.98,3.32,644294,0
20111202,3.46,3.55,3.21,3.24,290058,0
20111205,3.31,3.31,3.04,3.07,427878,0
20111206,3.07,3.3,3.07,3.24,171931,0
20111207,3.21,3.24,3.1,3.16,137094,0
20111208,3.16,3.17,3.05,3.05,149063,0
20111209,3.1,3.29,3.06,3.22,276085,0
20111212,3.19,3.3,3.16,3.25,261598,0
20111213,3.25,3.29,2.81,2.89,479490,0
20111214,2.85,2.91,2.78,2.87,212860,0
20111215,2.86,2.91,2.74,2.78,186130,0
20111216,2.83,2.88,2.74,2.8,218754,0
20111219,2.86,2.88,2.65,2.7,147975,0
20111220,2.77,2.96,2.71,2.81,185000,0
20111221,2.81,2.82,2.69,2.79,145126,0
20111222,2.78,2.86,2.74,2.8,124731,0
20111223,2.78,2.88,2.75,2.84,75445,0
20111227,2.81,2.84,2.71,2.73,209512,0
20111228,2.71,2.76,2.61,2.63,159798,0
20111229,2.66,2.77,2.65,2.72,242751,0
20111230,2.66,2.8,2.59,2.79,296574,0
20120103,2.87,3.05,2.77,3.02,322173,0
20120104,3,3.07,2.91,3.01,240340,0
20120105,2.97,3.02,2.81,2.91,158103,0
20120106,2.91,2.99,2.79,2.92,161863,0
20120109,2.95,2.95,2.85,2.9,132896,0
20120110,2.96,2.98,2.86,2.93,95492,0
20120111,2.95,2.95,2.83,2.9,67137,0
20120112,2.95,2.95,2.86,2.89,52953,0
20120113,2.85,3.18,2.82,3.11,320574,0
20120117,3.2,3.27,2.98,3.01,275789,0
20120118,3.1,3.16,3,3.1,211339,0
20120119,3.07,3.09,2.95,3.06,149726,0
20120120,3.07,3.1,3.02,3.09,123173,0
20120123,3.1,3.1,2.97,3.04,214632,0
20120124,3.03,3.22,3.01,3.2,257773,0
20120125,3.18,3.33,3.16,3.2,284609,0
20120126,3.26,3.4,3.26,3.35,345226,0
20120127,3.38,3.63,3.31,3.6,485106,0
20120130,3.55,4.11,3.46,3.97,1061328,0
20120131,4.05,4.46,3.9,4.04,1053579,0
20120201,4.1,4.18,3.9,3.98,594151,0
20120202,3.95,4.1,3.95,4.03,270224,0
20120203,3.9,4.02,3.79,3.9,582786,0
20120206,3.9,4.24,3.88,4.19,427853,0
20120207,4.21,4.28,4.15,4.23,273779,0
20120208,4.21,4.32,4.12,4.24,331642,0
20120209,4.25,4.37,4.25,4.29,483356,0
20120210,4.24,4.35,4.14,4.25,294186,0
20120213,4.29,4.58,4.26,4.55,716926,0
20120214,4.57,4.78,4.45,4.66,392188,0
20120215,4.72,4.74,4.51,4.59,395188,0
20120216,4.58,4.98,4.53,4.86,389812,0
20120217,5,5.17,4.93,4.98,729460,0
20120221,5.14,5.32,4.93,4.99,623925,0
20120222,5.12,5.12,4.82,4.92,335355,0
20120223,4.96,4.96,4.54,4.67,602270,0
20120224,4.76,4.99,4.62,4.66,869540,0
20120227,4.66,4.69,4.42,4.5,542174,0
20120228,4.48,4.5,4.27,4.34,511813,0
20120229,4.34,4.36,4.16,4.2,699118,0
20120301,4.25,4.36,4.16,4.22,434321,0
20120302,4.22,4.22,3.97,4.03,406610,0
20120305,4.03,4.2,3.98,4.15,403219,0
20120306,4.1,4.16,3.9,3.94,356748,0
20120307,4,4.1,3.96,4.08,147223,0
20120308,4.08,4.15,3.99,4.07,107412,0
20120309,4,4.32,3.93,4.27,483235,0
20120312,4.22,4.3,4.02,4.14,161751,0
20120313,4.24,4.43,4.12,4.34,288406,0
20120314,4.32,4.34,4.04,4.08,174725,0
20120315,4.09,4.13,3.9,3.96,248285,0
20120316,3.99,4.11,3.96,4.11,287955,0
20120319,4.11,4.22,4.07,4.1,182379,0
20120320,4.11,4.14,3.98,4.01,164465,0
20120321,4.07,4.16,4.03,4.11,218961,0
20120322,4.08,4.11,3.99,4.02,115986,0
20120323,4.03,4.2,4.02,4.15,203680,0
20120326,4.18,4.28,4.16,4.2,171045,0
20120327,4.21,4.21,4.15,4.16,163527,0
20120328,4.15,4.24,4.11,4.22,304668,0
20120329,4.16,4.31,4.12,4.18,254215,0
20120330,4.25,4.3,4.2,4.22,269343,0
20120402,4.2,4.28,4.2,4.25,183880,0
20120403,4.22,4.32,4.05,4.1,381429,0
20120404,4,4.16,3.9,4.15,304422,0
20120405,4.14,4.29,4.05,4.18,276619,0
20120409,4.11,4.14,3.93,3.98,267843,0
20120410,4.02,4.1,3.91,3.95,411312,0
20120411,4.02,4.04,3.9,3.92,244840,0
20120412,3.93,4.21,3.93,4.2,357035,0
20120413,4.23,4.36,4.16,4.22,567738,0
20120416,4.38,4.4,4.24,4.31,198235,0
20120417,4.36,4.39,4.27,4.36,237190,0
20120418,4.34,4.39,4.34,4.36,101542,0
20120419,4.36,4.45,4.24,4.43,663817,0
20120420,4.55,5.05,4.46,4.92,883869,0
20120423,4.84,5.07,4.76,5,391447,0
20120424,5.03,5.25,5.02,5.16,834961,0
20120425,5.23,5.25,5.04,5.16,372421,0
20120426,5.12,5.22,5.08,5.2,207816,0
20120427,5.27,5.5,5.19,5.47,625545,0
20120430,5.48,5.59,5.25,5.43,567043,0
20120501,5.44,5.45,5.25,5.26,349606,0
20120502,5.25,5.37,5.25,5.29,232607,0
20120503,5.28,5.37,4.49,4.65,515207,0
20120504,4.68,4.72,4.31,4.44,345622,0
20120507,4.41,4.46,4.18,4.25,286609,0
20120508,4.25,4.37,4.01,4.35,259505,0
20120509,4.26,4.33,4.2,4.21,199668,0
20120510,4.26,4.31,4.16,4.2,159499,0
20120511,4.15,4.21,4,4.02,225721,0
20120514,4,4.01,3.93,3.93,220336,0
20120515,3.9,4.35,3.9,4.02,390656,0
20120516,4.02,4.06,3.97,4,271967,0
20120517,4.04,4.07,3.97,3.97,121224,0
20120518,3.98,4.05,3.98,4.01,130474,0
20120521,4.06,4.32,4.05,4.32,225758,0
20120522,4.31,4.32,4.15,4.19,220266,0
20120523,4.15,4.19,4,4.14,250814,0
20120524,4.17,4.2,4.06,4.13,213549,0
20120525,4.12,4.17,3.99,4.02,199275,0
20120529,4.09,4.15,4.04,4.06,105546,0
20120530,4.02,4.06,3.95,4.02,182827,0
20120531,4.01,4.09,3.85,4.03,346474,0
20120601,3.95,4.07,3.9,4.02,247191,0
20120604,4.03,4.07,3.9,4.05,197921,0
20120605,4.04,4.2,3.93,4.14,90548,0
20120606,4.2,4.25,4.07,4.17,200269,0
20120607,4.22,4.37,4.13,4.21,256326,0
20120608,4.19,4.33,4.16,4.23,177457,0
20120611,4.3,4.3,4.13,4.17,247746,0
20120612,4.21,4.34,4.17,4.25,113892,0
20120613,4.25,4.43,4.17,4.17,215839,0
20120614,4.16,4.25,4.15,4.21,84693,0
20120615,4.2,4.46,4.2,4.37,355010,0
20120618,4.32,4.38,4.19,4.22,223053,0
20120619,4.25,4.46,4.2,4.3,416938,0
20120620,4.35,4.67,4.31,4.56,380445,0
20120621,4.54,4.55,4.36,4.48,301665,0
20120622,4.51,4.65,4.51,4.63,474665,0
20120625,4.63,4.63,4.41,4.49,119117,0
20120626,4.48,4.54,4.38,4.52,87006,0
20120627,4.54,4.8,4.54,4.64,141787,0
20120628,4.61,4.7,4.47,4.58,163339,0
20120629,4.71,5.19,4.66,5,529335,0
20120702,4.97,5.02,4.66,4.86,254979,0
20120703,4.85,5.02,4.84,4.99,157371,0
20120705,5.06,5.43,5,5.28,424734,0
20120706,5.23,5.24,5,5.1,237604,0
20120709,5.1,5.23,5.02,5.11,230868,0
20120710,5.14,5.18,4.68,4.76,331840,0
20120711,4.75,4.75,4.35,4.52,337853,0
20120712,4.46,4.57,4.3,4.5,174529,0
20120713,4.55,4.6,4.54,4.6,105349,0
20120716,4.6,4.61,4.33,4.35,229600,0
20120717,4.3,4.32,3.84,4.04,549541,0
20120718,4.04,4.21,4.02,4.07,190824,0
20120719,4.09,4.24,4.08,4.16,291606,0
20120720,4.11,4.15,4,4.03,278606,0
20120723,3.95,3.99,3.84,3.92,288164,0
20120724,3.92,4.1,3.89,3.91,231158,0
20120725,3.93,4.01,3.7,3.75,279219,0
20120726,3.8,3.87,3.71,3.84,181128,0
20120727,3.84,4.12,3.82,3.97,361707,0
20120730,3.96,3.99,3.82,3.85,182988,0
20120731,3.84,4.04,3.83,3.89,303141,0
20120801,3.94,3.94,3.79,3.79,132762,0
20120802,3.8,4.11,3.8,3.95,238038,0
20120803,3.87,4.07,3.87,3.99,135963,0
20120806,3.98,4.08,3.97,4.02,99843,0
20120807,4.04,4.19,4.01,4.1,165854,0
20120808,4.1,4.27,4.08,4.16,177659,0
20120809,4.14,4.39,4.13,4.27,297392,0
20120810,4.32,4.32,4.16,4.25,141607,0
20120813,4.25,4.25,4.05,4.19,175859,0
20120814,4.21,4.28,4.07,4.1,127919,0
20120815,4.06,4.21,4.04,4.2,108320,0
20120816,4.19,4.27,4.16,4.27,136484,0
20120817,4.25,4.44,4.22,4.43,151217,0
20120820,4.5,4.73,4.38,4.67,420998,0
20120821,4.81,4.84,4.43,4.53,205521,0
20120822,4.51,4.53,4.33,4.47,163505,0
20120823,4.44,4.46,4.26,4.26,210411,0
20120824,4.24,4.33,4.15,4.32,73902,0
20120827,4.33,4.51,4.25,4.43,93243,0
20120828,4.45,4.54,4.42,4.54,158664,0
20120829,4.52,4.62,4.42,4.55,87688,0
20120830,4.62,4.62,4.4,4.4,47897,0
20120831,4.4,4.56,4.35,4.52,122854,0
20120904,4.52,4.67,4.46,4.59,92209,0
20120905,4.58,4.69,4.58,4.66,171646,0
20120906,4.72,4.88,4.67,4.75,256298,0
20120907,4.75,4.82,4.7,4.76,131719,0
20120910,4.82,5.1,4.66,4.76,671417,0
20120911,4.81,4.85,4.61,4.69,191552,0
20120912,4.69,4.76,4.51,4.53,409950,0
20120913,4.53,4.85,4.53,4.75,264173,0
20120914,4.78,4.94,4.73,4.92,468607,0
20120917,4.85,4.96,4.78,4.95,197700,0
20120918,4.9,5.1,4.89,4.97,324462,0
20120919,4.94,5.07,4.94,4.99,218363,0
20120920,5,5.03,4.87,4.99,260173,0
20120921,5.07,5.1,4.9,5.1,448242,0
20120924,5.1,5.14,4.99,5.13,353109,0
20120925,5.13,5.3,5.13,5.18,640141,0
20120926,5.12,5.17,5,5.04,571355,0
20120927,5.1,5.26,5.1,5.26,334507,0
20120928,5.21,5.22,5,5.03,481290,0
20121001,5.05,5.1,4.67,4.82,579319,0
20121002,4.83,4.87,4.63,4.66,343941,0
20121003,4.63,4.7,4.28,4.35,526524,0
20121004,4.37,4.52,4.28,4.51,268176,0
20121005,4.55,4.56,4.45,4.49,199303,0
20121008,4.44,4.44,4.28,4.35,160185,0
20121009,4.33,4.41,4.29,4.33,250954,0
20121010,4.33,4.46,4.33,4.36,194956,0
20121011,4.41,4.42,4.33,4.36,127847,0
20121012,4.36,4.38,4.3,4.33,103506,0
20121015,4.31,4.43,4.27,4.29,209855,0
20121016,4.32,4.35,4.28,4.31,105965,0
20121017,4.3,4.3,4.15,4.27,135734,0
20121018,4.24,4.4,4.22,4.3,304763,0
20121019,4.29,4.3,4.15,4.24,120672,0
20121022,4.24,4.47,4.2,4.25,152457,0
20121023,4.21,4.21,4.1,4.13,270205,0
20121024,4.15,4.22,4.11,4.16,76241,0
20121025,4.2,4.29,4.13,4.25,55857,0
20121026,4.25,4.34,4.18,4.22,59101,0
20121031,4.33,4.59,4.28,4.52,386935,0
20121101,4.55,5,4.52,4.63,341230,0
20121102,4.64,4.74,4.43,4.71,165281,0
20121105,4.72,5,4.68,4.94,421407,0
20121106,4.91,5.06,4.9,5.01,487035,0
20121107,4.91,4.93,4.55,4.77,367099,0
20121108,4.7,4.73,4.48,4.49,217528,0
20121109,4.44,4.64,4.4,4.45,172033,0
20121112,4.46,4.5,4.41,4.43,132423,0
20121113,4.39,4.56,4.33,4.5,120830,0
20121114,4.54,4.56,4.42,4.43,225061,0
20121115,4.43,4.46,4.27,4.28,212125,0
20121116,4.27,4.41,4.25,4.36,145000,0
20121119,4.43,4.49,4.31,4.48,117683,0
20121120,4.49,4.6,4.45,4.49,55344,0
20121121,4.52,4.57,4.4,4.56,66175,0
20121123,4.63,4.65,4.58,4.63,51474,0
20121126,4.59,4.62,4.45,4.5,107334,0
20121127,4.44,4.5,4.32,4.41,121567,0
20121128,4.36,4.46,4.27,4.38,161386,0
20121129,4.42,4.52,4.35,4.52,69847,0
20121130,4.56,4.58,4.42,4.54,125181,0
20121203,4.55,4.6,4.52,4.57,83449,0
20121204,4.57,4.63,4.45,4.49,146473,0
20121205,4.47,4.61,4.38,4.45,190341,0
20121206,4.45,4.45,4.25,4.33,197406,0
20121207,4.27,4.37,4.27,4.29,101029,0
20121210,4.26,4.29,3.85,4.03,589396,0
20121211,4.04,4.14,3.97,4.07,160756,0
20121212,4.07,4.1,4.01,4.04,183771,0
20121213,4.04,4.05,3.91,4.01,319408,0
20121214,3.96,4.09,3.95,4.01,150840,0
20121217,4.06,4.09,3.94,4.03,175287,0
20121218,4.11,4.13,4,4.1,215264,0
20121219,4.09,4.12,4,4.02,158003,0
20121220,4.09,4.09,3.95,3.97,194046,0
20121221,3.99,4.11,3.95,4.11,338088,0
20121224,4.07,4.15,4,4.05,30563,0
20121226,4.05,4.12,3.94,3.97,151649,0
20121227,3.99,4.03,3.91,3.92,213884,0
20121228,3.92,3.96,3.86,3.88,171062,0
20121231,3.86,4.02,3.82,3.96,407722,0
20130102,4.17,4.17,3.94,3.99,305653,0
20130103,4.07,4.07,3.79,3.82,198233,0
20130104,3.83,3.98,3.78,3.83,197070,0
20130107,3.82,3.85,3.74,3.77,108528,0
20130108,3.74,3.8,3.7,3.75,66088,0
20130109,3.75,3.76,3.55,3.57,312286,0
20130110,3.64,3.74,3.58,3.62,215620,0
20130111,3.65,3.65,3.53,3.59,232959,0
20130114,3.59,3.68,3.38,3.38,678588,0
20130115,3.34,3.5,3.34,3.49,274929,0
20130116,3.45,3.64,3.42,3.54,189339,0
20130117,3.56,3.8,3.45,3.48,391094,0
20130118,3.5,3.63,3.45,3.5,342969,0
20130122,3.53,3.56,3.45,3.51,177830,0
20130123,3.51,3.58,3.47,3.49,105519,0
20130124,3.5,3.57,3.43,3.52,148894,0
20130125,3.5,3.56,3.4,3.45,160479,0
20130128,3.49,3.68,3.48,3.67,256875,0
20130129,3.65,3.73,3.61,3.66,212183,0
20130130,3.8,4.14,3.8,3.93,517589,0
20130131,3.93,4.09,3.86,4.03,262348,0
20130201,4.09,4.1,3.96,4,343303,0
20130204,3.97,4,3.76,3.87,209041,0
20130205,3.88,3.94,3.84,3.86,135415,0
20130206,3.8,3.88,3.79,3.87,98963,0
20130207,3.85,3.9,3.81,3.88,103016,0
20130208,3.87,3.98,3.81,3.98,207290,0
20130211,3.98,4,3.86,3.98,124809,0
20130212,3.96,4.08,3.87,3.95,345641,0
20130213,3.93,4,3.87,3.98,148733,0
20130214,3.96,4,3.92,3.97,54756,0
20130215,4,4,3.8,3.85,229874,0
20130219,3.99,3.99,3.79,3.86,119669,0
20130220,3.87,3.9,3.71,3.71,173693,0
20130221,3.71,3.9,3.62,3.81,277822,0
20130222,3.86,3.97,3.79,3.96,109981,0
20130225,4,4.36,3.99,4.13,627062,0
20130226,4.15,4.27,4.09,4.23,390461,0
20130227,4.25,4.25,3.94,4,416560,0
20130228,3.97,4.03,3.82,3.92,247666,0
20130301,3.88,3.98,3.82,3.97,118156,0
20130304,3.97,4.15,3.9,3.94,195085,0
20130305,3.98,4.06,3.89,3.91,139168,0
20130306,3.9,3.98,3.9,3.95,97034,0
20130307,3.94,3.96,3.88,3.93,83539,0
20130308,3.99,4,3.9,3.93,69709,0
20130311,3.87,3.96,3.84,3.95,95141,0
20130312,3.65,3.82,3.65,3.75,397599,0
20130313,3.69,3.75,3.56,3.65,207700,0
20130314,3.65,3.77,3.6,3.77,239978,0
20130315,3.75,3.77,3.6,3.65,197474,0
20130318,3.61,3.71,3.61,3.69,129961,0
20130319,3.68,3.73,3.6,3.69,144620,0
20130320,3.75,3.84,3.68,3.81,175780,0
20130321,3.74,3.76,3.71,3.74,123136,0
20130322,3.74,3.8,3.7,3.78,270335,0
20130325,3.76,3.79,3.68,3.79,99656,0
20130326,3.76,3.85,3.63,3.68,210236,0
20130327,3.78,3.78,3.66,3.72,63305,0
20130328,3.76,3.76,3.61,3.71,79783,0
20130401,3.71,3.71,3.57,3.65,206103,0
20130402,3.67,3.69,3.62,3.64,126775,0
20130403,3.66,3.67,3.57,3.57,97168,0
20130404,3.6,3.6,3.55,3.56,74468,0
20130405,3.51,3.63,3.51,3.6,146459,0
20130408,3.59,3.62,3.51,3.51,123934,0
20130409,3.57,3.67,3.53,3.58,296520,0
20130410,3.57,4.07,3.57,3.83,650553,0
20130411,3.85,3.92,3.66,3.84,281538,0
20130412,3.84,3.89,3.75,3.85,82904,0
20130415,3.82,3.82,3.56,3.6,187823,0
20130416,3.66,3.71,3.56,3.64,113620,0
20130417,3.6,3.65,3.52,3.55,191795,0
20130418,3.56,3.63,3.5,3.5,147763,0
20130419,3.53,3.62,3.5,3.6,72939,0
20130422,3.64,3.66,3.54,3.62,61622,0
20130423,3.64,3.91,3.6,3.74,122823,0
20130424,3.75,3.84,3.68,3.75,85360,0
20130425,3.72,3.9,3.72,3.82,133620,0
20130426,3.8,3.86,3.73,3.78,69987,0
20130429,3.8,3.9,3.68,3.73,103972,0
20130430,3.7,3.86,3.69,3.8,98033,0
20130501,3.77,3.82,3.66,3.66,192359,0
20130502,3.68,3.79,3.68,3.72,54307,0
20130503,3.79,3.85,3.74,3.76,106320,0
20130506,3.77,3.85,3.73,3.83,114285,0
20130507,3.81,3.88,3.8,3.82,59214,0
20130508,3.81,3.88,3.79,3.8,118527,0
20130509,3.83,3.87,3.82,3.84,64635,0
20130510,3.85,3.99,3.81,3.91,181435,0
20130513,3.9,4,3.9,3.99,140057,0
20130514,3.97,4.01,3.93,4.01,96401,0
20130515,3.97,4.05,3.97,4.01,77349,0
20130516,4,4.03,3.9,3.95,60038,0
20130517,3.95,4.16,3.95,4.11,235734,0
20130520,4.15,4.4,4.11,4.35,378526,0
20130521,4.35,4.39,4.1,4.19,171319,0
20130522,4.23,4.26,4.05,4.08,119268,0
20130523,4.04,4.09,3.97,4.02,89027,0
20130524,3.96,4.05,3.92,4.04,88920,0
20130528,4.06,4.17,4,4.11,102124,0
20130529,4.05,4.16,3.92,3.96,114639,0
20130530,3.93,4.05,3.92,4.05,68837,0
20130531,4,4.07,3.97,4.03,89261,0
20130603,4.04,4.09,3.97,4.05,158747,0
20130604,4.04,4.04,3.85,3.94,193516,0
20130605,3.95,3.97,3.88,3.89,183337,0
20130606,3.96,4.02,3.91,3.96,123174,0
20130607,3.97,4.07,3.86,3.93,230972,0
20130610,3.97,4.07,3.89,4,101074,0
20130611,3.93,4.01,3.88,3.9,62303,0
20130612,3.95,4.02,3.92,3.98,134413,0
20130613,3.99,4.13,3.94,4.1,126949,0
20130614,4.11,4.25,4.06,4.11,253017,0
20130617,4.14,4.2,4.1,4.19,123228,0
20130618,4.21,4.25,4.16,4.23,142286,0
20130619,4.22,4.3,4.15,4.17,150261,0
20130620,4.04,4.14,3.95,3.98,202986,0
20130621,3.99,4.36,3.93,4.09,259279,0
20130624,4.17,4.43,4.17,4.39,398285,0
20130625,4.42,4.5,4.12,4.19,228025,0
20130626,4.2,4.22,4.02,4.19,193207,0
20130627,4.28,4.3,4.05,4.08,140423,0
20130628,4.1,4.1,4,4,231902,0
20130701,4.05,4.06,4,4.01,69955,0
20130702,4.01,4.08,3.92,3.92,164038,0
20130703,4.09,4.09,3.92,4.03,75924,0
20130705,4.09,4.12,3.92,4.02,136726,0
20130708,4.03,4.08,3.93,4.08,148624,0
20130709,4.09,4.2,4.03,4.2,175951,0
20130710,4.17,4.21,4.1,4.19,107529,0
20130711,4.25,4.27,4.08,4.1,80686,0
20130712,4.06,4.1,4.05,4.06,82616,0
20130715,4.12,4.15,4,4.03,196149,0
20130716,3.9,4.13,3.85,4.09,271304,0
20130717,4.1,4.37,4.1,4.34,503920,0
20130718,4.33,4.47,4.17,4.38,358698,0
20130719,4.37,4.46,4.3,4.42,249005,0
20130722,4.46,4.5,4.4,4.46,308703,0
20130723,4.44,4.87,4.44,4.85,583980,0
20130724,4.85,4.97,4.81,4.92,564328,0
20130725,4.98,5.28,4.9,5.28,1150353,0
20130726,5.28,5.5,5.06,5.15,812100,0
20130729,5.24,5.28,5.09,5.21,321448,0
20130730,5.21,5.24,5.06,5.1,485252,0
20130731,5.08,5.18,4.85,4.99,471435,0
20130801,5,5.06,4.88,4.95,292918,0
20130802,4.99,4.99,4.88,4.91,284080,0
20130805,5.26,5.39,4.96,5.23,642073,0
20130806,5.2,5.25,5.11,5.23,245503,0
20130807,5.24,5.24,5.13,5.19,207087,0
20130808,5.35,5.35,5.13,5.2,357229,0
20130809,5.16,5.23,5.11,5.12,223507,0
20130812,5.1,5.27,5.03,5.25,258968,0
20130813,5.26,5.41,5.11,5.25,461610,0
20130814,5.25,5.38,5.19,5.38,272754,0
20130815,5.31,5.37,5.21,5.24,398806,0
20130816,5.19,5.28,5.14,5.21,336243,0
20130819,5.25,5.34,5.21,5.27,320462,0
20130820,5.29,5.75,5.28,5.63,907666,0
20130821,5.6,5.68,5.51,5.53,302780,0
20130822,5.53,5.8,5.53,5.76,466577,0
20130823,5.74,5.82,5.61,5.77,326395,0
20130826,5.83,5.92,5.74,5.82,402561,0
20130827,5.75,5.79,5.65,5.69,415333,0
20130828,5.69,5.92,5.66,5.82,304825,0
20130829,5.85,5.89,5.64,5.75,252556,0
20130830,5.77,6.29,5.74,6.26,977699,0
20130903,6.36,6.9,6.3,6.86,1695481,0
20130904,6.86,6.97,6.69,6.95,941537,0
20130905,7,7.29,6.87,7.22,964422,0
20130906,7.22,7.38,7.04,7.07,547780,0
20130909,7.15,7.19,6.84,6.9,656151,0
20130910,6.92,7.07,6.71,7.06,713045,0
20130911,7.04,7.15,6.89,6.91,329568,0
20130912,6.9,7.03,6.84,6.91,313990,0
20130913,6.97,6.99,6.72,6.85,492492,0
20130916,6.82,6.85,6.1,6.3,1341519,0
20130917,6.32,6.78,6.3,6.76,726661,0
20130918,6.78,6.89,6.42,6.63,567113,0
20130919,6.61,6.79,6.57,6.65,262754,0
20130920,6.69,6.77,6.6,6.66,393925,0
20130923,6.62,7.07,6.62,6.95,446190,0
20130924,6.99,7.24,6.75,7.02,780006,0
20130925,7,7.13,6.93,7.11,365421,0
20130926,7.04,7.21,6.95,7.16,195323,0
20130927,7.3,7.3,7.1,7.21,428358,0
20130930,7.11,7.28,7.06,7.26,389378,0
20131001,7.25,7.48,7.25,7.39,614134,0
20131002,7.38,7.98,7.32,7.86,1101195,0
20131003,7.88,8.07,7.77,8,1237782,0
20131004,8.03,8.44,7.97,8.39,981686,0
20131007,8.28,8.3,7.91,8.12,853211,0
20131008,8.19,8.23,7.78,7.86,571979,0
20131009,7.86,7.96,7.55,7.78,581199,0
20131010,7.87,8.11,7.75,7.87,665397,0
20131011,7.86,8.1,7.85,7.92,408022,0
20131014,7.91,8.07,7.83,7.98,321382,0
20131015,7.97,8.02,7.76,7.89,342356,0
20131016,7.96,8.25,7.84,8.16,415878,0
20131017,8.19,8.22,8,8.09,396958,0
20131018,8.18,8.35,8.03,8.24,405887,0
20131021,8.25,8.37,8.17,8.19,364054,0
20131022,8.27,8.32,7.93,8.2,415243,0
20131023,8.14,8.23,7.9,8.22,370121,0
20131024,8.22,8.26,7.95,8.08,416984,0
20131025,8.11,8.15,7.65,7.89,447486,0
20131028,7.85,7.86,6.64,6.91,1372871,0
20131029,7.37,7.39,7.04,7.14,727647,0
20131030,7.11,7.16,6.55,6.62,617670,0
20131031,6.6,6.96,6.25,6.76,986600,0
20131101,6.64,6.77,6.34,6.41,562739,0
20131104,6.4,6.59,6.26,6.43,455856,0
20131105,6.43,6.46,5.89,6.02,602629,0
20131106,6.02,6.26,5.84,5.85,784424,0
20131107,5.89,5.97,5.46,5.69,1072438,0
20131108,5.69,6.33,5.69,5.91,733062,0
20131111,5.95,6.38,5.87,6.2,714213,0
20131112,6.1,6.27,6.01,6.11,625717,0
20131113,6.07,6.28,6.04,6.18,319416,0
20131114,6.19,6.28,6.1,6.18,247094,0
20131115,6.16,6.23,6.05,6.18,256734,0
20131118,6.19,6.25,6.05,6.13,383385,0
20131119,6.06,6.16,5.99,6,523499,0
20131120,6,6.12,5.96,6.08,487927,0
20131121,6.1,6.95,6.1,6.47,1165816,0
20131122,6.48,7.24,6.48,7.08,880032,0
20131125,7.26,7.78,7.21,7.55,1316204,0
20131126,7.55,7.79,7.55,7.72,748623,0
20131127,7.69,8.39,7.66,8.03,1218040,0
20131129,8.08,8.39,8.08,8.34,515161,0
20131202,8.33,8.34,7.87,8.2,857224,0
20131203,8.14,8.55,8.05,8.44,1167206,0
20131204,8.35,8.45,8.17,8.42,669352,0
20131205,8.39,8.4,8.01,8.03,744498,0
20131206,8,8.22,7.63,7.7,636296,0
20131209,7.69,7.92,7.58,7.64,361273,0
20131210,7.63,7.93,7.55,7.61,339997,0
20131211,7.5,8.09,7.18,8.06,1019201,0
20131212,8.42,8.61,8.1,8.54,1845951,0
20131213,8.57,8.89,8.38,8.83,1173444,0
20131216,8.95,8.97,8.52,8.6,1082735,0
20131217,8.58,8.69,8.19,8.21,1552953,0
20131218,7.65,8.04,7,7.65,2384349,0
20131219,7.68,7.85,7.04,7.07,1729588,0
20131220,7.07,7.85,7.01,7.6,3144999,0
20131223,7.23,7.6,7.13,7.29,2199438,0
20131224,7.16,7.48,6.76,7.25,1600772,0
20131226,7.25,7.43,6.88,6.88,1021458,0
20131227,6.8,7.19,6.78,7.15,1103988,0
20131230,7.12,7.23,6.89,6.93,898227,0
20131231,6.89,7.19,6.88,7.04,698157,0
20140102,6.97,7.12,6.7,6.77,718886,0
20140103,6.77,6.92,6.66,6.74,391786,0
20140106,6.75,6.97,6.66,6.67,685726,0
20140107,6.74,7.03,6.62,6.94,656753,0
20140108,6.92,7.09,6.84,6.92,421175,0
20140109,6.91,6.95,6.76,6.82,453178,0
20140110,6.78,7.09,6.73,7.02,503859,0
20140113,7.03,7.15,6.76,6.8,483548,0
20140114,6.8,7.48,6.7,7.36,778014,0
20140115,7.44,7.53,7.23,7.34,399670,0
20140116,7.34,7.88,7.25,7.57,753437,0
20140117,7.6,7.64,7.4,7.47,240153,0
20140121,7.5,7.69,7.33,7.65,530431,0
20140122,7.67,7.93,7.61,7.87,497689,0
20140123,7.85,8.06,7.76,7.82,502797,0
20140124,7.83,7.86,7.62,7.67,395148,0
20140127,7.67,7.94,7.53,7.88,537540,0
20140128,7.86,8.11,7.84,7.94,554498,0
20140129,7.95,7.96,7.51,7.7,474095,0
20140130,7.74,7.8,7.59,7.67,291824,0
20140131,7.59,7.98,7.22,7.89,705811,0
20140203,7.85,7.99,7.42,7.44,339304,0
20140204,7.43,7.52,7.12,7.21,606535,0
20140205,7.54,7.9,7.14,7.16,1121188,0
20140206,7.16,7.24,6.88,6.9,437103,0
20140207,6.91,7.36,6.76,7.27,588190,0
20140210,7.24,7.38,7.02,7.2,385275,0
20140211,7.2,7.39,7.17,7.31,304633,0
20140212,7.31,7.4,7.18,7.24,432947,0
20140213,7.2,7.39,7.13,7.18,352032,0
20140214,7.2,7.22,7,7.03,373274,0
20140218,7.05,7.33,7.05,7.2,419226,0
20140219,7.15,7.22,6.99,7.07,395400,0
20140220,7.1,7.4,7.1,7.4,608976,0
20140221,7.43,7.43,7.07,7.12,558371,0
20140224,7.09,7.22,6.76,6.88,740298,0
20140225,6.86,6.97,6.43,6.47,537402,0
20140226,6.44,6.55,6.33,6.49,380531,0
20140227,6.5,7.07,6.49,6.89,558545,0
20140228,6.91,7.07,6.82,6.94,296282,0
20140303,6.93,7.02,6.65,6.68,253012,0
20140304,6.74,7.02,6.74,6.99,325356,0
20140305,7,7.03,6.77,6.82,227044,0
20140306,6.83,7.1,6.82,6.94,354845,0
20140307,6.97,7.11,6.88,6.99,290288,0
20140310,6.99,7.06,6.86,6.95,329924,0
20140311,6.98,7.05,6.77,6.79,282521,0
20140312,6.78,7,6.52,6.67,484868,0
20140313,6.56,6.92,6.46,6.5,609165,0
20140314,6.47,6.58,5.96,6.21,607761,0
20140317,6.28,6.28,5.66,5.69,1091381,0
20140318,5.68,5.99,5.52,5.89,1001952,0
20140319,5.89,5.9,5.59,5.61,779159,0
20140320,5.58,5.64,5.51,5.61,652614,0
20140321,5.65,5.65,5.08,5.2,1489094,0
20140324,5.21,6.12,5.2,5.78,1376230,0
20140325,5.83,6.04,5.67,5.75,711137,0
20140326,5.79,5.86,5.62,5.62,312700,0
20140327,5.6,5.72,5.5,5.64,318829,0
20140328,5.7,5.79,5.59,5.67,254946,0
20140331,5.83,6.09,5.78,5.88,686909,0
20140401,5.9,6.04,5.69,5.83,363020,0
20140402,5.83,5.88,5.57,5.73,433712,0
20140403,5.79,5.84,5.65,5.66,264760,0
20140404,5.7,5.78,5.27,5.34,726816,0
20140407,5.3,5.36,4.86,5.08,992429,0
20140408,5.07,5.29,4.99,5.21,567338,0
20140409,5.24,5.45,5.09,5.45,384194,0
20140410,5.43,5.47,5.24,5.37,471466,0
20140411,5.3,5.44,5.23,5.25,365417,0
20140414,5.33,5.4,5.24,5.29,242103,0
20140415,5.29,5.35,4.96,5.15,499517,0
20140416,5.21,5.47,5.16,5.44,468148,0
20140417,5.43,5.47,5.23,5.29,363754,0
20140421,5.39,5.52,5.39,5.41,517448,0
20140422,5.4,5.44,5.32,5.4,471852,0
20140423,5.38,5.43,5.34,5.35,245310,0
20140424,5.38,5.75,5.32,5.63,465656,0
20140425,5.64,5.64,5.27,5.34,271941,0
20140428,5.36,5.37,5.08,5.16,429426,0
20140429,5.22,5.26,4.79,4.79,796553,0
20140430,4.76,4.91,4.43,4.82,1188358,0
20140501,4.84,4.84,4.58,4.62,528887,0
20140502,4.62,4.74,4.56,4.57,423387,0
20140505,4.55,4.63,4.43,4.61,415072,0
20140506,4.59,4.69,4.5,4.5,277352,0
20140507,4.5,4.59,4.4,4.53,186644,0
20140508,4.48,4.56,4.4,4.47,520029,0
20140509,4.45,4.57,4.43,4.53,273583,0
20140512,4.58,4.76,4.55,4.75,267079,0
20140513,4.76,4.97,4.7,4.71,472581,0
20140514,4.71,4.87,4.69,4.74,279806,0
20140515,4.93,5.23,4.85,5.03,822211,0
20140516,5.1,5.22,4.92,4.99,516529,0
20140519,4.99,5.19,4.93,5.12,434711,0
20140520,5.07,5.12,4.91,4.99,296951,0
20140521,4.98,5.11,4.98,5.07,222848,0
20140522,5.04,5.23,5.04,5.08,245321,0
20140523,5.1,5.15,4.95,5.03,255955,0
20140527,5.06,5.28,5,5.23,268496,0
20140528,5.18,5.28,5.1,5.25,272067,0
20140529,5.28,5.44,5.1,5.43,372234,0
20140530,5.45,5.5,5.24,5.44,341349,0
20140602,5.46,5.47,5.18,5.19,383374,0
20140603,5.21,5.38,5.05,5.15,423197,0
20140604,5.15,5.15,4.9,4.96,363734,0
20140605,4.96,5.17,4.95,5.06,204440,0
20140606,5.12,5.27,5.1,5.22,154801,0
20140609,5.2,5.29,5.08,5.19,193962,0
20140610,5.17,5.17,4.97,5.06,234000,0
20140611,5.09,5.22,5.05,5.17,181020,0
20140612,5.13,5.24,5.03,5.06,212990,0
20140613,5.09,5.15,4.94,5.11,410550,0
20140616,5.09,5.13,4.99,5.07,262198,0
20140617,5.06,5.23,5.05,5.11,274399,0
20140618,5.1,5.24,5.04,5.08,206268,0
20140619,5.08,5.15,5.03,5.08,163377,0
20140620,5.13,5.28,5.08,5.25,273873,0
20140623,5.3,5.74,5.3,5.51,745306,0
20140624,5.56,5.75,5.52,5.64,700124,0
20140625,5.54,5.72,5.49,5.52,310356,0
20140626,5.6,5.6,5.42,5.43,246600,0
20140627,5.4,5.5,5.36,5.47,383877,0
20140630,5.82,6.43,5.75,6.4,2929168,0
20140701,6.45,6.6,6.16,6.24,929105,0
20140702,6.26,6.35,6.06,6.21,385900,0
20140703,6.19,6.47,6.11,6.4,504535,0
20140707,6.41,6.44,6.03,6.07,406033,0
20140708,6.08,6.12,5.81,5.93,339892,0
20140709,5.93,6.04,5.75,5.81,270103,0
20140710,5.7,5.78,5.6,5.68,339031,0
20140711,5.68,5.7,5.54,5.61,259359,0
20140714,5.65,5.81,5.55,5.79,346340,0
20140715,5.8,5.8,5.28,5.4,833587,0
20140716,5.29,5.36,4.75,4.95,1473657,0
20140717,4.85,5,4.71,4.72,827290,0
20140718,4.7,4.9,4.66,4.87,479729,0
20140721,4.85,4.85,4.71,4.78,296629,0
20140722,4.8,4.9,4.72,4.86,321840,0
20140723,4.9,5.25,4.85,5.24,500447,0
20140724,5.24,5.93,5.24,5.42,590553,0
20140725,5.37,5.39,5.16,5.17,275382,0
20140728,5.2,5.22,4.97,4.99,434286,0
20140729,4.95,5.05,4.89,5.01,265226,0
20140730,5.04,5.07,4.93,5,301731,0
20140731,4.94,5.03,4.86,4.89,315632,0
20140801,4.89,4.9,4.62,4.69,703832,0
20140804,4.8,4.98,4.71,4.96,255435,0
20140805,4.92,4.97,4.7,4.74,221904,0
20140806,4.71,4.94,4.7,4.77,140963,0
20140807,4.79,4.83,4.7,4.74,148690,0
20140808,4.74,5.01,4.74,4.92,284587,0
20140811,4.93,5.16,4.93,5.1,321021,0
20140812,5.07,5.13,4.77,4.85,572509,0
20140813,4.89,5,4.84,4.92,210238,0
20140814,4.95,4.99,4.74,4.75,212538,0
20140815,4.83,4.87,4.69,4.78,284188,0
20140818,4.85,4.89,4.76,4.8,226586,0
20140819,4.82,4.88,4.8,4.86,98117,0
20140820,4.86,5.11,4.81,5.05,493066,0
20140821,5.14,5.15,4.86,4.96,352514,0
20140822,4.89,4.94,4.8,4.89,169039,0
20140825,4.91,4.99,4.81,4.9,158239,0
20140826,5.02,5.35,4.93,5.26,668889,0
20140827,5.21,5.29,5.07,5.16,248113,0
20140828,5.14,5.14,5,5.04,145147,0
20140829,5.05,5.2,5,5.18,132847,0
20140902,5.18,5.18,4.84,4.86,462287,0
20140903,4.89,4.92,4.64,4.64,549803,0
20140904,4.65,4.87,4.56,4.65,315769,0
20140905,4.65,4.76,4.62,4.68,121347,0
20140908,4.67,4.72,4.6,4.64,124857,0
20140909,4.6,4.63,4.49,4.5,279835,0
20140910,4.53,4.53,4.31,4.36,472099,0
20140911,4.31,4.57,4.23,4.56,402932,0
20140912,4.6,4.61,4.27,4.35,350471,0
20140915,4.94,5.13,4.68,4.9,1356489,0
20140916,5,5.11,4.92,5.01,936192,0
20140917,5.05,5.13,4.93,4.95,586308,0
20140918,5.09,5.1,4.85,4.96,635407,0
20140919,5.05,5.06,4.62,4.86,1334263,0
20140922,4.85,4.87,4.59,4.63,522464,0
20140923,4.62,4.76,4.6,4.66,441700,0
20140924,4.66,4.67,4.33,4.59,494853,0
20140925,4.56,4.61,4.43,4.45,454745,0
20140926,4.45,4.57,4.42,4.56,295823,0
20140929,4.54,4.74,4.5,4.72,317441,0
20140930,4.69,4.72,4.37,4.4,585765,0
20141001,4.42,4.57,4.28,4.39,613282,0
20141002,4.42,4.48,4.23,4.41,452086,0
20141003,4.48,4.48,4.27,4.3,204502,0
20141006,4.34,4.34,4.13,4.25,477876,0
20141007,4.18,4.26,4.05,4.05,447001,0
20141008,4.07,4.07,3.72,4.02,843875,0
20141009,3.99,4.01,3.74,3.77,586384,0
20141010,3.79,4.04,3.69,3.79,529921,0
20141013,3.84,3.87,3.52,3.58,651777,0
20141014,3.61,3.63,3.08,3.12,1363970,0
20141015,3.07,3.5,3.03,3.45,998267,0
20141016,3.31,3.74,3.29,3.7,727226,0
20141017,3.74,3.89,3.52,3.58,325345,0
20141020,3.6,3.75,3.56,3.74,277148,0
20141021,3.79,3.98,3.78,3.94,280964,0
20141022,3.95,4.04,3.63,3.65,256605,0
20141023,3.73,3.9,3.61,3.81,181615,0
20141024,3.8,3.83,3.65,3.74,147817,0
20141027,3.64,3.71,3.51,3.63,202204,0
20141028,3.63,3.65,3.37,3.4,431616,0
20141029,3.42,3.5,3.27,3.47,493093,0
20141030,3.43,3.52,3.32,3.49,216743,0
20141031,3.54,3.54,3.33,3.48,370010,0
20141103,3.49,3.69,3.46,3.5,263586,0
20141104,3.44,3.46,3.14,3.15,545976,0
20141105,3.2,3.41,3.14,3.35,274318,0
20141106,3.35,3.47,3.26,3.47,171369,0
20141107,3.4,3.57,3.28,3.42,488132,0
20141110,3.46,3.59,3.33,3.49,373198,0
20141111,3.43,3.5,3.31,3.49,229267,0
20141112,3.45,3.53,3.42,3.45,211449,0
20141113,3.43,3.45,3.23,3.34,421506,0
20141114,3.33,3.37,3.22,3.28,194945,0
20141117,3.28,3.29,3.09,3.11,317640,0
20141118,3.1,3.18,3.03,3.09,480687,0
20141119,3.09,3.14,2.97,3.09,514536,0
20141120,3.09,3.23,3.07,3.18,285966,0
20141121,3.24,3.29,3.08,3.13,314758,0
20141124,3.13,3.27,3.12,3.24,312832,0
20141125,3.25,3.36,3.14,3.16,341776,0
20141126,3.13,3.14,2.92,3.02,483611,0
20141128,2.53,2.62,2.28,2.32,582350,0
20141201,2.48,2.48,1.46,1.59,5466340,0
20141202,1.67,1.9,1.61,1.62,2376538,0
20141203,1.78,1.89,1.69,1.8,1233100,0
20141204,1.79,1.79,1.65,1.67,728126,0
20141205,1.69,1.74,1.57,1.63,880599,0
20141208,1.46,1.57,1.16,1.22,2607054,0
20141209,1.28,1.35,1.2,1.35,2406686,0
20141210,1.03,1.54,0.99,1.16,2534392,0
20141211,1.28,1.45,1.22,1.24,1334701,0
20141212,1.46,1.61,1.21,1.24,1819704,0
20141215,1.27,1.39,1.24,1.24,700250,0
20141216,1.25,1.43,1.2,1.25,1226222,0
20141217,1.25,1.44,1.25,1.35,1194182,0
20141218,1.5,1.5,1.27,1.33,674001,0
20141219,1.39,1.4,1.33,1.35,721088,0
20141222,1.36,1.36,1.23,1.25,723886,0
20141223,1.3,1.34,1.27,1.3,807116,0
20141224,1.33,1.33,1.2,1.23,277284,0
20141226,1.26,1.3,1.2,1.22,640162,0
20141229,1.24,1.29,1.23,1.25,314860,0
20141230,1.25,1.28,1.18,1.21,572897,0
20141231,1.18,1.26,1.16,1.25,935695,0
20150102,1.27,1.27,1.21,1.23,195956,0
20150105,1.25,1.25,1.1,1.1,530698,0
20150106,1.1,1.12,1.05,1.06,484901,0
20150107,1.1,1.12,1.01,1.03,561895,0
20150108,1.06,1.1,1.02,1.04,495737,0
20150109,1.05,1.07,1.02,1.05,312316,0
20150112,1.06,1.06,1.01,1.02,384484,0
20150113,1.05,1.08,1,1.02,548998,0
20150114,1.04,1.06,0.94,1,723127,0
20150115,1.03,1.07,0.96,0.97,318841,0
20150116,0.97,1.02,0.97,1,351550,0
