Date,Open,High,Low,Close,Volume,OpenInt
20140519,24.36,24.63,24.36,24.48,29489,0
20140520,24.67,24.67,24.54,24.6,12351,0
20140521,24.58,24.65,24.5,24.64,10908,0
20140522,24.65,24.7,24.57,24.7,11610,0
20140523,24.7,24.85,24.68,24.72,67169,0
20140527,24.84,24.84,24.75,24.78,4539,0
20140528,24.52,24.52,24.3,24.32,11517,0
20140529,24.37,24.44,24.3,24.44,14226,0
20140530,24.4,24.44,24.33,24.44,9388,0
20140602,24.32,24.43,24.16,24.39,5631,0
20140603,24.16,24.37,24.16,24.3,2193,0
20140604,24.29,24.38,24.16,24.38,19347,0
20140605,24.39,24.42,24.15,24.33,7816,0
20140606,24.42,24.42,24.32,24.4,5679,0
20140609,24.31,24.39,24.28,24.39,5590,0
20140610,24.25,24.35,24.25,24.34,1500,0
20140611,24.34,24.35,24.25,24.3,8158,0
20140612,24.39,24.42,24.34,24.4,4331,0
20140613,24.42,24.44,24.38,24.4,2455,0
20140616,24.42,24.42,24.26,24.41,13281,0
20140617,24.43,24.44,24.27,24.36,11203,0
20140618,24.35,24.45,24.35,24.36,9989,0
20140619,24.35,24.4,24.35,24.4,4393,0
20140620,24.4,24.48,24.39,24.47,7482,0
20140623,24.44,24.47,24.35,24.4,6189,0
20140624,24.46,24.48,24.36,24.44,5184,0
20140625,24.39,24.48,24.39,24.47,703,0
20140626,24.48,24.8,24.39,24.39,12502,0
20140627,24.48,24.7,24.48,24.65,1440,0
20140630,24.48,24.65,24.47,24.62,1805,0
20140701,24.65,24.65,24.43,24.45,6604,0
20140702,24.58,24.58,24.38,24.54,5300,0
20140703,24.4,24.4,24.38,24.38,4801,0
20140707,24.35,24.6,24.26,24.6,15231,0
20140708,24.52,24.6,24.34,24.6,12570,0
20140709,24.43,24.53,24.43,24.5,350287,0
20140710,24.62,24.62,24.41,24.5,95548,0
20140711,24.49,24.65,24.45,24.5,11810,0
20140714,24.46,24.54,24.32,24.32,5764,0
20140715,24.41,24.41,24.28,24.41,3258,0
20140716,24.41,24.41,24.38,24.38,1912,0
20140717,24.34,24.39,24.28,24.34,3393,0
20140718,24.27,24.52,24.25,24.26,4805,0
20140721,24.51,24.54,24.15,24.31,3983,0
20140722,24.45,24.5,24.34,24.5,4978,0
20140723,24.48,24.48,24.44,24.48,2047,0
20140724,24.28,24.41,24.15,24.4,7460,0
20140725,24.47,24.48,24.35,24.36,2656,0
20140728,24.42,24.49,24.17,24.2,5240,0
20140729,24.3,24.48,24.19,24.44,7747,0
20140730,24.21,24.38,24.21,24.37,8861,0
20140731,24.22,24.49,24.02,24.02,6181,0
20140801,24.22,24.41,24.05,24.25,12279,0
20140804,24.3,24.3,24.1,24.29,7026,0
20140805,24.2,24.24,24.14,24.18,12612,0
20140806,24.18,24.24,24.18,24.22,5100,0
20140807,24.28,24.46,24.24,24.25,15951,0
20140808,24.28,24.33,24.27,24.27,17800,0
20140811,24.3,24.5,24.3,24.5,17523,0
20140812,24.58,24.6,24.58,24.6,220,0
20140813,24.58,24.65,24.57,24.6,7204,0
20140814,24.65,24.7,24.6,24.68,10923,0
20140815,24.67,24.69,24.62,24.62,2606,0
20140818,24.69,24.69,24.59,24.66,16780,0
20140819,24.67,24.69,24.67,24.69,1067,0
20140820,24.7,24.7,24.64,24.64,7739,0
20140821,24.7,24.7,24.68,24.7,4393,0
20140822,24.7,24.7,24.65,24.7,3645,0
20140825,24.7,24.75,24.66,24.75,14961,0
20140826,24.7,24.7,24.64,24.7,8347,0
20140827,24.35,24.7,24.35,24.7,10622,0
20140828,24.54,24.66,24.52,24.6,4617,0
20140829,24.6,24.6,24.5,24.6,8268,0
20140902,24.67,24.67,24.43,24.58,19927,0
20140903,24.37,24.6,24.37,24.59,23626,0
20140904,24.37,24.58,24.06,24.28,25937,0
20140905,24.38,24.38,24.23,24.36,662,0
20140908,24.37,24.5,24.37,24.4,5206,0
20140909,24.4,24.4,24.19,24.32,5311,0
20140910,24.25,24.25,24.18,24.25,1925,0
20140911,24.36,24.36,24.16,24.27,7529,0
20140912,24.17,24.21,24.06,24.06,10337,0
20140915,24.03,24.16,23.9,24.09,12988,0
20140916,23.9,24.29,23.89,24.17,8516,0
20140917,24.15,24.24,24.01,24.17,2121,0
20140918,24.09,24.25,24.09,24.21,6458,0
20140922,24.24,24.24,24,24.24,1503,0
20140923,24.14,24.35,24.14,24.34,554,0
20140924,24.4,24.41,24.33,24.33,1480,0
20140925,24.26,24.31,24,24.25,5122,0
20140926,24.12,24.25,24.12,24.24,4703,0
20140929,24.19,24.22,24.19,24.21,1120,0
20140930,24.2,24.2,23.91,24.2,3640,0
20141001,24.25,24.25,24.01,24.1,1804,0
20141002,24.05,24.25,24.05,24.25,11100,0
20141003,24.44,24.45,24.16,24.16,894,0
20141006,24.35,24.35,24.2,24.21,4226,0
20141007,24.12,24.34,24.1,24.34,7674,0
20141008,24.19,24.25,24.05,24.24,6598,0
20141009,24.23,24.23,24.19,24.19,2800,0
20141010,24.17,24.19,24.1,24.19,18576,0
20141013,24.18,24.19,24.1,24.19,750,0
20141014,24.03,24.19,23.85,24.14,14863,0
20141015,24.07,24.17,23.92,24.04,8588,0
20141016,24.02,24.02,24,24,3700,0
20141017,24.05,24.15,23.99,24.1,11852,0
20141020,24.1,24.14,23.99,24.1,24206,0
20141021,24.1,24.1,24.01,24.1,3650,0
20141022,24.1,24.2,24.02,24.2,5187,0
20141023,24.2,24.2,24.14,24.2,15527,0
20141024,24.26,24.4,24.22,24.25,2233,0
20141027,24.2,24.4,24.05,24.2,17899,0
20141028,24.27,24.29,24.15,24.29,159567,0
20141029,24.2,24.3,24.2,24.29,52267,0
20141030,24.3,24.36,24.3,24.36,3293,0
20141031,24.36,24.45,24.35,24.45,5573,0
20141103,24.42,24.45,24.35,24.45,10738,0
20141104,24.45,24.5,24.45,24.5,12181,0
20141105,24.49,24.5,24.48,24.48,1174,0
20141106,24.5,24.5,24.32,24.49,8257,0
20141107,24.57,24.57,24.5,24.57,2550,0
20141110,24.66,24.67,24.6,24.67,5441,0
20141111,24.68,24.69,24.6,24.61,5972,0
20141112,24.6,24.65,24.08,24.58,8744,0
20141113,24.58,24.69,24.47,24.69,5147,0
20141114,24.69,24.69,24.41,24.42,10900,0
20141117,24.52,24.6,24.52,24.55,4860,0
20141118,24.59,24.6,24.5,24.59,9939,0
20141119,24.6,24.69,24.51,24.6,6106,0
20141120,24.64,24.72,24.56,24.72,6902,0
20141121,24.75,24.75,24.7,24.7,14879,0
20141124,24.75,24.75,24.61,24.72,11329,0
20141125,24.55,24.55,24.17,24.3,16872,0
20141126,24.4,24.52,24.4,24.52,9391,0
20141128,24.5,24.5,24.41,24.5,400,0
20141201,24.45,24.63,24.42,24.6,6397,0
20141202,24.6,24.67,24.46,24.46,8414,0
20141203,24.63,24.68,24.55,24.6,12508,0
20141204,24.56,24.6,24.41,24.6,4297,0
20141205,24.59,24.67,24.5,24.65,12959,0
20141208,24.57,24.6,24.35,24.39,8446,0
20141209,24.59,24.59,24.41,24.42,3140,0
20141210,24.54,24.54,24.36,24.42,5366,0
20141211,24.4,24.62,24.22,24.55,5512,0
20141212,24.53,24.55,24.22,24.47,2675,0
20141215,24.25,24.48,24.12,24.2,5762,0
20141216,24.2,24.38,23.95,23.95,3395,0
20141217,23.98,24.01,23.7,24,22781,0
20141218,24,24,23.8,23.9,10008,0
20141219,24.06,24.09,23.94,24.09,5965,0
20141222,24.07,24.2,23.96,23.96,20479,0
20141223,24.06,24.14,23.97,24.03,4431,0
20141224,24.01,24.13,24,24.11,601,0
20141226,24.01,24.15,23.96,24.15,7369,0
20141229,24.15,24.27,24.15,24.2,16615,0
20141230,24.2,24.35,24.2,24.25,655,0
20141231,24.05,24.48,24.05,24.48,4907,0
20150102,24.45,24.45,24.14,24.27,2926,0
20150105,24.5,24.5,24.31,24.4,10687,0
20150106,24.5,24.59,24.5,24.51,15864,0
20150107,24.5,24.55,24.5,24.5,13964,0
20150108,24.56,24.7,24.51,24.68,13318,0
20150109,24.61,24.74,24.61,24.74,4614,0
20150112,24.75,24.75,24.63,24.69,5151,0
20150113,24.73,24.85,24.73,24.75,6360,0
20150114,24.84,24.84,24.7,24.7,15324,0
20150115,24.7,24.88,24.22,24.22,12101,0
20150116,24.4,24.64,24.33,24.64,1418,0
