Date,Open,High,Low,Close,Volume,OpenInt
20060920,26.77,27.624,25.543,25.543,221399,0
20060921,25.424,25.424,23.577,23.921,2396192,0
20060922,23.823,24.56,23.577,23.577,134060,0
20060925,23.087,23.921,23.087,23.627,54408,0
20060926,23.823,23.823,23.087,23.087,125815,0
20060927,22.596,23.577,22.596,23.333,52932,0
20060928,23.823,25.05,23.823,25.05,64047,0
20060929,25.05,25.788,25.05,25.788,64027,0
20061002,25.543,26.033,25.543,25.543,27342,0
20061003,26.033,26.524,26.033,26.524,18016,0
20061004,26.524,26.524,26.033,26.033,78787,0
20061005,26.131,26.131,25.788,26.033,127189,0
20061006,26.033,26.279,26.033,26.083,104383,0
20061009,26.279,26.279,26.279,26.279,224,0
20061010,26.77,27.507,26.77,27.507,128564,0
20061011,27.507,28.981,26.77,28.489,45653,0
20061012,28.489,28.489,28.489,28.489,9823,0
20061013,28.489,28.489,28.489,28.489,3359,0
20061016,28.489,28.489,28.489,28.489,204,0
20061017,28.245,28.245,27.979,27.979,78422,0
20061018,28.245,28.489,28.245,28.489,168975,0
20061019,28.489,28.489,28.489,28.489,814,0
20061020,28.047,28.076,27.999,27.999,96702,0
20061023,28.489,28.489,27.999,28.245,20460,0
20061024,27.999,27.999,26.77,27.654,17814,0
20061025,27.654,27.654,27.115,27.115,34101,0
20061026,27.361,27.743,27.261,27.507,35424,0
20061027,27.654,27.704,27.507,27.507,15168,0
20061030,27.605,27.92,27.458,27.654,67997,0
20061031,27.605,27.752,27.458,27.557,160120,0
20061101,27.802,28.145,27.115,27.115,181293,0
20061102,27.065,27.065,25.916,25.916,294587,0
20061103,25.739,25.935,25.514,25.523,198801,0
20061106,25.64,25.837,25.149,25.64,236056,0
20061107,25.494,27.016,25.454,26.72,182920,0
20061108,26.966,27.398,26.624,27.398,439437,0
20061109,28.245,28.489,27.752,27.999,646993,0
20061110,28.489,28.784,27.9,27.989,555175,0
20061113,27.999,28.215,27.762,27.772,495016,0
20061114,27.752,27.762,27.477,27.605,191370,0
20061115,27.605,27.752,27.517,27.752,323597,0
20061116,27.949,29.049,27.949,28.725,1110249,0
20061117,28.725,28.922,28.245,28.676,914808,0
20061120,28.647,29.226,28.647,28.981,382433,0
20061121,28.931,29.226,28.882,29.177,325836,0
20061122,29.422,29.767,29.422,29.59,312808,0
20061124,29.619,30.051,29.521,29.943,98027,0
20061127,29.943,29.943,28.882,29.226,576958,0
20061128,29.422,29.521,29.177,29.472,210099,0
20061129,29.619,29.816,29.472,29.717,373374,0
20061130,29.668,30.552,29.511,30.454,743695,0
20061201,30.848,30.916,30.336,30.7,455521,0
20061204,30.945,31.044,30.71,31.034,453993,0
20061205,31.279,31.289,30.848,31.093,517206,0
20061206,31.289,31.289,30.7,30.916,272193,0
20061207,30.552,30.818,29.835,30.101,304257,0
20061208,30.346,30.346,29.816,29.914,212746,0
20061211,30.454,30.454,30.042,30.042,169994,0
20061212,30.258,30.258,29.561,29.934,139964,0
20061213,30.454,30.454,29.835,29.855,182616,0
20061214,30.012,30.051,29.521,29.865,90799,0
20061215,29.962,29.962,29.325,29.462,152994,0
20061218,29.707,29.767,29.245,29.295,168364,0
20061219,29.236,29.412,28.539,29.079,117875,0
20061220,29.03,29.128,28.843,28.981,248984,0
20061221,28.882,29.049,28.784,28.931,106882,0
20061222,29.03,29.039,28.696,28.852,26363,0
20061226,28.804,29.02,28.784,29.001,35525,0
20061227,28.981,29.177,28.745,29.167,76752,0
20061228,29.128,29.472,28.882,29.442,115331,0
20061229,29.442,29.619,29.236,29.374,192693,0
20070103,29.472,29.904,28.577,28.577,236159,0
20070104,28.047,28.116,27.605,27.624,277995,0
20070105,27.624,27.654,26.524,26.839,516086,0
20070108,26.839,27.045,26.544,26.672,77667,0
20070109,26.624,26.917,26.328,26.524,263134,0
20070110,26.494,26.82,26.437,26.474,308532,0
20070111,26.484,26.889,26.484,26.634,212237,0
20070112,26.74,27.075,26.662,26.909,329704,0
20070116,26.966,27.311,26.909,27.016,333267,0
20070117,27.055,27.87,26.936,27.772,662770,0
20070118,27.772,27.949,27.557,27.831,124389,0
20070119,27.734,28.116,27.734,28.037,126833,0
20070122,28.185,28.245,27.92,28.067,303953,0
20070123,28.165,28.745,27.989,28.235,179664,0
20070124,28.48,28.539,28.293,28.48,208471,0
20070125,28.597,28.941,28.411,28.489,445646,0
20070126,28.686,28.941,28.116,28.637,322783,0
20070129,28.499,28.667,27.979,28.195,364620,0
20070130,28.391,28.391,27.87,27.999,99857,0
20070131,28.195,28.283,27.959,28.135,358512,0
20070201,28.441,28.499,28.145,28.195,400248,0
20070202,28.145,28.451,28.116,28.341,554870,0
20070205,28.391,28.557,28.283,28.48,506518,0
20070206,28.587,28.991,28.441,28.755,1624300,0
20070207,28.912,29.619,28.686,29.491,2168788,0
20070208,29.571,29.581,29.177,29.245,525757,0
20070209,29.177,29.472,29.177,29.245,391697,0
20070212,29.275,29.619,29.275,29.511,640426,0
20070213,29.472,29.943,29.245,29.501,551867,0
20070214,29.501,29.698,29.275,29.571,377345,0
20070215,31.486,31.486,30.061,31.24,2884489,0
20070216,31.093,31.132,30.307,30.945,958986,0
20070220,30.848,31.142,30.748,31.053,467430,0
20070221,31.191,33.156,30.758,32.526,1804168,0
20070222,32.124,32.526,31.436,31.878,748783,0
20070223,31.848,31.848,30.828,31.231,451856,0
20070226,31.211,32.862,30.886,32.311,1286879,0
20070227,32.243,32.301,31.368,31.466,942801,0
20070228,31.436,31.772,30.886,31.446,469975,0
20070301,30.552,31.416,30.111,31.152,804058,0
20070302,31.397,31.397,29.727,29.816,334897,0
20070305,29.619,29.668,28.931,29.059,504584,0
20070306,26.131,29.571,26.131,29.481,522908,0
20070307,29.412,29.737,29.108,29.275,84285,0
20070308,29.374,31.024,29.374,30.502,755706,0
20070309,30.602,30.936,30.464,30.828,427935,0
20070312,30.828,30.975,30.602,30.798,344669,0
20070313,30.454,30.7,29.619,29.717,603424,0
20070314,29.717,29.717,28.255,29.265,804159,0
20070315,29.226,29.698,29.226,29.374,254073,0
20070316,29.374,31.004,29.374,30.602,1365749,0
20070319,30.16,30.994,30.061,30.7,414600,0
20070320,30.848,31.083,30.454,30.984,297132,0
20070321,31.191,31.525,31.044,31.24,339885,0
20070322,31.436,32.017,31.073,31.436,515476,0
20070323,31.456,31.928,31.456,31.772,438827,0
20070326,31.948,32.017,30.867,31.329,480867,0
20070327,31.083,31.594,30.876,31.309,287563,0
20070328,31.24,31.319,30.582,30.955,399433,0
20070329,31.132,31.319,31.122,31.201,452364,0
20070330,31.387,31.702,31.191,31.299,171724,0
20070402,31.516,31.555,31.161,31.24,124593,0
20070403,31.358,31.358,31.142,31.221,135892,0
20070404,31.191,31.329,30.886,31.093,282677,0
20070405,30.994,31.476,30.994,31.436,400960,0
20070409,31.496,32.055,31.496,31.948,440048,0
20070410,32.124,32.479,32.027,32.419,865234,0
20070411,32.429,32.566,32.173,32.469,497154,0
20070412,32.469,32.802,32.419,32.742,286342,0
20070413,32.695,33.048,32.655,32.94,472724,0
20070416,32.949,33.058,32.625,32.9,251427,0
20070417,33.048,33.048,32.792,32.881,1233521,0
20070418,32.872,32.89,32.173,32.842,213662,0
20070419,32.665,32.665,32.065,32.104,351876,0
20070420,32.339,32.724,32.153,32.499,237991,0
20070423,32.536,32.645,32.311,32.379,128258,0
20070424,32.321,32.379,31.426,31.762,378465,0
20070425,31.682,31.908,31.426,31.584,240840,0
20070426,31.642,31.782,31.426,31.436,228218,0
20070427,31.397,31.436,30.848,30.965,784616,0
20070430,30.945,31.289,30.091,30.111,616251,0
20070501,30.111,31.269,30.002,31.221,1059557,0
20070502,30.258,31.858,29.472,31.732,1044695,0
20070503,31.642,32.094,31.594,31.977,756521,0
20070504,31.977,32.213,31.25,31.426,558534,0
20070507,31.829,32.027,30.798,31.142,108715,0
20070508,30.945,31.014,30.848,31.014,536955,0
20070509,31.024,31.191,30.858,30.984,144749,0
20070510,30.984,31.221,30.798,31.132,457659,0
20070511,31.231,31.702,30.955,31.632,474353,0
20070514,31.584,32.998,31.486,32.812,1024743,0
20070515,32.852,33.725,32.665,33.293,1003987,0
20070516,33.402,33.893,32.792,33.402,1397507,0
20070517,33.253,33.539,32.988,33.499,209081,0
20070518,33.303,33.402,32.714,32.714,1792155,0
20070521,32.91,33.932,32.89,33.893,1117985,0
20070522,33.893,34.56,33.893,34.335,1271488,0
20070523,35.043,35.346,34.776,34.914,1340096,0
20070524,34.776,36.28,34.629,34.767,1215604,0
20070525,34.609,35.326,34.6,34.806,259468,0
20070529,34.679,35.278,34.649,35.17,409715,0
20070530,35.336,35.583,35.14,35.376,754281,0
20070531,35.524,35.74,35.071,35.268,982093,0
20070601,35.484,35.563,35.16,35.17,258146,0
20070604,35.219,35.494,34.816,35.425,285324,0
20070605,35.622,35.622,34.885,35.268,456029,0
20070606,35.023,35.033,34.629,34.895,842026,0
20070607,34.895,34.895,34.276,34.295,1258560,0
20070608,34.295,34.875,33.99,34.875,304868,0
20070611,34.776,35.17,34.443,35.033,151772,0
20070612,35.033,35.033,33.893,34.089,1031157,0
20070613,34.473,34.473,33.765,34.373,753975,0
20070614,34.619,34.669,34.354,34.56,291330,0
20070615,34.639,34.816,34.58,34.737,480255,0
20070618,34.689,34.973,34.335,34.511,232290,0
20070619,34.502,34.59,34.06,34.246,359836,0
20070620,34.413,34.619,33.283,33.459,1036857,0
20070621,33.647,33.99,33.283,33.293,792046,0
20070622,33.499,34.236,33.018,33.893,4413512,0
20070625,33.814,34.335,33.609,34.089,516393,0
20070626,34.089,34.413,33.489,33.637,749396,0
20070627,33.253,34.04,32.862,33.657,757334,0
20070628,33.539,33.695,32.93,33.402,462443,0
20070629,33.402,33.745,32.91,33.038,421827,0
20070702,33.127,33.137,32.516,32.852,481885,0
20070703,32.685,32.94,32.566,32.752,177118,0
20070705,32.675,32.998,32.439,32.625,440557,0
20070706,32.566,33.097,32.321,32.92,210205,0
20070709,32.842,33.048,32.489,32.91,317592,0
20070710,32.852,32.959,32.134,32.223,566678,0
20070711,32.124,32.124,30.858,31.612,1062407,0
20070712,31.555,31.977,31.555,31.829,712750,0
20070713,31.712,31.829,31.211,31.436,727276,0
20070716,31.446,31.918,31.319,31.918,321201,0
20070717,32.074,32.183,31.632,32.017,831643,0
20070718,31.632,32.606,31.632,32.094,2138250,0
20070719,32.223,32.685,32.213,32.645,656663,0
20070720,32.566,32.742,32.037,32.419,899539,0
20070723,32.772,32.969,32.399,32.596,1048155,0
20070724,32.419,32.419,31.171,31.545,1596002,0
20070725,31.612,31.868,30.808,31.063,1472324,0
20070726,31.053,31.063,30.277,30.444,1535233,0
20070727,30.111,30.936,29.393,29.972,1718255,0
20070730,30.297,30.356,29.796,30.258,692289,0
20070731,30.396,30.738,29.501,29.895,1116051,0
20070801,29.472,30.267,29.079,29.59,1920617,0
20070802,29.796,30.728,29.796,30.356,1326558,0
20070803,29.501,30.267,29.226,29.245,1321671,0
20070806,29.422,29.462,27.93,28.195,1850279,0
20070807,28.195,28.765,27.065,28.175,2115245,0
20070808,28.48,28.862,27.586,28.451,1557932,0
20070809,28.489,28.705,27.221,27.331,1213976,0
20070810,27.163,27.163,26.141,26.946,1635090,0
20070813,27.379,27.487,26.368,26.946,1419188,0
20070814,26.839,26.839,25.553,26.514,1445146,0
20070815,26.427,26.427,25.739,25.788,967536,0
20070816,25.444,25.543,22.339,24.609,2750736,0
20070817,24.56,25.896,23.97,24.363,1016905,0
20070820,24.56,24.648,23.96,24.49,623784,0
20070821,24.413,24.757,24.059,24.707,470280,0
20070822,24.973,25.62,24.658,25.62,663278,0
20070823,25.916,26.288,24.57,24.727,836733,0
20070824,24.766,25.374,24.619,24.824,875415,0
20070827,24.904,25.523,24.461,24.834,380601,0
20070828,24.56,24.717,23.577,24.069,716822,0
20070829,24.363,25.11,24.187,25.1,553649,0
20070830,25.06,25.238,24.53,24.619,553344,0
20070831,24.806,24.973,24.265,24.52,576449,0
20070904,24.49,24.717,24.324,24.393,433024,0
20070905,24.314,24.314,23.519,24.157,776269,0
20070906,24.01,24.609,23.41,24.314,733718,0
20070907,23.793,24.481,23.695,24.157,397296,0
20070910,24.049,24.265,23.764,24.039,615844,0
20070911,24.187,24.453,24.039,24.304,345789,0
20070912,24.334,25.1,24.314,24.874,292960,0
20070913,25.11,26.053,24.943,26.053,399025,0
20070914,25.768,26.201,25.543,26.073,314437,0
20070917,26.043,26.269,25.66,25.886,179764,0
20070918,26.151,26.82,25.6,26.72,378565,0
20070919,26.672,27.388,25.66,26.121,614725,0
20070920,26.151,26.151,25.484,25.7,883659,0
20070921,26.033,26.053,25.248,25.59,740641,0
20070924,25.64,25.798,25.454,25.66,465090,0
20070925,25.384,25.384,24.284,24.697,921933,0
20070926,24.648,25.876,24.393,25.394,841721,0
20070927,25.64,25.64,24.953,24.953,552936,0
20070928,25.11,25.12,24.53,24.609,395565,0
20071001,24.737,24.786,24.255,24.373,672135,0
20071002,24.147,25.69,24.039,25.58,1740955,0
20071003,25.434,25.945,25.326,25.768,595485,0
20071004,25.788,26.161,25.444,25.975,635286,0
20071005,26.328,26.644,25.73,26.279,361566,0
20071008,26.308,26.672,25.876,25.945,217530,0
20071009,25.866,26.033,25.553,26.014,356375,0
20071010,26.014,26.033,25.464,25.543,743085,0
20071011,25.572,25.778,24.53,24.904,927226,0
20071012,24.983,24.983,24.393,24.786,798764,0
20071015,24.806,24.815,24.226,24.5,493183,0
20071016,24.207,24.51,23.843,24.255,607903,0
20071017,24.324,24.56,23.724,24.157,466921,0
20071018,23.97,24.344,23.724,24.039,402894,0
20071019,23.873,23.96,23.183,23.41,724864,0
20071022,23.273,23.774,23.203,23.352,392714,0
20071023,23.361,23.99,23.193,23.754,501124,0
20071024,23.666,23.823,22.566,22.693,913281,0
20071025,22.722,22.968,22.496,22.634,635082,0
20071026,22.841,22.978,22.546,22.899,451550,0
20071029,22.899,23.469,22.634,23.381,352405,0
20071030,23.352,23.479,22.851,22.988,456843,0
20071031,22.997,23.037,22.399,22.703,710103,0
20071101,21.711,22.997,21.486,22.596,982398,0
20071102,22.556,22.703,21.612,22.203,915825,0
20071105,21.977,22.339,21.682,22.193,682111,0
20071106,22.173,23.007,21.808,22.978,878585,0
20071107,22.772,22.772,21.838,21.838,656256,0
20071108,21.957,22.624,21.612,22.556,676410,0
20071109,22.506,22.958,22.213,22.596,713361,0
20071112,22.486,23.429,22.486,23.117,484634,0
20071113,23.459,23.724,22.88,23.027,412387,0
20071114,23.303,23.509,22.644,22.802,972117,0
20071115,22.722,23.253,22.349,22.605,615437,0
20071116,22.693,22.742,22.054,22.566,606987,0
20071119,22.329,22.605,21.731,21.997,689150,0
20071120,22.251,22.27,21.289,21.592,816477,0
20071121,21.279,22.025,21.102,21.612,707965,0
20071123,21.592,21.798,21.436,21.562,651268,0
20071126,21.562,21.848,21.111,21.319,452976,0
20071127,21.612,21.828,21.18,21.751,984841,0
20071128,21.731,22.615,21.731,22.133,591209,0
20071129,22.103,22.183,21.711,21.808,335203,0
20071130,22.103,22.596,21.544,21.622,449109,0
20071203,21.78,22.113,21.337,21.534,528709,0
20071204,21.496,21.496,20.63,20.797,677224,0
20071205,21.131,21.436,20.925,21.121,753671,0
20071206,21.19,21.426,20.689,21.17,877247,0
20071207,21.476,22.89,21.2,22.673,2444644,0
20071210,22.673,23.165,22.673,23.117,772782,0
20071211,23.253,23.41,22.31,22.477,476048,0
20071212,22.722,23.136,22.103,22.29,646427,0
20071213,22.3,22.31,21.721,21.848,657884,0
20071214,21.858,21.888,21.043,21.309,300593,0
20071217,21.121,21.396,20.178,20.266,882133,0
20071218,20.452,20.758,20.316,20.425,856689,0
20071219,20.296,20.512,20.031,20.11,301132,0
20071220,20.178,20.296,19.648,19.805,805178,0
20071221,20.06,20.217,19.932,20.15,1578086,0
20071224,20.1,20.405,20.1,20.256,168875,0
20071226,20.021,20.572,19.893,20.246,660123,0
20071227,20.188,20.246,19.648,19.658,516699,0
20071228,19.696,19.825,19.382,19.549,612892,0
20071231,19.706,19.942,19.471,19.865,377496,0
20080102,19.913,20.198,19.137,19.245,378183,0
20080103,19.412,19.501,19.029,19.137,526164,0
20080104,19.069,19.069,18.675,18.98,579681,0
20080107,18.941,19.029,18.321,18.725,656208,0
20080108,18.685,18.783,17.879,18.075,867474,0
20080109,18.175,18.371,17.428,18.233,722356,0
20080110,18.175,18.774,17.909,18.361,745424,0
20080111,18.291,18.311,17.879,18.056,430581,0
20080114,18.125,18.253,17.791,17.939,682518,0
20080115,17.732,17.959,17.398,17.84,664195,0
20080116,17.654,18.351,17.634,17.761,907786,0
20080117,17.732,18.165,17.191,17.291,606174,0
20080118,17.291,17.821,16.955,17.065,430581,0
20080122,16.945,17.723,16.564,17.487,929975,0
20080123,17.124,18.095,16.69,17.487,1866085,0
20080124,17.301,18.469,17.301,18.459,1240166,0
20080125,18.715,18.812,18.125,18.243,2082162,0
20080128,18.105,18.626,17.614,18.351,1226495,0
20080129,18.429,19.884,18.361,19.648,1597456,0
20080130,19.52,20.62,19.412,19.825,1156788,0
20080131,19.855,21.396,19.648,21.356,1184038,0
20080201,21.406,22.399,21.121,22.3,1191581,0
20080204,22.448,22.496,21.083,21.562,1101597,0
20080205,21.446,21.868,20.452,20.572,800845,0
20080206,20.482,20.876,19.658,19.736,513644,0
20080207,19.549,19.903,19.009,19.559,513543,0
20080208,19.471,19.913,19.166,19.255,539805,0
20080211,19.305,19.442,18.891,19.156,375309,0
20080212,19.107,19.225,18.872,18.989,1409214,0
20080213,19.255,19.255,18.921,19.127,986724,0
20080214,19.285,19.295,18.596,18.999,838361,0
20080215,18.872,19.098,18.547,18.812,336933,0
20080219,18.96,19.51,18.705,18.803,322070,0
20080220,18.537,19.706,18.459,19.352,538583,0
20080221,19.54,19.903,18.361,18.42,779525,0
20080222,18.42,19.706,18.42,19.51,917608,0
20080225,19.609,19.746,19.146,19.382,603019,0
20080226,19.156,19.432,19.039,19.098,808384,0
20080227,18.921,18.96,18.331,18.675,842434,0
20080228,18.489,18.783,18.351,18.587,711599,0
20080229,18.321,18.596,18.095,18.528,677224,0
20080303,18.046,19.039,17.271,17.949,1405734,0
20080304,17.86,18.115,17.172,17.683,1197486,0
20080305,17.634,17.761,17.368,17.585,545430,0
20080306,17.674,17.674,16.642,16.945,1871752,0
20080307,16.809,17.162,16.633,16.975,671942,0
20080310,16.916,16.916,16.377,16.633,676305,0
20080311,16.75,17.114,16.218,16.69,1279770,0
20080312,16.849,16.985,16.484,16.534,850781,0
20080313,16.218,16.907,16.141,16.76,863667,0
20080314,16.651,17.005,16.141,16.494,832153,0
20080317,16.278,16.642,15.915,16.464,685571,0
20080318,16.916,16.955,16.013,16.799,774029,0
20080319,17.005,17.506,16.799,16.907,1178552,0
20080320,16.907,17.152,16.66,17.124,840897,0
20080324,17.291,18.391,17.182,18.155,885572,0
20080325,18.263,18.685,18.056,18.567,646483,0
20080326,18.587,18.665,17.909,18.135,809101,0
20080327,18.175,18.537,17.86,17.86,665025,0
20080328,17.979,18.017,17.487,17.575,507740,0
20080331,17.594,17.899,17.565,17.811,687720,0
20080401,17.585,19.146,17.585,18.675,1798586,0
20080402,18.469,19.069,18.469,18.803,1178958,0
20080403,18.626,18.764,18.469,18.636,828081,0
20080404,18.764,18.793,18.459,18.715,1013750,0
20080407,18.774,19.432,18.705,19.265,589074,0
20080408,19.166,19.324,19.009,19.225,499009,0
20080409,19.285,19.452,19.019,19.039,375361,0
20080410,18.989,19.245,18.901,18.98,547643,0
20080411,18.98,19.166,18.528,18.596,546217,0
20080414,18.596,18.626,18.195,18.195,382225,0
20080415,18.331,18.587,17.988,18.557,481498,0
20080416,18.616,19.315,18.499,19.245,443509,0
20080417,19.137,19.382,19.029,19.343,269666,0
20080418,19.589,19.658,19.305,19.52,278012,0
20080421,19.452,19.696,19.206,19.265,673152,0
20080422,19.245,19.352,18.695,19.009,489643,0
20080423,19.029,19.049,18.665,18.951,244706,0
20080424,18.931,19.599,18.803,19.452,361691,0
20080425,19.579,19.696,19.275,19.599,231194,0
20080428,19.599,20.552,19.599,20.512,691662,0
20080429,20.433,20.433,20.08,20.366,667240,0
20080430,20.346,21.063,20.306,20.738,923571,0
20080501,20.227,20.925,19.452,20.592,1046053,0
20080502,20.728,20.797,20.286,20.669,545273,0
20080505,20.572,20.847,20.336,20.64,862638,0
20080506,20.62,20.876,20.07,20.788,2019656,0
20080507,21.416,23.174,21.416,22.27,2594204,0
20080508,22.439,22.978,22.103,22.851,1270074,0
20080509,22.693,23.577,22.477,23.509,1748141,0
20080512,23.656,24.443,23.519,24.304,1328761,0
20080513,24.815,25.69,24.57,25.306,2944178,0
20080514,25.444,25.846,25.198,25.514,1958754,0
20080515,25.64,26.484,25.504,26.328,1452680,0
20080516,26.437,27.438,26.328,27.361,1784962,0
20080519,27.281,27.999,27.115,27.634,2474841,0
20080520,27.398,28.076,26.869,27.477,1510924,0
20080521,27.517,27.93,26.073,26.338,8183089,0
20080522,26.514,26.996,25.886,26.073,1304597,0
20080523,26.033,26.053,25.464,25.533,918477,0
20080527,25.543,25.935,25.336,25.67,1207794,0
20080528,26.141,26.151,25.258,25.543,1494935,0
20080529,25.827,25.856,25.306,25.543,1391847,0
20080530,25.562,25.68,25.297,25.374,763428,0
20080602,25.326,25.543,24.894,25.05,1322061,0
20080603,25.169,25.355,24.353,24.629,1400348,0
20080604,24.707,25.523,24.57,25.003,1360813,0
20080605,25.05,25.316,24.815,25.306,957656,0
20080606,25.149,25.278,24.226,24.226,922428,0
20080609,24.274,24.58,23.823,24.383,796403,0
20080610,24.383,24.51,23.97,24.245,1286382,0
20080611,24.314,24.54,23.117,23.213,1303219,0
20080612,23.381,23.744,23.213,23.459,1402716,0
20080613,23.597,23.744,23.323,23.509,1330208,0
20080616,23.577,23.685,23.429,23.439,1584603,0
20080617,23.391,23.666,23.183,23.263,1162426,0
20080618,23.097,23.333,22.624,22.997,1493307,0
20080619,23.097,23.637,22.821,23.558,1256461,0
20080620,23.439,23.558,22.988,23.499,1279902,0
20080623,23.548,24.01,23.243,23.263,895656,0
20080624,23.126,23.459,22.772,22.88,1427514,0
20080625,22.821,23.823,22.821,23.233,1722101,0
20080626,23.213,23.213,22.006,22.379,1582949,0
20080627,22.213,22.624,21.997,22.486,2310131,0
20080630,22.576,22.88,22.083,22.349,809584,0
20080701,22.251,22.536,21.692,22.409,1043005,0
20080702,22.457,22.457,21.798,21.907,1692856,0
20080703,21.878,22.045,21.151,21.406,970697,0
20080707,21.386,21.662,20.562,20.905,1342364,0
20080708,20.63,21.24,20.001,21.18,1880247,0
20080709,21.416,21.416,20.286,20.442,1344282,0
20080710,20.433,20.866,20.051,20.376,1154829,0
20080711,20.217,20.276,19.333,19.658,1111845,0
20080714,20.15,21.476,20.15,20.63,1886099,0
20080715,20.64,20.974,20.051,20.492,1321164,0
20080716,20.699,21.553,20.611,21.22,1362952,0
20080717,21.416,24.747,21.416,23.597,4936540,0
20080718,23.587,23.813,22.732,23.017,1503403,0
20080721,23.263,23.333,22.163,22.339,954615,0
20080722,22.103,22.968,21.848,22.477,1571191,0
20080723,22.722,23.067,22.28,22.968,732715,0
20080724,23.027,23.352,22.596,22.919,1611896,0
20080725,22.899,23.371,22.792,22.899,800835,0
20080728,22.762,23.263,22.762,22.949,1296841,0
20080729,23.155,24.226,23.087,24.069,1728142,0
20080730,25.73,26.859,25.218,26.171,4539130,0
20080731,26.141,26.141,25.384,25.553,1812110,0
20080801,26.427,26.574,25.543,25.955,1042039,0
20080804,26.093,26.093,25.374,25.533,1064786,0
20080805,25.533,25.876,25.346,25.61,1715562,0
20080806,25.66,25.66,24.52,24.874,1537370,0
20080807,25.003,25.003,24.157,24.324,1258602,0
20080808,24.265,25.169,24.069,25.06,1138780,0
20080811,25.003,25.61,24.993,25.198,594994,0
20080812,24.963,24.983,24.265,24.453,934031,0
20080813,24.461,24.56,23.96,24.294,783743,0
20080814,24.265,24.844,23.911,24.815,638116,0
20080815,24.737,25.562,24.737,25.179,629066,0
20080818,25.268,25.346,24.443,24.53,603868,0
20080819,24.57,24.806,23.813,23.96,376529,0
20080820,23.96,23.96,23.469,23.764,406696,0
20080821,23.577,24.098,23.499,24,266684,0
20080822,24.069,24.069,23.577,24,364190,0
20080825,23.744,23.813,23.126,23.303,387721,0
20080826,23.41,23.519,23.007,23.391,526486,0
20080827,23.371,24.334,23.371,24.324,612883,0
20080828,24.363,24.51,24.079,24.403,298569,0
20080829,24.363,24.363,23.705,23.764,328950,0
20080902,24.177,24.737,23.931,24.54,994745,0
20080903,24.53,25.05,24.314,24.884,1280047,0
20080904,24.648,24.757,23.724,24.098,615871,0
20080905,23.853,24.884,23.843,24.697,1135888,0
20080908,25.543,25.955,24.854,25.1,1783060,0
20080909,24.58,25.69,24.245,24.52,981494,0
20080910,24.57,25.08,24.265,24.373,1048327,0
20080911,23.96,25.139,22.596,25.1,1404509,0
20080912,24.757,25.925,24.757,25.906,946615,0
20080915,25.022,25.258,22.054,22.242,3817759,0
20080916,21.612,24.059,21.612,23.98,1526801,0
20080917,23.509,23.754,21.977,22.31,1454708,0
20080918,22.605,23.469,21.751,23.401,1773180,0
20080919,23.833,24.796,23.429,24.51,1279637,0
20080922,24.363,24.363,23.361,23.489,563901,0
20080923,23.352,24.049,23.145,23.607,621510,0
20080924,23.607,24.423,23.352,24,748264,0
20080925,24.069,24.56,23.577,24.393,708599,0
20080926,23.587,24.069,23.499,24.059,397622,0
20080929,23.391,23.519,22.486,22.673,1499150,0
20080930,22.782,23.539,22.615,23.489,660149,0
20081001,22.016,23.833,22.016,23.647,593089,0
20081002,23.509,23.509,22.27,22.3,710340,0
20081003,22.496,23.243,21.111,21.319,918391,0
20081006,20.62,21.721,18.901,21.299,1180863,0
20081007,21.642,21.672,19.628,19.628,896847,0
20081008,18.646,20.472,18.646,19.579,920096,0
20081009,19.688,20.237,18.537,18.911,1124345,0
20081010,18.311,19.392,17.438,19.225,1592957,0
20081013,20.06,20.06,19.127,19.432,957975,0
20081014,19.795,20.246,18.891,19.481,953710,0
20081015,19.069,19.156,16.209,17.723,7303388,0
20081016,18.007,18.793,16.69,17.683,874853,0
20081017,17.025,18.214,16.75,17.496,5331107,0
20081020,17.477,18.547,17.477,18.528,697260,0
20081021,18.085,18.587,17.889,18.224,657896,0
20081022,17.752,18.095,16.633,16.888,686625,0
20081023,16.474,17.85,16.474,17.398,1397883,0
20081024,16.651,16.916,15.777,16.141,927845,0
20081027,16.218,16.72,14.834,14.913,872403,0
20081028,15.178,15.208,13.086,15.128,3389227,0
20081029,16.69,17.496,15.002,15.228,1543696,0
20081030,15.394,16.474,15.002,15.109,1065437,0
20081031,14.982,15.845,14.804,15.454,1111988,0
20081103,15.444,16.258,15.228,15.757,888850,0
20081104,16.258,16.985,16.052,16.955,779900,0
20081105,16.945,17.291,16.534,17.035,1249133,0
20081106,16.69,17.132,16.396,16.554,985158,0
20081107,16.484,17.045,15.541,15.973,889081,0
20081110,16.396,16.474,15.287,15.59,1005638,0
20081111,15.324,16.062,15.148,15.738,766255,0
20081112,15.719,15.748,14.5,14.56,1400433,0
20081113,14.5,14.618,12.997,14.49,1497998,0
20081114,14.167,14.55,13.449,13.498,1191018,0
20081117,13.115,13.665,13.017,13.164,781014,0
20081118,12.937,13.301,12.417,12.761,721627,0
20081119,12.712,12.841,9.932,10.326,3489184,0
20081120,10.306,11.485,9.874,11.12,2110606,0
20081121,11.396,11.947,10.767,11.867,1273649,0
20081124,12.506,13.607,12.231,13.331,1152928,0
20081125,13.734,14.48,13.361,14.392,847034,0
20081126,14.382,15.394,13.361,14.992,1083231,0
20081128,15.012,15.827,14.972,15.669,427755,0
20081201,15.079,15.128,13.773,13.911,533102,0
20081202,14.009,14.657,13.763,14.224,721180,0
20081203,14.088,15.178,13.753,15.012,765272,0
20081204,14.637,15.59,14.461,14.775,827487,0
20081205,14.411,15.845,14.205,15.728,736861,0
20081208,16.298,17.065,16.171,16.603,698148,0
20081209,16.651,17.132,16.052,16.544,836868,0
20081210,16.593,17.005,15.58,15.885,575748,0
20081211,16.082,16.101,14.923,15.089,719474,0
20081212,14.737,15.787,14.421,15.787,628034,0
20081215,16.082,16.121,14.304,14.687,752169,0
20081216,14.873,15.964,14.697,15.945,929544,0
20081217,15.905,16.494,15.522,16.288,925641,0
20081218,16.623,16.73,16.032,16.494,933799,0
20081219,16.7,18.056,16.454,17.811,2807021,0
20081222,17.811,18.253,16.416,16.868,1645141,0
20081223,16.809,16.945,15.915,16.308,772752,0
20081224,16.474,16.583,16.032,16.191,216597,0
20081226,16.228,16.936,16.111,16.926,295222,0
20081229,16.809,16.955,16.111,16.416,662732,0
20081230,16.494,16.779,16.082,16.68,651711,0
20081231,16.504,17.132,16.504,16.995,855858,0
20090102,16.936,17.526,16.73,17.339,561822,0
20090105,17.329,17.791,16.799,17.791,767458,0
20090106,18.115,18.331,17.418,18.085,1205573,0
20090107,18.037,18.037,17.065,17.339,499405,0
20090108,17.231,18.027,17.094,17.988,1203377,0
20090109,18.175,18.175,16.71,17.261,604933,0
20090112,17.025,17.241,16.013,16.288,642330,0
20090113,16.368,16.7,15.855,16.66,643435,0
20090114,16.377,16.377,15.62,15.807,764831,0
20090115,15.807,16.416,14.854,15.905,1303650,0
20090116,16.052,16.66,15.188,15.885,814329,0
20090120,15.522,15.983,14.962,15.05,1002642,0
20090121,15.334,15.63,14.5,15.56,626114,0
20090122,15.314,15.404,14.343,14.962,931400,0
20090123,14.314,14.814,12.811,14.53,1211877,0
20090126,14.677,15.522,14.205,14.343,870987,0
20090127,14.402,14.402,13.813,14.048,660044,0
20090128,14.196,15.05,14.157,14.863,659856,0
20090129,14.824,14.824,13.684,13.871,640313,0
20090130,13.871,13.95,12.937,13.105,527181,0
20090202,12.85,13.674,12.811,13.409,1036417,0
20090203,13.587,14.737,13.429,13.881,1390580,0
20090204,13.862,14.068,13.508,13.646,878240,0
20090205,13.674,14.028,13.498,13.665,838949,0
20090206,13.665,14.707,13.665,14.244,1117654,0
20090209,14.186,14.765,13.969,14.48,814244,0
20090210,14.343,14.697,13.057,13.291,1187180,0
20090211,13.498,13.498,12.722,12.909,836002,0
20090212,12.693,13.173,12.024,13.134,755790,0
20090213,12.967,13.655,12.841,13.173,656834,0
20090217,13.037,13.037,12.3,12.447,1004352,0
20090218,12.771,13.233,11.1,11.701,2043621,0
20090219,12.024,12.024,10.05,10.08,1421880,0
20090220,9.893,10,7.9279,8.1931,2990919,0
20090223,8.2914,8.5959,7.3188,7.3581,1575129,0
20090224,7.4171,8.7727,7.2796,8.6745,2165460,0
20090225,8.6647,9.0085,8.3503,8.7826,1781216,0
20090226,8.7334,9.1658,8.4879,8.5567,1119341,0
20090227,8.37,8.6647,8.1048,8.203,684681,0
20090302,8.0163,8.1243,7.4072,7.4367,888850,0
20090303,7.5251,7.81,6.7392,7.0929,2049331,0
20090304,7.3975,7.6135,6.7491,7.0929,1561593,0
20090305,7.0143,7.0242,6.4151,6.474,966602,0
20090306,6.474,6.4838,5.0691,5.2362,2829391,0
20090309,5.2362,5.6192,4.9907,5.246,1259788,0
20090310,5.3736,6.248,5.3245,6.2088,1257637,0
20090311,6.3364,6.5131,6.1694,6.3364,780191,0
20090312,6.2186,7.083,6.0908,6.9553,1155111,0
20090313,7.1027,7.1715,6.7883,6.8669,825933,0
20090316,7.0143,7.2697,6.8768,7.0732,912611,0
20090317,7.0242,7.476,6.8768,7.427,950037,0
20090318,7.5055,8.8415,6.9848,8.1146,1277260,0
20090319,8.3995,8.5959,8.1048,8.5371,1496560,0
20090320,8.5861,8.5861,7.7019,8.3602,2499307,0
20090323,8.7237,9.745,8.5173,9.686,1548306,0
20090324,9.4995,9.932,9.1461,9.323,1022028,0
20090325,9.519,10.452,8.7237,9.4214,1373080,0
20090326,9.559,10.196,9.3523,10.05,1272122,0
20090327,9.647,10.09,9.1755,9.676,824994,0
20090330,9.4995,9.4995,8.3012,8.8022,977864,0
20090331,8.8415,9.0773,8.3503,8.8808,842074,0
20090401,8.7334,9.529,8.4583,9.509,777372,0
20090402,9.686,10.61,9.686,10.07,1280413,0
20090403,9.981,10.659,9.589,10.462,788028,0
20090406,10.306,10.845,10.196,10.787,686538,0
20090407,10.571,10.571,9.912,10.08,566989,0
20090408,10.158,10.432,9.686,10.196,577744,0
20090409,10.571,11.406,10.393,11.406,697435,0
20090413,11.17,11.465,10.934,11.416,509569,0
20090414,11.306,11.632,10.639,10.914,975953,0
20090415,11.013,13.547,10.835,13.243,3065546,0
20090416,12.869,15.178,12.869,14.824,2168481,0
20090417,14.765,15.64,14.667,15.454,1392339,0
20090420,15.099,15.404,13.607,13.646,1776261,0
20090421,13.597,15.109,13.391,15.012,1644288,0
20090422,14.737,16.368,14.588,15.728,1498891,0
20090423,15.493,15.827,14.392,14.962,1585846,0
20090424,15.394,16.76,14.598,16.228,1569465,0
20090427,15.757,17.182,15.728,16.328,1404793,0
20090428,16.062,17.545,15.719,17.132,1360574,0
20090429,17.311,18.145,16.897,17.467,1753185,0
20090430,18.155,19.402,17.467,17.585,1902945,0
20090501,17.713,18.391,17.104,17.811,1653520,0
20090504,18.341,19.795,17.879,19.176,2528313,0
20090505,18.685,19.658,18.243,19.491,1493428,0
20090506,19.893,20.366,17.388,18.145,2714895,0
20090507,18.195,18.626,15.767,15.827,2235207,0
20090508,16.554,16.809,15.148,16.013,2209665,0
20090511,15.58,16.111,14.737,15.304,1691383,0
20090512,15.502,15.61,14.343,14.737,1851795,0
20090513,14.363,14.363,13.203,13.233,1485665,0
20090514,13.173,13.862,12.653,13.607,1161364,0
20090515,13.617,14.284,13.213,13.478,888392,0
20090518,13.901,14.628,13.743,14.52,844359,0
20090519,14.637,14.834,13.931,13.979,1391539,0
20090520,14.234,14.49,13.557,13.636,986757,0
20090521,13.537,13.743,13.017,13.577,1140857,0
20090522,13.753,13.901,12.811,13.537,1030784,0
20090526,13.547,14.431,13.439,14.244,2545124,0
20090527,14.373,14.647,13.381,13.468,1170831,0
20090528,13.704,13.813,12.437,13.233,2489974,0
20090529,13.154,14.186,13.154,13.684,2067064,0
20090601,14.009,14.737,13.704,14.244,4631977,0
20090602,14.314,14.707,13.96,14.196,2044619,0
20090603,13.999,14.196,13.223,13.557,2573885,0
20090604,13.636,13.803,13.381,13.773,733854,0
20090605,13.95,14.028,12.918,13.125,1239810,0
20090608,13.253,13.253,12.565,12.947,1598495,0
20090609,13.007,13.361,12.801,13.263,1280549,0
20090610,13.439,13.577,12.29,12.673,1524621,0
20090611,12.771,12.771,11.867,11.956,2128035,0
20090612,11.907,11.907,11.396,11.73,1428177,0
20090615,11.602,11.602,10.551,10.767,1779215,0
20090616,11.003,11.475,10.541,10.787,2368145,0
20090617,10.787,11.13,10.346,10.934,1653512,0
20090618,10.904,11.053,10.601,10.845,1252525,0
20090619,11.003,11.356,10.855,11.023,2957773,0
20090622,10.747,10.777,10.316,10.365,1501605,0
20090623,10.522,11.711,10.413,11.552,3291037,0
20090624,11.612,12.546,11.513,12.28,3438179,0
20090625,12.043,12.899,11.562,12.731,2544833,0
20090626,12.437,12.811,11.956,11.956,3458665,0
20090629,12.24,12.565,12.043,12.476,1976824,0
20090630,12.506,12.771,12.388,12.555,1855434,0
20090701,12.663,12.771,12.466,12.526,855099,0
20090702,12.181,12.221,11.887,12.034,1010930,0
20090706,11.907,11.986,11.562,11.927,950361,0
20090707,11.986,12.211,11.651,11.74,1399246,0
20090708,11.74,12.063,11.533,11.877,1141416,0
20090709,12.034,12.407,11.73,12.368,1218022,0
20090710,12.181,12.496,12.073,12.437,1120280,0
20090713,12.457,12.693,11.976,12.683,1254758,0
20090714,12.967,13.969,12.967,13.823,2877659,0
20090715,13.931,14.717,13.931,14.628,1479285,0
20090716,14.667,15.188,14.55,15.099,893210,0
20090717,14.982,15.502,14.873,15.109,659548,0
20090720,15.158,15.895,14.962,15.689,1062320,0
20090721,15.797,16.368,15.464,15.61,1083505,0
20090722,15.464,16.308,15.464,15.955,771537,0
20090723,16.042,17.329,15.964,16.936,2216165,0
20090724,16.7,17.221,16.318,17.025,960262,0
20090727,17.221,17.634,16.534,17.281,887806,0
20090728,17.281,17.761,16.907,17.065,1475638,0
20090729,17.005,17.329,16.396,16.859,649321,0
20090730,17.162,18.056,17.055,17.693,962235,0
20090731,17.575,18.351,17.575,18.056,715038,0
20090803,18.321,19.146,18.214,19.146,1154378,0
20090804,19.049,19.442,18.577,18.901,1723714,0
20090805,19.343,21.544,18.951,20.905,3952078,0
20090806,20.983,21.141,19.501,19.982,2261828,0
20090807,20.415,21.043,19.805,20.492,1867121,0
20090810,20.386,20.542,19.716,19.992,900129,0
20090811,19.875,19.992,19.196,19.343,1147698,0
20090812,19.315,20.748,19.305,20.462,1622087,0
20090813,20.366,20.669,19.972,20.582,1379510,0
20090814,20.708,20.708,20.07,20.63,992612,0
20090817,19.579,19.815,18.685,19.343,1104030,0
20090818,19.225,20.572,19.225,20.306,1147645,0
20090819,19.845,20.482,19.54,20.06,851139,0
20090820,20.06,20.856,19.875,20.326,998802,0
20090821,20.532,21.897,20.376,21.761,1655810,0
20090824,21.987,22.596,21.78,22.349,1463412,0
20090825,22.339,23.98,22.339,22.762,9786627,0
20090826,22.732,23.117,22.429,22.576,5112388,0
20090827,22.644,22.772,21.426,22.153,2479743,0
20090828,22.251,22.732,21.702,22.359,1512307,0
20090831,22.28,22.28,21.612,21.947,1257202,0
20090901,21.761,22.772,20.65,20.778,1734424,0
20090902,20.728,21.151,20.217,20.256,1551662,0
20090903,20.472,20.63,20.001,20.346,986003,0
20090904,20.602,21.612,20.366,21.436,1223734,0
20090908,21.808,22.329,21.582,21.967,1207813,0
20090909,22.025,22.821,21.534,22.516,1102785,0
20090910,22.457,23.439,22.232,23.126,1147056,0
20090911,23.577,24.079,23.117,23.793,1922964,0
20090914,23.637,24,23.107,23.233,1322899,0
20090915,23.107,23.793,23.097,23.539,1306448,0
20090916,23.764,25.05,23.715,25.041,2159751,0
20090917,24.874,25.798,23.539,23.558,2777364,0
20090918,23.469,23.774,22.899,23.027,3707047,0
20090921,22.732,23.165,22.467,22.546,1260527,0
20090922,22.831,23.381,22.792,23.145,1971877,0
20090923,23.087,23.459,22.673,22.841,2604495,0
20090924,22.899,23.263,21.406,21.582,2454848,0
20090925,21.092,21.878,21.003,21.102,1513176,0
20090928,21.22,22.123,21.053,21.524,1127282,0
20090929,21.751,22.389,21.672,21.957,1391165,0
20090930,22.232,22.439,21.319,22.054,2011930,0
20091001,22.054,22.203,20.699,20.856,2034392,0
20091002,20.415,20.689,19.736,20.178,3158208,0
20091005,20.246,21.269,20.246,21.151,1643202,0
20091006,21.572,22.457,21.319,22.232,2253775,0
20091007,22.339,23.027,22.26,22.831,2428403,0
20091008,23.381,23.99,23.107,23.203,1658832,0
20091009,23.174,23.558,22.772,23.107,1068834,0
20091012,23.519,23.519,22.821,23.097,992834,0
20091013,23.136,23.469,22.703,23.333,917023,0
20091014,23.823,24.363,23.647,24.353,1579194,0
20091015,24.108,24.854,24.108,24.776,1677803,0
20091016,24.53,24.589,24.117,24.53,2046096,0
20091019,24.629,25.11,24.265,24.589,1257104,0
20091020,24.609,24.648,23.617,23.873,2353326,0
20091021,23.637,24.265,22.713,22.811,1677421,0
20091022,22.802,23.853,22.29,23.459,1551799,0
20091023,23.529,23.873,22.29,22.772,1151804,0
20091026,22.88,23.419,21.878,21.977,1648782,0
20091027,21.997,22.339,21.376,21.828,1961505,0
20091028,22.516,23.734,20.955,21.346,3062919,0
20091029,21.937,23.303,21.937,22.831,2752306,0
20091030,22.586,22.851,21.416,21.721,1717950,0
20091102,21.997,22.596,20.482,21.259,3725937,0
20091103,20.955,22.429,20.611,22.223,1961480,0
20091104,22.339,23.067,21.878,21.927,1740081,0
20091105,22.251,23.087,22.073,22.556,1427113,0
20091106,22.27,23.509,22.073,23.136,1656746,0
20091109,23.617,24.029,23.361,23.666,1183026,0
20091110,23.548,24.197,23.273,23.823,876121,0
20091111,24.01,24.609,23.823,23.833,1098900,0
20091112,23.764,24.147,23.233,23.429,1184212,0
20091113,23.469,23.833,22.899,23.41,1154187,0
20091116,23.577,24.069,23.519,24.019,1180565,0
20091117,23.921,24.01,23.499,23.676,1612867,0
20091118,23.489,24.217,23.479,24.147,1177831,0
20091119,23.99,24.461,23.853,24.039,1302097,0
20091120,23.734,23.892,23.361,23.617,707522,0
20091123,24.049,24.55,23.627,23.774,1070697,0
20091124,23.921,23.921,23.203,23.607,473012,0
20091125,23.587,23.853,23.174,23.853,436485,0
20091127,23.027,23.529,22.526,23.037,590830,0
20091130,23.107,23.567,22.841,23.213,848766,0
20091201,23.429,24.609,23.429,24.57,1659151,0
20091202,24.599,25.374,24.599,25.08,2015548,0
20091203,25.336,25.394,24.58,24.658,927028,0
20091204,24.993,25.326,24.658,25.022,1078675,0
20091207,24.993,25.139,24.5,24.57,609065,0
20091208,24.207,24.363,23.803,24.127,1003815,0
20091209,24.137,24.56,23.724,24.334,1179339,0
20091210,24.57,24.57,23.863,23.95,667308,0
20091211,24.177,24.413,23.911,24.314,821948,0
20091214,24.443,24.923,24.217,24.913,386441,0
20091215,24.874,25.297,24.687,25.08,1241678,0
20091216,25.365,26.23,25.05,26.023,1931418,0
20091217,25.336,25.817,24.854,25.748,1540267,0
20091218,25.827,26.131,25.484,26.121,1277142,0
20091221,26.161,26.318,25.523,25.827,967648,0
20091222,25.827,26.033,25.59,25.994,627680,0
20091223,26.033,26.328,25.788,26.033,683052,0
20091224,26.063,26.318,26.014,26.093,153803,0
20091228,26.141,26.24,25.572,25.68,277981,0
20091229,25.748,25.896,25.58,25.67,309551,0
20091230,25.6,25.975,25.414,25.504,505304,0
20091231,25.59,25.59,25.159,25.188,205079,0
20100104,25.336,25.65,25.306,25.553,771925,0
20100105,25.553,25.68,25.041,25.65,711428,0
20100106,25.553,25.896,25.434,25.504,555898,0
20100107,25.572,26.358,25.572,25.935,665265,0
20100108,25.71,26.131,25.67,25.906,462657,0
20100111,26.131,26.131,25.68,25.886,384155,0
20100112,25.68,25.68,25.149,25.218,529879,0
20100113,25.268,25.365,24.874,25.258,406458,0
20100114,25.07,25.258,24.806,25.11,698235,0
20100115,24.894,25.268,24.51,24.796,843368,0
20100119,24.668,25.159,24.589,25.1,401235,0
20100120,24.953,25.022,24.53,24.757,406446,0
20100121,24.786,24.844,23.902,23.921,1114851,0
20100122,23.98,23.98,22.439,22.576,1012805,0
20100125,22.89,23.117,22.163,22.89,627733,0
20100126,22.958,24.088,22.89,23.883,1161811,0
20100127,23.803,25.05,23.381,24.815,1406940,0
20100128,24.815,26.004,24.481,25.159,1944434,0
20100129,25.365,25.798,25.08,25.278,1068029,0
20100201,25.523,25.807,25.003,25.336,533816,0
20100202,25.543,25.955,25.355,25.866,740333,0
20100203,25.67,25.748,24.854,25.003,641839,0
20100204,24.609,24.707,23.479,23.509,1030318,0
20100205,23.391,23.587,22.477,23.401,1432279,0
20100208,23.479,24.069,23.037,23.391,1001758,0
20100209,23.637,24.344,23.371,24.157,880774,0
20100210,23.95,24.353,23.183,24.265,913503,0
20100211,24.245,24.973,23.853,24.737,1360955,0
20100212,24.49,24.864,23.96,24.815,723208,0
20100216,25.748,25.935,25.394,25.925,1470972,0
20100217,24.973,25.297,23.883,24.019,3097252,0
20100218,24.255,24.894,24.079,24.373,1736094,0
20100219,24.344,24.824,24.147,24.776,1768443,0
20100222,23.902,24.443,23.764,24.413,1124238,0
20100223,24.226,24.383,23.548,23.607,1246647,0
20100224,23.676,23.892,23.047,23.744,1012251,0
20100225,23.017,23.323,22.596,22.89,12228655,0
20100226,22.899,23.41,22.792,23.117,3516683,0
20100301,23.233,23.833,23.233,23.833,1815573,0
20100302,23.921,24.019,23.744,23.873,1760685,0
20100303,23.833,24.088,23.597,23.744,1212489,0
20100304,23.744,24.069,23.627,23.931,776772,0
20100305,24.069,24.304,23.823,24.217,904266,0
20100308,24.274,24.363,23.931,24.334,804636,0
20100309,24.187,24.481,23.941,24.265,1234155,0
20100310,24.294,24.58,24.029,24.383,686191,0
20100311,24.344,24.658,24.108,24.471,682314,0
20100312,24.54,24.54,24.157,24.363,785011,0
20100315,24.245,24.461,23.873,24.197,1028017,0
20100316,24.127,24.324,23.97,24.274,990376,0
20100317,24.304,24.453,24.167,24.284,1797204,0
20100318,24.334,24.334,23.666,23.883,986739,0
20100319,23.892,24.127,23.203,23.283,2253647,0
20100322,23.077,23.459,22.929,23.371,1665467,0
20100323,23.333,24.088,23.203,24.069,1370668,0
20100324,24,24.167,23.401,23.676,720585,0
20100325,23.833,23.95,23.263,23.303,674841,0
20100326,23.313,23.666,23.273,23.479,964781,0
20100329,23.744,24.187,23.587,24.039,1141448,0
20100330,24.029,25.278,24.029,24.913,1895216,0
20100331,24.884,25.306,24.678,24.993,1166432,0
20100401,25.248,25.748,25.139,25.72,1607495,0
20100405,25.739,26.338,25.69,26.033,1133893,0
20100406,25.856,26.24,25.62,26.141,1109005,0
20100407,26.141,26.624,26.063,26.288,1677651,0
20100408,26.141,26.474,25.67,26.308,1397927,0
20100409,26.338,26.672,26.023,26.672,1424249,0
20100412,26.672,27.537,26.504,27.241,1480313,0
20100413,27.291,27.614,27.163,27.567,1145253,0
20100414,27.704,28.381,27.605,28.264,1495661,0
20100415,28.283,28.331,27.821,28.255,1754564,0
20100416,28.274,28.529,27.792,28.274,1976315,0
20100419,27.999,28.657,27.93,28.471,1311728,0
20100420,28.577,29.609,28.441,29.374,1888414,0
20100421,29.422,29.511,29.089,29.275,2169198,0
20100422,29.01,30.208,28.577,30.032,2357231,0
20100423,30.121,31.053,30.101,30.916,2157924,0
20100426,30.818,31.829,30.808,30.965,2578472,0
20100427,30.858,30.965,29.187,29.275,2917262,0
20100428,32.389,33.343,31.083,32.625,6194092,0
20100429,33.589,34.767,33.214,33.98,4295808,0
20100430,34.05,35.13,33.922,34.167,2600383,0
20100503,34.256,35.268,34.256,35.239,2480217,0
20100504,34.776,34.776,33.755,34.295,2980681,0
20100505,33.893,34.54,32.802,34.295,2794748,0
20100506,34.01,34.433,30.728,33.293,3299145,0
20100507,32.998,34.236,31.436,31.938,4297835,0
20100510,34.207,35.189,33.893,34.728,2905868,0
20100511,34.207,35.366,33.912,34.54,1470949,0
20100512,34.58,35.936,34.58,35.543,1865607,0
20100513,35.68,36.702,35.219,35.415,1766846,0
20100514,35.013,35.307,33.775,34.138,1437084,0
20100517,34.227,34.659,32.263,33.705,2645280,0
20100518,34.256,34.924,33.038,33.244,2191214,0
20100519,33.195,33.519,31.496,32.331,2979451,0
20100520,31.486,31.486,29.59,29.767,4148748,0
20100521,29.217,30.582,29.098,29.904,3815430,0
20100524,29.688,31.397,29.531,30.425,2184938,0
20100525,29.727,31.161,29.01,30.975,2497157,0
20100526,31.722,33.018,31.436,31.584,2255826,0
20100527,32.675,33.755,32.065,33.705,1434816,0
20100528,33.912,33.912,32.263,32.742,1592828,0
20100601,32.114,33.107,32.094,32.104,1641550,0
20100602,32.173,33.067,32.173,33.028,1428216,0
20100603,32.959,33.383,32.439,33.195,2015656,0
20100604,32.253,33.097,31.231,31.603,2849746,0
20100607,31.928,31.958,30.121,30.198,2038817,0
20100608,30.366,30.71,28.018,28.882,5694380,0
20100609,29.511,30.493,28.971,29.472,3259258,0
20100610,30.091,31.053,29.914,30.916,1673300,0
20100611,30.326,31.958,30.188,31.918,1738648,0
20100614,32.714,32.94,31.918,32.124,1762121,0
20100615,32.449,33.589,32.399,33.469,2652188,0
20100616,33.166,33.942,32.949,33.43,2314288,0
20100617,33.676,33.705,32.409,32.752,1520773,0
20100618,32.752,33.107,32.359,32.516,1610460,0
20100621,33.127,33.402,32.586,32.782,1694842,0
20100622,32.949,33.539,32.027,32.193,1959161,0
20100623,32.065,32.339,30.818,31.486,2386401,0
20100624,31.24,31.682,30.454,30.994,2395516,0
20100625,31.014,31.752,30.848,31.712,2362779,0
20100628,31.809,31.948,31.063,31.682,1048374,0
20100629,31.191,31.201,30.248,30.867,3659106,0
20100630,30.572,30.661,29.118,29.383,2877791,0
20100701,29.472,29.472,27.408,27.782,5117289,0
20100702,28.086,28.086,26.849,27.605,2098029,0
20100706,27.949,28.351,26.899,27.202,3470468,0
20100707,27.448,28.086,26.681,28.086,2412588,0
20100708,28.461,28.735,28.047,28.637,2035362,0
20100709,28.567,29.255,28.519,29.167,841598,0
20100712,28.971,29.187,28.185,28.341,898512,0
20100713,28.765,29.737,28.548,29.551,1181950,0
20100714,29.315,29.629,28.814,29.422,861027,0
20100715,29.481,29.561,28.862,29.491,1141403,0
20100716,29.177,29.275,27.959,28.057,2038976,0
20100719,28.195,28.705,27.841,28.489,938602,0
20100720,28.106,29.727,27.9,29.551,1354270,0
20100721,29.845,30.592,29.069,29.374,1782509,0
20100722,29.952,30.808,29.924,30.592,1580099,0
20100723,30.522,31.612,30.396,31.436,1658191,0
20100726,31.652,32.233,31.436,32.104,978261,0
20100727,32.291,32.301,30.848,30.926,1620345,0
20100728,30.778,31.201,30.218,30.356,1048777,0
20100729,30.502,31.161,30.051,30.848,1140727,0
20100730,30.326,31.436,30.15,30.926,996157,0
20100802,31.574,31.938,31.152,31.702,1456965,0
20100803,31.819,31.819,30.582,30.994,1636510,0
20100804,29.816,29.962,27.734,28.833,5829598,0
20100805,28.784,28.981,28.421,28.489,2455719,0
20100806,28.008,28.245,27.261,27.527,2371580,0
20100809,27.605,28.321,27.537,27.979,1917619,0
20100810,27.664,27.811,27.321,27.497,2054554,0
20100811,26.986,27.025,26.279,26.524,2851077,0
20100812,26.131,26.328,25.523,25.572,2567182,0
20100813,25.494,25.72,25.268,25.287,2463373,0
20100816,25.179,25.68,24.894,25.414,2173134,0
20100817,26.191,26.79,26.083,26.318,3585222,0
20100818,26.653,28.008,26.466,27.989,3396110,0
20100819,27.999,28.145,26.869,27.351,2597801,0
20100820,27.231,27.527,26.966,27.418,1615027,0
20100823,27.654,27.999,27.467,27.487,1924024,0
20100824,26.839,27.547,26.259,27.231,3014781,0
20100825,26.653,27.408,26.279,27.261,2364742,0
20100826,27.398,27.674,26.917,26.966,1555329,0
20100827,27.231,27.999,26.72,27.644,1777528,0
20100830,27.477,27.743,26.849,26.849,1105110,0
20100831,26.662,27.408,26.574,26.72,2031934,0
20100901,27.271,27.321,25.984,26.524,5287035,0
20100902,26.614,27.271,26.594,27.065,5019718,0
20100903,27.684,27.802,26.926,27.311,2579385,0
20100907,27.163,27.211,25.856,25.945,2729154,0
20100908,26.053,26.407,25.444,25.514,2507857,0
20100909,25.896,26.23,25.238,25.326,2114158,0
20100910,25.336,25.553,25.149,25.355,1486976,0
20100913,25.788,26.23,25.66,26.131,1336811,0
20100914,26.073,26.093,25.7,25.856,1266909,0
20100915,25.768,25.768,25.05,25.05,2231533,0
20100916,24.933,25.297,24.363,24.56,2413994,0
20100917,24.629,24.658,24.019,24.324,2340463,0
20100920,23.724,23.823,22.644,23.293,5158379,0
20100921,23.647,24.373,23.489,24.137,6265458,0
20100922,23.97,24.039,23.803,23.941,2684735,0
20100923,23.793,24.52,23.558,24.265,2812627,0
20100924,24.599,25.003,24.265,24.973,1678996,0
20100927,24.854,25.238,24.383,24.923,1532439,0
20100928,24.933,25.07,24.443,24.953,1791443,0
20100929,24.904,25.248,24.824,24.904,2079764,0
20100930,25.003,25.268,24.589,25.179,2084473,0
20101001,25.424,25.846,25.355,25.464,2540812,0
20101004,25.346,25.906,25.188,25.807,2416604,0
20101005,26.033,27.016,26.033,26.976,2616432,0
20101006,26.966,27.341,26.75,27.331,1940290,0
20101007,27.398,27.438,26.976,27.085,972790,0
20101008,26.917,27.351,26.909,27.153,682264,0
20101011,27.183,27.271,26.926,27.251,726913,0
20101012,26.504,27.271,26.407,27.221,2624104,0
20101013,27.311,27.487,27.135,27.261,962763,0
20101014,27.301,27.311,26.23,26.387,2109329,0
20101015,26.504,26.644,25.798,26.554,1476634,0
20101018,26.614,26.966,26.446,26.81,1309937,0
20101019,26.504,27.163,26.417,26.524,1230091,0
20101020,26.634,27.379,26.437,27.183,1101668,0
20101021,27.261,28.686,27.144,27.467,2315591,0
20101022,27.586,28.145,27.311,28.037,1252799,0
20101025,28.245,28.765,28.245,28.293,1333709,0
20101026,28.096,28.302,27.644,27.704,1476136,0
20101027,26.644,27.025,25.788,26.926,5368096,0
20101028,27.035,27.105,26.338,26.869,2259508,0
20101029,26.644,26.8,26.378,26.564,1482638,0
20101101,26.82,27.341,26.78,26.926,1590344,0
20101102,27.163,27.163,26.584,26.78,1515292,0
20101103,26.839,26.869,26.338,26.7,1614927,0
20101104,26.946,27.802,26.839,27.684,1258424,0
20101105,27.714,28.882,27.704,27.949,1326882,0
20101108,27.772,28.421,27.644,27.86,842402,0
20101109,27.93,28.165,26.8,26.976,1488716,0
20101110,26.926,27.537,26.634,27.428,1490667,0
20101111,27.125,27.605,26.83,27.173,1438216,0
20101112,26.926,27.135,26.624,26.936,1524227,0
20101115,26.976,27.351,26.72,27.221,1439969,0
20101116,26.936,27.86,26.073,26.417,2163451,0
20101117,26.524,26.524,25.935,26.043,1190271,0
20101118,26.318,26.466,25.778,25.866,1495295,0
20101119,25.886,25.955,25.61,25.916,1052256,0
20101122,25.837,26.023,25.572,25.906,1275352,0
20101123,25.62,25.807,25.09,25.139,2035610,0
20101124,25.374,26.083,25.374,26.033,992944,0
20101126,25.876,26.151,25.739,25.945,308781,0
20101129,25.827,25.837,25.454,25.739,891095,0
20101130,25.494,26.112,25.355,25.846,884194,0
20101201,26.259,27.291,26.131,27.211,1663754,0
20101202,27.193,27.969,27.016,27.37,2280540,0
20101203,27.211,27.241,26.74,26.909,1064602,0
20101206,26.917,27.388,26.653,27.241,787141,0
20101207,27.605,27.752,27.281,27.507,1434136,0
20101208,27.477,28.321,27.408,28.264,1236133,0
20101209,28.155,28.441,27.586,28.018,2042392,0
20101210,27.949,28.411,27.782,28.245,842979,0
20101213,28.48,28.765,28.283,28.567,1414282,0
20101214,28.607,28.765,28.225,28.696,1026404,0
20101215,28.548,29.069,28.548,28.745,912537,0
20101216,28.725,29.285,28.725,29.197,1232647,0
20101217,29.255,30.366,29.128,29.747,2364253,0
20101220,30.022,30.316,29.767,30.258,1576443,0
20101221,30.396,30.728,30.091,30.671,1062740,0
20101222,30.738,31.014,30.582,30.975,1004831,0
20101223,31.024,31.024,30.758,30.886,687349,0
20101227,30.582,31.024,30.474,30.955,645105,0
20101228,30.945,30.984,30.612,30.848,317520,0
20101229,30.926,30.926,30.641,30.7,439517,0
20101230,30.718,30.867,30.386,30.542,398149,0
20101231,30.632,30.994,30.542,30.602,471914,0
20110103,30.7,31.004,30.131,30.512,1552377,0
20110104,30.484,30.858,29.796,30.091,1533044,0
20110105,30.032,30.454,29.962,30.111,833401,0
20110106,30.198,31.024,30.101,30.896,1294290,0
20110107,30.838,31.397,30.502,30.867,1307401,0
20110110,30.718,31.24,30.641,31.122,1386531,0
20110111,31.259,31.436,30.896,31.201,1083099,0
20110112,31.407,32.369,31.309,32.331,2162361,0
20110113,32.321,32.499,31.878,32.419,1418305,0
20110114,32.311,32.675,32.104,32.625,1550303,0
20110118,32.349,32.439,31.712,32.233,1140702,0
20110119,32.114,32.193,31.289,31.387,1145115,0
20110120,31.191,31.603,30.858,31.397,1300499,0
20110121,31.662,31.752,30.671,30.926,813468,0
20110124,31.053,32.223,30.955,32.163,978278,0
20110125,32.007,32.213,31.426,31.772,943388,0
20110126,31.848,32.94,31.565,32.782,1261378,0
20110127,32.625,33.195,32.576,33.147,1362361,0
20110128,33.058,33.489,32.419,32.526,1119088,0
20110131,32.752,33.018,32.499,32.881,980933,0
20110201,33.353,33.853,33.253,33.439,1210458,0
20110202,33.412,33.599,33.303,33.363,798848,0
20110203,33.333,33.333,32.625,33.175,751217,0
20110204,33.263,33.539,32.665,33.107,957757,0
20110207,33.293,33.932,33.204,33.843,1307061,0
20110208,33.873,34.423,33.785,34.413,1259372,0
20110209,34.276,34.973,33.893,34.699,1180036,0
20110210,34.473,34.473,33.705,33.902,1147017,0
20110211,33.814,33.932,33.097,33.725,1570585,0
20110214,33.686,33.922,33.393,33.902,1051352,0
20110215,33.676,34.119,33.234,33.273,1267326,0
20110216,34.796,36.368,34.757,35.799,5146522,0
20110218,36.82,37.036,36.535,36.82,901771,0
20110222,35.249,36.624,34.954,35.906,2047925,0
20110223,35.896,36.172,34.53,35.229,1783842,0
20110224,35.17,35.425,33.922,34.54,1269388,0
20110225,34.767,35.15,34.473,34.737,1208934,0
20110228,35.1,35.563,34.737,35.1,1199361,0
20110301,35.336,35.366,33.755,33.883,1086967,0
20110302,33.883,34.521,33.853,34.138,623459,0
20110303,34.511,35.219,34.393,35.052,746255,0
20110304,34.914,35.071,34.266,34.796,775338,0
20110307,34.885,35.08,33.952,34.295,651398,0
20110308,34.354,35.445,34.325,35.386,1433559,0
20110309,35.386,36.083,34.934,35.809,1178936,0
20110310,35.229,35.229,34.138,34.167,838613,0
20110311,34.04,34.728,34.03,34.177,1474935,0
20110314,33.843,33.883,33.107,33.373,1867038,0
20110315,32.253,33.412,32.065,33.224,1378528,0
20110316,33.166,33.273,32.556,32.792,917787,0
20110317,33.499,33.499,32.665,32.742,727447,0
20110318,33.323,33.499,33.008,33.393,1545066,0
20110321,33.795,33.893,33.393,33.489,818061,0
20110322,33.469,33.549,33.038,33.323,678619,0
20110323,34.54,35.316,34.06,34.816,2053347,0
20110324,35.229,35.249,33.795,33.961,1643211,0
20110325,34.207,34.315,33.657,34,891940,0
20110328,34.138,34.747,33.98,34.089,862229,0
20110329,34.03,34.473,33.912,34.325,550903,0
20110330,34.473,35.307,34.373,35.052,1259503,0
20110331,35.18,35.602,35.052,35.356,1623155,0
20110401,35.563,36.132,35.494,35.75,1264280,0
20110404,35.946,35.976,35.484,35.73,788841,0
20110405,35.563,36.26,35.454,35.769,938521,0
20110406,36.044,36.074,35.425,35.66,469079,0
20110407,35.71,36.564,35.563,36.427,1321044,0
20110408,36.516,36.644,35.828,36.142,1309135,0
20110411,36.29,36.644,36.152,36.349,1015813,0
20110412,36.014,36.25,35.67,36.014,872688,0
20110413,36.231,36.349,35.63,36.211,1040076,0
20110414,36.064,36.683,35.866,36.397,1023519,0
20110415,36.427,36.476,36.014,36.103,1226743,0
20110418,35.612,36.103,35.553,35.848,1229622,0
20110419,36.191,36.476,35.876,36.28,1023231,0
20110420,36.77,36.78,36.083,36.162,988974,0
20110421,36.368,36.673,36.142,36.644,947015,0
20110425,36.634,37.222,36.368,36.407,1213236,0
20110426,36.731,36.947,36.309,36.397,1790978,0
20110427,34.521,37.714,34.295,37.371,4802662,0
20110428,37.184,38.186,37.184,37.281,1889072,0
20110429,37.391,37.704,37.016,37.174,1021184,0
20110502,37.281,37.497,36.702,36.986,1136732,0
20110503,35.946,36.397,35.856,36.211,3414193,0
20110504,36.201,36.201,35.278,35.553,1498303,0
20110505,35.209,36.29,35.1,36.014,1754619,0
20110506,36.339,36.397,35.789,35.986,1160514,0
20110509,36.034,36.162,35.799,35.986,733236,0
20110510,36.103,36.231,35.779,36.074,1182760,0
20110511,35.986,36.064,35.366,35.494,1109132,0
20110512,35.445,36.25,35.209,35.66,1171396,0
20110513,35.68,35.789,34.845,35.043,807708,0
20110516,34.806,34.944,33.873,33.902,2011703,0
20110517,33.725,33.795,32.695,33.449,1893376,0
20110518,33.519,34.393,33.373,34.246,2260407,0
20110519,34.403,34.699,33.952,34.463,788157,0
20110520,34.295,35.13,34.246,34.699,1552539,0
20110523,34.099,34.383,33.912,34.197,1255642,0
20110524,34.345,34.413,33.873,34.217,864714,0
20110525,34.129,35.405,34.06,34.776,1793861,0
20110526,34.639,35.219,34.511,35.13,1012887,0
20110527,35.259,36.407,35.259,36.349,1672882,0
20110531,36.84,37.93,36.741,37.527,2593347,0
20110601,37.331,37.459,36.76,36.996,1794978,0
20110602,36.937,37.193,36.329,36.397,1353879,0
20110603,35.956,36.516,35.866,35.995,1299222,0
20110606,35.966,36.172,35.779,35.886,1451289,0
20110607,36.093,36.427,35.876,35.906,929690,0
20110608,35.789,36.074,35.76,35.986,1812106,0
20110609,35.926,36.152,35.779,35.956,1679513,0
20110610,35.848,36.201,35.071,35.316,1775763,0
20110613,35.484,35.896,35.376,35.7,838730,0
20110614,36.074,36.654,36.004,36.486,1875474,0
20110615,36.074,36.299,35.622,35.72,1019973,0
20110616,35.68,35.995,35.17,35.563,1229405,0
20110617,35.866,36.397,35.7,36.152,1885177,0
20110620,36.113,36.624,35.779,36.447,877432,0
20110621,36.741,37.203,36.476,37.046,1164315,0
20110622,36.86,37.301,36.172,36.221,1392951,0
20110623,35.769,36.673,35.376,36.664,1738685,0
20110624,36.683,36.91,35.848,36.024,1963149,0
20110627,35.986,36.221,35.65,35.966,870268,0
20110628,36.024,36.496,35.856,36.231,989856,0
20110629,36.349,36.702,36.024,36.319,944883,0
20110630,36.544,37.291,36.397,36.693,1370956,0
20110701,36.82,37.664,36.77,37.577,1261132,0
20110705,37.577,38.255,37.321,37.832,1648824,0
20110706,36.947,37.468,36.722,36.81,1785402,0
20110707,37.125,37.361,36.89,36.929,1113137,0
20110708,36.693,37.203,36.457,36.634,1625788,0
20110711,36.142,36.388,35.445,35.69,1378047,0
20110712,35.543,36.093,35.249,35.336,1395745,0
20110713,35.612,36.26,35.514,35.573,1243992,0
20110714,35.583,35.976,35.14,35.259,901847,0
20110715,35.524,35.563,34.904,35.209,973369,0
20110718,34.954,35.052,34.383,34.718,1270605,0
20110719,34.904,35.484,34.904,35.268,1449375,0
20110720,35.445,35.445,34.56,34.973,1535493,0
20110721,35.209,35.454,35.043,35.307,1744930,0
20110722,35.405,35.405,34.737,35.346,728230,0
20110725,35.583,36.309,35.249,35.71,1465015,0
20110726,35.65,35.65,35.229,35.307,1016589,0
20110727,35.062,35.229,34.689,34.718,1325134,0
20110728,34.767,35.435,34.236,34.315,923424,0
20110729,33.99,35.268,33.883,34.954,1538178,0
20110801,35.366,35.524,34.04,34.924,1450309,0
20110802,35.13,35.563,33.402,33.509,2021378,0
20110803,33.647,33.745,29.992,30.307,7803590,0
20110804,30.111,30.552,28.567,28.843,6222652,0
20110805,29.138,29.207,27.448,27.93,5029621,0
20110808,26.917,27.125,26.063,26.466,6139365,0
20110809,26.889,27.388,25.041,26.466,5890607,0
20110810,25.925,26.397,25.306,25.384,5060636,0
20110811,25.562,27.487,25.384,27.095,3394551,0
20110812,27.428,28.381,27.183,28.264,3165626,0
20110815,28.341,28.941,28.321,28.922,1390522,0
20110816,28.657,29.177,27.724,27.959,2107375,0
20110817,28.067,28.489,27.271,27.557,1275316,0
20110818,26.624,26.72,25.218,25.464,1564506,0
20110819,25.08,25.6,24.274,24.471,1521024,0
20110822,25.012,25.149,24.274,24.49,1582780,0
20110823,24.668,25.454,24.304,25.384,2140453,0
20110824,25.384,26.76,25.248,26.644,1320091,0
20110825,26.75,27.221,25.916,26.171,1338363,0
20110826,26.063,27.527,25.827,27.438,2547761,0
20110829,27.821,28.106,27.507,28.086,1483384,0
20110830,27.88,28.587,27.507,28.421,1424469,0
20110831,28.381,28.912,28.185,28.548,1447598,0
20110901,28.696,29.03,27.065,27.153,1676819,0
20110902,26.23,26.524,25.384,25.543,1276247,0
20110906,24.963,26.141,24.963,25.856,2127402,0
20110907,26.328,27.193,26.308,27.025,1217081,0
20110908,26.82,27.016,25.955,26.151,775674,0
20110909,25.856,26.063,25.012,25.384,1172703,0
20110912,24.973,25.58,24.433,25.543,1616825,0
20110913,25.562,25.66,25.05,25.306,1534313,0
20110914,25.553,26.112,24.913,25.778,1552780,0
20110915,26.112,26.534,25.876,26.456,1174482,0
20110916,26.554,26.77,26.014,26.259,1606771,0
20110919,25.788,26.103,25.306,25.846,965589,0
20110920,25.846,26.063,24.717,24.796,933689,0
20110921,24.668,24.806,22.978,22.988,2017916,0
20110922,22.242,22.329,21.19,21.544,2306469,0
20110923,21.572,22.349,21.466,21.838,1655949,0
20110926,22.045,22.722,21.426,22.713,1152358,0
20110927,23.174,23.911,22.851,23.037,1757879,0
20110928,23.037,23.107,21.957,21.987,1262635,0
20110929,22.457,22.762,21.553,22.103,1344809,0
20110930,21.78,21.808,21.279,21.299,1408295,0
20111003,21.141,21.544,20.188,20.188,1321813,0
20111004,19.716,21.151,18.341,21.033,2844211,0
20111005,21.141,22.163,20.788,22.153,2471946,0
20111006,22.045,23.213,21.937,23.183,1218785,0
20111007,23.203,23.41,21.682,22.093,1878069,0
20111010,22.232,22.359,21.337,21.997,2181002,0
20111011,22.123,22.802,21.788,22.073,2509346,0
20111012,22.27,22.644,21.711,22.506,4639492,0
20111013,22.467,23.145,22.329,23.087,2027126,0
20111014,23.313,24.088,23.193,23.95,1208063,0
20111017,23.695,24.029,22.861,22.978,1126924,0
20111018,22.988,24.609,22.496,24.187,2437232,0
20111019,24.117,25.11,24.117,24.57,2415921,0
20111020,24.57,24.717,23.469,24.177,1984427,0
20111021,24.648,25.09,24.49,24.806,2149939,0
20111024,24.904,25.817,24.707,25.414,2111566,0
20111025,25.316,25.346,24.373,24.423,2645681,0
20111026,24.393,26.889,24.029,26.76,4763505,0
20111027,28.274,30.738,27.624,29.197,4126682,0
20111028,28.971,29.226,28.489,28.951,1345455,0
20111031,28.489,28.617,27.88,27.88,1572144,0
20111101,27.025,27.193,25.64,26.534,2369940,0
20111102,27.115,27.724,26.7,27.125,976542,0
20111103,27.398,28.145,27.163,28.028,1532311,0
20111104,27.959,28.567,27.714,28.351,1890348,0
20111107,28.421,29.245,27.821,29.001,2404136,0
20111108,29.275,29.432,28.235,28.951,954100,0
20111109,27.999,28.331,27.361,27.507,1445893,0
20111110,27.999,28.255,27.557,27.752,953331,0
20111111,28.215,28.745,28.028,28.431,1213113,0
20111114,28.341,28.667,28.165,28.381,1017496,0
20111115,28.283,29.177,28.076,28.931,934069,0
20111116,28.577,29.098,28.067,28.135,1012686,0
20111117,28.116,28.321,27.202,27.576,1729500,0
20111118,27.9,27.999,27.37,27.614,874876,0
20111121,27.125,27.125,26.407,26.73,1181949,0
20111122,26.614,26.946,25.866,25.975,1194240,0
20111123,25.64,25.876,25.365,25.543,1229389,0
20111125,25.514,25.965,25.394,25.424,336875,0
20111128,26.466,27.144,25.984,26.24,1291313,0
20111129,26.544,26.681,26.004,26.23,1168453,0
20111130,27.321,28.245,27.016,28.195,1593635,0
20111201,28.037,29.079,27.595,28.548,2218301,0
20111202,28.872,29.108,28.431,28.647,1441513,0
20111205,29.148,29.335,28.509,28.794,897985,0
20111206,28.696,29.039,28.264,28.471,645685,0
20111207,28.255,28.872,27.999,28.676,716378,0
20111208,28.451,28.676,26.946,27.085,1298321,0
20111209,27.361,27.664,26.996,27.654,1456690,0
20111212,27.311,27.311,26.338,26.484,1554802,0
20111213,26.624,26.917,25.09,25.543,1824761,0
20111214,25.355,25.562,24.255,24.294,1873878,0
20111215,24.648,25.06,24.638,24.854,2060017,0
20111216,25.06,25.62,25.05,25.514,2111747,0
20111219,25.65,26.043,25.474,25.553,1769960,0
20111220,25.788,27.173,25.788,27.016,2509170,0
20111221,27.163,27.595,26.72,27.517,1836469,0
20111222,27.557,28.037,27.388,27.772,1388448,0
20111223,27.89,27.93,27.428,27.714,635114,0
20111227,27.557,27.92,27.311,27.576,716501,0
20111228,27.624,27.624,26.514,26.574,898403,0
20111229,26.73,28.745,26.672,28.48,1911251,0
20111230,28.371,28.794,28.195,28.215,983220,0
20120103,29.059,29.698,28.981,29.01,1749335,0
20120104,28.951,29.835,28.804,29.531,1107297,0
20120105,29.236,30.828,28.872,30.71,2288146,0
20120106,30.71,31.269,30.277,30.788,1363297,0
20120109,30.876,31.476,30.356,31.387,1800610,0
20120110,32.144,32.586,31.211,31.358,2162955,0
20120111,31.201,31.829,31.112,31.525,1363127,0
20120112,31.545,31.642,31.25,31.516,1407694,0
20120113,31.259,31.535,30.994,31.279,1302807,0
20120117,31.436,31.584,31.093,31.397,995925,0
20120118,31.387,32.655,31.112,32.546,1357064,0
20120119,32.704,33.647,32.566,33.353,2083085,0
20120120,33.127,33.263,32.084,32.349,1234361,0
20120123,32.469,33.204,32.389,33.008,1801249,0
20120124,32.596,33.439,32.526,33.343,1215193,0
20120125,33.283,34.364,32.762,34.207,2152059,0
20120126,34.383,35.14,33.775,34.256,2475783,0
20120127,34.089,34.256,33.843,34.167,871299,0
20120130,33.676,33.795,33.117,33.234,1508281,0
20120131,33.569,33.725,32.655,33.156,1372946,0
20120201,33.421,33.609,32.959,33.137,1736608,0
20120202,33.234,33.569,33.028,33.214,1047912,0
20120203,33.893,34.158,33.579,34,2456821,0
20120206,33.686,34.364,33.657,34.04,853352,0
20120207,33.834,34.393,33.657,33.902,1348298,0
20120208,33.509,33.922,33.107,33.627,2624889,0
20120209,33.695,34.629,33.529,34.364,2164689,0
20120210,33.834,33.883,33.008,33.253,1799148,0
20120213,33.637,33.952,33.067,33.559,1448430,0
20120214,33.253,33.253,31.446,31.908,3931052,0
20120215,29.962,31.652,29.472,29.895,8057512,0
20120216,29.796,30.522,29.481,30.512,4207470,0
20120217,30.532,31.584,30.474,30.945,2520121,0
20120221,30.975,31.928,30.945,31.142,2337874,0
20120222,31.279,31.603,30.994,31.171,2274246,0
20120223,31.201,31.525,30.778,30.848,3260600,0
20120224,31.093,31.201,30.316,30.356,1317796,0
20120227,30.032,32.037,29.934,31.555,2819978,0
20120228,31.436,31.838,31.171,31.603,1787891,0
20120229,31.612,31.819,31.053,31.093,2469547,0
20120301,31.181,31.535,30.612,30.896,2162152,0
20120302,30.778,30.876,29.914,30.17,1790449,0
20120305,30.178,30.838,29.982,30.7,2294142,0
20120306,30.101,30.297,29.472,29.688,1536170,0
20120307,29.895,31.171,29.796,30.975,1777227,0
20120308,31.161,32.742,31.132,31.928,3747369,0
20120309,31.928,33.244,31.928,32.832,2716162,0
20120312,32.704,33.893,32.695,33.863,3045504,0
20120313,34.04,35.396,33.863,35.346,3383823,0
20120314,35.405,35.916,35.16,35.415,2970922,0
20120315,35.326,36.417,34.973,36.329,2449063,0
20120316,36.329,36.664,36.142,36.26,3031061,0
20120319,36.986,37.331,36.034,36.211,2491807,0
20120320,35.906,35.966,34.993,35.856,2101815,0
20120321,36.132,37.046,36.074,36.388,2615951,0
20120322,35.946,36.25,35.288,35.396,2936624,0
20120323,34.944,35.425,34.393,35.18,2932354,0
20120326,35.612,35.956,35.17,35.74,1165117,0
20120327,35.866,36.476,35.7,35.75,1597320,0
20120328,35.612,35.71,34.816,35.464,1044566,0
20120329,35.023,35.12,34.187,35.08,1213056,0
20120330,35.553,35.809,35.14,35.396,1358572,0
20120402,35.13,35.219,34.227,34.423,3051155,0
20120403,34.433,34.796,33.599,34,1551451,0
20120404,33.657,34.286,33.293,34.01,2397845,0
20120405,33.814,34.433,33.755,34.187,913339,0
20120409,33.618,33.883,33.353,33.755,1226964,0
20120410,33.667,33.942,32.037,32.124,2623694,0
20120411,32.704,33.609,32.704,33.273,2546129,0
20120412,33.323,34.845,33.147,34.01,2274066,0
20120413,33.932,33.932,33.127,33.627,1570358,0
20120416,33.863,34.089,33.097,33.647,1916910,0
20120417,33.863,34.246,33.618,34,1117829,0
20120418,33.785,33.902,33.117,33.303,1051539,0
20120419,33.323,33.449,32.272,32.832,2095167,0
20120420,33.147,33.519,32.724,33.204,1145014,0
20120423,32.772,32.959,32.193,32.862,2102546,0
20120424,33.067,34.03,32.959,33.942,2218681,0
20120425,31.407,33.127,30.858,32.762,9584777,0
20120426,32.812,34.01,32.733,33.883,2926195,0
20120427,34.05,35.17,33.873,35.12,2145588,0
20120430,34.885,34.885,33.519,33.745,2210464,0
20120501,33.785,34.403,33.676,33.795,1901747,0
20120502,33.657,35.071,33.657,34.835,2244456,0
20120503,34.767,34.944,33.952,34.158,1565627,0
20120504,33.863,34.079,32.949,33.253,1365793,0
20120507,33.028,34,33.028,33.676,1291512,0
20120508,33.353,33.383,32.193,32.852,1546600,0
20120509,32.359,32.822,31.682,32.489,2092077,0
20120510,32.872,33.293,32.311,32.566,1534483,0
20120511,32.223,33.263,32.084,32.772,893089,0
20120514,32.243,32.429,31.24,31.407,1896786,0
20120515,31.407,31.752,30.808,31.093,1956043,0
20120516,31.416,31.632,30.238,30.307,2424297,0
20120517,30.522,30.542,28.155,28.302,3322920,0
20120518,28.637,28.637,27.752,27.87,3755696,0
20120521,27.831,28.557,27.428,28.235,4440041,0
20120522,28.274,29.531,28.175,28.912,3229502,0
20120523,28.489,29.737,28.381,29.581,2583341,0
20120524,29.571,30.218,29.561,30.111,2013695,0
20120525,30.061,30.208,29.707,30.032,1336820,0
20120529,30.435,31.584,30.435,31.368,2069024,0
20120530,30.876,30.876,29.865,30.178,1555364,0
20120531,30.502,30.532,29.138,30.316,1813426,0
20120601,29.325,29.432,27.734,27.802,3731508,0
20120604,27.841,27.969,26.368,26.524,4884252,0
20120605,26.368,27.576,26.368,27.507,1914330,0
20120606,27.821,28.441,27.311,27.724,3190475,0
20120607,28.361,28.765,27.567,28.441,3207739,0
20120608,28.852,29.001,28.018,28.961,2472966,0
20120611,29.01,29.098,27.125,27.135,3882117,0
20120612,27.251,27.605,26.74,26.909,3888472,0
20120613,26.956,27.408,26.004,26.22,3161763,0
20120614,26.22,27.251,26.053,27.183,2741221,0
20120615,27.341,27.694,26.926,27.694,2795894,0
20120618,27.408,28.391,27.321,28.235,2390387,0
20120619,28.557,29.345,28.509,29.01,2677797,0
20120620,28.981,29.59,28.725,29.098,2145667,0
20120621,29.001,29.118,27.458,27.743,3478550,0
20120622,27.89,28.037,27.075,27.261,2610683,0
20120625,26.936,27.025,26.318,26.514,2445728,0
20120626,26.514,26.909,26.181,26.77,4706881,0
20120627,26.72,27.301,25.896,26.427,3586112,0
20120628,26.201,26.917,26.093,26.869,4332686,0
20120629,27.734,28.037,27.183,28.037,3492682,0
20120702,28.106,28.331,27.379,28.225,2215010,0
20120703,28.225,29.069,28.225,28.755,1206775,0
20120705,28.667,29.108,28.489,28.794,1454296,0
20120706,28.274,28.686,28.125,28.519,1447715,0
20120709,28.431,28.431,27.782,28.302,1459226,0
20120710,28.548,28.823,27.831,28.028,2001006,0
20120711,27.792,27.841,27.211,27.527,2012237,0
20120712,27.144,27.86,26.889,27.634,1700765,0
20120713,27.772,28.057,27.557,27.93,1317614,0
20120716,27.811,27.811,27.065,27.507,1331342,0
20120717,27.684,28.076,27.261,28.008,1340311,0
20120718,27.86,28.892,27.714,28.567,1473281,0
20120719,28.735,29.059,28.245,28.775,2118258,0
20120720,28.48,28.667,27.614,27.734,1614653,0
20120723,26.966,27.664,26.899,27.251,1697977,0
20120724,27.301,27.408,26.76,27.183,1617967,0
20120725,27.438,27.557,25.59,25.67,2702290,0
20120726,26.161,26.378,25.248,26.328,3550973,0
20120727,26.514,27.115,25.817,26.869,3092946,0
20120730,26.81,26.996,25.935,26.308,1751970,0
20120731,25.975,27.438,25.788,26.387,3244262,0
20120801,25.533,28.341,25.316,27.006,6875434,0
20120802,26.22,28.274,25.984,27.752,3662687,0
20120803,28.205,29.865,28.205,29.039,3367373,0
20120806,29.265,29.571,28.637,29.02,1804786,0
20120807,29.325,29.982,28.814,29.776,1789172,0
20120808,29.668,30.002,29.315,29.59,1492978,0
20120809,29.648,30.258,29.531,30.111,1521795,0
20120810,29.895,30.061,29.226,29.325,1514902,0
20120813,29.452,29.727,29.245,29.531,1735777,0
20120814,29.776,30.17,29.207,29.531,1611367,0
20120815,29.581,29.609,29.217,29.462,1088446,0
20120816,29.472,30.444,29.098,30.366,2481969,0
20120817,30.828,31.181,30.178,30.848,2082530,0
20120820,31.142,31.368,30.454,31.329,2032301,0
20120821,31.378,31.928,30.975,31.152,1713294,0
20120822,31.152,31.565,30.728,30.984,1159496,0
20120823,31.211,31.632,30.965,31.436,1978974,0
20120824,31.319,32.89,31.319,32.596,3277981,0
20120827,32.625,32.782,32.074,32.203,2612473,0
20120828,32.263,32.704,32.037,32.419,1804127,0
20120829,32.469,32.812,32.065,32.576,1650252,0
20120830,32.243,32.449,31.838,31.878,1382516,0
20120831,32.331,33.244,32.301,32.772,1899543,0
20120904,32.872,33.077,32.389,32.714,3447431,0
20120905,32.802,32.842,31.967,32.339,2067550,0
20120906,32.714,32.872,32.419,32.596,2042653,0
20120907,32.89,33.383,32.742,33.156,1631961,0
20120910,33.117,33.883,32.998,33.204,1746011,0
20120911,33.303,33.676,33.117,33.204,1162032,0
20120912,33.814,33.843,33.067,33.373,1324696,0
20120913,32.9,33.569,31.858,32.94,4104908,0
20120914,33.077,34.315,33.058,34.158,3903231,0
20120917,34,34,32.655,32.832,2139674,0
20120918,32.802,32.89,32.349,32.762,2156089,0
20120919,32.872,33.479,32.812,33.273,1938841,0
20120920,33.853,35.023,33.627,34.502,3502053,0
20120921,34.885,35.346,34.699,35.043,2992822,0
20120924,34.737,35.209,34.53,34.826,1885861,0
20120925,34.895,35.071,33.785,33.785,1575245,0
20120926,33.715,33.765,32.339,32.812,1867780,0
20120927,32.969,33.735,32.369,33.559,1336662,0
20120928,33.204,33.323,32.546,32.872,1284177,0
20121001,32.379,33.244,32.321,32.802,1512911,0
20121002,33.058,33.353,32.852,33.107,1172158,0
20121003,33.313,34.383,33.117,33.873,1482300,0
20121004,33.519,33.795,33.185,33.618,1631743,0
20121005,33.873,34.55,33.775,33.922,1432229,0
20121008,33.725,33.765,33.107,33.353,780655,0
20121009,30.238,31.073,29.325,30.572,10727213,0
20121010,30.101,30.444,29.541,29.678,3209714,0
20121011,29.904,30.258,28.961,29.108,2671611,0
20121012,29.098,29.422,29.03,29.422,2244817,0
20121015,29.531,30.307,29.393,30.15,1947158,0
20121016,30.15,30.748,30.121,30.641,1219098,0
20121017,32.645,32.812,31.103,31.231,2469938,0
20121018,31.024,31.868,30.661,31.565,1154399,0
20121019,31.466,31.928,31.171,31.692,1335644,0
20121022,31.603,32.359,31.348,31.8,1361109,0
20121023,31.416,31.948,30.926,31.772,2171811,0
20121024,31.908,33.489,31.436,31.692,2587810,0
20121025,32.183,32.183,30.316,30.415,2663518,0
20121026,30.552,31.073,30.415,30.886,2644111,0
20121031,32.429,33.922,32.321,32.998,3945615,0
20121101,33.117,33.843,33.008,33.469,3591836,0
20121102,33.745,34.246,33.273,33.293,1854712,0
20121105,33.008,34.079,32.822,33.932,2666940,0
20121106,34.276,34.58,33.834,34.236,2869412,0
20121107,33.469,34.109,33.077,33.725,1440894,0
20121108,33.705,33.893,32.704,33.038,1729062,0
20121109,32.93,33.283,32.173,32.862,2274599,0
20121112,33.067,33.519,32.233,32.459,1357518,0
20121113,32.439,32.91,32.243,32.439,1711988,0
20121114,32.695,32.872,31.476,31.574,1612733,0
20121115,31.466,31.928,30.671,31.171,2115702,0
20121116,31.299,31.732,30.926,31.612,1066987,0
20121119,32.094,32.978,31.938,32.114,1128646,0
20121120,32.223,32.842,32.114,32.685,1259913,0
20121121,32.742,33.449,32.566,32.782,957457,0
20121123,33.048,33.353,32.9,33.077,393578,0
20121126,32.94,33.273,32.566,32.842,1169143,0
20121127,32.665,33.234,32.516,33.028,1726325,0
20121128,32.881,33.402,32.566,33.293,1224788,0
20121129,33.421,34.383,33.323,33.745,1632229,0
20121130,33.755,34.177,33.393,33.971,1330364,0
20121203,34.129,34.295,33.647,33.98,1783698,0
20121204,34.119,34.236,33.373,33.804,871020,0
20121205,33.843,33.98,32.596,33.067,1292195,0
20121206,32.998,33.263,32.223,33.137,1333804,0
20121207,33.175,33.519,32.852,32.998,1070811,0
20121210,33.028,34.099,32.988,33.519,1500795,0
20121211,33.912,33.922,33.499,33.657,1111783,0
20121212,33.942,34.757,33.765,34.473,1670159,0
20121213,34.53,35.346,34.433,34.679,2126208,0
20121214,34.6,35.033,34.383,34.993,1001891,0
20121217,35.239,36.074,35.023,36.004,2466709,0
20121218,36.103,36.76,36.024,36.339,1947278,0
20121219,36.388,36.437,35.779,36.319,1278211,0
20121220,36.349,36.604,36.044,36.397,1471472,0
20121221,35.76,36.349,35.75,36.211,1522218,0
20121224,36.103,36.349,36.093,36.25,379974,0
20121226,36.24,36.447,35.494,35.75,887637,0
20121227,35.856,36.054,35.386,36.024,832421,0
20121228,36.103,36.113,35.356,35.68,1090428,0
20121231,35.64,36.466,35.533,36.339,1408186,0
20130102,37.125,38.186,37.046,37.674,1621243,0
20130103,37.644,38.411,37.361,37.557,1483599,0
20130104,37.714,37.793,37.381,37.617,945970,0
20130107,37.391,37.636,37.066,37.331,872276,0
20130108,37.301,38.146,37.222,37.753,1155512,0
20130109,38.028,39.03,37.98,38.451,2710529,0
20130110,38.657,38.687,37.773,38.411,1894205,0
20130111,38.756,39.05,38.577,38.756,2285110,0
20130114,38.677,38.923,38.265,38.352,1494973,0
20130115,38.421,38.833,38.294,38.697,1567067,0
20130116,38.577,38.677,38.215,38.54,914428,0
20130117,38.804,39.424,38.717,39.365,2690954,0
20130118,39.365,39.866,39.227,39.531,1941582,0
20130122,39.631,40.622,39.611,40.524,2026215,0
20130123,40.454,40.868,40.101,40.454,1277392,0
20130124,40.396,41.084,40.141,40.514,1413291,0
20130125,40.671,41.437,40.406,41.28,1318763,0
20130128,41.545,42.047,40.003,40.553,2492216,0
20130129,40.671,41.506,40.445,41.3,1289478,0
20130130,41.349,41.604,40.75,40.956,1023926,0
20130131,40.788,41.202,40.474,40.937,1124772,0
20130201,41.368,41.888,40.828,40.937,980368,0
20130204,40.661,41.054,40.377,40.632,682188,0
20130205,40.661,40.897,39.649,40.798,1580455,0
20130206,40.543,41.418,40.425,41.418,1485566,0
20130207,41.408,41.802,40.73,41.487,2804994,0
20130208,41.477,42.174,40.808,41.888,1505759,0
20130211,41.879,42.223,41.634,41.948,1089842,0
20130212,41.702,42.882,41.526,42.625,2074749,0
20130213,42.4,43.108,42.214,42.479,2303087,0
20130214,42.469,42.645,42.028,42.038,2767614,0
20130215,42.047,42.283,41.594,42.038,2710325,0
20130219,42.174,42.596,42.114,42.577,3127308,0
20130220,40.966,41.496,38.313,39.207,9563939,0
20130221,39.305,39.453,37.4,38.038,4591345,0
20130222,38.352,39.511,38.275,39.443,2859963,0
20130225,39.345,39.531,37.567,37.607,2575001,0
20130226,37.87,38.843,37.694,38.597,2246850,0
20130227,38.491,39.04,38.235,38.481,1926387,0
20130228,38.511,39.295,38.096,38.126,2092961,0
20130301,37.87,38.313,37.41,37.97,2203315,0
20130304,37.92,38.765,37.9,38.559,1373067,0
20130305,38.717,39.118,38.647,38.952,1109962,0
20130306,39.198,39.433,38.833,38.991,1209987,0
20130307,39.03,39.355,38.637,38.687,1531304,0
20130308,39.178,39.492,38.756,39.473,1257087,0
20130311,39.473,39.777,39.217,39.325,1432936,0
20130312,39.305,39.591,38.804,39.04,954211,0
20130313,39.188,39.355,38.824,39.345,1176517,0
20130314,39.394,40.416,39.345,39.895,1549592,0
20130315,39.846,40.298,39.492,39.885,1542462,0
20130318,39.247,40.377,39.247,40.042,1355001,0
20130319,40.318,41.034,39.473,39.914,1600518,0
20130320,40.258,41.014,40.218,40.592,1592296,0
20130321,40.514,40.514,39.727,40.072,1152561,0
20130322,40.218,40.435,38.843,39.021,2581664,0
20130325,39.128,39.295,37.88,38.156,2110436,0
20130326,38.313,38.913,38.285,38.883,1232168,0
20130327,38.531,38.794,38.265,38.677,834197,0
20130328,38.667,38.893,38.323,38.737,922766,0
20130401,38.794,38.962,37.449,37.587,1949316,0
20130402,37.704,37.763,36.83,37.105,2565629,0
20130403,37.164,37.361,36.211,36.604,2155054,0
20130404,36.614,37.232,36.368,37.056,2023855,0
20130405,36.359,37.459,36.28,37.429,1674708,0
20130408,37.459,38.441,37.115,38.285,1510501,0
20130409,38.372,38.451,37.644,38.01,1076653,0
20130410,38.106,38.697,37.93,38.677,999623,0
20130411,38.597,39.237,38.471,38.577,993580,0
20130412,38.903,39.944,38.372,38.707,2491815,0
20130415,38.421,38.559,37.016,37.066,1457828,0
20130416,37.92,38.372,37.193,38.362,2937799,0
20130417,38.116,38.116,37.056,37.763,1667294,0
20130418,37.823,38.362,37.419,37.823,1660700,0
20130419,38.028,38.785,37.842,38.55,1317011,0
20130422,38.647,39.266,38.106,38.972,1980385,0
20130423,39.345,39.631,39.03,39.414,2679466,0
20130424,41.477,42.174,40.691,41.388,6179706,0
20130425,41.752,42.164,41.477,41.908,2540858,0
20130426,41.918,42.018,41.261,41.634,1311088,0
20130429,41.908,42.223,41.575,41.702,1628098,0
20130430,41.634,41.978,41.084,41.319,1652638,0
20130501,41.172,41.29,40.425,40.592,1494114,0
20130502,40.701,41.358,40.701,41.152,1302710,0
20130503,41.762,42.567,41.614,42.066,2098568,0
20130506,42.223,42.538,41.879,42.253,1668688,0
20130507,42.331,42.675,41.752,42.302,1484918,0
20130508,42.302,42.695,41.998,42.528,1744676,0
20130509,42.499,42.911,42.085,42.184,1585441,0
20130510,42.184,42.872,42.028,42.852,1464511,0
20130513,43.549,43.962,42.862,43.206,1960006,0
20130514,43.118,44.021,43.108,44.021,1086149,0
20130515,43.795,44.433,43.755,44.158,1728141,0
20130516,43.932,44.286,43.224,43.353,1343848,0
20130517,43.715,44.08,43.509,44.08,1385570,0
20130520,44.149,44.453,43.669,44.001,733445,0
20130521,44.011,44.208,43.5,43.745,668975,0
20130522,43.932,44.749,43.108,43.451,2366896,0
20130523,42.882,44.119,42.635,43.639,2002168,0
20130524,43.363,43.569,42.685,43.432,1010502,0
20130528,44.001,44.168,43.403,43.629,1071361,0
20130529,43.363,43.363,42.489,42.695,1199294,0
20130530,42.862,43.589,42.675,43.383,1198504,0
20130531,43.088,43.559,42.931,42.931,1153192,0
20130603,43.068,43.068,41.928,42.695,1250488,0
20130604,42.705,43.323,41.457,41.712,2132954,0
20130605,41.378,41.821,40.652,40.946,1813422,0
20130606,40.818,41.624,40.553,41.585,1158789,0
20130607,41.811,42.124,41.192,41.762,1049604,0
20130610,41.988,42.047,40.768,41.624,1210010,0
20130611,40.907,41.3,40.534,40.788,1184204,0
20130612,41.241,41.29,40.248,40.534,914519,0
20130613,40.917,41.879,40.573,41.682,1721748,0
20130614,41.712,42.283,41.555,41.869,1559250,0
20130617,42.331,43.008,42.194,42.596,1750857,0
20130618,42.705,42.735,42.194,42.419,1903416,0
20130619,42.891,42.891,41.898,41.898,2238342,0
20130620,41.477,41.663,40.642,40.976,2124923,0
20130621,41.28,41.368,39.993,40.288,2405847,0
20130624,39.621,39.846,38.176,39.414,2872108,0
20130625,40.032,40.504,39.817,39.914,1851697,0
20130626,40.121,41.084,39.963,40.131,2041520,0
20130627,40.445,40.691,39.345,40.387,2134873,0
20130628,39.511,39.621,38.391,38.391,3922685,0
20130701,38.461,39.08,38.176,38.55,2438588,0
20130702,38.597,39.04,38.285,38.372,1799219,0
20130703,38.166,38.567,38.166,38.362,603223,0
20130705,38.765,38.804,37.674,38.195,1354053,0
20130708,38.401,38.617,37.086,37.477,2733088,0
20130709,37.654,38.913,37.537,38.461,2871239,0
20130710,38.567,38.843,38.176,38.587,2111348,0
20130711,39.276,40.072,39.217,39.885,2576519,0
20130712,39.787,40.484,39.747,40.003,1612967,0
20130715,40.052,40.337,39.817,39.963,1102183,0
20130716,39.954,40.248,39.374,39.443,1460438,0
20130717,39.561,39.658,38.942,39.276,919439,0
20130718,39.237,40.199,39.207,39.631,915023,0
20130719,39.433,39.521,38.577,39.109,2384937,0
20130722,39.168,39.345,38.511,39.305,1500528,0
20130723,39.511,39.895,38.853,39.128,3030949,0
20130724,38.461,40.602,37.763,38.657,12327387,0
20130725,38.421,38.923,37.361,38.587,3062770,0
20130726,38.372,38.804,38.372,38.727,1247983,0
20130729,38.531,39.325,38.431,38.903,2010061,0
20130730,39.325,39.365,38.697,38.893,1720420,0
20130731,38.962,39.247,38.55,38.794,2009741,0
20130801,39.217,39.541,38.913,39.03,2539524,0
20130802,39.04,39.954,39.001,39.807,2504021,0
20130805,39.846,39.914,39.237,39.247,1791368,0
20130806,39.138,39.217,37.96,37.99,2287211,0
20130807,37.803,37.95,37.184,37.617,3779193,0
20130808,37.99,38.265,37.823,37.832,2209751,0
20130809,37.823,38.106,37.487,37.644,1905319,0
20130812,37.371,37.88,37.086,37.331,2171354,0
20130813,37.487,37.487,37.026,37.262,2768168,0
20130814,37.203,37.321,36.84,37.026,1229597,0
20130815,36.8,37.184,36.034,37.145,1582013,0
20130816,37.135,37.694,36.947,37.115,948727,0
20130819,37.066,37.222,36.447,36.594,1315441,0
20130820,36.702,37.527,36.427,37.291,1253341,0
20130821,37.115,38.146,37.016,37.773,1525201,0
20130822,37.783,38.775,37.724,38.401,1079076,0
20130823,38.451,38.461,37.547,37.753,884766,0
20130826,37.587,38.01,37.4,37.577,659733,0
20130827,37.115,37.449,36.84,37.026,1075131,0
20130828,36.976,37.262,36.731,36.957,999301,0
20130829,37.006,37.763,36.741,37.066,538561,0
20130830,36.986,37.232,36.702,36.78,844853,0
20130903,37.262,37.832,37.174,37.664,1475628,0
20130904,37.607,37.783,37.331,37.459,1455926,0
20130905,37.537,37.87,37.076,37.145,1082181,0
20130906,37.449,37.92,37.076,37.281,1376674,0
20130909,37.557,38.765,37.262,38.617,1749560,0
20130910,38.756,39.09,38.304,38.824,1594157,0
20130911,38.824,39.188,38.471,38.981,816306,0
20130912,38.903,39.501,38.903,39.158,1229212,0
20130913,39.138,39.168,38.54,38.577,1028137,0
20130916,39.247,39.394,38.531,38.55,936662,0
20130917,38.607,38.981,38.521,38.727,1382091,0
20130918,38.804,40.161,38.381,39.963,2256556,0
20130919,40.032,40.543,39.846,39.983,1380840,0
20130920,40.062,40.131,39.217,39.266,1539013,0
20130923,39.138,39.601,38.332,38.441,1441156,0
20130924,38.461,39.295,38.332,38.511,2044372,0
20130925,38.481,38.687,37.744,37.823,2780653,0
20130926,38.313,38.313,37.252,37.644,2166739,0
20130927,38.078,38.078,37.351,37.517,1877444,0
20130930,37.232,37.547,36.996,37.311,2219615,0
20131001,37.145,37.704,37.046,37.301,1898551,0
20131002,37.046,37.487,36.82,37.155,1371771,0
20131003,37.046,37.281,36.437,36.574,1593487,0
20131004,36.516,36.673,35.976,36.27,1489751,0
20131007,35.976,36.27,35.818,36.004,1405645,0
20131008,36.054,36.466,35.543,35.74,2038556,0
20131009,36.359,36.87,35.916,36.319,2766792,0
20131010,36.634,37.036,36.554,36.82,965932,0
20131011,36.88,37.95,36.693,37.87,2349571,0
20131014,37.497,37.89,37.391,37.832,1373963,0
20131015,37.744,37.832,37.429,37.557,1827880,0
20131016,37.654,37.87,37.381,37.617,1007628,0
20131017,37.331,38.225,37.252,38.156,1166953,0
20131018,38.195,38.441,37.773,38.304,987757,0
20131021,38.352,38.372,37.429,37.547,1204841,0
20131022,37.94,39.178,37.832,39.05,2388160,0
20131023,38.372,38.481,36.88,37.664,5101334,0
20131024,37.164,37.636,36.89,37.125,3804486,0
20131025,37.203,37.361,36.957,37.135,2144499,0
20131028,36.564,36.8,36.29,36.75,2444888,0
20131029,36.741,37.164,36.741,36.83,2318638,0
20131030,37.006,37.125,35.828,35.995,2727462,0
20131031,35.966,36.074,35.062,35.298,3417577,0
20131101,35.268,35.376,34.767,35.249,2585231,0
20131104,35.494,35.533,34.973,35.189,1846025,0
20131105,35.023,35.1,34.786,34.993,1422247,0
20131106,35.043,35.435,34.875,35.356,2382500,0
20131107,35.366,35.64,34.993,35.033,1833220,0
20131108,34.993,35.259,33.804,35.17,2482575,0
20131111,35.08,35.249,34.669,35.013,1286166,0
20131112,34.993,35.249,34.609,35.08,1383639,0
20131113,34.993,35.799,34.914,35.76,2582250,0
20131114,35.995,36.673,35.779,36.664,1931792,0
20131115,36.702,36.84,36.27,36.339,1275244,0
20131118,36.535,37.006,36.319,36.417,1729203,0
20131119,36.584,36.957,36.201,36.339,1039880,0
20131120,36.349,36.574,35.809,35.946,1090165,0
20131121,35.946,36.574,35.866,36.221,953834,0
20131122,36.28,36.516,36.172,36.221,703029,0
20131125,36.339,37.704,36.211,37.242,2599969,0
20131126,37.391,38.824,37.232,38.647,2406021,0
20131127,38.559,38.765,38.323,38.481,1393917,0
20131129,38.657,38.717,38.245,38.471,514988,0
20131202,38.471,38.707,38.096,38.126,1938036,0
20131203,37.832,38.106,37.371,37.724,1191311,0
20131204,38.215,38.567,37.557,37.87,1209855,0
20131205,37.753,37.783,37.115,37.203,1102261,0
20131206,37.617,38.332,37.477,37.763,797131,0
20131209,37.714,38.401,37.714,38.205,610036,0
20131210,38.106,38.923,38.106,38.431,1299749,0
20131211,38.372,38.411,37.203,37.527,1142342,0
20131212,37.439,37.753,37.331,37.459,817727,0
20131213,37.419,38.058,37.361,37.96,1161302,0
20131216,38.126,38.637,37.88,37.94,973969,0
20131217,37.91,38.156,37.607,38,589100,0
20131218,38.195,39.688,37.832,39.345,1582820,0
20131219,39.217,39.365,37.724,38.038,1912013,0
20131220,38.028,38.559,38.028,38.215,1146032,0
20131223,38.597,39.501,38.372,39.295,1661890,0
20131224,39.335,39.944,39.227,39.649,461993,0
20131226,39.688,40.052,39.501,39.541,429429,0
20131227,39.266,39.856,39.266,39.817,329707,0
20131230,39.777,39.993,39.668,39.777,540571,0
20131231,39.874,40.357,39.757,40.003,738992,0
20140102,39.895,40.111,39.727,39.963,688251,0
20140103,40.052,40.474,39.905,39.963,662443,0
20140106,39.963,40.171,39.286,39.305,663904,0
20140107,39.463,40.032,39.414,39.983,766685,0
20140108,39.885,41.024,39.631,40.288,1663567,0
20140109,40.367,41.378,40.278,41.182,1887314,0
20140110,41.358,42.194,41.212,41.428,1633730,0
20140113,41.212,41.418,40.416,40.573,1196970,0
20140114,40.768,41.064,40.347,40.691,1885482,0
20140115,40.759,41.221,40.318,41.024,1188481,0
20140116,41.034,41.349,40.013,40.367,969682,0
20140117,40.318,40.347,39.531,39.688,1244935,0
20140121,39.875,40.101,39.207,39.521,1141157,0
20140122,39.561,40.74,39.365,40.524,1176687,0
20140123,40.435,40.573,39.718,39.934,1538266,0
20140124,39.541,39.767,38.195,38.332,1307149,0
20140127,38.587,38.617,36.986,37.813,1947299,0
20140128,38.028,38.471,37.803,38.186,1372086,0
20140129,37.813,37.97,37.361,37.567,1236744,0
20140130,37.96,38.058,36.947,37.281,1752994,0
20140131,36.79,38.245,36.79,37.478,1488997,0
20140203,37.371,37.714,36.152,36.654,2636095,0
20140204,36.91,37.459,36.506,37.184,1599463,0
20140205,37.105,37.468,36.574,36.986,1499312,0
20140206,37.145,38.567,37.105,38.126,1806693,0
20140207,38.156,38.559,37.91,38.078,1723804,0
20140210,37.753,38.401,37.704,38.225,1345523,0
20140211,38.146,39.443,38.146,39.04,2320853,0
20140212,43.314,44.816,42.174,42.439,7944284,0
20140213,42.008,42.645,41.555,42.312,3408495,0
20140214,42.194,43.755,42.164,43.373,2549404,0
20140218,43.383,44.001,42.96,43.775,1948181,0
20140219,43.609,43.874,43.323,43.413,1957611,0
20140220,43.383,43.659,42.999,43.549,1099881,0
20140221,43.599,44.296,43.599,44.178,1472211,0
20140224,44.11,45.327,44.001,44.256,3317090,0
20140225,44.266,44.473,43.932,43.952,658705,0
20140226,44.129,45.101,43.932,44.689,1914103,0
20140227,44.542,45.465,44.404,45.18,1110511,0
20140228,45.18,45.269,44.709,44.955,1363499,0
20140303,44.649,44.945,44.208,44.719,1146420,0
20140304,45.091,45.819,45.033,45.239,1571626,0
20140305,45.366,45.366,44.473,44.503,929517,0
20140306,44.493,44.885,44.336,44.61,1076386,0
20140307,44.796,44.984,44.316,44.571,616263,0
20140310,44.394,44.394,43.186,43.755,1448645,0
20140311,43.913,44.09,43.108,43.294,1275640,0
20140312,43.017,43.017,42.308,42.743,1343443,0
20140313,42.83,42.84,41.283,41.509,1896306,0
20140314,41.431,42.653,41.431,42.328,1263311,0
20140317,42.603,42.8,41.845,42.298,765006,0
20140318,42.347,43.057,42.269,43.017,1230513,0
20140319,43.55,43.707,42.377,42.673,893850,0
20140320,42.603,42.92,42.18,42.308,550566,0
20140321,42.436,42.78,41.194,41.194,1683988,0
20140324,41.638,42.545,41.312,42.436,2238726,0
20140325,42.733,43.491,42.603,42.92,1726951,0
20140326,42.998,43.254,41.845,41.864,1335840,0
20140327,41.726,42.229,41.253,41.706,1023594,0
20140328,41.933,42.397,41.618,42.15,825557,0
20140331,42.259,42.78,42.033,42.564,654774,0
20140401,42.693,43.284,42.525,43.127,1384448,0
20140402,43.087,43.353,42.663,42.9,2374413,0
20140403,42.87,42.92,42.229,42.554,1198793,0
20140404,42.91,43.423,41.766,42.17,1466865,0
20140407,42.042,42.042,40.454,40.918,1357145,0
20140408,40.987,41.667,40.691,40.928,1021284,0
20140409,41.076,41.756,40.938,41.46,1112980,0
20140410,41.519,41.913,40.346,40.543,1226534,0
20140411,40.257,40.671,39.961,40.307,787205,0
20140414,40.681,40.879,40.07,40.247,1226545,0
20140415,40.139,40.474,39.153,39.961,1892705,0
20140416,40.198,41.371,40.109,41.371,1101633,0
20140417,41.312,41.766,41.184,41.253,1132387,0
20140421,41.391,42.269,41.036,42.249,2025835,0
20140422,42.486,43.314,42.377,43.254,2747861,0
20140423,41.411,42.753,41.116,41.499,6409344,0
20140424,41.608,41.726,40.889,41.164,2842111,0
20140425,40.879,41.144,40.346,40.464,2826186,0
20140428,40.484,40.957,39.784,40.011,1876525,0
20140429,40.189,40.307,39.872,40.208,1060820,0
20140430,40.129,40.307,39.774,40.277,1479785,0
20140501,40.05,41.006,39.912,40.287,894874,0
20140502,40.464,41.263,40.109,40.977,1177251,0
20140505,40.701,40.928,40.247,40.681,691760,0
20140506,40.524,40.671,39.647,39.744,1196472,0
20140507,39.754,39.961,39.104,39.242,1744254,0
20140508,39.183,40.386,39.183,39.577,1689097,0
20140509,39.507,40.04,39.015,39.853,2122966,0
20140512,40.119,40.553,39.734,40.425,1259068,0
20140513,40.444,40.602,39.627,39.656,945875,0
20140514,39.617,39.754,38.483,38.817,2822403,0
20140515,38.758,38.926,38.079,38.73,2794767,0
20140516,39.025,40.139,38.926,40.011,3807140,0
20140519,39.912,40.898,39.912,40.671,2649866,0
20140520,40.454,41.116,39.804,39.932,2140113,0
20140521,40.001,40.346,39.912,40.227,813700,0
20140522,40.208,40.671,39.902,40.632,1157971,0
20140523,40.563,41.579,40.405,41.204,2012828,0
20140527,41.213,41.549,40.474,40.543,2715527,0
20140528,40.602,40.908,40.257,40.307,1179941,0
20140529,40.543,40.879,40.109,40.366,1330780,0
20140530,40.247,40.454,40.09,40.434,1095215,0
20140602,40.514,41.026,40.464,40.957,666235,0
20140603,40.769,40.977,40.642,40.711,1049464,0
20140604,40.534,40.661,40.317,40.434,1477329,0
20140605,40.534,41.046,40.405,40.76,867484,0
20140606,41.006,41.993,40.789,41.933,899483,0
20140609,41.796,42.8,41.796,42.19,1284011,0
20140610,42.18,42.476,42.081,42.298,609247,0
20140611,42.071,42.071,41.036,41.263,1960943,0
20140612,41.411,41.608,41.076,41.243,1151560,0
20140613,41.371,41.499,41.026,41.086,911506,0
20140616,41.006,41.134,40.592,41.086,3172679,0
20140617,40.839,41.223,40.208,40.434,2581157,0
20140618,40.434,40.524,39.824,40.336,2769702,0
20140619,40.464,40.839,40.425,40.721,1315245,0
20140620,38.413,39.183,38.097,38.266,6918345,0
20140623,37.626,38.867,37.566,38.65,3778614,0
20140624,38.57,39.064,38.383,38.817,3301560,0
20140625,38.6,38.936,38.383,38.58,1745211,0
20140626,38.56,38.62,38.226,38.364,1861512,0
20140627,38.236,38.62,38.069,38.383,1616438,0
20140630,38.325,38.7,38.069,38.137,1491958,0
20140701,38.276,38.7,38.147,38.483,1724009,0
20140702,38.69,38.758,38.276,38.423,1636051,0
20140703,38.6,38.887,38.413,38.847,720947,0
20140707,38.778,38.778,38.059,38.187,949354,0
20140708,37.96,38,37.417,37.556,1602928,0
20140709,37.626,37.842,37.22,37.279,1150781,0
20140710,36.764,37.111,36.319,36.904,1800298,0
20140711,36.814,37.002,36.478,36.982,850394,0
20140714,37.072,37.141,36.696,36.706,1347440,0
20140715,36.735,36.953,36.537,36.586,1102069,0
20140716,36.764,36.923,36.527,36.646,1734931,0
20140717,36.29,36.518,36.042,36.24,1607877,0
20140718,36.368,36.566,36.349,36.428,1777316,0
20140721,36.27,36.913,36.2,36.626,2028335,0
20140722,36.904,37.072,36.596,36.596,2488229,0
20140723,36.299,37.329,35.983,36.022,3260644,0
20140724,35.577,35.685,34.903,34.943,4623267,0
20140725,34.943,35.418,34.744,35.171,1493004,0
20140728,35.141,35.141,34.676,34.953,1710391,0
20140729,35.022,35.21,34.626,34.666,1228849,0
20140730,34.864,34.992,34.131,34.26,1600224,0
20140731,34.052,34.27,33.616,33.715,1854838,0
20140801,33.804,34.17,33.635,33.923,2103342,0
20140804,33.963,34.131,33.379,33.665,1338995,0
20140805,33.577,34.17,33.477,33.755,1555536,0
20140806,33.665,34.081,33.616,33.883,1010986,0
20140807,33.933,34.071,33.379,33.517,1058097,0
20140808,33.655,34.378,33.655,34.081,1405451,0
20140811,34.17,34.478,33.992,34.032,632456,0
20140812,33.913,34.062,33.735,33.883,578507,0
20140813,33.982,34.071,33.745,33.923,1007571,0
20140814,34.012,34.656,33.903,34.488,958221,0
20140815,34.616,34.794,34.022,34.398,935314,0
20140818,34.428,34.933,34.428,34.814,1069121,0
20140819,35.181,36.339,35.161,35.735,2328397,0
20140820,35.617,35.765,35.002,35.408,1215254,0
20140821,35.428,35.993,35.2,35.824,887448,0
20140822,35.805,35.805,35.399,35.487,1266741,0
20140825,35.567,35.705,35.171,35.329,519837,0
20140826,35.319,35.645,35.161,35.457,472240,0
20140827,35.487,35.695,35.349,35.695,401773,0
20140828,35.527,35.587,35.269,35.517,502024,0
20140829,35.597,35.824,35.497,35.645,402637,0
20140902,35.725,35.943,35.627,35.755,624916,0
20140903,35.853,36.002,35.527,35.695,838787,0
20140904,35.775,36.299,35.675,35.765,676017,0
20140905,35.705,35.973,34.784,34.824,1980141,0
20140908,34.686,34.864,34.438,34.686,1291427,0
20140909,34.715,34.715,34.151,34.161,972643,0
20140910,34.151,34.28,33.597,33.963,1416587,0
20140911,33.725,34.23,33.695,33.982,911238,0
20140912,33.913,33.923,33.24,33.349,931232,0
20140915,33.428,33.625,33.309,33.359,807031,0
20140916,33.289,33.547,33.151,33.369,726367,0
20140917,33.517,33.665,33.23,33.269,1066265,0
20140918,33.259,33.577,32.992,33.527,1145035,0
20140919,33.635,33.665,33.151,33.389,2536432,0
20140922,33.24,33.24,32.616,32.705,940976,0
20140923,32.636,32.764,32.22,32.299,1729781,0
20140924,32.15,32.794,31.982,32.794,1130165,0
20140925,32.686,32.686,32.071,32.25,1101101,0
20140926,32.2,32.27,31.843,32.022,642168,0
20140929,31.765,32.478,31.685,32.358,1018256,0
20140930,32.052,32.101,31.21,31.437,2037290,0
20141001,31.487,31.635,30.942,30.992,1281797,0
20141002,30.992,31.427,30.536,31.398,1272515,0
20141003,31.577,31.992,31.369,31.467,1619172,0
20141006,31.537,31.715,31.279,31.398,877045,0
20141007,31.329,31.517,30.516,30.526,1180607,0
20141008,30.556,31.061,30.091,31.002,1132666,0
20141009,30.923,31.071,29.833,29.943,1316537,0
20141010,29.923,30.19,29.269,29.299,1434791,0
20141013,29.299,30.022,28.666,28.714,1045316,0
20141014,28.784,29.547,28.784,28.814,1913153,0
20141015,28.506,29.369,28.101,29.309,2305317,0
20141016,28.791,30.095,28.502,29.717,1574124,0
20141017,29.936,30.125,29.697,29.797,1435532,0
20141020,29.309,30.344,29.239,29.717,1996130,0
20141021,29.777,30.613,29.707,30.563,2876355,0
20141022,31.798,33.112,31.34,31.449,4851920,0
20141023,30.912,31.967,30.703,31.519,1743894,0
20141024,31.539,31.887,31.17,31.818,903101,0
20141027,31.469,31.559,30.683,30.842,1818624,0
20141028,30.912,31.29,30.852,31.18,2077888,0
20141029,31.29,31.489,31.041,31.32,1272467,0
20141030,31.18,31.479,30.941,31.36,790882,0
20141031,31.668,32.007,31.409,31.917,1389941,0
20141103,32.206,32.206,31.539,32.076,1061919,0
20141104,31.907,32.096,31.499,31.658,732570,0
20141105,32.017,32.664,31.808,32.644,1083394,0
20141106,32.704,33.311,32.604,33.281,1180169,0
20141107,33.331,33.639,33.152,33.381,1074121,0
20141110,33.52,33.689,32.743,32.972,964970,0
20141111,32.933,33.669,32.873,33.57,793077,0
20141112,33.41,34.147,33.142,34.028,1505982,0
20141113,34.107,34.267,33.839,34.067,1530030,0
20141114,33.988,34.496,33.819,34.456,962033,0
20141117,34.346,34.446,33.848,34.048,864691,0
20141118,34.097,34.635,34.038,34.316,858860,0
20141119,34.356,34.396,33.898,34.306,808190,0
20141120,34.207,35.461,34.058,35.242,1791901,0
20141121,35.78,36.238,35.541,36.138,2000247,0
20141124,36.288,36.656,36.118,36.636,1358752,0
20141125,36.686,36.925,35.64,35.75,2458877,0
20141126,35.75,35.77,34.665,35.063,1455055,0
20141128,34.894,34.914,34.326,34.685,509279,0
20141201,34.665,35.133,34.267,34.864,1303106,0
20141202,34.834,35.71,34.754,35.033,1549560,0
20141203,35.003,35.989,35.003,35.869,928428,0
20141204,35.82,36.467,35.571,36.307,1810545,0
20141205,36.397,36.994,35.869,35.989,964646,0
20141208,35.959,36.019,34.963,35.023,1032952,0
20141209,34.565,35.143,34.545,34.884,1630239,0
20141210,34.973,34.973,33.47,33.739,1586094,0
20141211,33.898,34.715,33.669,34.008,1076211,0
20141212,33.858,33.938,32.992,33.072,957555,0
20141215,33.211,33.43,32.524,32.813,1025779,0
20141216,32.733,33.6,32.604,32.933,703183,0
20141217,32.992,33.789,32.733,33.649,1093560,0
20141218,34.147,34.287,33.311,33.878,908049,0
20141219,33.878,34.506,33.799,34.356,1255616,0
20141222,34.267,34.406,33.799,34.167,722423,0
20141223,34.336,35.372,34.117,35.232,923112,0
20141224,35.352,35.411,34.884,35.073,409601,0
20141226,35.232,35.531,35.113,35.421,352113,0
20141229,35.411,36.188,35.411,35.979,919250,0
20141230,35.84,36.019,35.69,35.74,620690,0
20141231,35.8,36.3,35.7,35.81,664674,0
20150102,35.95,36.33,35.26,35.7,630701,0
20150105,35.33,35.5,34.73,35.04,763576,0
20150106,35.27,36.33,34.97,36.06,1993992,0
20150107,36.28,37.37,36.03,37.16,3307481,0
20150108,37.51,39.04,37.47,38.83,2567342,0
20150109,38.56,39.1,38.48,39,4501297,0
20150112,39,39.81,38.61,39.51,2397812,0
20150113,39.9,40.42,38.47,39.29,2238252,0
20150114,38.77,39.2,38.29,38.99,1462786,0
20150115,39.37,39.49,37.33,37.57,2769876,0
20150116,37.42,37.82,36.7,37.63,2307688,0
