Date,Open,High,Low,Close,Volume,OpenInt
20070627,19,19,19,19,0,0
20070628,18,18.5,17.55,18.03,8689700,0
20070629,18,18.3,17.4,17.57,1740100,0
20070702,17.7,18.08,16.33,18,161600,0
20070703,18.2,18.75,18.18,18.67,183500,0
20070705,18.72,19.14,18.59,18.7,225000,0
20070706,18.7,18.88,17,18.58,184900,0
20070709,18.26,18.8,18.26,18.53,400800,0
20070710,18.53,18.7,18.4,18.6,71200,0
20070711,18.6,18.6,18.4,18.6,45400,0
20070712,18.6,18.85,18.25,18.84,56300,0
20070713,18.84,19.05,18.75,18.8,920900,0
20070716,18.8,19,18.7,18.9,96500,0
20070717,18.91,19,18.5,19,110200,0
20070718,18.94,18.94,18.55,18.6,85700,0
20070719,18.65,18.8,18.62,18.8,179200,0
20070720,18.8,19,18.75,18.85,160900,0
20070723,18.85,19,18.65,18.85,111900,0
20070724,18.8,18.96,18.6,18.62,59800,0
20070725,18.61,18.61,17.75,18.2,166500,0
20070726,18.2,18.32,18.2,18.25,90800,0
20070727,18.15,18.15,17.45,17.9,145700,0
20070730,17.9,17.91,17.31,17.85,37000,0
20070731,17.8,18.88,17.36,18.4,94100,0
20070801,18.4,18.4,17.57,18.16,15200,0
20070802,18.14,18.2,17.68,17.97,61700,0
20070803,17.97,18.02,17.34,17.43,135200,0
20070806,17.4,17.5,16.5,17.44,130200,0
20070807,17.44,17.44,16.58,17,141900,0
20070808,17,17,14.2,14.76,1341100,0
20070809,14.76,15.05,13.73,13.9,341700,0
20070810,13.76,14,12.43,13.34,776100,0
20070813,13.51,13.67,13,13.2,301000,0
20070814,13.5,13.5,12.78,13,371300,0
20070815,12.95,13.02,12.75,12.85,73500,0
20070816,13.01,13.17,12.5,12.9,415500,0
20070817,12.75,12.89,12.2,12.38,331100,0
20070820,12.45,12.65,12.25,12.56,182400,0
20070821,12.61,12.7,12.4,12.5,43500,0
20070822,12.5,12.7,12.5,12.55,131400,0
20070823,12.55,12.62,12.15,12.57,279600,0
20070824,12.43,12.76,12.15,12.75,616500,0
20070827,12.75,13.09,12.54,12.9,471800,0
20070828,13.05,13.1,12.53,12.59,151700,0
20070829,12.7,12.95,12.24,12.73,317100,0
20070830,12.73,13.63,12.7,13.34,445600,0
20070831,13.59,14.25,12.85,14.25,484300,0
20070904,14.15,14.77,13.8,14.68,363200,0
20070905,14.7,14.85,14.25,14.73,251000,0
20070906,14.78,14.87,14.33,14.65,262100,0
20070907,14.6,14.7,14.15,14.46,144500,0
20070910,14.55,14.68,14.2,14.41,171600,0
20070911,14.61,14.61,14.23,14.38,110700,0
20070912,14.43,14.44,14.21,14.25,202600,0
20070913,14.35,14.35,14.01,14.21,63600,0
20070914,14.2,14.44,14.2,14.39,103800,0
20070917,14.41,14.41,13.91,14.1,157000,0
20070918,14.05,14.32,13.92,14.21,174700,0
20070919,14.31,14.38,14.06,14.24,289300,0
20070920,14.33,14.83,13.98,14.64,164800,0
20070921,14.65,14.85,14.13,14.85,207900,0
20070924,14.75,14.75,14.25,14.48,244600,0
20070925,14.48,14.48,14.15,14.32,270300,0
20070926,14.32,14.38,14.2,14.28,149600,0
20070927,14.28,14.31,14.13,14.26,377600,0
20070928,14.2,14.73,14.03,14.06,1239700,0
20071001,14.08,14.75,13.92,14.56,354800,0
20071002,14.65,15.24,14.21,15.17,427400,0
20071003,15.1,15.2,14.82,14.93,92200,0
20071004,15.03,15.39,14.92,15.25,232900,0
20071005,15.4,15.5,15.28,15.35,111900,0
20071008,15.25,15.45,15.16,15.33,67200,0
20071009,15.43,15.43,14.87,15,135000,0
20071010,15.05,15.18,14.92,15.12,42300,0
20071011,15.15,15.23,14.65,14.69,66400,0
20071012,14.8,15.09,14.52,15.02,43300,0
20071015,15.12,15.15,14.88,15.07,92700,0
20071016,14.93,15.16,14.88,14.98,148500,0
20071017,15.1,15.19,14.91,15.05,47800,0
20071018,15.02,15.07,14.87,15.02,41900,0
20071019,14.98,15.02,14.79,14.82,193700,0
20071022,14.7,15.11,14.53,15.03,159200,0
20071023,15.2,15.5,15.1,15.39,261100,0
20071024,15.37,16.09,15.26,15.38,214400,0
20071025,15.49,15.49,14.71,14.75,90600,0
20071026,15.09,15.1,14.75,14.83,28200,0
20071029,14.82,14.87,14.16,14.19,343900,0
20071030,14.15,14.19,13.67,13.77,483000,0
20071031,15.25,17.5,15.25,17.16,1182600,0
20071101,17.1,18.05,16.75,17.91,394000,0
20071102,17.91,18.6,17.82,18.1,262200,0
20071105,18.04,18.04,17.3,17.62,160900,0
20071106,17.77,18,17.31,17.46,111600,0
20071107,17.42,17.8,17.18,17.39,259400,0
20071108,17.47,17.75,17.39,17.5,202900,0
20071109,17.53,17.8,17.31,17.58,182512,0
20071112,17.63,17.8,17.3,17.39,155300,0
20071113,17.66,17.68,17.07,17.54,242200,0
20071114,17.47,17.72,17.27,17.35,133100,0
20071115,17.36,17.6,16.87,17.29,416900,0
20071116,17.24,17.4,16.96,17.04,191800,0
20071119,16.8,17,16.62,16.76,187300,0
20071120,16.68,16.97,16.5,16.97,309100,0
20071121,17,17.22,17,17.15,51700,0
20071123,17.34,17.49,17.11,17.43,38500,0
20071126,17.58,17.67,16.99,17,130601,0
20071127,17.17,17.28,16.19,16.77,413900,0
20071128,16.77,17.42,16.31,17.23,356100,0
20071129,17.09,17.49,16.7,17.38,189300,0
20071130,17.41,17.87,17.25,17.41,233400,0
20071203,17.6,17.63,17,17.09,47100,0
20071204,16.99,17.06,16.67,16.81,61600,0
20071205,17.05,17.62,17.05,17.37,79800,0
20071206,17.32,18.29,17.32,18.29,101000,0
20071207,18.38,18.39,17.96,18,70300,0
20071210,17.95,18.09,17.74,17.76,50400,0
20071211,17.92,18.21,17.21,17.3,53800,0
20071212,17.63,17.96,16.53,17.04,63700,0
20071213,16.79,17.34,16.13,17.29,64100,0
20071214,17.27,17.27,16.72,17,99600,0
20071217,16.93,17.32,16.9,17,129900,0
20071218,17.2,17.7,17.06,17.44,99500,0
20071219,17.48,18.08,17.44,18.02,95400,0
20071220,18.29,18.29,17.28,17.97,70500,0
20071221,18.32,18.38,17.3,18,184500,0
20071224,18.22,18.22,17.83,17.9,32700,0
20071226,17.75,17.92,17.21,17.9,63800,0
20071227,17.75,17.83,17.25,17.25,65300,0
20071228,17.35,17.43,16.89,17.14,146500,0
20071231,17.16,17.55,17.1,17.5,141900,0
20080102,17.45,17.45,17.11,17.24,127883,0
20080103,17.44,17.74,16.96,17.21,152200,0
20080104,17.08,17.11,16.27,16.6,110000,0
20080107,16.6,17.04,16.55,16.72,98200,0
20080108,16.87,17.07,16.52,16.67,64100,0
20080109,16.67,16.97,16.33,16.87,66800,0
20080110,16.61,16.72,16.08,16.25,71600,0
20080111,16.14,16.47,15.75,16.3,106814,0
20080114,16.44,16.6,16.06,16.4,36300,0
20080115,16.12,16.58,16.04,16.53,51100,0
20080116,16.55,16.68,16.31,16.62,114800,0
20080117,16.79,17.03,16.6,16.67,148900,0
20080118,16.58,16.77,16,16.73,110700,0
20080122,16.06,16.69,15.01,16.64,147500,0
20080123,16.3,16.94,16.05,16.75,134100,0
20080124,16.9,17.31,16.52,17.22,137800,0
20080125,17.42,17.69,17.14,17.26,61100,0
20080128,17.19,17.97,17,17.97,80500,0
20080129,18.11,18.11,17.55,18.04,49000,0
20080130,18,18.52,17.37,17.9,164800,0
20080131,17.57,18.58,17.38,18.57,71800,0
20080201,18.73,18.85,17.55,18.77,74200,0
20080204,18.7,18.7,17.57,17.94,71600,0
20080205,17.55,17.55,17.05,17.28,65400,0
20080206,17.3,17.4,16.66,17.06,36200,0
20080207,17.03,17.21,16.75,17.02,54400,0
20080208,17.04,17.16,16.66,16.85,73200,0
20080211,16.85,17.18,16.6,17.02,101475,0
20080212,17.07,17.93,16.8,17.68,204800,0
20080213,17.69,17.88,17.16,17.74,55900,0
20080214,20.24,20.45,18.47,18.79,322100,0
20080215,18.99,19.5,18.68,18.68,153800,0
20080219,19.05,19.29,18.91,19.05,261138,0
20080220,19,19.16,18.55,18.91,195500,0
20080221,19.19,19.53,18.58,18.58,139800,0
20080222,18.75,18.75,18.34,18.49,172300,0
20080225,18.49,18.63,18.17,18.45,95800,0
20080226,18.45,19.1,18.45,18.82,146600,0
20080227,18.65,19.09,18.36,18.62,75700,0
20080228,18.52,18.63,18.13,18.45,72200,0
20080229,18.44,18.44,17.85,17.97,110400,0
20080303,19.05,19.53,18.21,18.91,204792,0
20080304,18.78,19.19,18.65,18.94,152900,0
20080305,19.05,20.55,19,19.66,582400,0
20080306,19.41,20.09,19.41,19.58,111600,0
20080307,19.44,20.2,19.31,20.01,141500,0
20080310,19.82,19.85,19,19.63,153558,0
20080311,19.99,20.49,19.62,20.49,114350,0
20080312,20.65,21,19.84,20.94,159700,0
20080313,20.9,21.88,20.39,21.85,318900,0
20080314,22,22.33,20,20.35,286500,0
20080317,20.16,21.09,19.72,20.61,80000,0
20080318,20.95,21.29,20.5,21.1,168431,0
20080319,21.27,21.8,20.36,20.36,264900,0
20080320,20.36,22.02,19.89,21.99,443895,0
20080324,22.23,22.3,21.48,21.69,155874,0
20080325,21.94,21.95,21.12,21.7,110160,0
20080326,21.62,22,21.25,21.6,108000,0
20080327,21.58,21.77,20.77,21.42,87200,0
20080328,21.41,21.41,19.98,19.98,80700,0
20080331,19.82,20.69,19.82,20.69,80800,0
20080401,20.99,21.1,20.36,20.96,112300,0
20080402,21.09,22.98,21,22.45,423025,0
20080403,22.54,23,22,22.99,197090,0
20080404,22.89,23.08,22.81,22.88,131050,0
20080407,23,23.12,22.4,22.51,219637,0
20080408,22.57,22.88,22.14,22.34,44100,0
20080409,22.45,22.65,21.65,21.68,93800,0
20080410,21.76,23.87,21.54,22.75,471792,0
20080411,22.61,23.42,21.51,23.19,201850,0
20080414,23.06,23.28,22.13,22.31,189921,0
20080415,22.31,22.81,22.21,22.7,181374,0
20080416,22.9,22.9,22.57,22.86,145161,0
20080417,22.84,23.09,22.44,22.53,80700,0
20080418,22.74,23.93,22.74,23.65,159059,0
20080421,23.47,23.84,23.4,23.67,113301,0
20080422,23.6,23.6,21.95,22.86,134306,0
20080423,22.73,24.05,22.73,23.98,183284,0
20080424,24.1,24.65,23.51,23.83,153126,0
20080425,23.9,24.43,22.86,23.99,273516,0
20080428,23.88,24.08,23.09,23.47,126487,0
20080429,23.5,23.51,22.63,23.28,73254,0
20080430,23.39,23.75,23.14,23.41,136227,0
20080501,24,24,21.8,22.18,455340,0
20080502,22.44,22.58,21.77,21.92,217024,0
20080505,21.82,22.87,21.7,22.23,256843,0
20080506,22.15,22.29,21.94,22.12,94906,0
20080507,22.18,22.34,21.2,21.53,303398,0
20080508,21.53,22.05,21.44,21.49,133914,0
20080509,21,22.01,20.48,21.97,93928,0
20080512,21.99,23.7,21.54,23.09,215956,0
20080513,23.29,23.35,22.86,23.33,165184,0
20080514,23.32,23.52,22.95,23.5,163305,0
20080515,23,23.88,22.9,23.49,181589,0
20080516,23.7,24.82,22.99,24.71,321941,0
20080519,24.51,25.99,24.51,25.31,266899,0
20080520,25.32,25.59,25.03,25.44,235234,0
20080521,25.1,25.94,24.86,25.78,226277,0
20080522,25.6,26,24.41,24.53,779032,0
20080523,23.48,23.64,22.6,23.51,3862460,0
20080527,23.32,23.97,23.2,23.86,415259,0
20080528,24.03,24.84,23.68,24.76,463557,0
20080529,24.62,24.88,24.05,24.1,467315,0
20080530,23.99,24.29,23.52,23.7,677720,0
20080602,23.71,23.92,22.07,22.75,450301,0
20080603,22.8,23.59,22.36,23.47,325943,0
20080604,23.26,23.26,21.33,22.85,626474,0
20080605,22.96,23.85,22.6,23.51,372486,0
20080606,23.39,23.57,22.69,23.46,245407,0
20080609,23.5,23.5,22.2,22.57,195607,0
20080610,22.57,22.64,21.91,22.09,208121,0
20080611,21.99,22.05,21.39,21.66,234836,0
20080612,21.9,22.32,21.74,22.18,198046,0
20080613,22.5,23.5,22.27,23.5,190633,0
20080616,23.5,24.41,23.24,24.29,372615,0
20080617,24.2,26.1,24.2,25.38,945365,0
20080618,25.15,26.85,24.93,26.73,603958,0
20080619,26.7,27.28,25.63,26.19,456762,0
20080620,25.39,25.68,25.13,25.35,612269,0
20080623,25.3,25.39,24.27,24.65,464112,0
20080624,24.35,24.81,23.79,23.98,195970,0
20080625,24.51,26.48,24.27,26.42,510806,0
20080626,26.49,26.49,24.51,25.06,506843,0
20080627,25.18,25.28,24.27,24.73,883558,0
20080630,24.39,25.87,24.16,25.33,285272,0
20080701,24.9,26.16,24.32,25.76,523963,0
20080702,26.02,26.03,24.95,25,389540,0
20080703,24.89,25.17,22.51,23.8,396754,0
20080707,23.89,24.93,23.63,24.24,303409,0
20080708,24.49,24.93,23.7,24.51,348399,0
20080709,24.93,26.02,24.76,25.46,306909,0
20080710,25.49,25.94,25.32,25.84,325246,0
20080711,26.16,26.55,25.5,25.9,311168,0
20080714,25.97,26.94,25.97,26.85,299561,0
20080715,26.5,27.65,25.96,27.03,409676,0
20080716,27.08,27.64,26.29,26.64,407014,0
20080717,26.6,27.03,26.06,26.75,253570,0
20080718,26.98,27.45,26.73,27.05,287331,0
20080721,27.31,27.6,26.49,27.11,425110,0
20080722,27.33,28.42,26.86,28.26,430231,0
20080723,28.04,29.09,26.5,27.2,427562,0
20080724,27.42,27.42,22.58,24.31,1088004,0
20080725,24.37,25.27,23.16,25.09,692638,0
20080728,25.06,25.5,24.68,24.89,181668,0
20080729,24.97,25.93,24.33,25.59,432866,0
20080730,25.81,27.31,25.56,25.73,535813,0
20080731,21.26,27.5,21.01,26.15,715065,0
20080801,26.52,27.15,25.59,26.67,371485,0
20080804,26.79,26.85,24.76,25.56,249039,0
20080805,25.85,27.29,25.85,27,365035,0
20080806,27.02,28.18,26.52,27.69,455084,0
20080807,27.87,28,26.63,27.32,533324,0
20080808,27.35,28.15,26.86,27.54,413868,0
20080811,27.54,29.26,27.5,28.25,331461,0
20080812,28.24,29.2,28.06,28.67,222614,0
20080813,28.67,29.14,28.02,28.7,382657,0
20080814,28.65,28.78,27.64,28.57,260201,0
20080815,28.9,29.26,27.82,28.43,168867,0
20080818,28.71,28.99,27.35,27.53,230408,0
20080819,27.48,28.52,26.67,27.92,234280,0
20080820,27.77,28.28,27.76,28.13,142183,0
20080821,28,28,27.03,27.4,124807,0
20080822,27.47,27.66,26.93,27.54,146080,0
20080825,27.39,27.39,26.17,27.03,183047,0
20080826,27.07,27.51,26.5,26.99,241166,0
20080827,26.77,27.5,26.4,27.05,217331,0
20080828,27.12,28.01,26.97,27.8,313955,0
20080829,27.76,28.04,27.32,27.43,159506,0
20080902,27.41,28.07,26.41,27.07,196045,0
20080903,26.96,28.65,26.25,27.75,496313,0
20080904,27.61,28.12,25.5,26.06,261813,0
20080905,26.04,26.05,24.6,25.79,373684,0
20080908,26.39,27.2,25.09,25.18,397974,0
20080909,25.23,25.43,23.2,23.39,300275,0
20080910,23.7,24.72,22.86,23,605190,0
20080911,22.89,23.62,20.52,23.17,981564,0
20080912,22.89,23.38,22.54,23.21,247942,0
20080915,22.55,22.72,21.82,21.82,245752,0
20080916,21.31,22.51,21.18,22.04,316077,0
20080917,21.83,21.85,17.27,19.31,904995,0
20080918,19.33,22.31,19.15,21.52,752148,0
20080919,23.73,24.75,21.86,23.06,506381,0
20080922,22.74,23.2,21.78,21.95,317326,0
20080923,21.9,23.49,21.67,22.44,336207,0
20080924,22.54,22.57,21.61,21.71,183149,0
20080925,21.81,23.16,21.66,22.87,196085,0
20080926,22.76,23.55,21.91,23.01,265757,0
20080929,22.43,22.99,20.89,21.05,342538,0
20080930,21.29,21.85,20.73,21.51,318657,0
20081001,21.65,23.48,21.54,23.17,356600,0
20081002,23.01,23.01,21.27,21.96,574504,0
20081003,22.26,23.67,20.7,20.73,326960,0
20081006,20.5,20.76,18.27,20.66,550007,0
20081007,21.03,21.06,19.1,19.25,424143,0
20081008,18.35,19.62,17.07,18.21,550275,0
20081009,18.21,18.55,15.51,16.07,506709,0
20081010,15.38,17.18,13.97,16.16,400981,0
20081013,16.31,18.77,16.31,18.76,200727,0
20081014,18.79,19.31,17.17,17.29,357324,0
20081015,17.45,17.45,15.41,15.42,224017,0
20081016,15.25,16.41,14.63,15.69,493429,0
20081017,15.28,17.14,14.85,16.31,316640,0
20081020,16.46,17.99,16.4,17.98,303600,0
20081021,17.96,19.21,17.8,17.97,312906,0
20081022,17.22,17.32,15.65,15.97,314407,0
20081023,16.1,16.71,13.58,13.99,627253,0
20081024,12.99,14.28,12.51,13.93,411120,0
20081027,13.31,13.81,10.21,10.4,676430,0
20081028,10.93,11.25,9.97,10.32,1202460,0
20081029,10.22,12.36,10.22,11.5,842526,0
20081030,10.02,10.02,6.29,7.1,5142889,0
20081031,7.5,8.62,7.5,8.53,1563993,0
20081103,9.17,9.2,8.65,8.99,925239,0
20081104,9.01,9.45,8.8,9.31,571653,0
20081105,9.18,9.18,8.85,9.01,402322,0
20081106,8.99,9.02,8.24,8.44,466209,0
20081107,8.49,8.81,7.8,8.19,381157,0
20081110,8.3,8.34,7.46,7.98,338669,0
20081111,7.98,7.98,6.75,6.79,765370,0
20081112,6.62,7.02,6.48,6.76,482275,0
20081113,6.62,6.84,5.65,6.79,514340,0
20081114,6.77,6.77,5.84,5.84,650053,0
20081117,5.81,6.08,5.7,5.98,519788,0
20081118,5.98,5.98,5.65,5.76,491550,0
20081119,5.67,5.8,4.96,4.96,360139,0
20081120,4.84,4.84,3.8,3.89,684071,0
20081121,3.97,4.42,3.59,4.17,684541,0
20081124,4.21,4.3,3.94,4,679530,0
20081125,4.21,4.29,3.95,4.17,456851,0
20081126,4.18,4.26,4.05,4.2,392195,0
20081128,4.1,4.56,3.97,4.51,225089,0
20081201,4.45,4.5,4.07,4.07,393607,0
20081202,4.09,4.28,4.07,4.21,598283,0
20081203,4.13,6.15,4.04,5.63,1123020,0
20081204,5.54,5.79,4.98,5.08,737497,0
20081205,5,5.62,4.99,5.59,575430,0
20081208,5.75,7.55,5.75,7.29,884698,0
20081209,7.16,7.54,7,7.25,354244,0
20081210,7.48,7.89,7.08,7.43,439626,0
20081211,7.3,7.35,6.49,6.72,461623,0
20081212,6.42,7.06,6.23,7.03,223587,0
20081215,6.99,7.17,6.43,6.51,203513,0
20081216,6.67,7.76,6.66,7.65,354351,0
20081217,7.56,8.21,7.33,8.04,331810,0
20081218,8.04,8.07,7.15,7.66,394395,0
20081219,7.74,8.49,7.45,7.92,334789,0
20081222,7.81,8.22,7.16,7.42,453000,0
20081223,7.29,8.1,7.29,7.91,232695,0
20081224,7.91,8.01,7.35,7.63,107727,0
20081226,7.6,8.26,7.23,8.23,409477,0
20081229,8.24,8.38,7.03,7.32,498517,0
20081230,7.45,7.67,7.16,7.64,502382,0
20081231,7.67,7.92,7.34,7.56,379075,0
20090102,7.67,8.95,7.47,8.72,539017,0
20090105,8.82,9.72,8.57,9.47,725075,0
20090106,9.6,10.08,9.29,9.75,357410,0
20090107,9.5,9.53,8.35,8.55,453084,0
20090108,8.56,9.08,8.29,8.69,211211,0
20090109,8.67,8.7,7.99,8.03,232500,0
20090112,8.03,8.08,7.21,7.38,203704,0
20090113,7.33,7.66,7.06,7.26,237812,0
20090114,7.13,7.13,6.64,6.75,232364,0
20090115,6.76,6.8,6.08,6.43,378470,0
20090116,6.51,7.37,6.37,7.24,466674,0
20090120,7.15,7.3,6.51,6.61,345846,0
20090121,6.71,7.57,6.68,7.57,250082,0
20090122,7.34,7.41,6.55,6.81,269710,0
20090123,6.62,7.06,6.39,6.66,351415,0
20090126,6.59,7.2,6.51,6.87,172833,0
20090127,6.87,7.04,6.65,7.01,296327,0
20090128,7.17,7.44,6.96,7.43,213672,0
20090129,7.29,7.51,7.09,7.14,264176,0
20090130,7.35,7.35,6.86,6.92,266796,0
20090202,6.83,7.11,6.5,7,196297,0
20090203,6.87,6.93,6.52,6.65,280717,0
20090204,6.63,7.19,6.55,6.8,179245,0
20090205,6.66,7.09,6.46,6.8,226155,0
20090206,6.81,7.03,6.72,6.8,260539,0
20090209,6.95,6.95,6.64,6.77,115943,0
20090210,6.72,6.83,5.77,5.9,343920,0
20090211,5.89,6.48,5.89,6.19,418299,0
20090212,6.23,6.23,5.85,6.15,331477,0
20090213,6.14,6.55,6.04,6.26,187045,0
20090217,5.86,6.11,5.8,5.84,269733,0
20090218,5.87,5.99,5.43,5.7,178456,0
20090219,5.72,6.11,5.61,5.63,135927,0
20090220,5.5,5.51,5.13,5.3,148507,0
20090223,5.46,5.5,5.09,5.09,141332,0
20090224,5.19,5.85,5.09,5.79,140907,0
20090225,5.72,5.73,5.31,5.33,156041,0
20090226,5.37,6,5.37,5.6,152957,0
20090227,5.44,5.71,4.75,4.85,265619,0
20090302,4.73,4.79,4.08,4.13,369718,0
20090303,4.15,4.16,3.7,3.81,350919,0
20090304,3.9,4,3.58,3.75,340787,0
20090305,3.66,3.71,3.23,3.27,248640,0
20090306,3.35,3.39,2.75,2.93,333658,0
20090309,2.83,2.95,2.38,2.39,189834,0
20090310,2.49,2.97,2.48,2.97,543988,0
20090311,3.07,3.37,2.76,2.77,268598,0
20090312,2.72,3.19,2.66,3.11,376021,0
20090313,3.2,3.33,3.11,3.24,452481,0
20090316,3.34,3.74,3.25,3.36,278777,0
20090317,3.37,3.67,3.27,3.67,211121,0
20090318,3.74,3.9,3.48,3.82,293021,0
20090319,3.83,4.1,3.68,3.7,413856,0
20090320,3.7,3.87,3.64,3.78,349720,0
20090323,3.84,4.32,3.79,4.3,263138,0
20090324,4.27,4.28,4.08,4.12,329085,0
20090325,4.23,4.47,4.04,4.24,203124,0
20090326,4.27,4.63,4.22,4.52,228735,0
20090327,4.4,4.45,4.19,4.26,184929,0
20090330,4.14,4.16,3.97,4.05,300277,0
20090331,4.1,4.15,3.95,4.02,353221,0
20090401,3.96,4.6,3.92,4.58,249818,0
20090402,4.77,5.75,4.77,5.42,434963,0
20090403,5.39,5.62,4.9,5.25,194444,0
20090406,5.12,5.26,4.95,5.19,187104,0
20090407,5.07,5.14,4.93,4.94,211857,0
20090408,5,5.6,5,5.33,218288,0
20090409,5.53,7.13,5.39,6.84,429397,0
20090413,6.77,7.05,6.09,6.79,297388,0
20090414,6.56,7.06,6.35,7.01,438562,0
20090415,6.87,7.17,6.67,7.17,355967,0
20090416,7.23,7.75,7.1,7.72,569901,0
20090417,7.76,7.92,7.18,7.85,255364,0
20090420,7.59,7.59,6.5,6.9,485641,0
20090421,6.86,7.64,6.63,7.51,340557,0
20090422,7.39,8.14,7.39,7.72,372589,0
20090423,7.72,7.72,6.93,6.98,398596,0
20090424,7.08,7.62,6.78,7.52,514718,0
20090427,7.33,7.4,7,7.07,347557,0
20090428,7,7.51,6.91,7.3,222175,0
20090429,7.47,7.95,7.39,7.75,335565,0
20090430,7.94,8,7.36,7.54,311177,0
20090501,7.49,8.23,7.21,7.84,323031,0
20090504,7.83,8.27,7.83,8.27,280017,0
20090505,8.17,8.31,7.77,8.17,226691,0
20090506,8.31,8.37,7.71,8.04,175245,0
20090507,8.14,8.2,7.5,7.57,381600,0
20090508,7.65,8.35,7.51,8.23,364547,0
20090511,8.05,8.05,7.69,7.85,258591,0
20090512,7.88,7.88,7.5,7.65,262454,0
20090513,7.5,7.61,7.05,7.26,316169,0
20090514,7.29,7.48,6.88,7.24,254837,0
20090515,7.15,7.35,6.98,7.14,220094,0
20090518,7.26,7.93,7.07,7.93,190896,0
20090519,7.93,8.19,7.75,8.02,141478,0
20090520,8.09,8.33,7.77,7.85,156289,0
20090521,7.66,7.88,7.48,7.84,207270,0
20090522,7.94,7.99,7.65,7.94,91371,0
20090526,7.85,8.36,7.69,8.34,192268,0
20090527,8.3,9.52,8.3,9.23,442006,0
20090528,9.39,9.63,8.72,9.61,321807,0
20090529,9.63,10,9.58,9.94,268870,0
20090601,10.19,10.52,9.98,10.06,317788,0
20090602,10.02,10.9,9.8,10.05,545480,0
20090603,9.95,10.15,9.3,9.65,377539,0
20090604,9.79,10.74,9.56,10.5,351372,0
20090605,10.84,11.39,10.63,10.99,423139,0
20090608,10.99,11.05,10.5,10.86,286825,0
20090609,11.09,11.36,10.93,11,163942,0
20090610,11.26,11.68,10.8,11.23,273407,0
20090611,11.22,11.52,11.14,11.18,118958,0
20090612,11.08,11.2,10.95,11.17,131760,0
20090615,11.11,11.11,10.8,11.02,292359,0
20090616,11,11.32,10.93,11.06,310581,0
20090617,11.09,11.14,10.46,10.6,231445,0
20090618,10.61,10.9,10.5,10.65,246164,0
20090619,10.89,11.1,10.43,10.6,332063,0
20090622,10.47,10.65,9.99,10.04,222427,0
20090623,10.18,10.29,9.62,9.91,200206,0
20090624,10.07,10.24,9.92,10,322319,0
20090625,9.92,10.22,9.8,10.04,213547,0
20090626,9.98,10.9,9.98,10.78,1194705,0
20090629,10.91,11.23,10.68,11.15,210856,0
20090630,11.26,11.44,10.88,11.12,259511,0
20090701,11.25,11.98,11.24,11.94,512666,0
20090702,11.47,11.47,10.44,11.11,446517,0
20090706,10.95,11,10.29,10.63,373888,0
20090707,10.58,10.59,9.97,10.03,261595,0
20090708,10,10.1,9.16,9.64,489240,0
20090709,9.78,9.98,9.61,9.74,258293,0
20090710,9.61,9.95,9.51,9.75,127603,0
20090713,9.78,9.87,9.24,9.85,185910,0
20090714,9.85,10.13,9.7,10.05,278519,0
20090715,10.21,10.85,10.19,10.77,471426,0
20090716,10.74,11.04,10.59,11,176694,0
20090717,11.04,11.18,10.94,11.08,221019,0
20090720,11.15,11.43,11.13,11.38,134067,0
20090721,11.49,11.53,11,11.27,88895,0
20090722,11.21,11.48,11.11,11.28,114319,0
20090723,11.26,11.62,11.1,11.57,171582,0
20090724,11.49,12.29,11.49,12.24,324887,0
20090727,12.24,12.57,12.03,12.5,126501,0
20090728,12.43,12.99,12.32,12.67,192520,0
20090729,12.58,12.95,12.02,12.66,264952,0
20090730,12.91,13.01,12.71,12.77,170161,0
20090731,12.77,13.01,12.33,12.35,196374,0
20090803,12.41,12.74,12.2,12.65,180016,0
20090804,12.58,12.89,12.53,12.78,209649,0
20090805,13.63,13.69,12.84,12.98,801160,0
20090806,13.03,13.03,11.02,12.54,603612,0
20090807,12.99,13.18,12,12.16,361594,0
20090810,12.12,12.52,11.96,12.2,194012,0
20090811,12.16,12.43,12.05,12.16,143192,0
20090812,12.1,12.98,12.01,12.75,362866,0
20090813,13.02,13.02,12.55,12.74,179008,0
20090814,12.74,12.83,12.28,12.46,93921,0
20090817,12.31,12.32,11.8,11.93,76852,0
20090818,12,12.36,11.9,12.05,140920,0
20090819,11.87,12.04,11.16,11.7,906618,0
20090820,11.61,12.23,11.61,12.06,321588,0
20090821,12.44,12.47,12.1,12.26,193264,0
20090824,12.27,12.29,11.8,11.94,117371,0
20090825,12,12,11.43,11.72,319033,0
20090826,11.63,11.69,11.4,11.61,275108,0
20090827,11.58,11.6,11.08,11.48,202750,0
20090828,11.65,11.83,11.3,11.4,100371,0
20090831,11.3,11.53,11.23,11.37,170173,0
20090901,11.23,11.77,10.78,10.97,167727,0
20090902,10.89,11.18,10.75,10.85,159568,0
20090903,10.9,11.02,10.68,10.86,98484,0
20090904,10.86,11.16,10.5,11,279717,0
20090908,11.14,11.4,11.05,11.32,294871,0
20090909,11.26,11.72,11,11.53,222962,0
20090910,11.79,12.47,11.4,12.44,455823,0
20090911,12.5,12.79,12.44,12.55,190183,0
20090914,12.49,12.9,12.09,12.88,163618,0
20090915,12.88,13.08,12.69,12.99,199450,0
20090916,13.08,13.16,12.92,13,197641,0
20090917,13.01,13.1,12.7,12.82,102607,0
20090918,12.87,12.9,12.54,12.65,226412,0
20090921,12.39,12.63,12.26,12.59,76917,0
20090922,12.69,13,12.52,12.83,91130,0
20090923,12.82,13.01,12.62,12.69,134813,0
20090924,12.83,13.18,12.48,13,255088,0
20090925,12.91,13.13,12.5,12.74,139465,0
20090928,12.8,13.07,12.62,13.04,94023,0
20090929,13.08,13.34,12.93,13.23,455754,0
20090930,13.22,13.22,12.53,12.91,181554,0
20091001,12.85,12.85,12.21,12.25,193871,0
20091002,12.04,12.2,11.83,12.02,262041,0
20091005,12.14,12.64,12.09,12.58,154174,0
20091006,12.68,13.22,12.56,13.01,339463,0
20091007,12.91,13.11,12.72,12.89,95153,0
20091008,13.02,13.49,12.9,13.29,249320,0
20091009,13.32,13.59,13.27,13.56,143733,0
20091012,13.7,14.1,13.7,14.02,538399,0
20091013,13.26,13.32,12.55,13.13,518025,0
20091014,13.4,13.41,13.12,13.26,287521,0
20091015,13.13,13.34,12.92,13.16,384171,0
20091016,13.04,13.15,12.63,12.92,230077,0
20091019,12.92,12.92,12.46,12.57,336424,0
20091020,12.56,12.56,11.84,12.07,1224587,0
20091021,12.05,12.63,11.86,11.88,208282,0
20091022,11.87,12.3,11.61,12.22,154128,0
20091023,12.25,12.32,11.63,11.86,340751,0
20091026,11.91,12.31,11.4,11.49,244590,0
20091027,11.51,11.64,11.25,11.36,141602,0
20091028,11.35,11.4,10.71,10.76,176223,0
20091029,10.88,11.18,10.54,10.96,234069,0
20091030,10.82,11.11,10.62,10.96,292659,0
20091102,11.03,11.03,10.18,10.43,356021,0
20091103,10.3,10.79,10.17,10.69,107248,0
20091104,10.81,11.02,10.48,10.56,117825,0
20091105,10.88,11.96,10.88,11.47,776277,0
20091106,11.32,11.68,11.27,11.4,474131,0
20091109,11.59,11.75,11.3,11.38,420827,0
20091110,11.23,11.6,11.23,11.3,179571,0
20091111,11.42,11.55,11.3,11.41,306740,0
20091112,11.35,11.5,10.9,10.98,158028,0
20091113,11.06,11.48,10.89,11.23,176633,0
20091116,11.41,12.12,11.25,11.97,363623,0
20091117,11.92,12.07,11.82,11.95,177058,0
20091118,11.92,12.1,11.48,11.78,145913,0
20091119,11.66,11.77,11.37,11.56,147772,0
20091120,11.41,12.04,11.39,11.93,147723,0
20091123,12.05,12.33,11.82,11.93,115508,0
20091124,11.92,12.06,11.65,11.86,87448,0
20091125,11.91,11.96,11.76,11.85,140225,0
20091127,11.34,11.77,11.34,11.61,111982,0
20091130,11.66,11.81,11.38,11.77,188486,0
20091201,11.9,12.02,11.8,11.87,82716,0
20091202,11.86,12.07,11.79,11.9,142624,0
20091203,11.92,12.03,11.63,11.71,113663,0
20091204,12.07,12.25,11.79,11.95,163965,0
20091207,11.94,12.04,11.67,12.02,170173,0
20091208,11.84,12.05,11.61,11.78,163654,0
20091209,11.83,11.89,11.45,11.7,98975,0
20091210,11.72,11.95,11.41,11.55,78858,0
20091211,11.6,11.77,11.4,11.51,200422,0
20091214,11.56,11.94,11.37,11.87,266604,0
20091215,11.86,12.04,11.66,11.85,296462,0
20091216,11.93,12.08,11.73,11.89,148845,0
20091217,11.79,11.85,11.59,11.77,117253,0
20091218,11.82,12,11.71,11.9,230075,0
20091221,11.97,12.08,11.88,11.98,104836,0
20091222,11.98,12.1,11.81,11.89,161488,0
20091223,11.97,12.02,11.85,11.89,171105,0
20091224,11.99,12.01,11.8,12,18936,0
20091228,12.11,12.18,11.86,12.01,67035,0
20091229,12.02,12.02,11.78,11.85,255917,0
20091230,11.8,12.12,11.8,12.04,164987,0
20091231,12,12.04,11.66,11.9,138567,0
20100104,12.05,12.24,11.93,12.09,280113,0
20100105,12.1,12.29,11.99,11.99,273208,0
20100106,11.88,11.99,11.74,11.91,261817,0
20100107,11.93,12.05,11.6,12.02,204723,0
20100108,12,12.11,11.94,12.03,259517,0
20100111,12.13,12.13,11.79,11.95,131085,0
20100112,11.82,11.94,11.61,11.77,205161,0
20100113,11.74,11.82,11.5,11.76,122650,0
20100114,11.75,12.06,11.61,11.99,227037,0
20100115,12.1,12.31,11.85,11.9,292574,0
20100119,11.98,11.98,11.71,11.83,173992,0
20100120,11.87,12.41,11.7,12.31,1364828,0
20100121,12.93,13.44,12.89,13.21,713133,0
20100122,13.28,13.61,13,13.3,494353,0
20100125,13.37,13.73,13.31,13.73,419760,0
20100126,13.64,13.75,13.44,13.5,238714,0
20100127,13.35,13.65,13.26,13.6,250225,0
20100128,13.6,13.65,13.25,13.43,215654,0
20100129,13.47,13.79,13.11,13.43,295931,0
20100201,13.54,13.58,13.35,13.51,219763,0
20100202,13.49,13.76,13.41,13.61,75325,0
20100203,13.55,13.67,12.89,13.34,481445,0
20100204,13.16,13.27,12.6,12.67,243720,0
20100205,12.68,12.81,11.78,11.99,805591,0
20100208,11.96,12.08,11.76,11.77,192425,0
20100209,11.92,12.25,11.88,11.97,164508,0
20100210,11.98,12.06,11.67,11.89,173555,0
20100211,11.91,12.54,11.73,12.47,232904,0
20100212,13.19,13.25,12.67,12.79,609886,0
20100216,12.99,13.4,12.9,13.4,169397,0
20100217,13.5,13.65,13.23,13.51,88599,0
20100218,13.46,13.74,13.46,13.7,79460,0
20100219,13.68,13.85,13.57,13.78,92822,0
20100222,13.88,13.88,13.63,13.68,115274,0
20100223,13.61,13.79,13.46,13.58,139682,0
20100224,13.39,13.79,13.29,13.69,156905,0
20100225,15.03,15.32,14.39,14.97,935359,0
20100226,15.09,15.12,14.76,14.97,294431,0
20100301,15.13,15.35,14.93,14.99,316466,0
20100302,15,15.25,14.89,15.15,344675,0
20100303,15.17,15.4,15.06,15.34,287604,0
20100304,15.35,15.9,15.35,15.84,244779,0
20100305,15.9,17.15,15.9,17,1133362,0
20100308,16.98,17.46,16.95,17.35,398812,0
20100309,17.32,17.83,17.3,17.64,322109,0
20100310,17.7,18.27,17.16,17.34,540814,0
20100311,17.24,17.31,16.31,16.52,607799,0
20100312,16.57,16.73,16.19,16.44,257429,0
20100315,16.46,16.5,16.11,16.44,169734,0
20100316,15.98,16.57,15.45,16.53,493306,0
20100317,16.5,17.49,16.5,17.22,457403,0
20100318,17.26,17.42,17.17,17.25,410014,0
20100319,17.43,17.44,16.91,16.93,282225,0
20100322,16.87,17.4,16.79,17.2,102600,0
20100323,17.16,17.71,17.16,17.63,230913,0
20100324,17.62,17.74,17.44,17.6,155397,0
20100325,17.75,17.75,16.97,17.01,157761,0
20100326,17.18,17.54,16.84,17.06,134408,0
20100329,17.19,17.5,17.08,17.35,313352,0
20100330,17.28,17.73,17.2,17.34,318759,0
20100331,17.34,18.03,17.32,17.46,296392,0
20100401,17.7,18.79,17.57,18.53,495771,0
20100405,18.74,18.83,18.6,18.77,370352,0
20100406,18.93,18.93,18.38,18.55,193882,0
20100407,18.45,18.45,17.97,18.1,250371,0
20100408,17.95,18.57,17.81,18.35,156515,0
20100409,18.4,18.43,18.05,18.27,70450,0
20100412,18.31,18.47,18,18.08,131892,0
20100413,18.03,18.2,17.7,18.04,157308,0
20100414,18.2,18.68,18.06,18.51,106561,0
20100415,18.51,18.7,18.31,18.51,104563,0
20100416,18.45,18.45,17.59,18.05,181403,0
20100419,17.88,18.01,17.47,17.73,166471,0
20100420,17.93,18.1,17.71,17.99,159973,0
20100421,18.12,18.13,17.83,18,108639,0
20100422,17.81,18,17.44,17.99,115906,0
20100423,17.98,18.07,17.83,18,94830,0
20100426,18.05,18.51,17.98,18.32,315231,0
20100427,18.25,18.36,17.47,17.51,124513,0
20100428,17.6,18.43,17.6,18.08,295046,0
20100429,18.32,18.59,18.2,18.23,302511,0
20100430,18.24,18.41,17.58,17.71,217044,0
20100503,17.7,18.44,17.7,18.31,276513,0
20100504,18.03,18.03,17.3,17.7,313586,0
20100505,17.45,17.45,16.7,16.86,254727,0
20100506,18.5,19.89,17.79,19.4,1867027,0
20100507,19.52,21.16,19.1,19.68,1471814,0
20100510,20.44,21.13,20,20.49,459261,0
20100511,20.45,21,20.34,20.75,398437,0
20100512,20.89,23.42,20.81,22.82,1216114,0
20100513,22.57,22.87,21.89,22.51,466987,0
20100514,22.48,22.51,21.56,21.82,289490,0
20100517,21.28,21.7,20.27,20.87,391271,0
20100518,20.81,21.39,20.3,20.45,194805,0
20100519,20.3,20.52,19.28,19.53,459142,0
20100520,19.19,19.19,18.31,18.72,446776,0
20100521,18.41,20.1,18.29,19.99,642466,0
20100524,19.66,20.37,19.66,19.78,295233,0
20100525,19.26,19.27,18.41,18.82,638598,0
20100526,18.91,19.6,18.56,18.65,319893,0
20100527,19,20.46,18.82,20.45,472635,0
20100528,20.4,20.72,20,20.41,196497,0
20100601,20.19,20.91,19.88,20.5,456825,0
20100602,20.48,21.13,20.42,21.12,297236,0
20100603,21,21.78,21,21.6,344936,0
20100604,21.24,21.24,20,20.13,324973,0
20100607,20.17,20.25,18.97,19.04,243577,0
20100608,19.19,19.42,18.32,18.91,377023,0
20100609,19.06,19.58,18.56,18.95,508495,0
20100610,19.42,19.77,19.24,19.76,257239,0
20100611,19.68,19.92,19.24,19.74,272226,0
20100614,19.91,20.23,19.42,19.53,172238,0
20100615,20.15,21.07,20.15,20.96,508371,0
20100616,20.98,22.17,20.82,21.74,352351,0
20100617,22.04,22.18,21.37,21.98,406475,0
20100618,22,22.81,21.65,22.67,427854,0
20100621,23.08,23.99,22.29,22.59,508768,0
20100622,22.57,23.14,21.94,22.07,438609,0
20100623,22.08,23.07,21.26,22.57,289969,0
20100624,22.54,22.73,21.56,21.82,465802,0
20100625,21.92,24,21.82,23.49,980797,0
20100628,23.78,25.1,23.55,24.16,1045463,0
20100629,23.79,23.79,22.14,22.91,1226301,0
20100630,22.98,23.89,22.61,22.74,356180,0
20100701,22.73,22.74,21.5,22.6,406100,0
20100702,22.67,23.32,22.44,23.06,312997,0
20100706,23.51,24.3,22.97,23.33,491216,0
20100707,23.48,23.58,22.39,22.71,631271,0
20100708,23,23.97,22.62,23.77,633068,0
20100709,23.94,23.99,23.19,23.76,314728,0
20100712,23.54,23.9,23.05,23.39,165564,0
20100713,23.66,24.62,23.56,24.51,415289,0
20100714,24.5,25.72,23.98,25.52,626982,0
20100715,25.52,25.52,23.97,25.28,617320,0
20100716,25.13,25.19,24.39,24.6,455020,0
20100719,24.6,24.9,24.25,24.85,201754,0
20100720,24.63,25.14,24.28,25,340325,0
20100721,25.26,25.58,24.73,24.88,362470,0
20100722,25.29,25.81,25.19,25.29,428300,0
20100723,25.17,26.24,24.8,26.02,311087,0
20100726,26.18,26.67,25.9,26.39,376409,0
20100727,26.36,26.5,25.37,25.46,223203,0
20100728,25.35,25.35,23.61,24.13,456183,0
20100729,24.52,25.07,23.35,24.81,405191,0
20100730,24.34,24.74,23.72,24.56,337678,0
20100802,25.14,25.46,24.16,24.54,300325,0
20100803,24.38,24.57,23.54,23.69,325704,0
20100804,23.9,24.48,23.1,24.19,718359,0
20100805,27.73,28.39,26.57,26.89,1480810,0
20100806,27.02,27.29,25.55,26.18,975018,0
20100809,27.03,28.74,27.03,28.55,948074,0
20100810,28.38,29.25,26.92,28.96,957569,0
20100811,28.32,28.46,27.24,27.56,620152,0
20100812,27.19,27.88,26.51,27.29,326821,0
20100813,27.07,27.66,26.7,27.5,306293,0
20100816,27.53,28.87,27.02,28.41,534351,0
20100817,29.03,29.28,28.41,28.81,380714,0
20100818,28.68,29.4,28.27,29.03,248529,0
20100819,28.79,28.82,26.26,26.69,1112843,0
20100820,26.69,26.89,26.09,26.46,402575,0
20100823,27.04,27.51,26,26.14,324293,0
20100824,25.65,26.41,24.96,26.27,595094,0
20100825,25.76,26.75,25.7,26.22,972834,0
20100826,27.77,28.38,26.7,27.15,1201303,0
20100827,27.4,27.99,26.75,27.9,472553,0
20100830,28.07,28.12,27.42,27.48,404322,0
20100831,27.53,27.53,26.46,27.02,571744,0
20100901,27.56,28.53,27.42,28.46,689752,0
20100902,28.24,29.11,27.87,28.9,527621,0
20100903,29.03,29.62,28.63,29.02,494927,0
20100907,29.15,29.24,28.48,28.84,391186,0
20100908,28.89,29.87,28.7,29.74,708120,0
20100909,30.26,30.5,29.51,29.6,460072,0
20100910,29.61,29.61,28.61,29.3,361148,0
20100913,29.71,30.74,29.44,30.52,577494,0
20100914,30.52,31.04,29.91,30.58,509545,0
20100915,30.66,30.72,29.26,29.45,561452,0
20100916,29.31,29.59,28.77,29.35,660219,0
20100917,29.65,29.7,28.46,28.89,480705,0
20100920,28.9,29.88,28.4,29.76,480054,0
20100921,30,30,29.13,29.52,382330,0
20100922,29.5,29.94,29,29.3,217123,0
20100923,29.01,29.54,28.83,29.11,267268,0
20100924,29.33,29.69,29.1,29.35,350442,0
20100927,29.32,29.44,28.75,29.02,506510,0
20100928,29.22,29.84,28.51,29.53,451125,0
20100929,29.72,30.45,29.72,30.15,795751,0
20100930,30.48,30.7,29.35,30.16,356346,0
20101001,30.39,30.54,29.73,30.1,181829,0
20101004,29.94,30.42,29.33,29.48,283037,0
20101005,29.92,31.3,29.85,31.26,503437,0
20101006,31.38,33.5,31.38,32.76,854747,0
20101007,33.02,33.38,32.05,32.72,374814,0
20101008,32.58,33.67,32.57,33.46,337312,0
20101011,33.57,33.75,33.17,33.23,279390,0
20101012,33.21,33.48,32.08,32.97,256521,0
20101013,33.28,34.05,33.15,33.84,274558,0
20101014,33.89,34.02,33.45,33.91,191490,0
20101015,34.12,34.25,33.58,34.09,277550,0
20101018,33.93,34.48,33.48,33.87,309750,0
20101019,33.3,33.61,32.44,32.94,442072,0
20101020,33.15,33.9,33,33.74,272168,0
20101021,33.85,35.31,33.85,34.53,317791,0
20101022,34.88,35.04,33.77,34.47,201259,0
20101025,34.62,35.18,34.22,34.6,279748,0
20101026,34.33,35.23,34.1,34.97,234346,0
20101027,34.75,34.84,34,34.78,283504,0
20101028,34.95,35.45,33.22,33.6,269441,0
20101029,33.45,34.01,32.99,33.27,271109,0
20101101,33.52,35.65,33.52,35.4,628668,0
20101102,35.98,36.18,35.04,36.11,305163,0
20101103,36.27,36.99,35.5,36.4,576830,0
20101104,34.29,34.33,29.55,32.74,4746855,0
20101105,32.65,34.94,32.65,34.85,759960,0
20101108,34.92,35.68,34.51,35.39,491716,0
20101109,35.34,35.44,33.91,34.14,459337,0
20101110,34.19,34.64,33.05,34.54,367346,0
20101111,34.3,34.74,33.89,34.6,310632,0
20101112,34.07,34.55,33.1,33.42,361062,0
20101115,33.46,34,32.5,33.2,419786,0
20101116,32.79,33,32.02,32.22,635138,0
20101117,32.13,32.14,31.26,31.84,555813,0
20101118,32.1,33.02,32.1,32.85,409442,0
20101119,32.61,32.99,32.32,32.77,249867,0
20101122,32.62,33.1,32.4,32.93,359442,0
20101123,32.76,32.77,31.8,32.21,440514,0
20101124,32.26,32.9,32.12,32.72,166137,0
20101126,32.51,33.38,32.43,33.11,87980,0
20101129,33.17,33.58,32.4,33.45,248548,0
20101130,33.17,33.34,31.01,31.78,939483,0
20101201,32.18,32.9,31.92,32.45,520206,0
20101202,32.52,35.19,32.52,35.12,677312,0
20101203,34.81,36.25,34.81,36.12,432296,0
20101206,36.91,42.95,36.9,42.02,2902911,0
20101207,42.3,42.44,40.12,40.99,910910,0
20101208,39.78,43.33,39.51,43.09,2246758,0
20101209,43.42,45.73,43.32,44.53,1417407,0
20101210,44.15,44.15,41.58,42.22,1905016,0
20101213,42.21,42.68,41.39,41.85,454505,0
20101214,41.8,41.96,40.74,41.38,505021,0
20101215,41.31,43.37,41.01,42.13,538589,0
20101216,42.08,42.54,41.11,41.77,269998,0
20101217,42.01,44.1,41.86,44.04,790854,0
20101220,43.74,44.4,42.33,42.86,702429,0
20101221,43.17,44.03,42.76,43.85,273498,0
20101222,44.33,45.88,44.21,44.78,499787,0
20101223,44.64,44.65,41.87,42.07,443057,0
20101227,42.13,42.47,41.14,42.4,247759,0
20101228,42.69,42.69,41.52,41.61,245340,0
20101229,41.59,41.81,40.7,41.19,251649,0
20101230,41.09,41.47,40.77,41.25,361456,0
20101231,40.93,41.33,40.59,40.73,147438,0
20110103,41.27,41.98,41.07,41.2,275160,0
20110104,41.52,41.54,39.45,40.66,366896,0
20110105,40.51,42,40.29,41.69,233790,0
20110106,42.08,44.05,42.06,44.01,773274,0
20110107,44.61,45.16,43.1,43.79,349419,0
20110110,43.64,44.09,43.15,43.81,171598,0
20110111,44.29,44.4,43.15,43.17,246118,0
20110112,43.61,44.73,43.35,44.51,353124,0
20110113,44.76,48.19,44.52,47.85,1035405,0
20110114,47.71,48.2,45.14,46.02,658131,0
20110118,46.05,47.18,45.01,47.05,359381,0
20110119,47.2,48.38,46.25,46.29,654431,0
20110120,45.64,45.94,43.01,44.35,534617,0
20110121,44.4,44.95,43.91,43.99,298376,0
20110124,43.95,44.99,42.9,44.45,438829,0
20110125,44.2,44.88,43.48,44.87,318983,0
20110126,46.43,47.89,46.16,47.49,871632,0
20110127,47.58,47.85,47,47.59,356259,0
20110128,47.55,47.78,46,46.03,458117,0
20110131,46.45,48.74,46,48.15,507533,0
20110201,48.27,49.88,48.27,49.13,592631,0
20110202,49.33,50.67,48.55,49.53,438922,0
20110203,49.9,50.48,48.7,50.15,307404,0
20110204,50.1,50.5,49.51,50.1,236586,0
20110207,50.2,51.65,50.2,50.64,397601,0
20110208,50.92,52.11,50.64,51.78,290868,0
20110209,51.76,53.46,51.56,52.33,439779,0
20110210,52.25,54.18,52.25,53.95,333100,0
20110211,54.05,54.49,53.76,54.07,336408,0
20110214,54.26,54.71,53.48,53.51,304230,0
20110215,53.92,54.69,53.14,53.37,448824,0
20110216,53.76,54.38,53.5,53.91,204447,0
20110218,54.44,54.6,51.35,52.41,591123,0
20110222,51.6,52.54,50,50.54,479177,0
20110223,50.41,50.41,46.07,49.53,1054623,0
20110224,54.68,58.7,53.35,56.53,1652410,0
20110225,57.62,61.75,57.39,59.39,982297,0
20110228,59.21,59.93,57.31,58.44,1058343,0
20110301,58.42,58.91,54.52,54.84,717168,0
20110302,54.86,56.75,54.21,54.98,648427,0
20110303,55.66,56.22,54.62,55.32,929632,0
20110304,55.52,55.52,54.62,55.37,938996,0
20110307,55.48,56.3,52.56,54.37,815894,0
20110308,54.36,55.6,52.87,55.15,677685,0
20110309,54.82,55.56,54,55.32,632327,0
20110310,54.76,54.76,52.63,53.01,650771,0
20110311,52.51,54.8,51.15,54.35,593041,0
20110314,53.73,55.48,53.01,54.28,359912,0
20110315,52,55.75,51.01,54.74,885429,0
20110316,55.8,58.74,54.1,55.17,1551972,0
20110317,56.11,57.38,55.27,55.69,576415,0
20110318,53.4,53.49,52.01,52.18,2969714,0
20110321,52.86,53.54,52.5,53.07,1379735,0
20110322,53.2,53.57,52.34,53.3,685287,0
20110323,53.4,53.4,51.32,52.54,674194,0
20110324,52.8,53.3,51.65,52.75,450943,0
20110325,52.99,56.7,52.86,56.35,1382723,0
20110328,56.98,58.84,56.41,57.15,1158506,0
20110329,57.3,58.56,56.8,57.88,696677,0
20110330,58.91,59,57.67,58.01,561992,0
20110331,57.07,57.62,55.5,57.58,773279,0
20110401,57.82,58.21,56.84,57.37,631138,0
20110404,58.08,59.39,57.54,59.24,545061,0
20110405,59.12,60.5,58.4,59,578596,0
20110406,59.18,59.99,57.12,57.7,625893,0
20110407,57.7,58.45,56.1,57.25,521292,0
20110408,57.6,57.97,56.21,56.77,407658,0
20110411,56.72,57.97,56.35,57.87,539815,0
20110412,57.21,57.22,53.67,55.83,849803,0
20110413,56.59,57.3,55.6,56.12,422702,0
20110414,55.6,55.67,54.5,55.33,381914,0
20110415,55.13,55.69,54.54,54.81,637793,0
20110418,54.08,54.29,52.6,53.98,481373,0
20110419,54.05,56.09,54.03,56.03,720629,0
20110420,56.97,57.2,55.93,56.43,455912,0
20110421,56.97,57.95,56.47,57.41,440419,0
20110425,57.78,57.97,55.6,56.3,363232,0
20110426,56.65,56.92,55.35,55.5,493978,0
20110427,55.64,56.87,54.13,56.65,379568,0
20110428,56.66,59.39,56.59,59.1,763574,0
20110429,59.35,62.24,58.97,61.77,1486852,0
20110502,63.65,65.92,61.15,61.43,1175677,0
20110503,61.16,61.72,56.17,58.14,963319,0
20110504,57.93,57.95,52.36,55.37,1980039,0
20110505,60.93,68.55,60.11,65.88,4889591,0
20110506,66.99,67.94,65.05,67.62,1059115,0
20110509,66.86,68.03,65.31,67.67,927514,0
20110510,68.06,71,68.05,69.18,1175579,0
20110511,69.76,70.19,66.34,67.37,721930,0
20110512,67.01,67.96,65.69,67.67,551821,0
20110513,67.78,68,65.88,66.33,505220,0
20110516,66.15,66.6,63.56,63.67,771197,0
20110517,63.28,66.1,62.63,65.98,988428,0
20110518,66.35,70.15,66.06,69.67,911997,0
20110519,70.22,71.96,70.2,70.54,753329,0
20110520,70.32,70.82,68,68.69,841732,0
20110523,67.28,67.86,65.27,66.76,568716,0
20110524,66.73,66.84,65,65.1,744318,0
20110525,65.09,68.2,64.6,67.72,621578,0
20110526,67.53,68.25,66.16,67.96,508115,0
20110527,67.96,69.26,67.73,68.05,512916,0
20110531,67.71,68,64,65.55,1415557,0
20110601,64.97,66.34,64.13,64.53,1003314,0
20110602,64.47,65.17,63.1,63.92,913458,0
20110603,62.81,64.39,61.5,63.06,532068,0
20110606,62.64,63.39,61.41,61.51,648968,0
20110607,61.79,62.28,60.06,62.1,780349,0
20110608,61.74,63.17,60.11,62.14,1099541,0
20110609,61.55,61.58,58.45,60.65,1815271,0
20110610,60.05,60.38,58.7,59.81,985727,0
20110613,59.89,60.59,58.66,58.83,557468,0
20110614,59.57,60.75,57.51,60.44,846378,0
20110615,58.5,59.79,56.62,56.74,1197410,0
20110616,56.63,57.33,55,56.12,1245601,0
20110617,56.63,58.43,56.19,57.86,1350677,0
20110620,57.68,60.56,57.56,59.84,966835,0
20110621,60.17,63,59.91,62.81,1247328,0
20110622,62.71,63.75,61.79,61.86,746219,0
20110623,60.75,63,59.39,62.69,899229,0
20110624,62.75,63.72,62.16,63.72,2511655,0
20110627,63.44,65.35,62.63,64.84,916028,0
20110628,64.88,66.01,64.39,66.01,885321,0
20110629,66.96,69,66.63,67.59,1382782,0
20110630,67.88,68.68,67.17,67.84,744468,0
20110701,69.07,70.48,67.79,70.31,1214474,0
20110705,70.54,71.87,70.09,71.28,843497,0
20110706,71.36,72.88,70.2,72.82,994666,0
20110707,73.97,74.21,71.93,72.08,490224,0
20110708,71,72.45,70.2,72,521738,0
20110711,70.81,71.53,68.37,69.35,637565,0
20110712,68.73,69.38,67.55,68,610317,0
20110713,68.73,70.49,68.41,68.76,596129,0
20110714,69.16,70,67.36,67.87,470657,0
20110715,68.28,68.65,67.07,68.51,409510,0
20110718,68.14,68.34,65.77,67.26,454889,0
20110719,68.08,70,68,69.8,490422,0
20110720,70,70,68.18,68.62,373411,0
20110721,69.07,70.53,68.57,69.11,549710,0
20110722,69.21,69.92,68.93,69.27,403427,0
20110725,68.7,71.07,68.06,70.7,689124,0
20110726,70.76,72.79,70.76,71.08,893146,0
20110727,70.5,70.5,66.6,67.65,1126298,0
20110728,67.52,69.45,66.55,67.02,694138,0
20110729,65.63,68.51,64.03,68,770052,0
20110801,70.49,71.5,66,68.56,1095971,0
20110802,64.51,67.9,60.35,61.51,2445178,0
20110803,62.2,70,61.26,69.73,2288795,0
20110804,66.72,68.05,64.07,64.18,1705909,0
20110805,64.03,64.13,57.27,60.01,1925970,0
20110808,55.21,56.5,50.62,51.64,2323089,0
20110809,53.11,56.81,51.49,56.68,1324360,0
20110810,55.66,57.86,54.29,54.8,982311,0
20110811,55.79,61.16,55.32,60.18,1129484,0
20110812,61.01,63.1,59.7,62.17,857672,0
20110815,63.6,65.06,63.43,64.64,643921,0
20110816,63.43,64.35,61.72,62.23,811815,0
20110817,62.41,63.49,59.79,60.75,444487,0
20110818,58.22,58.29,54.25,54.73,909740,0
20110819,53.79,55.68,52,52.44,659668,0
20110822,54.24,54.82,51.63,52.06,510292,0
20110823,52.25,56.98,51.92,56.98,692348,0
20110824,56.69,58.45,56.07,58.36,496593,0
20110825,59.49,59.86,57.05,57.59,655574,0
20110826,56.89,60.3,55,60,698021,0
20110829,61.2,63.41,60.78,63,760808,0
20110830,62.53,64.34,61.46,62.92,624314,0
20110831,63.5,64.35,60.76,61.67,622103,0
20110901,61.69,61.88,59.62,59.81,454367,0
20110902,59.73,59.73,57.04,57.98,308729,0
20110906,55.58,57.87,55.05,57.69,350407,0
20110907,58.92,60.46,58.54,60.42,1559880,0
20110908,59.88,62.6,59.88,61.39,843446,0
20110909,60.87,61.56,57.84,59.05,614202,0
20110912,57.54,59.92,57.17,59.6,701346,0
20110913,59.82,63.2,59.82,62.57,615684,0
20110914,63.4,64.39,61.91,63.68,790325,0
20110915,64.34,65,63.25,64.88,528694,0
20110916,64.98,66.49,64.05,66.44,772716,0
20110919,64.78,69.26,63.83,67.7,827522,0
20110920,68.72,69.74,65.72,66.12,751637,0
20110921,66,66.31,61.7,61.75,535861,0
20110922,58.13,58.96,55.46,56.32,932155,0
20110923,55.78,59.57,55.39,58.88,821852,0
20110926,60.06,60.87,57.04,60.79,469222,0
20110927,61.51,64.16,60.69,61.38,594803,0
20110928,61.51,63.9,58.96,59.01,484903,0
20110929,60.79,61.14,55.45,57.94,639313,0
20110930,56.77,58.71,55.93,56.52,657114,0
20111003,55.54,56.8,51.92,52.28,995637,0
20111004,50.75,51.88,47.37,51.79,1686246,0
20111005,51.92,55.94,51.92,55.12,1053630,0
20111006,55.02,56.98,54,56.33,770463,0
20111007,57.54,57.54,54.75,55.54,522612,0
20111010,57.22,57.85,55.17,56.24,675758,0
20111011,56.02,57.58,55.05,57.09,427629,0
20111012,57.66,59.44,56.94,58,649946,0
20111013,57.22,57.42,55.01,55.76,769581,0
20111014,56.99,57.97,56.14,57.2,729598,0
20111017,56.81,56.99,54.14,54.33,354623,0
20111018,54.04,54.33,52.25,53.99,798045,0
20111019,54.5,55.58,52.12,52.51,1085606,0
20111020,52.25,52.62,48.21,49.73,1330304,0
20111021,50.63,50.75,49.16,49.68,1047608,0
20111024,49.81,51.58,49.81,51.3,924258,0
20111025,50.77,50.94,49.45,49.78,606995,0
20111026,50.25,50.45,45.38,46.01,1959224,0
20111027,48.6,53.29,47.28,51.58,1968889,0
20111028,51.51,52.84,50.25,52.63,987001,0
20111031,52,53.89,50.72,52.45,1239597,0
20111101,49.54,51.4,48.68,50,1133324,0
20111102,51.07,52.61,49.91,52.53,1064323,0
20111103,50.02,58,50.02,56.91,2872457,0
20111104,56.79,57.49,55.55,56.57,1311811,0
20111107,56.36,57,54.84,55.59,599312,0
20111108,56.27,56.8,54.33,56.59,597355,0
20111109,54.64,54.64,52.93,53.23,710554,0
20111110,54.49,55.01,53.24,53.97,744807,0
20111111,55.15,57.23,53.22,54.95,2383281,0
20111114,54.89,57.05,54.84,56.67,589398,0
20111115,56.2,58.76,55.65,58.14,983824,0
20111116,57.3,57.99,56.86,57.13,756845,0
20111117,57,58.65,56.12,56.51,768328,0
20111118,56.93,57.66,54.87,55.44,620228,0
20111121,54.25,54.35,51.83,52.81,749922,0
20111122,52.64,52.95,51.39,51.74,842288,0
20111123,51.26,51.4,50.02,50.7,579341,0
20111125,50.15,51.52,50.09,50.27,161775,0
20111128,52.26,53.31,51.2,51.95,679273,0
20111129,52.2,52.36,48.5,48.53,1428475,0
20111130,51.02,51.1,47.76,49.05,1908458,0
20111201,49,49.91,47.95,48.86,1154676,0
20111202,49.77,49.91,48.8,49.03,818841,0
20111205,50.66,51.04,49.73,50.69,1213259,0
20111206,50.94,51.08,47.46,48.8,1452130,0
20111207,48.26,49.94,47.8,49.19,969838,0
20111208,48.88,49.65,47.85,48.05,1108864,0
20111209,47.89,49.35,47.89,48.46,1293657,0
20111212,48.01,48.22,47,47.59,790444,0
20111213,47.82,49.3,47.39,47.82,1046217,0
20111214,47.32,47.51,43.5,43.86,1779199,0
20111215,44.36,44.84,43.25,43.43,1129308,0
20111216,43.51,44.58,43.43,44.49,1303204,0
20111219,44.73,45.15,43.69,43.9,988364,0
20111220,44.54,45.56,43.54,45.24,943912,0
20111221,44.99,45.17,43.65,44,881758,0
20111222,44.06,45.21,43.81,45.09,774665,0
20111223,45.06,46.35,44.96,46.18,460591,0
20111227,45.91,46.41,45.45,45.89,312922,0
20111228,45.89,46.1,44.27,44.56,585258,0
20111229,44.82,45,44.29,44.68,359945,0
20111230,44.53,45.2,43.99,43.99,607333,0
20120103,45.06,46.57,44.49,44.66,631814,0
20120104,44.37,44.5,42.53,43.18,843549,0
20120105,43,44.78,42.43,44.62,787054,0
20120106,44.47,45.21,44.21,45,1045404,0
20120109,45.24,45.9,45,45.65,577050,0
20120110,46.23,46.6,44.93,45.1,597878,0
20120111,45.01,47.48,44.93,47.37,769596,0
20120112,47.62,51.55,47.5,51.1,2171107,0
20120113,50.49,53.1,50.25,52.31,1343115,0
20120117,52.82,54.74,52.82,53.79,1213274,0
20120118,53.63,54.7,52.88,54.09,797881,0
20120119,53.56,54.11,52.03,53.71,1400712,0
20120120,53.5,54.3,53.49,54.04,636759,0
20120123,54.13,57.66,54.12,55.98,1167191,0
20120124,55.97,56.16,54.5,55.89,457417,0
20120125,56.03,56.91,55.67,56.7,638524,0
20120126,57.14,57.25,55.58,55.76,366633,0
20120127,55.65,56.74,54.41,56.38,429535,0
20120130,54.46,55,52.36,54.34,1472922,0
20120131,54.45,54.77,36.6,38.08,26374344,0
20120201,40.78,43.31,40.62,41.3,12295907,0
20120202,41.51,44.34,41.5,43.88,3630488,0
20120203,44.55,48.26,44.31,46.83,5610220,0
20120206,48.5,48.99,46.32,47.52,1981003,0
20120207,47,48.7,46.61,48.26,1684792,0
20120208,48,48.84,47.38,48,2124325,0
20120209,48.05,48.25,45.76,47.14,1869635,0
20120210,45.96,46.1,42.81,43.5,2847229,0
20120213,44,44.31,43.2,43.65,1247387,0
20120214,43.03,43.03,40.53,41.42,3079158,0
20120215,41.67,41.95,39.71,39.87,2146991,0
20120216,39.87,40.7,39.78,39.95,2278932,0
20120217,40.08,41.6,39.62,40.4,2353153,0
20120221,40.59,43.62,40.59,43.19,2756054,0
20120222,41.99,43.97,41.99,43.52,3040315,0
20120223,38,38.75,36.88,38.61,8584934,0
20120224,38.5,39.7,38.36,39.52,3005107,0
20120227,39.14,40.95,39.06,40.67,1894093,0
20120228,40.56,41.6,39.85,41.33,1773501,0
20120229,41.38,41.75,40.76,41.12,2205445,0
20120301,41,41.73,40.52,40.78,1796412,0
20120302,40.64,41,39,39.78,1735580,0
20120305,38.61,38.67,34.8,35.91,6928877,0
20120306,35.43,36.63,35.22,35.97,2139641,0
20120307,36.6,36.6,35.42,36.31,894095,0
20120308,36.65,37.06,36.48,36.56,982633,0
20120309,36.49,37.53,36.21,37.28,1145957,0
20120312,37.19,37.97,36.89,37.58,1144741,0
20120313,37.91,38.47,37.57,38.36,938030,0
20120314,38.33,38.43,36.7,36.93,1060354,0
20120315,37.29,38.09,36.88,37.39,1289659,0
20120316,37.4,37.91,35.62,36.4,1457035,0
20120319,36.21,36.4,34.71,35.09,2098476,0
20120320,34.74,34.82,33.8,34.27,2627291,0
20120321,34.5,35.67,34.28,35.6,1060109,0
20120322,35.02,35.8,35,35.65,882803,0
20120323,35.74,37.23,35.65,36.89,1182221,0
20120326,36.86,37.54,36.84,37.49,920530,0
20120327,37.33,37.66,36.5,36.85,1073998,0
20120328,36.93,36.93,35.48,35.91,925758,0
20120329,35.42,35.53,34.72,35.11,1866652,0
20120330,35.49,36.33,35,35.16,1857131,0
20120402,35.11,35.77,35.1,35.67,1650982,0
20120403,35.67,36.24,35.15,35.5,2437865,0
20120404,35.62,38.55,35.61,37.03,3329270,0
20120405,36.8,37.42,36.35,37.13,892787,0
20120409,36.32,37.09,36.25,36.99,829070,0
20120410,36.81,36.99,35.34,35.7,1605038,0
20120411,35.97,37.77,33.96,36.38,4226002,0
20120412,36.25,37.4,35.76,37.2,1217563,0
20120413,37.09,38.55,36.79,38.39,1038703,0
20120416,38.47,38.94,36.81,37.04,766016,0
20120417,37.15,37.98,36.43,37.58,920933,0
20120418,37.28,37.49,36.53,36.89,736007,0
20120419,36.73,37.79,36.28,36.49,1334006,0
20120420,36.6,38.19,36.5,37.48,1011246,0
20120423,37.01,37.02,35.76,36.48,972274,0
20120424,36.5,36.85,35.89,36.43,676678,0
20120425,36.7,37.32,36.06,36.63,794820,0
20120426,36.55,37.97,35.88,37.55,717791,0
20120427,37.68,37.96,36.89,37.65,449037,0
20120430,37.57,37.57,36.44,37.35,728139,0
20120501,37.35,39.34,37.2,38.7,1099220,0
20120502,38.44,38.88,37.95,38.18,1648550,0
20120503,36.16,39.92,36,39.28,2431423,0
20120504,39.09,39.26,37.78,38.18,1204156,0
20120507,38,39.26,37.55,38.5,946052,0
20120508,38.26,38.26,36.5,37.67,1383361,0
20120509,37.01,37.75,36.7,37.4,874307,0
20120510,37.58,38.26,37.05,37.55,330728,0
20120511,37.51,39.98,37.3,39.28,1569101,0
20120514,39,39.42,37.89,38.12,1064136,0
20120515,38,38.65,37.66,37.94,1047149,0
20120516,38.1,38.41,36.53,36.7,809141,0
20120517,36.65,37.67,36.04,36.26,623142,0
20120518,36.71,37.5,35.71,36,1096298,0
20120521,35.98,37.09,35.01,36.88,1044516,0
20120522,37,37.23,36.18,36.67,804952,0
20120523,36.36,37.07,35.91,36.92,578036,0
20120524,36.99,37,36.15,36.68,520609,0
20120525,36.68,37.03,36.47,36.87,392890,0
20120529,37.15,38.98,37.15,38.63,699981,0
20120530,38.21,38.34,37.51,38,769182,0
20120531,37.9,38.22,36.82,36.99,2024425,0
20120601,36.29,36.77,35.04,35.54,1335361,0
20120604,35.47,35.68,33.63,34.08,1035349,0
20120605,33.93,36.07,33.6,34.81,1992691,0
20120606,35.19,36.4,34.97,35.97,449242,0
20120607,36.31,36.72,34.41,34.56,1214954,0
20120608,34.82,35.5,34.11,35.39,848011,0
20120611,35.76,35.94,34.67,34.96,606051,0
20120612,35.11,36.76,34.77,36.02,1376171,0
20120613,35.95,36.36,34.6,34.94,732116,0
20120614,35,35.99,33.72,35.87,1325850,0
20120615,35.99,36.78,35.7,36.61,697706,0
20120618,36.49,37.53,36.05,37.29,414396,0
20120619,37.5,39.48,37.16,38.94,931482,0
20120620,38.95,39.3,38.08,38.94,577078,0
20120621,38.88,39.14,37.91,38.16,524351,0
20120622,38.15,39.4,37.79,39.24,900011,0
20120625,39.24,39.28,38.16,38.38,375825,0
20120626,38.43,38.56,36.96,38.06,521620,0
20120627,38.06,38.65,37.68,38.38,704731,0
20120628,38.01,38.87,37.45,38.62,599466,0
20120629,39.73,40.75,38.81,40.39,1055012,0
20120702,40.5,40.53,38.73,39.11,1069004,0
20120703,39.53,40.58,39.11,39.96,294984,0
20120705,40,40.57,39.8,40.28,388114,0
20120706,39.67,39.94,37.97,38.52,753383,0
20120709,38.32,38.5,37.73,38,664248,0
20120710,38.21,38.46,37.66,38.12,898771,0
20120711,38.09,38.64,37.85,38.51,517891,0
20120712,38.08,38.67,36.49,37.81,780256,0
20120713,37.8,38.01,37.14,37.45,363576,0
20120716,37.16,37.72,36.28,36.72,667300,0
20120717,36.69,37.01,35.34,36.25,655494,0
20120718,36.25,36.49,35.82,36.28,1123704,0
20120719,36.4,36.54,35.68,36.34,721470,0
20120720,35.97,36.08,35.05,35.61,629574,0
20120723,34.75,35.94,34.2,35.94,530330,0
20120724,35.89,35.91,34.55,35.05,784294,0
20120725,35.1,35.19,34.38,34.65,716073,0
20120726,35.12,35.43,34.35,34.92,461544,0
20120727,35.15,36.96,35.12,36.7,427699,0
20120730,36.65,37.32,36.34,36.89,495129,0
20120731,36.57,37.43,36.4,37.16,1471700,0
20120801,32.88,33.95,31.5,32.24,6490215,0
20120802,32,32.53,30.95,32.22,1771195,0
20120803,32.67,33.05,32.35,32.86,677643,0
20120806,32.78,33.85,32.54,33.5,1168146,0
20120807,34,34.84,33.64,34.27,808568,0
20120808,33.83,34.27,32.77,32.89,694375,0
20120809,34.13,34.38,33.26,33.59,660767,0
20120810,33.54,34.65,33,34.29,1032669,0
20120813,34.21,34.38,33.68,33.75,367055,0
20120814,33.88,34.23,33.61,33.79,700128,0
20120815,33.75,33.91,33.26,33.76,880891,0
20120816,33.87,34.86,33.74,34.03,599641,0
20120817,34.42,34.84,33.57,33.96,625116,0
20120820,33.94,34.23,33.51,34.1,671561,0
20120821,34.19,34.67,33.67,33.72,404322,0
20120822,33.6,34.68,33.29,34.3,505813,0
20120823,34.13,34.55,33.95,34.44,918198,0
20120824,34.28,34.43,33.71,34.23,514155,0
20120827,34.3,34.45,33.72,33.99,477758,0
20120828,33,33,30.62,31.39,3298256,0
20120829,31.05,31.39,30.39,30.86,1057232,0
20120830,31.2,32.43,31,31.61,872079,0
20120831,31.89,32.55,31.35,32.42,420638,0
20120904,32.41,32.75,31.62,32.68,642937,0
20120905,32.51,33.44,32.3,33.21,381011,0
20120906,33.5,34.99,33.41,34.44,671313,0
20120907,34.88,36.72,34.46,36.36,546734,0
20120910,36.89,36.89,35.85,35.96,442045,0
20120911,32.22,36.97,32.16,36.91,1797891,0
20120912,37.19,38.17,35.84,35.84,654750,0
20120913,35.68,36.08,34.39,35.87,420875,0
20120914,36.26,37.32,35.95,36.56,553788,0
20120917,36.54,36.99,36.11,36.34,387500,0
20120918,36.27,36.75,34.93,35.09,732977,0
20120919,35.06,35.99,35.06,35.46,527813,0
20120920,35,35.1,34.53,34.75,425358,0
20120921,34.95,35.04,34.51,34.98,691552,0
20120924,34.72,34.92,33.88,34.06,306939,0
20120925,34.19,34.19,33.14,33.22,432832,0
20120926,33.02,34.39,32.55,34.25,520402,0
20120927,34.44,36.02,34.24,35.01,435879,0
20120928,34.99,35.77,34.5,35.35,324849,0
20121001,35.43,36.24,35.43,36.14,302696,0
20121002,36.66,36.75,34.9,35.31,412703,0
20121003,35.51,35.51,34.86,35.34,270057,0
20121004,35.48,35.53,34.94,35.12,332414,0
20121005,35.23,35.86,34.97,35.17,117549,0
20121008,34.97,35.68,34.81,35.53,76737,0
20121009,35.59,35.89,34.83,35.72,211934,0
20121010,35.86,35.86,35.22,35.33,205300,0
20121011,35.66,36.08,35.39,35.48,220978,0
20121012,35.52,35.76,35.06,35.22,100454,0
20121015,35.26,36,35.06,35.91,166078,0
20121016,36,37.4,35.73,37,500608,0
20121017,37.25,37.35,36.5,36.88,483012,0
20121018,36.73,37.8,36.67,37.04,285651,0
20121019,36.79,36.99,35.54,35.86,400847,0
20121022,35.94,36.08,35.06,35.41,233514,0
20121023,34.91,38.28,33.91,35.09,326284,0
20121024,35.31,36.31,34.53,35.05,287658,0
20121025,35.45,35.45,34.49,34.76,129657,0
20121026,34.98,35.5,34.36,35.45,271452,0
20121031,35.44,37.3,34,35.28,971184,0
20121101,35.43,37,35.3,36.88,280487,0
20121102,36.91,37,35.72,35.85,329555,0
20121105,35.85,36.27,35.59,36.12,107540,0
20121106,36.33,36.73,35.9,36.15,146044,0
20121107,35.47,36.05,34.7,35.5,154929,0
20121108,35.22,36.37,35,35.98,219615,0
20121109,35.77,37.29,35.75,37.01,231864,0
20121112,37,39.07,36.8,38.82,413089,0
20121113,38.38,38.79,36.95,37.1,640231,0
20121114,37.26,37.3,36.15,36.65,477678,0
20121115,36.55,37.02,35.68,36.82,278949,0
20121116,36.68,37,36.06,36.79,252500,0
20121119,37,37.8,36.7,37.74,212107,0
20121120,36.31,39.04,36.06,38.9,428175,0
20121121,38.92,40,38.57,39.87,328364,0
20121123,40,41.57,39.66,41.09,241688,0
20121126,40.84,41.39,40.22,41.26,410047,0
20121127,41.33,42.25,40.87,42.02,668515,0
20121128,41.81,42.65,40.9,42.49,575495,0
20121129,42.96,43.22,41.94,42.2,479037,0
20121130,42.13,42.13,40.51,41.05,547290,0
20121203,41.09,41.09,38.66,39.85,843688,0
20121204,39.69,40.33,38.93,40.01,380773,0
20121205,40.15,40.51,39.47,39.77,253756,0
20121206,39.77,40.13,38.71,40,216424,0
20121207,40.02,40.36,39.17,39.6,170015,0
20121210,39.37,40.49,39.16,40.12,401575,0
20121211,40.14,40.79,39.77,40.49,257294,0
20121212,40.89,41.39,40.36,40.51,223688,0
20121213,40.47,40.8,39.24,39.63,172244,0
20121214,40.06,41.15,39.74,40.96,583918,0
20121217,41,44.73,40.65,44.21,1146126,0
20121218,44.33,46.06,43.63,45.04,1104886,0
20121219,45.04,45.12,44.4,44.78,320082,0
20121220,44.81,45.3,44.26,45.17,270244,0
20121221,44.49,45.54,44.43,44.94,428141,0
20121224,45.18,45.55,44.83,45.17,116171,0
20121226,45.47,46.65,45.29,46.44,261918,0
20121227,46.41,46.76,46.06,46.52,200657,0
20121228,46.45,46.53,45.84,46.13,236945,0
20121231,45.81,46.76,45.51,46.5,460743,0
20130102,47.99,48.42,46.93,47.5,521999,0
20130103,47.41,47.81,44.27,45.09,1325441,0
20130104,44.88,45.17,43.47,44.44,595350,0
20130107,44.05,44.15,42.11,42.75,869696,0
20130108,42.75,43.03,41,41.15,941682,0
20130109,41.29,41.89,40.6,41.18,735532,0
20130110,41.23,41.9,40.02,40.63,794143,0
20130111,40.68,41.01,40.08,40.74,309283,0
20130114,40.74,41.13,40.61,41.04,254838,0
20130115,40.66,42.26,40.66,42.2,833950,0
20130116,42.06,42.46,41.68,41.77,407570,0
20130117,41.93,42.14,41.25,41.6,354144,0
20130118,41.94,42.07,41.21,42.05,400382,0
20130122,41.95,42.27,41.46,42.02,187025,0
20130123,41.84,42,40.08,40.12,612400,0
20130124,40.37,40.73,39.78,40.28,462085,0
20130125,40.57,40.79,40.25,40.61,227486,0
20130128,40.54,40.93,38.85,39.39,730021,0
20130129,39.27,39.39,37.44,38.79,1074399,0
20130130,38.74,39.34,38.37,38.59,381484,0
20130131,38.58,39.22,37.97,38.59,360929,0
20130201,38.93,40.12,38.01,39.95,841561,0
20130204,39.62,40.21,39.47,39.57,392189,0
20130205,39.45,39.93,39.03,39.75,436893,0
20130206,39.62,40.12,39.54,39.89,327760,0
20130207,40.14,40.41,39.55,39.94,190886,0
20130208,40.02,40.87,39.57,40.6,421518,0
20130211,40.66,40.95,40.13,40.6,256107,0
20130212,40.72,41.42,40.62,41.3,385871,0
20130213,41.45,41.67,41.14,41.38,288390,0
20130214,41.36,44.03,41.14,44.03,1053694,0
20130215,43.8,44.27,42.29,42.98,771613,0
20130219,42.97,43.38,42,42.27,402147,0
20130220,42.2,42.24,39.68,39.95,1267164,0
20130221,37.31,38.38,35.1,37.13,3041654,0
20130222,37.25,37.94,36.69,37.59,599530,0
20130225,37.56,37.77,36.35,36.42,561596,0
20130226,36.57,36.73,35.25,36.72,610775,0
20130227,36.99,38.6,36.71,37.38,770336,0
20130228,37.5,38.95,37.5,38.28,788644,0
20130301,37.95,38.17,36.9,37.32,698954,0
20130304,38.36,39.98,37.43,39,726451,0
20130305,39.54,40.34,38.52,38.85,488486,0
20130306,39.22,40,38.66,38.88,305874,0
20130307,39.14,39.52,38.7,39.51,229812,0
20130308,39.89,40.65,39.37,40.65,332711,0
20130311,41,41.98,40.96,41.8,538544,0
20130312,41.65,42.99,41.57,42.76,484793,0
20130313,42.71,42.75,41.53,42.28,212600,0
20130314,42.28,43.13,41.84,42.13,464919,0
20130315,42.67,42.79,41,41.37,292877,0
20130318,41.15,42.84,40.72,40.95,232608,0
20130319,41,41.17,39.49,40.2,261168,0
20130320,40.66,41.23,40.18,40.81,623581,0
20130321,40.7,41.06,39.23,40.54,238208,0
20130322,40.61,40.61,39.8,40.05,272100,0
20130325,40.16,41.15,39.62,40.1,335307,0
20130326,40.54,40.8,39.8,40.38,164279,0
20130327,40.38,40.91,39.9,40.29,444270,0
20130328,40.18,40.67,39.85,40.18,243008,0
20130401,40.01,40.72,39.6,39.9,367060,0
20130402,40.07,40.33,38.68,39.04,336844,0
20130403,38.99,39.43,38.81,39.13,256647,0
20130404,40.25,40.37,37,37.91,1324864,0
20130405,37.16,38.68,37.16,37.95,616137,0
20130408,37.76,39.28,37.22,37.74,345779,0
20130409,37.98,38.77,37.75,38.25,369077,0
20130410,38.42,39.31,38.17,39.11,264944,0
20130411,39.12,39.8,38.73,39.49,189161,0
20130412,39.26,39.68,38.93,39.21,368211,0
20130415,39.15,39.47,38.63,38.82,391184,0
20130416,39.21,39.66,38.96,39.4,271424,0
20130417,39.02,39.27,37.57,37.82,578966,0
20130418,37.95,38,37.02,37.53,398869,0
20130419,37.68,38.47,37.01,37.2,278244,0
20130422,38.02,38.02,36.8,37.25,286264,0
20130423,37.37,38.72,36.82,38.64,228147,0
20130424,38.92,40.28,38.92,39.84,399177,0
20130425,40.26,40.79,40.1,40.66,177038,0
20130426,40.51,41.18,40.38,40.91,153906,0
20130429,40.8,41.49,40.66,40.83,495245,0
20130430,40.74,42.68,40.74,41.93,596878,0
20130501,41.18,41.26,39.92,40.01,318031,0
20130502,40.08,40.67,40.01,40.51,229584,0
20130503,41.05,41.35,40.39,40.44,227335,0
20130506,40.58,41.25,40.5,41.21,746996,0
20130507,41.43,42.48,41.42,41.63,399008,0
20130508,41.74,41.97,41.01,41.21,358276,0
20130509,37.95,41.16,37.9,40.18,1543974,0
20130510,40.12,41.7,39.61,39.73,1303211,0
20130513,39.77,39.83,38.44,38.55,923141,0
20130514,38.75,40.38,38.72,40,680262,0
20130515,39.98,40.49,39.82,40.25,507137,0
20130516,40.14,40.2,39.79,39.85,720461,0
20130517,40.07,40.5,39.97,40.28,607125,0
20130520,40.29,41.18,40.29,41.02,393039,0
20130521,41.14,42.74,41.14,42.43,728719,0
20130522,42.58,43,41.26,41.51,723332,0
20130523,40.83,41.16,40.15,40.59,390457,0
20130524,40,40.23,39.05,39.82,380027,0
20130528,40.43,40.99,39.12,39.34,940920,0
20130529,39.11,39.47,38.62,38.88,470415,0
20130530,38.88,38.98,38.16,38.9,796584,0
20130531,38.72,38.99,37.43,37.62,640549,0
20130603,37.59,38.45,37.18,38.32,903630,0
20130604,38.4,39.63,38.29,39.19,717919,0
20130605,38.93,39.63,37.89,37.95,923907,0
20130606,37.94,39.59,37.82,39.57,667476,0
20130607,39.73,41.35,39.73,41.07,593901,0
20130610,41.74,42.56,41.09,41.57,783051,0
20130611,40.92,44.51,40.68,43.65,1274453,0
20130612,43.88,45,43.58,44.33,1315418,0
20130613,43.5,43.88,41.75,42.75,883279,0
20130614,42.58,42.67,41.66,41.79,369204,0
20130617,42.06,42.19,41.34,41.5,537617,0
20130618,41.56,41.68,41.21,41.52,343144,0
20130619,41.38,41.59,40.61,40.83,549304,0
20130620,40.18,40.54,39.62,40.28,470493,0
20130621,40.4,40.53,39.68,39.95,613876,0
20130624,39.49,40.05,39.04,39.62,694053,0
20130625,40,40.29,38.99,39.07,911652,0
20130626,39.26,40.11,38.92,39.34,424176,0
20130627,39.6,39.76,39.12,39.52,422721,0
20130628,39.43,40.5,39.3,40.3,3373911,0
20130701,40.5,41.63,40.45,41.38,579401,0
20130702,41.25,42.05,40.86,41.05,509861,0
20130703,40.92,41.25,40.4,40.74,165816,0
20130705,41.58,41.59,40.76,41.56,140068,0
20130708,41.72,41.96,40.94,41.07,268783,0
20130709,41.35,42.39,41.04,42.01,282098,0
20130710,41.96,42.59,41.61,41.65,618622,0
20130711,42.51,43.5,39.52,42.81,604363,0
20130712,42.62,42.89,41.73,41.95,389463,0
20130715,41.89,42.28,41.56,41.67,342997,0
20130716,41.26,42,41.18,41.25,466522,0
20130717,41.37,42.03,41.37,41.76,253370,0
20130718,41.9,42,41.63,41.79,199746,0
20130719,41.67,41.85,40.44,40.73,455999,0
20130722,40.68,41.91,40.57,41.79,217939,0
20130723,42,42.01,41.42,41.74,637944,0
20130724,41.71,41.73,40.07,40.45,374016,0
20130725,40.44,41.5,40.37,41.47,337931,0
20130726,41.18,41.73,40.97,41,256988,0
20130729,40.88,41.11,40.41,40.82,290675,0
20130730,40.85,41.5,40.78,41.38,239235,0
20130731,41.5,42.38,41.27,41.99,389181,0
20130801,42.6,43.59,42.32,43.47,689132,0
20130802,43.4,44.07,42.8,44.03,350098,0
20130805,43.86,45.67,43.86,45.5,555043,0
20130806,45.47,46.65,44.82,46,1272151,0
20130807,45.86,46.08,44.35,45.08,915924,0
20130808,45.89,48.41,43.61,44.12,1285061,0
20130809,44.01,44.38,43.82,43.92,685918,0
20130812,43.78,44.12,43.61,43.71,473471,0
20130813,43.65,43.86,42.54,43.61,640541,0
20130814,43.72,44,43.17,43.21,402555,0
20130815,42.75,42.9,42.21,42.41,305709,0
20130816,42.12,42.71,42.09,42.45,366474,0
20130819,42.27,42.66,41.65,41.67,274911,0
20130820,41.76,42.77,41.45,42.74,194466,0
20130821,42.5,43.21,42.05,42.76,252075,0
20130822,43.03,43.7,42.86,43.58,304087,0
20130823,43.58,44.59,43.28,44.45,373158,0
20130826,44.45,45.99,44.42,45.63,529987,0
20130827,44.96,45.18,43.27,43.3,411914,0
20130828,43.18,43.53,42.71,42.84,356492,0
20130829,42.9,43.57,42.87,43.35,258264,0
20130830,43.25,43.35,42.58,42.75,347835,0
20130903,43.2,43.82,42.91,43.42,380910,0
20130904,43.56,44.28,43.02,43.29,392319,0
20130905,43.47,43.7,43.06,43.51,295423,0
20130906,43.91,44.18,42.56,43.62,538365,0
20130909,43.81,44.23,43.38,44.13,415404,0
20130910,44.37,44.54,43.99,44.22,311980,0
20130911,44.12,44.9,43.61,44.46,524729,0
20130912,44.66,44.84,43.76,43.9,270329,0
20130913,44,45.32,43.49,45.16,403605,0
20130916,45.88,46.09,45.4,45.94,396590,0
20130917,45.78,46.46,44.44,44.81,592943,0
20130918,44.42,44.42,40.9,41.58,3447190,0
20130919,42.25,43.13,40.37,41.1,2252727,0
20130920,41.33,41.71,40.14,40.59,1207719,0
20130923,40.58,40.82,39.91,40.44,806194,0
20130924,40.28,41.66,39.9,41.19,545983,0
20130925,41.13,41.77,40.87,41.12,466257,0
20130926,41.51,42.88,41.2,41.41,510063,0
20130927,40.99,41.3,40.53,40.8,549422,0
20130930,40.5,41.43,40.42,40.97,560522,0
20131001,41.32,41.66,40.87,41.39,360699,0
20131002,41.24,41.63,41.13,41.47,332061,0
20131003,41.45,41.7,40.78,40.86,385717,0
20131004,40.89,41.84,40.88,41.45,247518,0
20131007,41.17,41.17,40.57,40.8,472705,0
20131008,40.89,41.31,40.58,40.8,352690,0
20131009,40.91,41.71,40.27,40.98,557856,0
20131010,41.4,42.67,41.14,41.31,712560,0
20131011,41.17,42.98,41.17,42.93,356855,0
20131014,42.57,43.21,42.31,43.12,199601,0
20131015,43,43,42.26,42.38,346853,0
20131016,42.6,43.32,42.36,42.8,439211,0
20131017,44.79,44.79,42.79,43.76,295310,0
20131018,44.19,45,43.87,44.26,429048,0
20131021,44.22,44.68,43.51,43.66,398438,0
20131022,43.79,44.72,43.69,43.94,338300,0
20131023,43.58,43.97,43.3,43.47,200544,0
20131024,43.47,44.23,43.46,44.13,113733,0
20131025,44.32,44.82,44.02,44.82,173236,0
20131028,44.72,45.72,44.66,45.01,290299,0
20131029,45.2,45.52,44.58,45.05,368625,0
20131030,45.22,45.99,44.36,44.51,321924,0
20131031,44.38,46.21,44.38,45.2,629345,0
20131101,45.57,45.57,43.47,43.84,519960,0
20131104,44.09,44.36,43.5,43.9,1081085,0
20131105,37.66,38.19,36.82,37.32,6933221,0
20131106,37.35,37.49,36.53,36.62,1829749,0
20131107,36.73,37.06,35.66,35.91,743705,0
20131108,35.86,36.45,35.53,36.15,627089,0
20131111,36.18,36.18,35.63,35.99,513489,0
20131112,35.87,36.06,35.79,36.05,607407,0
20131113,35.68,36.44,35.68,36.26,611830,0
20131114,36.51,36.99,36.38,36.47,556743,0
20131115,36.63,36.94,36.42,36.53,721934,0
20131118,36.84,38.17,36.57,37.34,790379,0
20131119,37.25,37.62,37.11,37.33,318541,0
20131120,37.43,37.84,37.03,37.11,498814,0
20131121,37.15,37.83,37.12,37.34,599671,0
20131122,37.23,38.05,37.23,37.67,367558,0
20131125,37.8,38.05,37.31,37.47,270531,0
20131126,37.66,38,37.12,37.26,327201,0
20131127,37.24,37.97,37.14,37.17,321534,0
20131129,37.71,38.24,37.38,37.98,186500,0
20131202,37.95,38.46,37.67,38.28,296466,0
20131203,38,38.11,36.92,37.13,441196,0
20131204,36.88,37.33,36.53,36.79,223600,0
20131205,36.7,37.11,36.69,36.89,169149,0
20131206,37.31,37.41,36.8,36.9,199712,0
20131209,36.82,36.88,36.46,36.55,429593,0
20131210,36.41,37,36.35,36.82,355533,0
20131211,36.79,36.81,36.54,36.71,326410,0
20131212,36.69,37.07,36.46,36.71,328335,0
20131213,36.75,37,36.43,36.71,114472,0
20131216,36.71,36.77,36.48,36.69,237722,0
20131217,36.59,36.77,36.28,36.36,197641,0
20131218,36.32,36.62,36,36.42,598700,0
20131219,36.28,36.7,36.12,36.69,354493,0
20131220,36.81,37.29,36.6,36.97,629502,0
20131223,37.09,37.17,36.59,36.96,268072,0
20131224,36.96,37.24,36.94,37.03,188837,0
20131226,37.07,37.9,37.07,37.58,223122,0
20131227,37.75,38.36,37.52,38.01,192712,0
20131230,39.07,40.91,39.04,39.92,1165038,0
20131231,39.98,40.14,38.71,38.9,310667,0
20140102,38.91,38.91,37.75,37.99,351981,0
20140103,38.19,38.19,37.75,37.96,199592,0
20140106,38.17,38.32,37.45,37.48,182119,0
20140107,37.76,37.85,37.24,37.5,401090,0
20140108,37.56,37.78,36.99,37.09,339683,0
20140109,37.19,37.7,37,37.19,311943,0
20140110,37.35,37.85,36.96,37.73,250836,0
20140113,37.55,37.94,37.22,37.52,220589,0
20140114,37.59,38.21,37.46,37.76,168078,0
20140115,37.83,39.11,37.83,39.02,240426,0
20140116,38.84,39.1,38.54,38.57,113988,0
20140117,38.42,38.66,37.95,38.32,271716,0
20140121,38.52,38.87,38.06,38.64,164674,0
20140122,38.77,38.97,38.26,38.76,213760,0
20140123,38.61,39.09,38.52,38.91,952319,0
20140124,38.78,38.78,37.2,37.24,438435,0
20140127,37.26,37.5,35.59,36.05,769542,0
20140128,36.16,36.61,36.01,36.47,279915,0
20140129,36.23,36.43,35.66,35.79,314570,0
20140130,35.89,36.27,35.62,36.12,302066,0
20140131,34.98,34.98,31.75,33.15,3237883,0
20140203,32.95,32.95,32.18,32.3,716253,0
20140204,32.28,32.5,31.5,31.63,893417,0
20140205,31.59,31.88,31.19,31.59,1000776,0
20140206,31.75,32.15,31.52,32,597900,0
20140207,32.05,32.23,31.52,31.71,643685,0
20140210,31.79,32.37,31.67,32.1,301376,0
20140211,32.1,33.33,32.1,32.95,656493,0
20140212,32.92,33.42,32.72,32.79,365237,0
20140213,32.55,32.98,32.28,32.72,909792,0
20140214,32.77,33.44,32.56,33.3,238873,0
20140218,33.37,33.57,33.09,33.39,413063,0
20140219,33.13,33.17,32.55,32.95,463058,0
20140220,30.1,30.69,29.39,30.01,4039341,0
20140221,30.02,30.55,30,30.01,809618,0
20140224,30.05,30.29,29.59,29.63,1335039,0
20140225,33.58,33.97,31.01,32.5,3100636,0
20140226,32.48,32.81,32,32.13,718813,0
20140227,32.91,35.22,32.22,34.98,1636939,0
20140228,36.15,36.36,34.55,34.61,1060802,0
20140303,33.9,34.47,33.43,34.01,520392,0
20140304,34.89,35.98,34.47,35.56,884124,0
20140305,35.68,36.14,34.63,35.48,415647,0
20140306,35.43,35.67,34.82,35.17,411939,0
20140307,35.42,35.5,34.8,35.08,288754,0
20140310,34.98,35.4,34.66,35.26,333333,0
20140311,35.3,36.03,35.1,35.41,392865,0
20140312,35.11,35.55,34.23,34.7,331397,0
20140313,34.93,35.19,34.22,34.53,367350,0
20140314,34.4,35,34.13,34.73,220175,0
20140317,35,35.71,34.72,35.57,246868,0
20140318,35.59,36.2,35.57,35.91,249508,0
20140319,35.83,35.83,35.15,35.41,212504,0
20140320,35.4,35.56,34.75,34.91,429366,0
20140321,34.98,35.39,34.28,34.49,613855,0
20140324,34.56,34.97,34.03,34.78,480169,0
20140325,34.88,35.6,34.53,35.11,297833,0
20140326,35.24,35.69,34.17,34.44,235700,0
20140327,34.37,34.66,33.61,33.81,314097,0
20140328,33.96,34.2,33.36,33.73,467236,0
20140331,33.99,34.85,33.82,34.21,304142,0
20140401,34.42,34.83,33.95,34.56,181205,0
20140402,34.54,34.97,34.33,34.63,279593,0
20140403,34.58,35.53,34.47,35.15,296543,0
20140404,35.28,35.55,34.34,34.95,288316,0
20140407,34.73,34.73,33.85,33.99,411136,0
20140408,33.95,35.05,33.48,34.93,390343,0
20140409,35.22,37.13,35.13,36.88,999191,0
20140410,36.77,37.65,35.62,36.02,497854,0
20140411,35.64,36.52,34.03,34.18,536797,0
20140414,34.55,34.65,33.85,34.28,231106,0
20140415,34.43,34.62,33.35,34.14,298157,0
20140416,34.44,35.06,34.44,34.9,208728,0
20140417,34.78,35.35,34.63,35.01,233032,0
20140421,34.95,35.67,34.73,35.42,244491,0
20140422,35.21,36.37,34.95,36.01,298166,0
20140423,35.94,36.14,35.24,35.7,229218,0
20140424,35.88,36.42,35.41,35.81,198030,0
20140425,35.61,36.04,35.25,35.87,344436,0
20140428,35.92,36.88,35.51,36.12,616373,0
20140429,36.37,36.54,35.35,35.93,619687,0
20140430,35.69,35.69,33.81,34.68,660873,0
20140501,34.57,35.42,34.08,35.11,410259,0
20140502,35.07,36.17,34.85,34.89,478028,0
20140505,34.71,35.12,34.01,35.01,238599,0
20140506,34.85,35.8,34.85,35.27,332693,0
20140507,35.15,35.15,34.01,34.48,355788,0
20140508,34.41,35.2,34.3,34.72,555276,0
20140509,37,40.84,36.78,39.92,2551989,0
20140512,40.36,41.86,40.24,41.58,1113019,0
20140513,41.65,42.09,41.05,41.55,625986,0
20140514,43.46,44.1,42.63,43.17,1383657,0
20140515,42.76,43.01,42.08,42.77,848925,0
20140516,42.69,42.8,42.1,42.72,637318,0
20140519,42.75,43.44,42.64,43.13,375035,0
20140520,42.94,43.36,42.48,42.76,404279,0
20140521,42.81,43.2,42.29,43.05,541196,0
20140522,43.09,43.4,42.95,43.04,189887,0
20140523,43,43.63,42.84,43.53,275164,0
20140527,43.84,44.61,43.84,44.58,319502,0
20140528,44.92,45.45,44.43,44.81,478823,0
20140529,45,45.09,44.16,44.51,320170,0
20140530,44.63,44.76,44.12,44.45,315803,0
20140602,44.45,45.14,44.01,44.97,345323,0
20140603,44.56,45.11,43.99,44.5,307003,0
20140604,44.22,45.73,44.2,45.19,352073,0
20140605,45.25,46.32,44.71,46.25,505210,0
20140606,46.28,47.23,46.23,47.15,518018,0
20140609,47.05,47.9,46.97,47.53,457396,0
20140610,47.23,47.6,46.72,47.1,497100,0
20140611,46.73,47.35,46.46,47.07,456632,0
20140612,46.72,47.08,46.22,46.42,351079,0
20140613,46.4,47.17,46.27,46.99,351663,0
20140616,46.93,47.77,45.76,47.5,657450,0
20140617,47.29,48.07,46.93,47.77,371651,0
20140618,47.61,48.48,47.37,48.41,304285,0
20140619,45.67,47.02,45.59,46.61,993415,0
20140620,46.5,48.12,46.48,47.42,664952,0
20140623,47.56,47.95,46.89,47.38,835635,0
20140624,47.34,48.72,47,47.56,691990,0
20140625,47.17,47.92,46.87,47.9,372418,0
20140626,47.84,48.16,47.27,47.73,473060,0
20140627,47.45,48.3,47.38,48,730886,0
20140630,47.91,47.91,47.12,47.73,391472,0
20140701,47.74,48.47,47.62,47.91,416880,0
20140702,47.9,48.15,46.66,46.95,488400,0
20140703,47.08,47.83,46.74,47.69,227399,0
20140707,47.48,47.74,46.78,46.86,311478,0
20140708,46.93,46.99,45.81,46.5,311230,0
20140709,46.7,47,46.23,46.64,361076,0
20140710,45.63,46.12,45.06,45.26,580656,0
20140711,45.14,45.79,44.8,45.19,175002,0
20140714,45.54,45.98,44.87,44.97,288896,0
20140715,45.03,45.37,44.59,44.97,319414,0
20140716,45.04,45.38,44.74,45.09,254534,0
20140717,44.93,45,43.94,44.11,162446,0
20140718,44.01,44.97,44.01,44.78,262901,0
20140721,45.95,46.19,44.76,44.9,330352,0
20140722,45.29,45.84,44.93,45.02,527694,0
20140723,45,45.74,44.18,44.48,482068,0
20140724,44.53,45.1,43.85,43.98,254178,0
20140725,43.58,44.1,43.13,44.07,236296,0
20140728,43.95,44.56,43.27,44.22,347348,0
20140729,44.22,45.11,43.84,44.84,314948,0
20140730,45,45.09,44.6,44.92,250181,0
20140731,44.49,44.72,43.09,43.1,241824,0
20140801,43.22,43.45,42.59,43.21,208689,0
20140804,43.54,43.92,42.86,43.67,245943,0
20140805,43.31,44.16,43.09,43.71,199519,0
20140806,43.48,43.48,42.05,42.59,384819,0
20140807,39.99,42.57,39.25,42.13,894054,0
20140808,42.01,42.28,41.14,41.64,583512,0
20140811,42.02,42.56,41.59,42.49,176594,0
20140812,42.45,42.78,41.9,42.09,235445,0
20140813,42.23,42.74,42.15,42.72,161456,0
20140814,42.89,43.06,42.5,43.06,138932,0
20140815,43.49,43.49,42.34,43.01,290433,0
20140818,43.47,44.1,43.08,44.03,273822,0
20140819,44.26,44.34,43.24,43.8,314750,0
20140820,43.59,44.08,43.2,44.01,147307,0
20140821,43.92,44.27,43.18,44.05,166053,0
20140822,44.04,44.32,43.26,43.38,127962,0
20140825,43.5,44.01,43.32,43.38,87037,0
20140826,43.47,44.49,43.25,44.28,304940,0
20140827,44.37,44.69,43.97,44.64,165623,0
20140828,44.28,44.5,43.88,44.1,189745,0
20140829,44.24,44.92,44.2,44.83,105516,0
20140902,45.03,45.19,44.32,44.9,165394,0
20140903,45.24,45.24,43.85,43.95,166710,0
20140904,44.15,44.66,43.47,44,221041,0
20140905,43.77,44.15,43.52,43.95,112699,0
20140908,43.86,44.33,43.65,43.92,88924,0
20140909,43.75,44.08,42.8,42.92,122777,0
20140910,42.72,43.43,42.26,43.23,173994,0
20140911,43.08,43.74,42.96,43.58,99900,0
20140912,43.96,44.51,43.41,43.7,240364,0
20140915,43.81,43.81,41.77,41.92,570441,0
20140916,41.7,42.31,41.51,42.14,235625,0
20140917,42.27,42.31,41.67,41.79,239975,0
20140918,41.84,42.29,41.41,42.26,281147,0
20140919,42.27,42.45,41.37,41.4,357043,0
20140922,41.2,41.34,40.53,40.63,147434,0
20140923,40.47,40.73,39.72,39.75,227859,0
20140924,40,41.01,39.61,40.91,221407,0
20140925,40.86,41,39.96,40.29,266515,0
20140926,40.4,40.64,39.8,40.3,221816,0
20140929,39.86,40.63,39.65,40.56,181402,0
20140930,40.63,40.71,38.87,38.91,354779,0
20141001,38.99,38.99,37.38,38.24,374732,0
20141002,38.16,39.15,37.97,39.06,372550,0
20141003,39.32,40.08,38.86,39.19,184189,0
20141006,39.22,39.63,38.8,39.11,166556,0
20141007,38.88,39.52,38.45,38.62,490378,0
20141008,38.53,39.24,37.89,38.74,457310,0
20141009,38.63,38.91,37.17,37.23,322905,0
20141010,37,37.66,36.59,36.69,250773,0
20141013,36.75,37.95,36.38,37.17,394227,0
20141014,37.61,38.08,37.14,37.46,390681,0
20141015,36.82,37.72,36.39,37.65,444055,0
20141016,37.19,39.75,37.06,39.41,593336,0
20141017,40.11,40.61,38.74,38.88,222123,0
20141020,38.72,39.67,38.62,39.58,189184,0
20141021,39.93,40.68,39.66,40.62,260769,0
20141022,40.7,40.7,39.48,39.52,189495,0
20141023,39.91,40.41,39.6,39.97,311423,0
20141024,39.85,40.52,39.52,40.21,106565,0
20141027,39.81,40.16,39.58,39.9,153127,0
20141028,40.2,42.34,39.98,42.23,201791,0
20141029,42.28,42.67,41.16,41.79,180572,0
20141030,41.68,43.17,41.5,42.36,292009,0
20141031,42.84,44.05,42.38,43.92,308430,0
20141103,44.03,44.26,42.49,42.75,264996,0
20141104,42.48,43.29,42.19,42.5,261642,0
20141105,42.76,43.1,42.25,42.94,232806,0
20141106,46.24,54.4,46.01,53.73,3503686,0
20141107,53.71,54.1,52.81,53.68,762550,0
20141110,53.87,54,52.24,53.69,473089,0
20141111,53.66,53.66,51.89,52.28,454704,0
20141112,51.97,52.99,51.9,52.79,285504,0
20141113,52.78,53.69,52.51,52.91,419998,0
20141114,53.15,53.15,52.6,52.89,346330,0
20141117,53.02,53.17,52.11,52.52,321123,0
20141118,52.71,53.59,52.39,52.49,204185,0
20141119,52.27,52.27,50.97,51.37,229109,0
20141120,51.07,52.32,50.76,52.18,147125,0
20141121,53,53,51.96,52.33,199118,0
20141124,52.26,52.82,52.1,52.72,170330,0
20141125,52.74,52.89,52.09,52.59,179092,0
20141126,52.54,52.99,52.15,52.29,143825,0
20141128,52.12,52.67,51.39,51.46,128224,0
20141201,51.18,51.18,46.75,47.38,761423,0
20141202,47.75,49.61,47.48,49.12,248769,0
20141203,48.97,49.82,48.47,48.64,279362,0
20141204,49.25,49.82,48.31,48.56,202901,0
20141205,48.54,49.81,48.35,48.44,213087,0
20141208,48.36,48.82,46.5,46.58,224479,0
20141209,45.68,46.97,44.4,46.85,447231,0
20141210,46.61,46.84,45.21,45.57,282920,0
20141211,45.78,46.27,44.48,44.73,291614,0
20141212,44.01,44.99,43.83,44.17,275410,0
20141215,44.29,44.4,42.86,43.44,248722,0
20141216,42.99,44.63,42.06,43.31,335753,0
20141217,43.47,45.2,42.85,45.14,253287,0
20141218,45.83,46.1,45.12,45.9,196716,0
20141219,45.91,46.95,45.37,46.79,299468,0
20141222,46.82,47.31,46.67,47.31,140321,0
20141223,47.51,48.02,47.41,47.77,160368,0
20141224,47.79,48.22,47.65,47.77,74880,0
20141226,48.12,48.54,47.5,48.21,76548,0
20141229,48.16,48.56,47.2,47.46,126311,0
20141230,47.34,47.34,46.61,47.1,158508,0
20141231,47.22,47.69,47,47.05,119420,0
20150102,47.42,47.7,46.3,46.4,114919,0
20150105,45.94,46.32,43.6,43.66,323656,0
20150106,43.69,43.98,42.34,43.37,270615,0
20150107,43.82,43.82,42.67,42.97,171172,0
20150108,43.21,44.62,42.98,44.09,239596,0
20150109,44.1,44.35,43.42,43.92,185313,0
20150112,44.12,44.21,42.75,43.07,242080,0
20150113,43.56,44.35,42.8,43.59,182817,0
20150114,42.8,43.26,41.71,42.67,245164,0
20150115,42.61,42.79,41.59,41.77,213923,0
20150116,41.38,42.18,41.16,41.52,455147,0
