Date,Open,High,Low,Close,Volume,OpenInt
20100706,36.204,36.832,35.466,35.466,27625,0
20100707,35.54,36.204,35.318,35.834,117496,0
20100708,36.388,36.388,34.578,35.243,76974,0
20100709,35.095,35.095,34.542,34.912,31007,0
20100712,34.69,34.912,34.652,34.726,20763,0
20100713,34.542,34.726,34.542,34.726,20187,0
20100714,34.504,34.616,32.436,32.946,240067,0
20100715,32.798,32.798,29.776,31.475,288227,0
20100716,31.579,33.242,30.367,33.242,1273897,0
20100719,33.035,33.833,31.719,32.502,136979,0
20100720,32.436,32.436,31.609,31.793,53128,0
20100721,31.622,31.956,31.068,31.068,24230,0
20100722,31.216,31.756,31.216,31.594,60869,0
20100723,31.587,31.675,31.579,31.594,69867,0
20100726,31.587,32.229,31.587,31.735,21766,0
20100727,31.809,32.258,31.475,31.556,27845,0
20100728,31.587,32.051,31.587,31.77,32362,0
20100729,31.875,31.949,31.682,31.762,6768,0
20100730,31.622,31.66,31.239,31.431,77288,0
20100802,31.587,31.587,30.973,31.121,19257,0
20100803,31.032,31.201,30.848,31.18,32418,0
20100804,31.106,31.956,28.504,29.754,164574,0
20100805,29.664,31.402,29.555,31.313,129358,0
20100806,31.18,31.18,30.7,30.957,8257,0
20100809,30.817,30.833,29.916,30.722,25257,0
20100810,30.662,31.187,30.626,31.187,32705,0
20100811,31.208,31.77,31.142,31.622,293588,0
20100812,31.704,32.03,31.549,31.956,46461,0
20100813,31.77,32.767,31.77,32.628,155662,0
20100816,32.584,32.872,32.324,32.576,5714,0
20100817,32.324,32.612,32.074,32.324,25582,0
20100818,32.436,32.709,32.428,32.428,51364,0
20100819,32.488,32.488,32.14,32.303,9581,0
20100820,32.14,32.318,32.104,32.14,37840,0
20100823,32.406,32.406,31.66,31.727,31760,0
20100824,31.66,31.66,31.512,31.549,55356,0
20100825,31.402,31.571,31.364,31.475,38590,0
20100826,31.402,31.549,31.402,31.512,2841,0
20100827,31.609,31.609,31.549,31.594,29505,0
20100830,31.556,31.622,30.965,31.622,42534,0
20100831,31.621,31.621,31.051,31.436,46594,0
20100901,31.328,31.992,31.246,31.882,81460,0
20100902,31.735,31.926,31.735,31.911,2852,0
20100903,31.918,32.14,31.77,32,14482,0
20100907,32,32.436,32,32.207,4197,0
20100908,32.125,32.125,31.489,31.762,9706,0
20100909,31.918,31.992,31.911,31.985,59819,0
20100910,32.066,32.215,32.051,32.14,42644,0
20100913,32.133,32.207,31.956,32.191,15717,0
20100914,32.215,32.215,31.77,32.215,8729,0
20100915,32.398,33.063,32.398,32.709,67271,0
20100916,32.709,33.248,32.709,33.175,37973,0
20100917,33.212,36.454,33.161,35.834,300350,0
20100920,35.583,35.753,35.287,35.613,48814,0
20100921,35.488,36.02,35.427,35.76,43412,0
20100922,35.709,35.709,35.266,35.318,29902,0
20100923,35.243,35.243,34.918,35.095,12450,0
20100924,35.302,36.286,35.302,36.056,76299,0
20100927,35.466,35.642,35.266,35.54,15498,0
20100928,35.501,35.54,35.169,35.169,4060,0
20100929,35.169,35.169,34.557,34.578,8661,0
20100930,34.578,34.726,34.356,34.519,41919,0
20101001,34.282,34.282,33.899,34.231,65043,0
20101004,34.061,34.282,34.024,34.061,19314,0
20101005,34.172,34.246,33.921,33.95,22865,0
20101006,33.988,34.061,33.876,33.884,132048,0
20101007,34.009,34.024,33.802,33.914,8113,0
20101008,33.847,33.876,33.367,33.367,16641,0
20101011,33.242,33.242,32.436,32.584,132886,0
20101012,33.035,33.035,32.576,32.658,21779,0
20101013,32.591,33.581,32.591,33.256,11586,0
20101014,33.477,33.648,33.138,33.641,6226,0
20101015,33.654,33.654,33.381,33.508,10366,0
20101018,33.581,33.618,33.396,33.404,30543,0
20101019,33.248,33.618,33.248,33.477,19871,0
20101020,33.508,33.508,33.441,33.508,3273,0
20101021,33.611,34.164,33.388,33.988,327480,0
20101022,33.802,33.84,33.625,33.781,9538,0
20101025,34.172,34.172,33.574,33.95,6326,0
20101026,33.988,33.988,32.502,32.88,66262,0
20101027,33.248,33.278,32.732,33.175,37443,0
20101028,33.189,33.248,32.813,33.248,49415,0
20101029,33.032,33.249,32.68,33.024,60678,0
20101101,32.915,33.234,32.813,33.204,20697,0
20101102,33.204,33.212,32.716,32.841,34340,0
20101103,32.841,33.167,32.732,33.071,22318,0
20101104,33.071,33.248,32.953,33.161,24534,0
20101105,33.212,33.212,32.65,32.857,23490,0
20101108,32.857,33.611,32.857,33.396,62904,0
20101109,33.581,34.43,33.581,34.188,61101,0
20101110,34.356,34.356,33.914,33.921,43836,0
20101111,32.872,32.872,31.335,31.587,301174,0
20101112,31.66,31.735,31.482,31.52,25061,0
20101115,31.475,31.475,30.293,31.032,57935,0
20101116,31.032,31.068,30.662,31.002,29790,0
20101117,31.032,31.254,31.032,31.18,6654,0
20101118,31.283,31.622,31.121,31.349,65635,0
20101119,31.129,31.129,30.669,31.025,45920,0
20101122,31.017,31.017,30.662,30.803,5308,0
20101123,30.662,30.884,30.656,30.781,16943,0
20101124,30.81,30.81,30.648,30.803,3338,0
20101126,30.47,30.855,30.47,30.743,4086,0
20101129,30.648,32.716,30.648,32.51,62550,0
20101130,32.401,32.587,32.142,32.142,92406,0
20101201,32.459,32.459,31.949,32.14,25627,0
20101202,32.14,32.324,32.14,32.184,9714,0
20101203,32.244,32.244,31.571,31.571,7300,0
20101206,31.786,32.088,31.602,31.735,17900,0
20101207,31.956,32.642,31.815,32.62,89754,0
20101208,32.834,33.048,32.295,32.687,31678,0
20101209,32.953,33.063,32.465,32.51,13908,0
20101210,32.51,33.013,32.51,32.54,20510,0
20101213,32.635,32.767,31.956,32.347,18558,0
20101214,32.494,32.51,31.956,31.963,99929,0
20101215,31.956,31.985,31.844,31.97,541,0
20101216,32.096,32.51,31.66,31.778,62301,0
20101217,31.86,31.97,30.995,31.446,30115,0
20101220,31.786,31.949,31.622,31.852,62221,0
20101221,31.786,31.786,31.232,31.719,13235,0
20101222,31.609,31.762,29.945,30.766,32877,0
20101223,30.61,30.81,30.189,30.662,84586,0
20101227,30.618,30.781,30.404,30.559,12163,0
20101228,30.486,30.973,30.367,30.907,26931,0
20101229,30.96,30.96,30.463,30.553,9745,0
20101230,30.442,30.589,30.286,30.478,75865,0
20101231,30.397,31.045,30.367,30.489,27802,0
20110103,30.736,31.696,30.662,31.675,60973,0
20110104,31.549,31.549,30.848,30.848,9152,0
20110105,30.989,31.711,29.82,31.615,41880,0
20110106,31.475,31.977,31.142,31.977,56023,0
20110107,31.918,31.918,31.415,31.549,28248,0
20110110,31.328,31.844,30.714,31.844,25851,0
20110111,31.956,31.956,31.512,31.512,7879,0
20110112,31.622,32.237,31.402,31.727,268013,0
20110113,31.542,32.281,31.409,31.77,1075641,0
20110114,31.77,32.104,31.77,31.941,1230710,0
20110118,31.956,32.244,31.926,32.244,71752,0
20110119,32.14,32.14,31.719,31.793,4875,0
20110120,31.668,31.956,31.372,31.549,21498,0
20110121,31.489,31.809,31.356,31.778,33830,0
20110124,31.696,31.992,31.542,31.735,8135,0
20110125,31.696,31.956,31.571,31.822,31596,0
20110126,31.801,31.801,31.269,31.402,402957,0
20110127,31.402,31.956,31.402,31.934,29246,0
20110128,31.992,32.14,31.77,32.066,533463,0
20110131,32.096,33.23,31.799,32.849,127424,0
20110201,32.939,32.939,32.332,32.488,70954,0
20110202,32.472,32.591,32.273,32.591,10924,0
20110203,32.502,32.783,32.199,32.635,98214,0
20110204,32.303,32.584,31.836,32.584,45618,0
20110207,32.546,33.048,32.517,33.048,2978,0
20110208,32.989,33.508,32.841,33.263,43697,0
20110209,33.227,33.227,32.887,32.982,5888,0
20110210,32.887,33.189,32.739,33.153,25225,0
20110211,33.035,33.212,32.857,33.138,53597,0
20110214,33.041,33.337,32.997,33.337,36577,0
20110215,33.322,33.33,32.88,32.953,73967,0
20110216,32.974,32.989,32.739,32.739,10536,0
20110218,32.472,32.51,32.273,32.51,16366,0
20110222,32.436,32.576,32.265,32.576,17327,0
20110223,32.51,32.658,31.956,32.043,32258,0
20110224,32.148,32.148,31.461,31.52,35666,0
20110225,31.535,31.748,31.438,31.748,7275,0
20110228,31.815,32.193,31.815,32.083,22044,0
20110301,32.339,32.754,32.311,32.754,21564,0
20110302,32.694,32.857,32.672,32.806,7736,0
20110303,32.908,32.908,32.11,32.133,64499,0
20110304,32.178,32.767,32.178,32.599,219719,0
20110307,32.642,32.798,32.398,32.591,49636,0
20110308,32.806,32.806,32.324,32.385,40686,0
20110309,32.459,32.51,31.926,32.11,133038,0
20110310,32.11,32.65,32.015,32.324,292890,0
20110311,32.324,32.472,32.17,32.295,143046,0
20110314,32.17,32.207,31.77,31.992,15396,0
20110315,32.324,32.324,31.135,31.402,62573,0
20110316,31.394,31.394,30.965,31.246,39369,0
20110317,31.436,31.436,30.93,31.138,17868,0
20110318,31.364,31.918,31.335,31.748,24133,0
20110321,31.77,31.77,31.528,31.622,10990,0
20110322,31.622,31.801,31.594,31.762,51529,0
20110323,31.63,31.735,31.402,31.696,16831,0
20110324,31.711,31.918,31.602,31.77,10121,0
20110325,31.556,32.066,31.549,31.704,186717,0
20110328,31.549,31.852,31.549,31.748,7285,0
20110329,31.875,31.875,31.328,31.38,63640,0
20110330,31.579,31.63,31.402,31.528,46573,0
20110331,31.509,31.509,31.349,31.433,104832,0
20110401,31.402,31.594,31.032,31.356,76197,0
20110404,31.528,31.682,31.38,31.609,71959,0
20110405,31.482,31.762,31.061,31.254,58164,0
20110406,31.38,31.542,31.15,31.497,47945,0
20110407,31.615,31.615,31.29,31.32,48746,0
20110408,31.328,31.475,31.158,31.158,26094,0
20110411,31.306,31.409,30.861,31.061,339867,0
20110412,30.954,31.162,30.434,31.027,37125,0
20110413,31.142,31.579,30.929,30.957,15569,0
20110414,30.81,30.951,30.544,30.648,71026,0
20110415,30.515,30.774,30.404,30.64,18164,0
20110418,30.662,30.662,29.968,30.175,32637,0
20110419,30.175,30.603,29.85,30.36,87092,0
20110420,30.508,30.522,29.812,29.968,28516,0
20110421,30.064,30.064,29.687,29.769,43747,0
20110425,29.769,29.783,29.539,29.539,28325,0
20110426,29.687,30.042,29.687,29.886,20762,0
20110427,29.879,29.879,29.613,29.738,14377,0
20110428,29.664,29.664,29.414,29.524,118039,0
20110429,29.545,29.729,29.446,29.598,24218,0
20110502,29.717,29.746,29.473,29.658,31643,0
20110503,29.668,29.809,29.425,29.468,61294,0
20110504,29.517,30.212,29.517,30.153,36652,0
20110505,30.226,30.642,30.226,30.575,68216,0
20110506,30.702,30.991,30.367,30.442,89284,0
20110509,30.522,30.951,30.486,30.907,59873,0
20110510,30.861,31.032,30.662,30.817,67034,0
20110511,30.938,30.938,30.442,30.761,287396,0
20110512,30.869,31.77,30.869,31.415,395952,0
20110513,31.251,31.37,30.812,31.132,159924,0
20110516,31.032,31.77,30.877,31.609,83832,0
20110517,31.37,31.762,30.486,30.575,104194,0
20110518,30.568,30.909,30.382,30.738,71247,0
20110519,30.649,30.997,30.589,30.596,97381,0
20110520,30.596,30.627,30.419,30.494,32480,0
20110523,30.522,30.583,30.255,30.307,29341,0
20110524,30.315,30.494,30.307,30.375,39241,0
20110525,30.442,30.583,30.293,30.442,31524,0
20110526,30.471,30.508,30.345,30.382,25449,0
20110527,30.315,30.583,30.315,30.5,75772,0
20110531,30.601,30.708,30.31,30.708,85728,0
20110601,30.753,30.753,29.817,29.863,204615,0
20110602,29.863,31.102,29.863,30.442,141132,0
20110603,30.434,30.583,30.196,30.359,97257,0
20110606,30.442,30.516,29.676,29.825,140655,0
20110607,29.907,30.18,29.825,29.937,69384,0
20110608,30.004,30.278,29.75,30.241,113135,0
20110609,30.315,30.575,29.433,30.293,184605,0
20110610,30.278,30.776,29.996,30.455,225584,0
20110613,30.411,30.478,30.114,30.353,187270,0
20110614,30.293,30.589,30.293,30.442,167414,0
20110615,30.427,30.442,30.18,30.329,120704,0
20110616,30.415,30.415,30.205,30.378,82777,0
20110617,30.382,30.411,29.958,30.329,128615,0
20110620,30.219,30.404,30.219,30.404,94876,0
20110621,30.434,30.442,30.278,30.419,124993,0
20110622,30.442,30.442,29.833,30.129,139103,0
20110623,30.122,30.219,29.291,29.647,231793,0
20110624,29.699,30.01,28.177,28.22,4573392,0
20110627,28.22,28.675,27.159,28.429,256277,0
20110628,28.429,29.358,28.429,29.076,158663,0
20110629,29.178,29.409,28.28,28.622,110433,0
20110630,28.708,29.142,28.616,28.853,115208,0
20110701,28.853,29.335,28.853,29.029,120636,0
20110705,29.029,29.164,28.882,28.956,209441,0
20110706,28.959,29.013,28.42,28.577,86528,0
20110707,28.682,28.978,28.467,28.793,152721,0
20110708,28.058,28.355,28.058,28.177,113112,0
20110711,28.02,28.02,27.471,27.59,84939,0
20110712,27.52,27.67,26.718,26.839,107507,0
20110713,27.041,27.567,26.759,27.026,92575,0
20110714,27.123,27.249,26.454,26.491,141899,0
20110715,26.491,26.491,25.696,26.157,222746,0
20110718,26.06,26.253,25.719,26.201,126012,0
20110719,26.328,26.351,25.968,26.343,105639,0
20110720,26.343,27.093,26.343,26.454,181504,0
20110721,26.499,27.338,26.499,27.316,50405,0
20110722,27.242,27.359,26.692,26.728,51790,0
20110725,26.477,26.775,26.291,26.328,80630,0
20110726,26.38,26.38,25.9,25.953,57422,0
20110727,25.986,26.068,25.475,25.541,228949,0
20110728,25.616,25.713,25.353,25.451,80010,0
20110729,25.313,25.313,24.924,24.992,87147,0
20110801,25.11,25.229,23.952,23.996,91027,0
20110802,24.041,24.4,23.284,23.32,176640,0
20110803,23.269,23.366,21.146,21.271,321684,0
20110804,21.139,21.139,19.677,19.774,370526,0
20110805,20.014,20.021,18.462,19.122,476700,0
20110808,18.829,19.356,17.374,17.471,448197,0
20110809,17.619,19.342,16.959,19.319,424605,0
20110810,17.582,17.998,13.78,14.308,900380,0
20110811,14.336,15.532,14.255,15.243,446767,0
20110812,15.372,16.062,15.088,15.883,291141,0
20110815,15.941,16.579,15.785,16.223,203975,0
20110816,16.052,16.334,15.711,16.037,191335,0
20110817,16.122,16.354,15.777,15.935,190907,0
20110818,15.635,15.762,14.458,14.57,461811,0
20110819,14.277,14.824,14.269,14.376,273760,0
20110822,14.622,14.728,13.723,13.782,247498,0
20110823,13.835,14.36,13.633,14.329,163747,0
20110824,14.353,15.058,14.255,15.042,89891,0
20110825,15.05,15.05,14.226,14.24,112639,0
20110826,14.181,14.638,14.143,14.586,90916,0
20110829,14.689,16.077,14.606,15.935,326823,0
20110830,15.883,15.964,15.417,15.612,119103,0
20110831,15.705,15.705,15.195,15.552,113197,0
20110901,15.537,15.77,14.998,15.08,130057,0
20110902,14.792,15.034,14.519,14.555,164125,0
20110906,13.963,14.248,13.258,13.618,292890,0
20110907,14.135,15.365,14.135,15.141,474996,0
20110908,15.034,15.74,14.285,14.532,322143,0
20110909,14.464,14.586,13.723,13.835,295636,0
20110912,13.753,15.357,13.708,14.464,361827,0
20110913,14.547,15.702,14.472,15.184,223748,0
20110914,15.298,15.718,14.614,15.552,159535,0
20110915,15.68,16.122,15.425,16.047,105434,0
20110916,16.167,16.595,15.665,15.8,362501,0
20110919,15.515,15.515,14.277,14.42,259167,0
20110920,14.511,14.713,14.016,14.233,327087,0
20110921,14.248,14.653,14.022,14.059,206520,0
20110922,13.835,13.835,13.123,13.498,324544,0
20110923,13.498,14.345,13.498,13.91,153762,0
20110926,14.075,14.396,14.016,14.277,125807,0
20110927,14.487,15.425,14.376,14.788,177589,0
20110928,14.81,14.848,13.992,14.038,166342,0
20110929,14.383,14.443,13.91,14.173,261344,0
20110930,13.99,14.278,13.362,13.549,573733,0
20111003,13.506,13.768,11.788,11.788,592993,0
20111004,11.683,12.732,11.548,12.027,599937,0
20111005,12.051,12.312,11.729,11.999,214196,0
20111006,11.952,13.221,11.833,13.078,376374,0
20111007,13.115,13.565,12.222,12.284,442753,0
20111010,12.501,13.056,12.344,12.642,145797,0
20111011,12.507,13.46,12.507,13.333,112814,0
20111012,13.431,14.277,13.431,14.12,133325,0
20111013,14.045,14.12,13.303,13.633,96772,0
20111014,13.753,14.09,13.519,14.045,70975,0
20111017,13.91,14.016,13.146,13.198,153334,0
20111018,13.296,14.554,13.032,14.36,171220,0
20111019,14.329,14.464,13.363,13.408,161116,0
20111020,13.482,13.647,12.756,13.363,111273,0
20111021,13.692,13.812,13.415,13.775,221373,0
20111024,13.843,14.899,13.7,14.855,316870,0
20111025,14.821,14.821,13.855,13.871,160309,0
20111026,14.173,14.173,13.032,13.28,357530,0
20111027,13.753,15.619,13.692,15.357,468599,0
20111028,15.313,15.883,15.125,15.522,149440,0
20111031,15.334,15.481,14.759,14.791,155835,0
20111101,13.886,14.016,13.498,13.574,310055,0
20111102,13.761,14.218,13.723,14.181,132643,0
20111103,14.297,14.882,13.923,14.829,104701,0
20111104,14.684,14.684,14.137,14.297,73332,0
20111107,14.329,14.63,13.782,14.42,103952,0
20111108,14.532,14.967,14.181,14.892,96123,0
20111109,14.442,14.595,13.588,13.718,219642,0
20111110,12.934,13.338,10.27,10.323,1769610,0
20111111,10.384,10.696,9.3488,9.4708,956186,0
20111114,9.614,10.123,9.3654,9.4856,487955,0
20111115,9.4481,9.658,9.1035,9.607,706220,0
20111116,9.4856,10.986,9.4856,10.761,723326,0
20111117,10.73,10.925,10.049,10.123,402577,0
20111118,10.11,11.213,10.087,11.206,370212,0
20111121,11.169,11.169,10.308,10.773,271363,0
20111122,10.742,10.962,10.49,10.551,436048,0
20111123,10.445,10.445,9.966,10.163,199118,0
20111125,10.11,10.757,9.98,10.011,103098,0
20111128,10.384,11.662,10.384,11.617,369991,0
20111129,11.64,11.64,11.107,11.426,264141,0
20111130,11.937,12.278,11.834,12.199,1764685,0
20111201,12.446,12.789,12.249,12.293,479934,0
20111202,12.53,12.591,12.02,12.309,244954,0
20111205,12.583,12.988,12.47,12.873,300625,0
20111206,12.766,12.889,12.12,12.462,185216,0
20111207,12.386,12.47,11.967,12.386,166580,0
20111208,12.309,12.309,10.931,10.97,186839,0
20111209,11.03,11.861,11.03,11.731,179631,0
20111212,11.534,11.716,11,11.107,214553,0
20111213,11.206,11.312,10.216,10.292,178137,0
20111214,10.208,10.718,10.208,10.536,388460,0
20111215,10.688,10.786,10.277,10.384,218489,0
20111216,10.452,10.978,10.262,10.91,528833,0
20111219,10.962,11.145,10.277,10.33,223911,0
20111220,10.665,10.665,10.353,10.597,323903,0
20111221,10.483,10.833,10.377,10.688,310157,0
20111222,10.75,10.97,10.65,10.871,231841,0
20111223,10.818,10.894,10.635,10.78,84584,0
20111227,10.665,10.978,10.521,10.923,202877,0
20111228,10.931,11.03,10.665,10.863,165444,0
20111229,10.902,11.244,10.786,10.978,175277,0
20111230,10.917,11.564,10.879,10.917,217305,0
20120103,11.221,12.454,11.213,12.349,327976,0
20120104,12.561,12.561,11.54,11.662,321626,0
20120105,11.594,11.594,11.183,11.237,116511,0
20120106,11.267,11.442,11.084,11.115,178559,0
20120109,11.206,11.206,10.786,10.887,153036,0
20120110,11.038,11.609,10.97,11.564,495897,0
20120111,11.495,11.693,11.153,11.198,382870,0
20120112,11.281,11.381,10.848,11.343,556412,0
20120113,11.1,11.244,10.757,11.076,149692,0
20120117,11.203,11.203,9.9,9.97,629157,0
20120118,9.973,10.33,9.973,10.186,376872,0
20120119,10.285,10.345,10.063,10.132,191442,0
20120120,10.11,10.262,10.049,10.14,160630,0
20120123,10.11,10.163,9.958,9.958,184103,0
20120124,9.858,9.91,9.705,9.745,330744,0
20120125,9.705,9.95,9.705,9.866,179552,0
20120126,9.926,10.019,9.4392,9.584,250732,0
20120127,9.531,9.592,8.8079,8.983,725355,0
20120130,8.9221,9.196,8.5643,8.9678,572334,0
20120131,9.0605,9.1384,8.8353,8.944,468740,0
20120201,9.0517,9.219,8.9298,9.0592,389977,0
20120202,9.0896,9.219,8.9755,9.1279,349728,0
20120203,9.2885,9.653,9.219,9.56,514606,0
20120206,9.524,10.148,9.4708,10.071,448519,0
20120207,10.086,10.558,9.876,10.38,315874,0
20120208,10.388,10.885,10.38,10.566,340313,0
20120209,10.598,11.498,10.582,11.444,481629,0
20120210,11.564,11.564,11.115,11.289,464099,0
20120213,11.419,11.548,11.351,11.404,362604,0
20120214,11.374,11.374,10.566,10.657,331849,0
20120215,10.75,10.863,10.27,10.338,267885,0
20120216,10.338,10.848,10.2,10.635,287546,0
20120217,10.691,10.769,10.466,10.488,146077,0
20120221,10.551,10.757,10.406,10.46,217305,0
20120222,10.443,10.652,9.9,9.907,225754,0
20120223,9.973,10.186,9.898,10.118,243309,0
20120224,10.109,10.31,9.922,10.053,300586,0
20120227,9.95,10.224,9.905,10.2,124102,0
20120228,10.208,10.208,9.905,9.95,202103,0
20120229,11.043,12.61,10.797,11.398,1320808,0
20120301,11.506,11.801,10.939,10.955,747966,0
20120302,10.893,10.893,9.814,9.83,1237124,0
20120305,9.782,9.782,9.4323,9.527,744697,0
20120306,9.4323,9.58,9.3245,9.572,334222,0
20120307,9.621,9.83,9.621,9.774,374364,0
20120308,9.843,10.201,9.728,10.139,353441,0
20120309,10.171,10.613,10.086,10.443,326644,0
20120312,10.427,10.761,10.365,10.691,947149,0
20120313,10.784,11.126,10.784,11.001,638372,0
20120314,10.962,11.273,10.877,11.118,691432,0
20120315,11.134,11.366,10.993,11.172,292882,0
20120316,11.195,11.902,11.079,11.878,685374,0
20120319,11.824,11.871,11.328,11.405,392402,0
20120320,11.28,11.724,11.28,11.467,438967,0
20120321,11.506,11.584,11.188,11.25,247932,0
20120322,11.118,11.165,10.714,10.901,326502,0
20120323,10.885,11.095,10.854,11.063,143840,0
20120326,11.188,11.498,11.071,11.498,195200,0
20120327,11.498,11.529,11.211,11.312,97201,0
20120328,11.288,11.288,11.009,11.18,220976,0
20120329,11.057,11.118,10.769,10.901,221436,0
20120330,11.071,11.134,10.746,10.791,188802,0
20120402,10.746,11.057,10.699,10.861,249837,0
20120403,10.823,10.823,10.551,10.606,313975,0
20120404,10.419,10.558,10.264,10.31,333609,0
20120405,10.318,10.318,10.131,10.233,291823,0
20120409,10.139,10.139,9.938,9.938,286310,0
20120410,9.954,9.991,9.55,9.558,277472,0
20120411,9.704,9.736,9.55,9.658,192753,0
20120412,9.683,9.922,9.51,9.852,207348,0
20120413,9.767,10.016,9.58,9.76,436220,0
20120416,9.852,9.852,9.51,9.658,313859,0
20120417,9.745,9.879,9.697,9.72,297186,0
20120418,9.613,9.852,9.613,9.767,206063,0
20120419,9.822,10.241,9.822,9.907,242976,0
20120420,10.032,10.124,9.774,9.798,232026,0
20120423,9.58,9.907,9.51,9.852,430354,0
20120424,9.907,10.047,9.86,10.016,122645,0
20120425,10.047,10.403,9.884,10.032,495341,0
20120426,9.983,10.295,9.907,10.109,510398,0
20120427,10.147,10.217,9.954,10.209,164522,0
20120430,10.209,10.466,10.155,10.435,160684,0
20120501,10.409,10.916,10.409,10.623,579584,0
20120502,10.488,10.52,10.047,10.131,218002,0
20120503,10.093,10.093,9.626,9.682,238162,0
20120504,9.564,9.658,9.4096,9.51,189744,0
20120507,9.4727,9.628,9.4727,9.564,227143,0
20120508,9.535,9.814,9.4796,9.736,295435,0
20120509,9.569,9.602,9.3011,9.555,262239,0
20120510,10.852,11.763,10.172,10.282,2052776,0
20120511,10.357,10.357,9.712,10.032,394898,0
20120514,9.946,10.061,9.642,9.954,351062,0
20120515,10.008,10.411,10.008,10.287,211686,0
20120516,10.373,11.001,10.256,10.427,311592,0
20120517,10.558,10.558,9.814,9.876,165271,0
20120518,9.832,10.274,9.832,9.95,215862,0
20120521,10.032,10.241,9.9,9.977,135346,0
20120522,9.991,10.109,9.628,9.697,288625,0
20120523,9.564,9.991,9.3245,9.9,246874,0
20120524,9.774,9.822,9.4727,9.55,197279,0
20120525,9.523,9.926,9.523,9.736,294495,0
20120529,9.843,10.201,9.752,9.999,208941,0
20120530,9.854,9.989,9.547,9.673,220278,0
20120531,9.666,9.907,9.4402,9.814,368164,0
20120601,9.547,9.619,9.2613,9.3488,224239,0
20120604,9.451,9.61,9.1826,9.523,207564,0
20120605,9.4915,9.761,9.388,9.697,198365,0
20120606,9.832,10.18,9.753,10.124,193633,0
20120607,10.307,10.465,9.974,10.139,212481,0
20120608,10.085,10.274,9.736,10.045,253022,0
20120611,10.148,10.148,9.388,9.4264,188511,0
20120612,9.514,9.761,9.3644,9.736,178710,0
20120613,9.728,10.06,9.4432,9.959,172880,0
20120614,9.95,10.139,9.745,10.022,181139,0
20120615,10.06,10.63,9.981,10.599,335272,0
20120618,10.465,10.528,10.243,10.362,168094,0
20120619,10.448,10.781,10.267,10.671,193993,0
20120620,10.654,10.837,10.559,10.829,223491,0
20120621,10.788,10.797,10.48,10.615,144046,0
20120622,10.702,10.845,10.591,10.71,356629,0
20120625,10.488,10.702,10.385,10.615,229229,0
20120626,10.686,10.813,10.583,10.766,213489,0
20120627,10.884,11.002,10.805,10.923,280852,0
20120628,10.774,11.059,10.774,11.01,273121,0
20120629,11.24,11.43,11.065,11.382,323660,0
20120702,11.423,11.518,11.129,11.518,202707,0
20120703,11.501,11.637,11.406,11.565,86175,0
20120705,11.518,11.708,11.486,11.66,247725,0
20120706,11.477,11.937,11.477,11.873,422334,0
20120709,11.596,12.262,11.09,12.229,434473,0
20120710,12.357,12.648,12.048,12.27,229048,0
20120711,12.27,12.618,12.144,12.413,334375,0
20120712,12.317,12.341,12.19,12.254,233541,0
20120713,12.3,13.211,12.229,13.132,514216,0
20120716,13.125,13.125,12.689,13.029,199100,0
20120717,13.164,13.441,13.164,13.41,270915,0
20120718,13.441,13.456,12.998,13.077,176352,0
20120719,13.116,13.196,12.839,12.926,129332,0
20120720,12.792,12.902,12.371,12.593,398740,0
20120723,12.3,12.585,12.207,12.38,228448,0
20120724,12.443,12.522,12.048,12.207,215736,0
20120725,12.3,12.428,12.174,12.35,363215,0
20120726,12.562,12.744,12.262,12.626,217596,0
20120727,12.689,12.728,12.357,12.602,178493,0
20120730,12.665,12.736,12.292,12.443,262674,0
20120731,12.363,12.53,12.009,12.182,248265,0
20120801,12.207,12.681,12.174,12.245,175029,0
20120802,12.086,12.229,11.565,12.119,206893,0
20120803,12.38,12.577,12.245,12.292,133525,0
20120806,12.35,12.388,12.292,12.333,190816,0
20120807,12.396,12.657,12.278,12.396,413547,0
20120808,12.396,12.728,11.691,11.731,638247,0
20120809,11.7,12.476,11.7,12.476,352575,0
20120810,12.357,12.506,12.15,12.404,198266,0
20120813,12.308,12.648,12.278,12.602,137846,0
20120814,12.665,12.665,12.434,12.577,133675,0
20120815,12.506,12.585,12.27,12.428,130573,0
20120816,12.404,12.665,12.254,12.585,178285,0
20120817,12.634,12.665,12.428,12.665,121572,0
20120820,12.571,12.824,12.499,12.665,346213,0
20120821,12.744,13.013,12.665,12.974,272266,0
20120822,12.958,13.22,12.839,12.958,126203,0
20120823,12.919,13.053,12.799,12.919,133195,0
20120824,12.848,13.354,12.816,13.314,75813,0
20120827,13.369,13.687,13.259,13.655,330037,0
20120828,13.687,13.931,13.655,13.876,150505,0
20120829,13.908,13.986,13.797,13.955,138802,0
20120830,13.892,14.241,13.852,14.192,219627,0
20120831,14.335,14.565,14.098,14.502,280750,0
20120904,14.439,14.611,14.129,14.565,325331,0
20120905,14.683,14.699,14.326,14.597,245818,0
20120906,14.781,14.781,14.492,14.717,361356,0
20120907,14.798,14.901,14.654,14.765,109613,0
20120910,14.709,15.078,14.573,15.029,315718,0
20120911,15.071,15.246,15.029,15.19,97089,0
20120912,15.223,15.976,15.173,15.961,262265,0
20120913,15.945,15.945,15.254,15.672,406098,0
20120914,15.728,16.081,15.543,15.656,235717,0
20120917,15.519,15.664,15.287,15.535,116145,0
20120918,15.519,15.648,15.335,15.431,210859,0
20120919,15.44,15.471,15.278,15.335,173899,0
20120920,15.15,15.407,15.15,15.399,161629,0
20120921,15.407,15.528,15.246,15.287,300407,0
20120924,15.182,15.287,14.901,14.957,109173,0
20120925,15.014,15.054,14.228,14.284,283063,0
20120926,14.323,14.492,13.441,13.73,300309,0
20120927,13.746,14.292,13.513,13.81,266104,0
20120928,13.713,13.906,13.61,13.61,123498,0
20121001,13.682,13.89,13.434,13.553,183726,0
20121002,13.642,13.77,13.409,13.713,182016,0
20121003,13.762,14.228,13.561,14.035,151268,0
20121004,14.115,14.748,14.075,14.676,100045,0
20121005,14.741,15.135,14.726,14.845,89159,0
20121008,14.773,15.736,14.773,15.101,171909,0
20121009,15.15,15.278,15.014,15.173,153331,0
20121010,15.159,15.302,15.11,15.214,42662,0
20121011,15.447,16.29,15.447,15.889,187703,0
20121012,15.84,15.84,15.254,15.415,86708,0
20121015,15.463,15.632,15.343,15.623,70654,0
20121016,15.68,15.768,15.326,15.455,61690,0
20121017,15.447,15.567,15.343,15.519,52439,0
20121018,14.692,15.311,14.637,15.271,221613,0
20121019,15.15,15.246,15.078,15.11,137887,0
20121022,15.045,15.231,14.709,14.878,143896,0
20121023,14.684,14.734,14.492,14.548,213209,0
20121024,14.597,14.612,14.373,14.437,177793,0
20121025,14.475,14.612,14.235,14.452,73590,0
20121026,14.445,14.532,14.275,14.38,97929,0
20121031,14.347,14.998,14.107,14.709,270144,0
20121101,14.692,14.845,14.331,14.628,243221,0
20121102,14.676,15.062,14.565,14.884,178120,0
20121105,14.862,14.965,14.445,14.532,103297,0
20121106,14.806,14.829,14.573,14.741,111287,0
20121107,14.509,14.509,13.713,13.971,183528,0
20121108,15.045,15.19,12.703,12.927,421741,0
20121109,12.831,13.201,12.502,12.751,256401,0
20121112,12.848,13.08,12.364,12.631,277811,0
20121113,12.543,12.896,12.317,12.364,146105,0
20121114,12.117,12.462,11.523,11.675,389899,0
20121115,11.692,12.815,11.58,12.639,331680,0
20121116,12.534,12.59,12.092,12.326,226058,0
20121119,12.526,12.783,12.445,12.719,163769,0
20121120,12.711,12.839,12.181,12.309,143762,0
20121121,12.406,12.479,12.053,12.351,99671,0
20121123,12.518,12.582,12.245,12.487,44413,0
20121126,12.422,12.551,12.253,12.518,53992,0
20121127,12.487,12.839,12.487,12.59,148429,0
20121128,12.494,12.92,12.398,12.887,141056,0
20121129,13.042,13.514,13.042,13.376,146295,0
20121130,13.41,13.434,13.124,13.205,385787,0
20121203,13.482,13.899,13.344,13.734,209755,0
20121204,13.743,13.882,12.716,12.871,428867,0
20121205,12.961,12.977,12.814,12.838,109479,0
20121206,12.675,12.921,12.65,12.797,141821,0
20121207,12.896,12.896,12.577,12.692,69330,0
20121210,12.684,12.969,12.635,12.952,71428,0
20121211,13.05,13.319,12.921,13.296,135633,0
20121212,13.328,13.638,13.328,13.564,132185,0
20121213,13.54,13.703,13.475,13.621,117520,0
20121214,13.629,16.213,13.629,15.578,803775,0
20121217,15.691,16.074,15.634,15.993,321435,0
20121218,16.164,16.856,16.074,16.791,335692,0
20121219,16.808,17.306,16.523,16.833,483949,0
20121220,16.824,17.528,16.264,16.589,465152,0
20121221,16.913,16.931,15.965,16.859,584364,0
20121224,16.859,17.139,16.859,17.121,64338,0
20121226,16.96,17.735,16.96,17.51,126597,0
20121227,17.51,17.915,17.085,17.807,113656,0
20121228,17.635,17.897,17.455,17.626,131740,0
20121231,17.843,18.511,17.708,18.403,192172,0
20130102,18.962,19.216,18.728,19.16,318349,0
20130103,19.17,19.622,18.926,19.188,195173,0
20130104,19.324,19.504,19.135,19.288,126622,0
20130107,19.288,19.288,18.674,18.791,183059,0
20130108,18.846,18.846,18.177,18.249,73584,0
20130109,18.358,18.394,18.068,18.276,90413,0
20130110,18.385,18.385,17.817,18.187,127040,0
20130111,18.232,18.909,18.169,18.873,153953,0
20130114,18.909,19.368,18.818,19.324,153242,0
20130115,19.261,19.55,19.088,19.487,179194,0
20130116,19.478,19.487,19.097,19.198,136644,0
20130117,19.279,19.496,19.279,19.405,156752,0
20130118,19.468,19.767,19.288,19.64,328931,0
20130122,19.632,19.767,19.459,19.767,231893,0
20130123,19.767,20.081,19.613,19.893,272672,0
20130124,19.864,20.136,19.784,20.037,260322,0
20130125,20.072,20.118,19.531,19.739,192447,0
20130128,19.72,19.883,19.351,19.847,113054,0
20130129,19.855,19.965,19.575,19.855,143231,0
20130130,19.855,19.855,19.232,19.295,223044,0
20130131,19.295,19.647,19.198,19.585,147248,0
20130201,19.666,19.775,19.478,19.676,184113,0
20130204,19.585,19.712,19.386,19.487,137669,0
20130205,19.575,19.729,19.449,19.647,112204,0
20130206,19.585,19.585,19.232,19.54,79997,0
20130207,19.531,19.603,19.107,19.279,96611,0
20130208,19.351,19.351,19.063,19.107,103258,0
20130211,19.17,19.694,19.088,19.694,97618,0
20130212,19.676,19.676,19.279,19.54,145693,0
20130213,19.522,19.622,18.773,19.081,134001,0
20130214,19.034,19.097,18.818,18.953,86761,0
20130215,19.063,19.666,19.063,19.575,150992,0
20130219,19.585,19.676,19.333,19.632,277215,0
20130220,19.585,19.657,19.368,19.386,205887,0
20130221,19.405,19.405,18.547,18.674,111732,0
20130222,18.854,18.899,18.484,18.746,118333,0
20130225,18.846,18.99,18.331,18.584,121980,0
20130226,18.719,19.16,18.574,19.071,142185,0
20130227,19.088,19.632,19.081,19.386,147810,0
20130228,19.44,19.729,19.27,19.632,235312,0
20130301,19.468,20.144,19.279,19.955,269255,0
20130304,19.946,20.055,19.729,19.855,216212,0
20130305,18.502,20.2,16.652,19.855,402410,0
20130306,19.855,20.037,19.703,19.902,168406,0
20130307,19.864,20.451,19.864,20.316,452759,0
20130308,20.443,20.984,20.335,20.957,313713,0
20130311,20.967,21.543,20.957,21.391,278693,0
20130312,21.391,21.463,21.165,21.192,359803,0
20130313,21.273,21.3,21.102,21.165,196665,0
20130314,21.119,21.513,21.018,21.384,201739,0
20130315,21.411,22.125,21.411,21.695,361171,0
20130318,21.394,21.695,21.329,21.577,106884,0
20130319,21.577,21.659,21.384,21.475,114358,0
20130320,21.577,21.851,21.567,21.851,160910,0
20130321,21.777,22.015,21.567,21.814,224072,0
20130322,21.878,22.326,21.805,22.326,231890,0
20130325,22.306,22.482,22.007,22.106,189838,0
20130326,22.125,22.198,21.978,22.061,106233,0
20130327,21.878,21.988,21.695,21.943,95610,0
20130328,21.943,22.096,21.621,21.886,141221,0
20130401,21.934,22.289,21.659,21.832,218669,0
20130402,21.943,21.943,21.65,21.704,142940,0
20130403,21.685,21.685,20.992,21,174054,0
20130404,21.073,21.073,20.571,20.808,137640,0
20130405,20.369,20.835,20.214,20.671,119895,0
20130408,20.698,20.927,20.269,20.827,129684,0
20130409,20.845,21.22,20.644,20.763,121538,0
20130410,20.781,21.302,20.781,21.21,202770,0
20130411,21.119,21.484,20.927,21.458,121905,0
20130412,21.402,21.484,21.091,21.44,126978,0
20130415,21.266,21.293,19.812,19.839,152208,0
20130416,20.132,20.132,19.748,19.995,107665,0
20130417,19.757,19.912,18.696,18.934,139460,0
20130418,18.944,19.264,18.504,18.705,154109,0
20130419,18.742,19.053,18.377,19.044,98677,0
20130422,19.025,19.235,18.459,18.888,136651,0
20130423,19.053,19.208,18.486,19.135,162401,0
20130424,19.127,19.299,18.916,19.171,59648,0
20130425,19.291,19.802,19.273,19.483,80497,0
20130426,19.455,19.574,19.299,19.483,123549,0
20130429,19.565,19.565,19.254,19.308,67062,0
20130430,19.235,19.401,18.934,19.107,361778,0
20130501,19.016,19.117,17.919,18.001,216229,0
20130502,18.157,18.313,17.937,18.23,348286,0
20130503,18.284,19.016,18.24,18.944,162837,0
20130506,18.98,19.428,18.815,19.337,94147,0
20130507,19.428,19.428,18.879,19.063,103591,0
20130508,19.849,21.384,18.587,20.406,354389,0
20130509,20.617,20.835,20.232,20.534,226792,0
20130510,20.598,21.018,20.433,20.717,88230,0
20130513,20.68,20.68,20.343,20.48,79696,0
20130514,20.461,20.881,20.36,20.617,86406,0
20130515,20.516,20.827,20.506,20.735,75160,0
20130516,20.607,20.708,20.287,20.424,98569,0
20130517,20.571,20.735,20.442,20.644,110591,0
20130520,20.516,21.621,20.516,21.411,62135,0
20130521,21.338,21.384,20.69,20.855,200938,0
20130522,20.918,21.238,20.506,20.671,139651,0
20130523,20.498,21.028,20.397,21.028,83886,0
20130524,21.073,21.129,20.754,21.11,59062,0
20130528,21.366,21.895,21.321,21.64,91673,0
20130529,21.484,21.577,21.119,21.375,101463,0
20130530,21.475,21.631,21.165,21.475,103564,0
20130531,21.283,21.667,21.161,21.301,96250,0
20130603,21.302,21.484,20.744,21.201,250761,0
20130604,21.192,21.522,20.698,21.44,281941,0
20130605,21.411,21.494,20.855,21.028,265936,0
20130606,21.064,21.639,20.824,21.528,245217,0
20130607,21.61,21.759,21.157,21.685,92217,0
20130610,21.768,22.815,21.723,22.667,97847,0
20130611,22.324,22.769,22.093,22.473,86499,0
20130612,22.714,23.159,22.557,22.75,119424,0
20130613,22.815,22.815,22.557,22.732,92875,0
20130614,22.75,22.982,22.436,22.501,86654,0
20130617,22.843,22.899,22.314,22.585,58887,0
20130618,22.585,22.788,22.343,22.64,162999,0
20130619,22.64,22.676,22.269,22.306,56881,0
20130620,21.972,22.602,21.823,22.279,220935,0
20130621,22.279,22.917,21.972,22.24,451202,0
20130624,21.962,22.482,21.962,22.093,182513,0
20130625,22.269,22.528,22.075,22.324,139198,0
20130626,22.473,22.528,22.037,22.371,134070,0
20130627,22.463,22.64,22.398,22.398,114481,0
20130628,22.675,23.023,22.479,22.591,290544,0
20130701,22.453,22.686,22.314,22.51,141664,0
20130702,22.557,23.131,22.324,22.908,208957,0
20130703,22.862,23.149,22.426,22.602,88582,0
20130705,22.695,22.982,22.463,22.982,113007,0
20130708,23.047,23.835,22.723,23.511,148355,0
20130709,23.631,23.899,23.334,23.575,63767,0
20130710,23.594,23.974,23.445,23.622,95593,0
20130711,23.918,24.001,23.427,23.676,112642,0
20130712,23.631,24.122,23.575,23.899,198138,0
20130715,23.991,24.844,23.964,24.595,200757,0
20130716,24.456,24.946,23.835,23.964,151993,0
20130717,24.094,25.344,23.76,24.992,215621,0
20130718,24.992,25.576,24.908,25.104,163492,0
20130719,25.121,26.067,24.992,25.909,164284,0
20130722,25.891,26.567,25.64,26.103,145682,0
20130723,25.947,26.178,24.789,24.853,287619,0
20130724,24.891,25.113,24.456,24.547,98369,0
20130725,24.595,25.4,24.595,25.131,171243,0
20130726,24.956,25.243,24.501,25.067,125325,0
20130729,25.094,25.854,25.011,25.187,181749,0
20130730,25.363,25.66,24.705,25.187,123550,0
20130731,25.317,27.001,25.317,25.974,233150,0
20130801,26.123,26.41,25.715,26.141,129210,0
20130802,26.012,27.085,25.799,26.919,159834,0
20130805,26.743,27.327,26.743,27.05,98993,0
20130806,27.058,27.502,26.966,27.114,153226,0
20130807,27.558,29.087,27.558,28.198,395346,0
20130808,28.558,30.059,28.531,29.235,419152,0
20130809,28.67,30.022,27.781,29.699,247362,0
20130812,29.411,31.986,29.411,31.346,466013,0
20130813,31.468,31.746,31.097,31.171,122856,0
20130814,31.013,31.346,29.976,30.235,286799,0
20130815,29.809,29.947,29.04,29.096,304723,0
20130816,28.93,30.578,28.891,30.282,256367,0
20130819,30.282,30.661,29.235,29.235,149472,0
20130820,29.272,29.504,28.438,29.309,237978,0
20130821,29.263,29.707,28.752,29.004,115767,0
20130822,29.188,29.595,28.856,29.272,158313,0
20130823,29.299,30.514,29.169,30.301,131675,0
20130826,30.273,30.717,29.957,30.134,135979,0
20130827,29.772,30.253,28.92,29.087,107933,0
20130828,29.114,29.643,29.114,29.476,146586,0
20130829,29.531,30.383,29.43,30.013,166616,0
20130830,30.259,30.465,28.909,29.378,158253,0
20130903,29.455,29.793,29.044,29.269,99991,0
20130904,29.231,29.783,29.174,29.624,371907,0
20130905,29.735,29.82,29.24,29.297,103478,0
20130906,29.494,29.494,28.325,28.371,100724,0
20130909,28.474,28.923,28.212,28.661,75024,0
20130910,28.746,29.099,28.539,28.717,134237,0
20130911,28.717,29.034,28.483,28.539,95009,0
20130912,28.474,28.894,28.23,28.558,71551,0
20130913,28.736,29.399,28.521,29.073,89878,0
20130916,29.354,29.455,28.39,28.688,97640,0
20130917,28.763,29.718,28.623,29.68,68027,0
20130918,29.643,29.83,28.586,29.354,85731,0
20130919,29.437,29.765,28.614,28.838,58758,0
20130920,29.008,29.063,28.325,28.427,145407,0
20130923,28.334,28.726,28.11,28.558,80764,0
20130924,28.679,29.755,28.483,28.913,94398,0
20130925,28.988,29.429,28.539,28.548,49640,0
20130926,28.539,28.933,28.277,28.642,67223,0
20130927,28.474,29.213,28.427,29.082,80730,0
20130930,29.183,29.325,28.398,28.729,123284,0
20131001,28.305,28.801,28.296,28.511,107938,0
20131002,28.296,28.558,28.071,28.296,137622,0
20131003,28.155,28.399,27.698,27.829,94433,0
20131004,27.913,28.539,27.604,28.155,102350,0
20131007,27.95,28.193,27.119,27.24,105670,0
20131008,27.23,27.51,26.594,26.688,95743,0
20131009,26.669,27.38,26.659,27.09,78147,0
20131010,27.278,27.734,26.949,27.473,84967,0
20131011,27.398,29.119,27.398,29.034,158767,0
20131014,28.866,29.474,28.763,29.148,71496,0
20131015,29.091,29.409,28.923,29.099,84894,0
20131016,29.269,29.54,28.828,29.279,142886,0
20131017,29.119,29.876,29.034,29.783,219817,0
20131018,29.801,30.157,29.484,30.139,531377,0
20131021,30.222,30.69,30.148,30.306,142835,0
20131022,30.344,31.251,30.222,31.121,186973,0
20131023,31.092,32.215,30.924,31.887,178062,0
20131024,31.97,32.654,31.747,32.494,266125,0
20131025,32.634,32.634,32.26,32.541,172001,0
20131028,32.56,32.747,32.494,32.719,293789,0
20131029,32.879,33.055,31.98,32.775,234323,0
20131030,32.897,33.065,32.41,32.644,121889,0
20131031,32.93,33.432,32.778,33.044,121689,0
20131101,32.589,33.168,32.458,33.084,166732,0
20131104,33.103,34.459,33.103,34.123,525842,0
20131105,34.057,34.495,33.12,34.188,432048,0
20131106,33.653,34.065,27.38,27.548,1194864,0
20131107,25.136,28.044,24.612,24.715,531313,0
20131108,24.63,25.042,23.527,23.565,387255,0
20131111,23.443,23.686,22.395,22.461,496109,0
20131112,22.451,23.013,22.219,22.798,264526,0
20131113,22.714,23.293,22.245,23.285,272536,0
20131114,23.218,23.321,22.49,22.882,184653,0
20131115,22.835,23.499,22.629,23.377,185669,0
20131118,23.396,23.639,22.724,22.826,106905,0
20131119,22.882,23.023,22.32,22.555,100539,0
20131120,22.517,22.741,22.47,22.62,130586,0
20131121,22.751,23.33,22.751,23.135,168156,0
20131122,23.098,23.911,23.023,23.826,156753,0
20131125,23.771,24.331,23.743,24.238,162457,0
20131126,24.209,24.304,23.48,23.621,122564,0
20131127,23.706,24.574,23.706,24.379,117315,0
20131129,24.869,25.047,24.367,24.651,71742,0
20131202,24.379,24.612,23.798,24.069,138569,0
20131203,24.244,24.613,23.629,23.865,477786,0
20131204,23.705,24.462,23.666,24.045,151333,0
20131205,23.675,23.903,23.467,23.563,69452,0
20131206,23.855,24.111,23.714,23.913,132590,0
20131209,23.96,24.262,23.789,24.187,110907,0
20131210,24.158,24.396,23.222,23.373,151569,0
20131211,23.335,23.761,23.146,23.487,141689,0
20131212,23.448,24.063,23.137,24.016,180324,0
20131213,24.158,24.727,23.44,23.609,189086,0
20131216,23.78,24.187,23.382,23.893,116195,0
20131217,23.979,24.139,23.619,23.799,112058,0
20131218,23.969,24.546,23.364,24.347,156679,0
20131219,24.413,24.869,23.827,23.969,109139,0
20131220,24.063,25.304,23.969,24.755,269863,0
20131223,24.925,25.616,24.925,25.313,127840,0
20131224,25.265,25.691,25.029,25.265,65371,0
20131226,25.446,25.54,24.717,24.859,93901,0
20131227,25.001,25.558,24.925,25.522,115027,0
20131230,25.446,25.928,25.256,25.776,84254,0
20131231,25.842,26.184,25.73,25.766,79085,0
20140102,25.624,25.664,24.337,24.357,122138,0
20140103,24.357,24.981,24.32,24.736,83259,0
20140106,24.594,24.869,24.215,24.479,85203,0
20140107,24.641,25.256,24.423,24.621,96394,0
20140108,24.661,24.661,24.055,24.537,102605,0
20140109,24.489,24.745,24.055,24.717,105402,0
20140110,24.803,24.877,24.433,24.661,141989,0
20140113,24.528,24.944,24.083,24.423,122589,0
20140114,24.47,25.038,24.253,24.972,135825,0
20140115,24.935,25.304,24.697,24.803,158885,0
20140116,24.877,24.972,23.742,23.921,273260,0
20140117,23.95,24.092,23.137,23.865,285089,0
20140121,23.979,24.139,23.249,23.325,197129,0
20140122,23.401,23.685,23.165,23.44,122212,0
20140123,23.373,23.553,22.853,23.165,107752,0
20140124,23.155,23.24,22.246,22.484,198908,0
20140127,22.454,22.645,21.972,22.114,83228,0
20140128,22.17,22.2,21.698,22.028,127374,0
20140129,21.793,22.55,21.604,21.793,89961,0
20140130,21.953,22.114,21.708,22.002,80207,0
20140131,21.566,21.945,21.566,21.698,175029,0
20140203,21.688,21.727,20.79,20.923,147628,0
20140204,21.082,21.414,20.79,21.073,124142,0
20140205,21.036,21.67,20.639,21.112,124712,0
20140206,21.13,21.754,20.979,21.158,86693,0
20140207,21.187,21.906,21.187,21.878,116284,0
20140210,21.926,21.972,21.338,21.802,139017,0
20140211,21.736,22.114,21.566,21.86,90583,0
20140212,21.82,22.427,21.718,22.21,281970,0
20140213,22.011,23.543,22.011,23.524,155083,0
20140214,23.43,24.433,23.43,24.121,240768,0
20140218,24.111,24.783,24.026,24.168,302777,0
20140219,24.092,24.594,23.732,23.969,227226,0
20140220,24.045,24.055,22.843,23.355,188886,0
20140221,23.355,23.685,22.937,23.524,210341,0
20140224,23.647,24.396,22.408,23.401,406504,0
20140225,23.506,23.581,22.569,23.506,280387,0
20140226,23.969,24.026,22.863,23.609,273545,0
20140227,23.771,23.771,21.082,22.236,1342720,0
20140228,22.322,22.322,21.12,21.168,545016,0
20140303,21.149,21.263,20.515,20.714,302145,0
20140304,20.818,21.395,20.781,21.092,402441,0
20140305,21.073,21.367,20.931,21.272,192857,0
20140306,21.433,22.019,21.358,21.718,403551,0
20140307,21.935,21.935,21.433,21.537,324860,0
20140310,21.576,22.017,21.556,21.874,253036,0
20140311,21.921,22.035,21.509,21.777,144127,0
20140312,21.73,21.901,21.518,21.68,235091,0
20140313,21.806,22.189,21.412,21.891,372686,0
20140314,21.815,22.467,21.815,22.065,279118,0
20140317,22.179,22.38,22.065,22.132,188878,0
20140318,22.179,22.295,21.998,22.246,156365,0
20140319,22.295,22.429,22.025,22.151,155242,0
20140320,22.122,22.246,21.921,22.055,114474,0
20140321,22.084,22.295,21.882,22.035,420502,0
20140324,22.102,22.102,21.72,21.998,259562,0
20140325,22.055,22.219,21.653,21.662,101254,0
20140326,21.844,22.065,21.613,21.643,152672,0
20140327,21.672,21.949,21.441,21.461,390928,0
20140328,21.585,22.295,21.585,22.189,544917,0
20140331,22.266,22.736,22.219,22.487,275502,0
20140401,22.506,22.63,22.236,22.583,368493,0
20140402,22.63,22.764,22.439,22.64,185768,0
20140403,22.688,22.745,22.573,22.668,215556,0
20140404,22.861,22.899,22.045,22.084,197527,0
20140407,22.132,22.266,21.058,21.106,240774,0
20140408,21.058,21.613,20.952,21.537,238944,0
20140409,21.556,21.585,21.029,21.106,130020,0
20140410,21.134,21.546,20.952,21,225872,0
20140411,20.808,21.019,20.195,20.329,238466,0
20140414,20.53,21.019,20.453,20.741,252517,0
20140415,20.761,21.019,20.425,20.865,135018,0
20140416,20.942,21.153,20.78,21,82923,0
20140417,21,21.25,20.924,21.183,122903,0
20140421,21.153,21.528,21.125,21.374,103822,0
20140422,21.384,21.844,21.384,21.672,303495,0
20140423,21.605,21.806,21.384,21.518,175422,0
20140424,21.595,21.643,20.924,20.962,142139,0
20140425,20.847,20.972,20.483,20.721,143002,0
20140428,20.857,21.058,20.453,20.79,114444,0
20140429,20.981,21.221,20.818,20.885,191260,0
20140430,20.847,20.952,20.54,20.761,174056,0
20140501,20.808,20.808,19.935,20.425,252220,0
20140502,20.502,20.77,20.185,20.281,143879,0
20140505,20.137,20.223,19.926,20.109,115319,0
20140506,20.099,20.262,19.764,19.898,204614,0
20140507,19.714,19.907,19.015,19.275,313498,0
20140508,19.293,19.754,19.14,19.476,315114,0
20140509,19.436,19.754,19.265,19.687,177758,0
20140512,19.706,20.559,19.667,20.339,276744,0
20140513,20.281,20.396,19.724,19.773,204508,0
20140514,19.773,19.773,18.718,18.756,141932,0
20140515,18.603,18.747,18.124,18.507,260858,0
20140516,18.574,18.881,18.497,18.872,102195,0
20140519,18.775,19.255,18.594,19.063,151366,0
20140520,19.158,19.158,18.612,18.814,168572,0
20140521,18.919,19.006,18.631,18.804,74104,0
20140522,18.852,19.456,18.852,19.428,170715,0
20140523,19.389,19.878,19.322,19.821,70504,0
20140527,19.84,20.243,19.724,20.022,100446,0
20140528,20.041,20.176,19.84,20.061,85838,0
20140529,20.195,20.502,20.002,20.233,87346,0
20140530,20.272,20.272,19.965,20.118,82137,0
20140602,20.205,20.272,19.687,20.137,100847,0
20140603,19.984,20.137,19.63,19.935,174456,0
20140604,19.945,20.597,19.945,20.415,139140,0
20140605,20.532,20.532,19.948,20.366,136167,0
20140606,20.484,21.028,20.484,20.931,88871,0
20140609,20.902,21.573,20.726,21.573,103762,0
20140610,21.563,21.884,21.397,21.835,108984,0
20140611,21.699,21.825,20.824,20.921,83956,0
20140612,20.853,21.456,20.512,21.349,212628,0
20140613,21.437,22.049,21.038,21.038,197149,0
20140616,21.038,21.3,20.95,21.106,99322,0
20140617,21.086,21.787,21.047,21.465,95067,0
20140618,21.407,21.66,21.086,21.261,103661,0
20140619,21.271,21.563,21.106,21.242,97431,0
20140620,21.66,21.952,21.407,21.621,194086,0
20140623,21.563,21.563,20.911,21.067,101419,0
20140624,20.97,21.729,20.804,21.028,120636,0
20140625,20.931,21.281,20.756,21.271,84208,0
20140626,21.261,21.261,20.853,21.164,57270,0
20140627,21.009,21.679,20.979,21.505,330729,0
20140630,21.456,21.855,21.252,21.757,91781,0
20140701,21.747,22.457,21.747,21.933,175019,0
20140702,21.893,22.166,21.689,21.865,233082,0
20140703,21.884,22.147,21.709,22.001,73973,0
20140707,21.933,21.971,21.291,21.349,83389,0
20140708,21.3,21.495,21.067,21.397,90955,0
20140709,21.524,21.815,21.32,21.495,92305,0
20140710,21.115,21.359,21.038,21.193,193311,0
20140711,21.135,21.291,20.979,21.242,96805,0
20140714,21.417,21.865,21.31,21.641,128624,0
20140715,21.611,21.787,21.223,21.407,72499,0
20140716,21.553,21.641,21.203,21.261,93806,0
20140717,21.125,21.252,20.522,20.62,83083,0
20140718,20.561,21.135,20.552,20.814,106973,0
20140721,20.756,20.804,20.464,20.648,55951,0
20140722,20.785,21.077,20.629,21.038,61522,0
20140723,21.135,21.397,20.804,21.378,101250,0
20140724,21.465,21.679,20.658,20.765,85707,0
20140725,20.688,20.872,20.338,20.532,76153,0
20140728,20.59,20.717,20.202,20.6,60983,0
20140729,20.6,21.067,20.503,20.824,46506,0
20140730,20.989,21.232,20.853,21.077,48205,0
20140731,20.999,21.193,20.512,20.542,102154,0
20140801,20.639,20.726,20.298,20.415,70280,0
20140804,20.493,20.6,19.754,20.006,136369,0
20140805,19.978,21.038,19.978,20.697,146844,0
20140806,20.902,21.641,20.726,21.154,135178,0
20140807,21.077,21.407,20.444,20.697,91954,0
20140808,20.688,20.979,20.512,20.902,64151,0
20140811,21.047,21.641,21.009,21.203,76878,0
20140812,21.213,21.573,21.057,21.329,76994,0
20140813,21.475,21.495,21.203,21.388,59860,0
20140814,21.427,21.689,21.369,21.553,43172,0
20140815,21.777,21.961,21.213,21.475,103793,0
20140818,21.738,22.039,21.437,21.641,92029,0
20140819,21.679,22.166,21.514,21.797,109173,0
20140820,21.747,21.767,21.378,21.553,68791,0
20140821,21.514,21.961,21.349,21.865,63162,0
20140822,21.893,21.961,21.465,21.602,60092,0
20140825,21.777,21.797,21.261,21.417,55985,0
20140826,21.427,21.679,21.291,21.446,79906,0
20140827,21.543,21.709,21.388,21.641,51012,0
20140828,21.465,21.699,21.329,21.456,31994,0
20140829,21.563,21.865,21.388,21.797,36493,0
20140902,21.893,21.971,21.592,21.815,63168,0
20140903,21.971,22.011,21.543,21.621,185647,0
20140904,21.592,21.907,21.385,21.572,97099,0
20140905,21.572,21.749,21.454,21.503,60848,0
20140908,21.542,21.996,21.138,21.395,64356,0
20140909,21.424,21.424,20.685,20.754,81510,0
20140910,20.754,21.079,20.625,20.971,142566,0
20140911,20.951,22.4,20.882,22.39,260497,0
20140912,22.41,22.41,21.828,21.897,122823,0
20140915,21.956,21.956,21.365,21.493,69620,0
20140916,21.513,21.917,21.266,21.828,128583,0
20140917,21.927,22.252,21.73,21.848,139943,0
20140918,21.976,22.164,21.799,21.907,69664,0
20140919,21.937,22.114,21.296,21.572,145820,0
20140922,21.464,21.513,20.458,20.478,103888,0
20140923,20.458,20.625,19.748,19.837,97027,0
20140924,19.916,20.004,19.669,19.906,158689,0
20140925,19.847,19.925,19.472,19.62,145375,0
20140926,19.649,19.787,19.452,19.531,104165,0
20140929,19.383,19.61,18.969,19.206,181414,0
20140930,19.314,19.364,18.959,18.979,144901,0
20141001,19.038,19.038,18.634,18.664,152570,0
20141002,18.762,18.841,18.447,18.594,150796,0
20141003,18.861,18.871,18.585,18.713,109982,0
20141006,18.792,18.94,18.555,18.673,72345,0
20141007,18.535,18.782,18.22,18.23,160537,0
20141008,18.259,19.018,18.141,18.969,176091,0
20141009,19.028,19.028,17.855,18.003,144492,0
20141010,17.983,19.038,17.983,18.654,150225,0
20141013,18.742,19.393,18.742,18.959,138981,0
20141014,19.235,19.383,18.703,18.949,146629,0
20141015,18.851,19.64,18.762,19.472,173309,0
20141016,19.294,20.093,19.294,19.945,172731,0
20141017,20.251,20.645,19.442,19.511,147836,0
20141020,19.482,19.679,19.403,19.58,89155,0
20141021,19.778,20.32,19.649,20.31,110716,0
20141022,20.418,20.556,19.817,19.975,119740,0
20141023,20.231,20.773,20.182,20.349,98582,0
20141024,20.409,20.507,20.211,20.359,56413,0
20141027,20.28,20.369,20.093,20.34,61433,0
20141028,20.487,21.483,20.428,21.414,127084,0
20141029,21.424,21.73,20.773,21.089,82732,0
20141030,20.951,21.523,20.911,21.296,97748,0
20141031,21.769,21.887,21.424,21.74,157255,0
20141103,21.749,22.193,21.71,21.986,100174,0
20141104,21.986,22.154,21.404,21.562,91275,0
20141105,21.789,21.789,21.197,21.365,104311,0
20141106,21.769,22.045,20.724,21.355,133692,0
20141107,21.286,21.996,20.773,21.759,130192,0
20141110,21.868,22.183,21.542,22.164,164315,0
20141111,22.104,22.183,21.611,21.789,96897,0
20141112,21.71,22.233,21.375,22.134,134885,0
20141113,22.183,22.183,21.661,21.661,71666,0
20141114,21.69,21.868,21.572,21.592,114303,0
20141117,21.562,21.868,21.316,21.316,83494,0
20141118,21.454,21.858,21.404,21.444,117636,0
20141119,21.276,21.434,20.882,21.197,66716,0
20141120,21.069,21.651,20.754,21.079,169269,0
20141121,21.454,21.611,21.059,21.089,87554,0
20141124,21.059,21.592,21.03,21.483,202194,0
20141125,21.582,21.759,21.513,21.592,107821,0
20141126,21.661,21.917,21.414,21.572,82569,0
20141128,21.69,21.897,21.395,21.404,46602,0
20141201,21.414,21.414,20.902,20.921,94131,0
20141202,20.99,21.414,20.823,20.852,147135,0
20141203,20.921,21.197,20.734,21.01,123660,0
20141204,20.96,21.18,20.7,21.02,199098,0
20141205,21,21.64,21,21.47,88309,0
20141208,21.34,21.52,20.75,20.93,94684,0
20141209,20.65,21.09,20.42,20.95,178473,0
20141210,20.87,21.04,20.45,20.48,102840,0
20141211,20.85,21.46,20.84,20.97,167352,0
20141212,20.78,20.9,20.36,20.75,224856,0
20141215,20.74,21.2,20.41,20.9,327896,0
20141216,20.82,21.05,20.57,20.59,306841,0
20141217,20.61,21.39,20.61,21.21,215693,0
20141218,21.5,21.86,21.26,21.75,189338,0
20141219,21.74,22.29,21.67,22.11,384475,0
20141222,22.2,22.66,21.98,22.55,171562,0
20141223,22.73,22.91,22.55,22.72,133036,0
20141224,22.83,23.08,22.64,22.99,103506,0
20141226,23.02,23.24,22.78,23.01,151919,0
20141229,23.08,23.46,22.95,23.18,83935,0
20141230,23,23.37,22.72,23.3,113301,0
20141231,23.42,23.5,22.96,22.96,69877,0
20150102,23.02,23.24,22.42,22.75,114388,0
20150105,22.62,22.66,22.07,22.21,90326,0
20150106,22.21,22.46,21.69,21.84,146842,0
20150107,22.06,22.14,21.78,22.09,113949,0
20150108,22.32,22.75,22.11,22.68,138546,0
20150109,22.62,22.62,21.85,21.93,117633,0
20150112,22,22.12,21.62,22.01,80457,0
20150113,22.3,22.72,21.7,22,94326,0
20150114,21.75,21.96,21.44,21.66,167552,0
20150115,21.84,21.91,21.26,21.31,181995,0
20150116,21.26,21.49,20.9,20.95,630058,0
