Date,Open,High,Low,Close,Volume,OpenInt
20100823,20.848,20.97,20.807,20.97,3106,0
20100824,20.816,20.816,20.523,20.563,1647,0
20100825,20.36,20.563,20.36,20.555,3938,0
20100826,20.563,20.914,20.378,20.807,3507,0
20100827,20.889,20.889,20.686,20.889,984,0
20100830,20.702,20.995,20.702,20.848,5562,0
20100901,20.987,21.011,20.987,21.011,984,0
20100902,20.783,20.954,20.71,20.954,1968,0
20100903,20.677,20.726,20.612,20.612,4921,0
20100909,20.816,20.995,20.816,20.962,1708,0
20100910,21.028,21.052,20.929,21.052,1346,0
20100913,21.028,21.052,20.905,20.905,1107,0
20100914,21.035,21.133,20.929,20.929,1107,0
20100916,21.011,21.011,21.011,21.011,152,0
20100917,20.8,21.133,20.8,21.035,2767,0
20100920,21.109,21.133,20.873,21.133,2216,0
20100921,20.881,21.043,20.881,20.889,1477,0
20100922,20.84,21.076,20.84,20.889,1477,0
20100923,21.076,21.084,20.938,21.084,3014,0
20100924,20.848,21.124,20.84,21.124,2092,0
20100927,20.807,21.084,20.807,20.889,13363,0
20100928,20.645,20.767,20.36,20.563,5599,0
20100929,20.604,20.783,20.596,20.783,2540,0
20100930,20.8,20.978,20.783,20.848,2335,0
20101001,20.848,21.043,20.848,20.873,2971,0
20101004,20.775,20.889,20.767,20.767,606,0
20101005,20.807,20.929,20.8,20.889,3753,0
20101007,21.052,21.124,21.052,21.124,3536,0
20101008,20.97,20.97,20.97,20.97,737,0
20101011,21.011,21.052,21.011,21.052,1968,0
20101012,21.052,21.124,21.052,21.052,10134,0
20101013,21.246,21.385,21.246,21.385,491,0
20101014,21.214,21.336,21.214,21.336,2461,0
20101015,21.076,21.076,21.076,21.076,246,0
20101018,21.059,21.124,20.978,21.019,6413,0
20101019,21.32,21.32,21.117,21.117,491,0
20101020,20.946,21.076,20.946,21.076,246,0
20101021,21.019,21.019,21.019,21.019,984,0
20101022,21.011,21.011,20.987,20.987,1178,0
20101025,20.946,21.043,20.929,21.043,2673,0
20101028,20.962,20.987,20.962,20.987,1887,0
20101101,20.995,20.995,20.995,20.995,124,0
20101102,21.028,21.173,21.028,21.173,645,0
20101105,21.133,21.262,20.987,21.262,4143,0
20101109,21.019,21.084,21.019,21.084,2457,0
20101110,21.1,21.1,21.035,21.068,7280,0
20101111,21.1,21.1,21.1,21.1,475,0
20101115,21.141,21.141,21.109,21.109,2783,0
20101116,21.369,21.369,21.068,21.068,7086,0
20101117,21.002,21.002,20.995,20.995,517,0
20101118,20.987,20.987,20.97,20.97,1489,0
20101119,20.97,20.97,20.807,20.807,3445,0
20101122,20.775,20.873,20.677,20.873,10085,0
20101123,20.848,20.848,20.807,20.807,1767,0
20101124,20.702,20.848,20.702,20.759,5480,0
20101129,20.832,20.848,20.702,20.848,2022,0
20101130,20.848,20.848,20.807,20.807,737,0
20101201,20.702,20.807,20.523,20.775,13417,0
20101202,20.726,20.881,20.645,20.881,11788,0
20101203,20.857,20.857,20.759,20.767,1941,0
20101206,20.767,20.767,20.767,20.767,491,0
20101207,20.807,20.807,20.807,20.807,2092,0
20101208,20.807,20.807,20.767,20.767,1477,0
20101210,20.726,20.807,20.726,20.759,2533,0
20101213,20.807,20.807,20.734,20.759,2499,0
20101214,20.807,20.807,20.783,20.807,2335,0
20101215,20.807,21.019,20.807,20.929,1888,0
20101216,20.97,20.97,20.97,20.97,616,0
20101217,20.889,20.97,20.889,20.97,1881,0
20101220,21.133,21.133,21.052,21.133,2441,0
20101221,21.124,21.124,20.645,20.645,2216,0
20101222,21.011,21.035,20.84,20.864,2167,0
20101223,21.133,21.133,21.109,21.109,415,0
20101228,20.726,20.791,20.563,20.612,29533,0
20101229,20.686,20.743,20.645,20.645,2585,0
20101231,20.629,20.629,20.629,20.629,862,0
20110103,20.507,20.612,20.433,20.442,3215,0
20110104,20.442,20.604,19.922,20.36,12558,0
20110106,20.54,20.588,20.54,20.563,1601,0
20110107,20.596,20.596,20.221,20.385,3495,0
20110110,20.604,20.726,20.5,20.629,3556,0
20110111,20.662,20.694,20.36,20.36,6008,0
20110112,20.401,20.401,20.369,20.378,5459,0
20110113,20.596,20.596,20.378,20.378,2295,0
20110114,20.385,20.41,20.329,20.329,3430,0
20110118,20.378,20.378,20.239,20.32,5628,0
20110119,20.392,20.41,20.108,20.158,11497,0
20110120,20.14,20.271,20.14,20.19,5191,0
20110121,20.311,20.433,20.303,20.433,6336,0
20110124,20.401,20.491,20.392,20.491,2585,0
20110125,20.459,20.482,20.271,20.467,4160,0
20110126,20.718,20.718,20.54,20.54,1353,0
20110127,20.418,20.418,20.288,20.303,6029,0
20110128,20.32,20.41,20.32,20.401,5169,0
20110131,20.581,20.905,20.581,20.905,17514,0
20110201,20.84,20.84,20.442,20.442,2952,0
20110202,20.442,20.442,20.442,20.442,325,0
20110203,20.548,20.548,20.548,20.548,369,0
20110204,20.621,20.629,20.523,20.523,1107,0
20110207,20.54,20.572,20.54,20.572,1722,0
20110208,20.612,20.612,20.5,20.604,3858,0
20110209,20.515,20.581,20.515,20.531,22022,0
20110210,20.531,20.531,20.531,20.531,1230,0
20110211,20.596,20.596,20.596,20.596,685,0
20110214,20.873,20.873,20.873,20.873,124,0
20110215,20.897,20.897,20.897,20.897,246,0
20110216,20.929,20.946,20.807,20.946,2127,0
20110218,20.954,20.954,20.954,20.954,4429,0
20110222,20.71,20.857,20.686,20.857,1601,0
20110223,20.864,20.946,20.791,20.946,7631,0
20110224,20.97,20.97,20.816,20.816,3583,0
20110225,20.767,20.946,20.767,20.807,4535,0
20110228,20.743,20.743,20.71,20.71,2461,0
20110301,20.767,20.767,20.767,20.767,984,0
20110302,20.962,20.962,20.962,20.962,124,0
20110303,20.824,20.824,20.824,20.824,319,0
20110304,20.832,20.832,20.832,20.832,158,0
20110307,20.929,20.97,20.921,20.921,3671,0
20110308,21.028,21.028,20.889,20.889,1846,0
20110309,21.002,21.002,20.8,20.824,6752,0
20110310,21.035,21.052,20.995,21.019,14133,0
20110311,21.019,21.043,20.921,20.938,6497,0
20110314,20.832,20.946,20.8,20.857,9077,0
20110315,20.775,21.002,20.734,20.8,1892,0
20110316,20.987,21.002,20.8,20.962,1601,0
20110317,20.832,20.987,20.832,20.987,4116,0
20110318,20.929,21.141,20.929,21.011,3403,0
20110321,20.978,21.076,20.97,21.052,3588,0
20110322,21.052,21.133,20.807,21.133,3323,0
20110323,21.124,21.124,20.873,20.97,3433,0
20110324,21.124,21.124,21.092,21.092,369,0
20110325,21.133,21.133,21.035,21.133,8467,0
20110328,20.726,20.905,20.694,20.848,17567,0
20110329,20.881,20.929,20.864,20.929,4694,0
20110330,20.881,20.881,20.783,20.783,2461,0
20110401,20.767,20.767,20.572,20.572,1601,0
20110404,20.759,20.759,20.718,20.718,1230,0
20110405,20.694,20.694,20.694,20.694,124,0
20110406,20.686,20.686,20.482,20.686,4522,0
20110407,20.523,20.645,20.523,20.645,2092,0
20110408,20.612,20.726,20.612,20.726,1968,0
20110411,20.946,20.946,20.491,20.491,4905,0
20110412,20.783,20.8,20.677,20.8,2489,0
20110413,20.783,20.783,20.783,20.783,862,0
20110414,20.482,20.645,20.467,20.637,2626,0
20110418,20.563,20.572,20.563,20.572,862,0
20110419,20.718,20.718,20.378,20.523,4866,0
20110420,20.71,20.71,20.41,20.604,1107,0
20110421,20.369,20.482,20.369,20.482,2831,0
20110425,20.563,20.563,20.523,20.563,862,0
20110426,20.531,20.734,20.531,20.54,1234,0
20110427,20.653,20.653,20.596,20.596,5538,0
20110428,20.653,20.653,20.653,20.653,183,0
20110502,20.702,20.775,20.702,20.726,1968,0
20110503,20.946,20.946,20.743,20.743,369,0
20110504,20.759,20.759,20.734,20.759,491,0
20110505,20.824,20.832,20.759,20.832,3567,0
20110506,20.726,20.726,20.718,20.726,3289,0
20110510,20.816,20.929,20.767,20.929,1291,0
20110513,20.734,20.791,20.734,20.767,1416,0
20110516,20.783,20.783,20.783,20.783,491,0
20110517,20.807,21.002,20.807,21.002,762,0
20110518,20.84,20.848,20.84,20.84,796,0
20110519,20.929,20.929,20.848,20.848,616,0
20110523,20.832,20.848,20.832,20.848,369,0
20110524,20.946,20.946,20.946,20.946,124,0
20110525,21.068,21.068,20.84,20.848,2831,0
20110526,20.848,21.043,20.848,21.011,3165,0
20110531,21.052,21.052,21.052,21.052,491,0
20110601,21.239,21.239,21.239,21.239,554,0
20110602,21.239,21.303,21.239,21.303,737,0
20110606,20.897,21.832,20.897,21.742,1630,0
20110609,21.742,21.742,21.685,21.685,1353,0
20110610,21.742,22.133,21.661,21.661,1601,0
20110613,21.832,22.027,21.133,21.133,10349,0
20110614,21.165,21.369,21.165,21.369,616,0
20110615,21.506,21.506,21.133,21.133,2946,0
20110617,21.491,21.491,21.491,21.491,137,0
20110620,21.45,21.45,21.173,21.173,540,0
20110621,20.759,21.011,20.759,21.002,12944,0
20110622,21.011,21.011,21.011,21.011,124,0
20110623,21.002,21.287,20.987,21.158,491,0
20110624,21.141,21.141,21.141,21.141,158,0
20110627,20.807,20.889,20.459,20.459,7839,0
20110628,20.669,20.71,20.459,20.459,1196,0
20110629,20.531,20.677,20.523,20.677,1846,0
20110630,20.694,20.718,20.548,20.718,7056,0
20110706,20.523,20.645,20.523,20.645,616,0
20110708,20.857,20.857,20.857,20.857,124,0
20110712,20.677,20.897,20.662,20.897,1846,0
20110714,20.401,20.629,20.401,20.629,843,0
20110715,20.629,20.71,20.629,20.686,491,0
20110718,20.378,20.662,20.279,20.426,10576,0
20110719,20.426,20.71,20.426,20.442,4031,0
20110720,20.581,21.011,20.572,20.71,9346,0
20110721,20.767,20.767,20.702,20.702,2706,0
20110725,21.117,21.117,20.84,20.962,737,0
20110726,20.743,21.539,20.734,20.921,7436,0
20110727,20.864,20.864,20.775,20.775,1846,0
20110728,20.702,20.726,20.702,20.718,2585,0
20110803,20.596,20.694,20.596,20.694,886,0
20110804,20.734,20.734,20.352,20.482,7235,0
20110805,20.378,20.378,18.685,19.596,35341,0
20110808,19.596,19.67,15.264,19.101,6361,0
20110809,18.28,19.914,18.28,19.914,18674,0
20110810,19.84,19.84,19.58,19.58,3710,0
20110811,19.848,20.027,19.466,19.499,1722,0
20110812,19.589,19.906,19.507,19.711,3095,0
20110815,19.848,20.198,19.848,20.198,1605,0
20110816,20.158,20.158,20.158,20.158,369,0
20110818,20.32,20.32,20.32,20.32,124,0
20110819,20.158,20.677,20.158,20.637,2300,0
20110822,20.311,20.311,20.117,20.117,737,0
20110823,20.255,20.255,20.255,20.255,246,0
20110824,20.255,20.329,20.126,20.126,2268,0
20110826,20.239,20.239,20.239,20.239,307,0
20110830,20.174,20.255,20.174,20.207,3807,0
20110831,20.459,20.474,20.442,20.474,984,0
20110901,20.767,20.767,20.41,20.41,246,0
20110902,20.418,20.482,20.41,20.41,4261,0
20110906,20.41,20.41,20.41,20.41,369,0
20110907,20.491,20.548,20.491,20.548,1454,0
20110908,20.726,20.783,20.726,20.783,984,0
20110909,20.946,20.946,20.726,20.726,962,0
20110912,20.734,20.734,20.734,20.734,1107,0
20110913,20.718,20.718,20.442,20.71,1121,0
20110915,20.726,20.726,20.71,20.71,1170,0
20110916,20.54,20.71,20.459,20.686,6951,0
20110919,20.662,20.686,20.482,20.662,984,0
20110920,20.54,20.604,20.442,20.442,12074,0
20110921,20.491,20.491,20.459,20.459,3874,0
20110922,20.482,20.482,20.401,20.401,3509,0
20110923,20.572,20.629,20.482,20.482,1908,0
20110926,20.604,20.604,20.604,20.604,246,0
20110927,20.255,20.385,20.255,20.311,8662,0
20110928,20.32,20.32,20.32,20.32,1046,0
20110929,20.36,20.369,20.352,20.352,369,0
20110930,20.329,20.36,20.329,20.329,969,0
20111003,20.32,20.433,20.255,20.255,3900,0
20111004,20.255,20.255,19.865,19.881,3382,0
20111005,20.036,20.036,19.914,19.914,2484,0
20111006,20.117,20.255,20.027,20.239,1353,0
20111007,20.077,20.207,19.955,20.207,1107,0
20111010,19.914,20.036,19.906,20.036,1968,0
20111011,20.132,20.198,20.132,20.198,1058,0
20111012,20.32,20.32,20.117,20.279,4747,0
20111013,19.914,20.311,19.914,20.311,1722,0
20111014,20.279,20.311,20.004,20.158,1410,0
20111017,20.027,20.158,20.01,20.158,862,0
20111018,20.019,20.279,20.019,20.279,1477,0
20111019,20.262,20.279,20.14,20.23,2033,0
20111020,19.929,20.198,19.84,20.027,984,0
20111021,20.132,20.32,20.132,20.32,3331,0
20111024,20.32,20.32,20.207,20.279,4318,0
20111025,20.279,20.32,20.255,20.255,2634,0
20111026,20.32,20.32,20.255,20.255,606,0
20111027,20.32,20.32,20.32,20.32,2139,0
20111031,20.303,20.303,20.239,20.279,2335,0
20111101,20.271,20.32,20.271,20.32,4183,0
20111102,20.5,20.596,20.5,20.523,4553,0
20111103,20.523,20.523,20.515,20.515,540,0
20111104,20.344,20.523,20.344,20.418,9614,0
20111107,20.418,20.482,20.418,20.418,1230,0
20111108,20.433,20.604,20.418,20.459,2585,0
20111109,20.418,20.604,20.41,20.604,3346,0
20111110,20.433,20.791,20.433,20.442,5598,0
20111111,20.523,20.523,20.482,20.482,616,0
20111114,20.572,20.604,20.563,20.604,1258,0
20111115,20.604,21.084,20.604,20.686,4354,0
20111116,20.8,20.8,20.645,20.645,2493,0
20111117,20.523,20.718,20.482,20.482,1230,0
20111118,20.352,20.563,20.337,20.563,3630,0
20111121,20.702,20.702,20.523,20.523,2461,0
20111122,20.523,20.523,20.482,20.482,3165,0
20111123,20.555,20.555,20.482,20.482,1107,0
20111128,20.563,20.588,20.36,20.588,5000,0
20111129,20.629,20.629,20.515,20.563,2816,0
20111130,20.581,20.807,20.392,20.604,3857,0
20111201,20.726,20.726,20.637,20.637,1361,0
20111202,20.694,20.694,20.596,20.596,491,0
20111205,20.629,20.629,20.629,20.629,124,0
20111206,20.807,20.889,20.718,20.889,2374,0
20111207,20.889,20.889,20.889,20.889,439,0
20111208,20.75,20.75,20.743,20.743,491,0
20111214,20.726,20.743,20.523,20.523,5943,0
20111216,20.588,20.637,20.588,20.637,369,0
20111219,20.629,21.604,20.629,20.889,4197,0
20111220,20.734,21.158,20.482,20.482,8728,0
20111221,20.604,20.621,20.482,20.5,5109,0
20111222,20.482,20.5,20.329,20.442,24171,0
20111223,20.507,20.621,20.442,20.442,5937,0
20111227,20.572,20.807,20.572,20.645,8264,0
20111228,20.337,20.385,20.117,20.311,11345,0
20111229,20.255,20.337,20.077,20.198,5824,0
20111230,20.288,20.288,19.914,20.239,5882,0
20120103,20.262,21.084,20.215,20.32,3750,0
20120104,20.548,20.563,20.271,20.459,2462,0
20120105,20.45,20.807,20.32,20.482,5077,0
20120106,20.848,20.848,20.329,20.329,9515,0
20120109,20.329,20.474,20.329,20.385,1722,0
20120110,20.271,20.5,20.262,20.262,6782,0
20120111,20.198,20.442,20.198,20.32,11687,0
20120112,20.311,20.515,20.311,20.442,2399,0
20120113,20.401,20.531,20.401,20.5,2705,0
20120117,20.482,20.482,20.482,20.482,369,0
20120118,20.563,21.052,20.563,20.669,1077,0
20120119,20.938,20.938,20.467,20.523,3439,0
20120120,20.743,21.002,20.523,20.645,5221,0
20120123,20.548,20.832,20.548,20.8,2216,0
20120124,20.921,20.921,20.686,20.726,984,0
20120125,20.987,20.987,20.962,20.97,1968,0
20120126,20.807,20.807,20.71,20.8,616,0
20120130,20.791,20.791,20.523,20.653,2623,0
20120131,20.686,20.987,20.645,20.987,1229,0
20120201,21.002,21.002,20.929,20.929,369,0
20120202,20.686,20.807,20.515,20.548,5637,0
20120203,20.604,20.604,20.604,20.604,124,0
20120206,20.645,20.694,20.629,20.645,2585,0
20120207,20.686,20.743,20.686,20.743,369,0
20120208,20.686,20.726,20.686,20.726,737,0
20120209,20.791,21.052,20.718,21.052,2952,0
20120210,20.726,20.767,20.726,20.767,2578,0
20120214,20.726,20.726,20.686,20.686,1002,0
20120216,21.133,21.133,20.873,20.873,717,0
20120217,20.8,21.198,20.8,21.198,862,0
20120221,21.011,21.011,20.962,20.962,369,0
20120222,20.97,20.97,20.946,20.946,246,0
20120223,20.97,20.97,20.97,20.97,737,0
20120224,21.19,21.214,21.133,21.214,1637,0
20120227,21.198,21.198,21.198,21.198,124,0
20120228,20.848,21.149,20.677,21.1,1353,0
20120229,20.75,20.816,20.572,20.726,18078,0
20120301,20.807,20.807,20.726,20.726,2249,0
20120302,20.726,20.848,20.563,20.775,5218,0
20120305,20.775,20.84,20.743,20.84,737,0
20120306,20.775,20.775,20.775,20.775,616,0
20120307,20.848,20.848,20.726,20.726,2428,0
20120308,20.743,20.743,20.743,20.743,369,0
20120309,20.807,20.807,20.726,20.791,2706,0
20120313,20.767,20.767,20.718,20.767,984,0
20120314,20.662,20.726,20.588,20.596,1972,0
20120315,20.767,20.767,20.604,20.621,1434,0
20120316,20.563,20.767,20.563,20.767,3328,0
20120319,20.767,20.767,20.726,20.726,246,0
20120320,20.84,20.84,20.783,20.84,614,0
20120321,20.889,21.133,20.889,21.133,3323,0
20120322,21.019,21.019,20.612,20.783,6762,0
20120323,21.084,21.117,21.084,21.117,491,0
20120326,21.117,21.124,20.824,20.824,1480,0
20120327,20.889,20.889,20.816,20.832,8498,0
20120328,20.629,20.662,20.45,20.523,6518,0
20120329,20.555,20.645,20.555,20.645,246,0
20120330,20.523,20.531,20.523,20.531,2335,0
20120402,20.523,20.929,20.523,20.563,1987,0
20120403,20.581,20.694,20.563,20.572,801,0
20120404,20.873,20.873,20.873,20.873,124,0
20120405,20.929,20.929,20.759,20.759,1990,0
20120409,20.581,20.588,20.581,20.588,2742,0
20120410,20.588,20.734,20.588,20.604,1128,0
20120411,20.604,20.653,20.523,20.523,3323,0
20120412,20.604,20.604,20.604,20.604,1722,0
20120413,20.604,21.052,20.604,20.677,17471,0
20120418,20.677,20.726,20.677,20.726,984,0
20120420,20.767,20.767,20.767,20.767,1534,0
20120423,20.662,20.726,20.645,20.726,1846,0
20120424,20.694,20.97,20.694,20.97,2210,0
20120425,20.921,20.921,20.653,20.767,2522,0
20120426,20.807,20.816,20.653,20.726,2706,0
20120427,20.775,20.783,20.726,20.726,2216,0
20120430,20.743,20.743,20.718,20.726,1549,0
20120501,20.734,20.881,20.726,20.881,2473,0
20120504,20.759,20.824,20.759,20.824,491,0
20120507,20.816,20.816,20.816,20.816,369,0
20120508,20.807,20.807,20.807,20.807,3323,0
20120509,20.807,20.807,20.807,20.807,244,0
20120510,20.84,20.84,20.759,20.759,8886,0
20120514,20.807,20.807,20.807,20.807,491,0
20120515,20.807,21.052,20.807,21.035,1535,0
20120516,20.824,20.824,20.824,20.824,2335,0
20120517,20.938,20.938,20.873,20.873,2295,0
20120518,20.759,21.052,20.726,20.767,4375,0
20120521,20.767,20.767,20.523,20.523,871,0
20120522,20.767,20.767,20.726,20.726,981,0
20120523,20.726,21.328,20.726,20.946,2706,0
20120524,20.881,21.019,20.824,20.824,3281,0
20120525,20.824,20.824,20.726,20.726,2092,0
20120529,20.929,20.929,20.726,20.767,1601,0
20120530,20.848,20.848,20.726,20.775,1674,0
20120531,20.759,20.8,20.759,20.8,246,0
20120601,20.645,20.645,20.645,20.645,920,0
20120604,20.718,20.8,20.718,20.743,3567,0
20120605,20.694,20.84,20.694,20.759,369,0
20120606,20.807,21.011,20.775,21.011,1107,0
20120607,21.052,21.052,20.783,20.783,1021,0
20120608,21.052,21.287,20.848,20.97,4989,0
20120611,20.816,21.059,20.816,20.929,1842,0
20120612,20.857,21.149,20.857,20.97,2111,0
20120613,20.873,21.068,20.873,20.905,1967,0
20120614,21.059,21.059,20.759,20.889,1236,0
20120615,20.987,21.124,20.962,20.995,868,0
20120618,21.1,21.28,20.889,21.011,2161,0
20120619,21.62,21.62,21.052,21.076,1968,0
20120622,21.303,21.303,21.133,21.133,369,0
20120625,21.214,21.214,21.214,21.214,983,0
20120626,21.295,21.295,21.214,21.295,800,0
20120627,20.726,20.929,20.726,20.929,2608,0
20120628,20.702,20.848,20.702,20.848,491,0
20120629,21.425,21.425,21.133,21.133,246,0
20120703,20.97,20.97,20.97,20.97,2216,0
20120705,21.117,21.117,20.97,21.043,616,0
20120706,21.1,21.1,21.1,21.1,248,0
20120709,21.133,21.58,21.133,21.499,2408,0
20120710,21.482,21.629,21.458,21.458,1785,0
20120711,21.336,21.336,21.336,21.336,246,0
20120713,21.239,21.28,21.011,21.23,1166,0
20120716,21.352,21.491,21.124,21.149,616,0
20120717,21.198,21.198,21.198,21.198,161,0
20120718,21.336,21.336,21.254,21.254,862,0
20120719,21.336,21.376,21.328,21.376,991,0
20120720,21.246,21.336,21.173,21.214,2352,0
20120723,21.336,21.376,21.133,21.133,1610,0
20120724,21.158,21.751,21.158,21.751,2216,0
20120725,21.19,21.32,21.173,21.32,616,0
20120726,21.19,21.491,21.19,21.491,616,0
20120727,21.442,21.442,21.295,21.352,1908,0
20120730,21.491,21.499,21.458,21.499,1107,0
20120801,21.466,21.466,21.466,21.466,124,0
20120802,21.181,21.181,21.181,21.181,124,0
20120806,21.23,21.23,21.214,21.214,703,0
20120807,21.23,21.23,21.181,21.23,737,0
20120808,21.23,21.23,21.23,21.23,652,0
20120809,21.376,21.376,21.376,21.376,1298,0
20120810,21.491,21.499,21.491,21.499,1477,0
20120813,21.141,21.141,21.141,21.141,307,0
20120817,21.133,21.133,21.133,21.133,124,0
20120820,21.499,21.499,21.499,21.499,1199,0
20120821,21.376,21.499,21.361,21.499,1230,0
20120822,21.499,21.499,21.499,21.499,491,0
20120823,21.369,21.369,21.133,21.205,511,0
20120824,21.181,21.758,21.158,21.758,2192,0
20120827,21.466,21.93,21.41,21.93,12094,0
20120831,21.841,21.841,21.8,21.8,598,0
20120904,21.913,21.913,21.67,21.67,616,0
20120905,21.864,21.888,21.864,21.888,246,0
20120906,21.775,21.775,21.653,21.653,424,0
20120907,21.701,21.905,21.701,21.905,1049,0
20120910,21.881,21.881,21.555,21.555,862,0
20120911,21.823,21.823,21.563,21.71,478,0
20120912,21.823,21.823,21.506,21.58,1107,0
20120913,21.506,21.506,21.336,21.336,2608,0
20120914,21.336,21.499,21.295,21.482,1107,0
20120918,21.539,21.539,21.539,21.539,124,0
20120920,21.506,21.506,21.506,21.506,124,0
20120921,21.758,21.758,21.758,21.758,246,0
20120924,21.742,21.905,21.629,21.701,2831,0
20120925,21.62,21.701,21.433,21.701,1461,0
20120926,21.417,21.417,21.173,21.173,616,0
20120927,20.97,21.133,20.97,21.133,1618,0
20120928,21.246,21.41,21.246,21.41,246,0
20121001,21.555,21.685,21.555,21.629,878,0
20121002,21.181,21.458,21.092,21.458,1722,0
20121003,21.222,21.222,21.052,21.059,632,0
20121004,21.141,21.23,21.052,21.052,2559,0
20121005,21.1,21.133,21.1,21.133,586,0
20121009,21.052,21.124,21.052,21.124,246,0
20121010,20.807,20.824,20.807,20.824,763,0
20121011,21.092,21.092,20.775,20.816,2017,0
20121012,20.873,21.124,20.857,21.109,1999,0
20121015,21.043,21.043,21.043,21.043,1166,0
20121016,21.043,21.043,21.043,21.043,246,0
20121017,21.052,21.117,21.052,21.117,2269,0
20121019,21.254,21.254,21.133,21.133,1363,0
20121022,21.011,21.011,20.905,20.905,1289,0
20121023,21.076,21.181,20.889,20.905,1369,0
20121024,20.929,21.295,20.921,21.295,1917,0
20121025,21.092,21.092,20.938,20.987,1271,0
20121026,20.995,21.32,20.987,21.198,1799,0
20121031,21.028,21.028,20.905,20.905,1163,0
20121101,20.987,20.987,20.938,20.938,862,0
20121102,20.921,21.133,20.897,20.905,4252,0
20121105,21.109,21.23,20.987,21.23,3329,0
20121106,21.198,21.198,21.198,21.198,185,0
20121107,20.97,20.97,20.97,20.97,980,0
20121108,20.938,20.938,20.726,20.726,3630,0
20121109,20.807,20.97,20.807,20.97,407,0
20121112,20.783,20.938,20.783,20.816,2576,0
20121113,20.807,20.97,20.767,20.775,3582,0
20121114,20.491,20.954,20.41,20.881,7162,0
20121115,20.848,20.848,20.816,20.816,1085,0
20121116,20.45,20.507,20.45,20.467,862,0
20121119,20.954,20.954,20.686,20.767,813,0
20121120,20.832,20.832,20.832,20.832,124,0
20121121,20.962,20.962,20.962,20.962,124,0
20121126,21.011,21.052,20.8,20.8,2568,0
20121127,20.767,21.052,20.734,21.052,616,0
20121128,20.857,20.889,20.857,20.889,812,0
20121130,21.059,21.059,21.059,21.059,369,0
20121203,20.946,21.059,20.824,20.824,1807,0
20121204,20.807,20.807,20.8,20.8,296,0
20121205,20.604,20.604,20.604,20.604,124,0
20121207,20.889,21.059,20.881,21.028,2007,0
20121212,21.043,21.043,21.043,21.043,124,0
20121214,20.954,21.352,20.954,21.052,1896,0
20121217,20.8,20.864,20.791,20.864,647,0
20121218,21.28,21.28,21.28,21.28,208,0
20121221,20.914,21.262,20.914,21.205,1763,0
20121224,21.133,21.239,21.133,21.222,3156,0
20121226,21.525,21.525,21.3,21.3,1733,0
20121227,21.3,21.492,21.051,21.492,2298,0
20121231,21.076,21.167,21.076,21.167,297,0
20130102,21.243,21.243,21.142,21.142,1596,0
20130103,21.758,21.758,21.758,21.758,361,0
20130107,21.167,21.625,21.142,21.625,1924,0
20130109,21.176,21.566,21.176,21.416,657,0
20130110,21.608,21.608,21.599,21.599,962,0
20130111,21.374,21.374,21.374,21.374,240,0
20130114,21.391,21.391,21.391,21.391,121,0
20130115,21.391,21.865,21.391,21.791,6438,0
20130116,21.765,21.765,21.374,21.374,1283,0
20130117,21.591,21.733,21.591,21.641,602,0
20130118,21.625,21.625,21.474,21.5,1957,0
20130122,21.682,21.682,21.682,21.682,121,0
20130123,21.708,21.708,21.708,21.708,121,0
20130124,21.5,21.5,21.5,21.5,204,0
20130125,21.774,21.774,21.716,21.716,361,0
20130128,21.749,21.774,21.749,21.774,1683,0
20130129,21.807,21.807,21.807,21.807,361,0
20130130,21.807,21.807,21.807,21.807,190,0
20130131,21.674,21.807,21.674,21.807,376,0
20130201,21.833,21.833,21.833,21.833,575,0
20130204,22.19,22.19,22.19,22.19,121,0
20130205,21.874,21.874,21.874,21.874,154,0
20130206,22.349,22.349,21.931,21.931,862,0
20130207,21.957,22.008,21.957,22.008,780,0
20130208,21.999,21.999,21.999,21.999,121,0
20130211,21.999,22.015,21.999,21.999,839,0
20130212,22.59,22.59,22.557,22.557,1563,0
20130213,22.456,22.456,22.207,22.207,662,0
20130214,22.364,22.364,22.008,22.008,1365,0
20130219,21.999,22.049,21.466,21.508,8504,0
20130220,21.599,22.091,21.55,21.649,1864,0
20130221,21.865,22.405,21.833,21.833,1129,0
20130222,22.031,22.414,21.925,22.123,2556,0
20130225,22.123,22.399,21.916,22.391,4633,0
20130226,22.04,22.307,22.04,22.307,841,0
20130228,22.257,22.299,22.257,22.299,571,0
20130301,21.841,21.841,21.841,21.841,361,0
20130304,22.447,22.497,22.198,22.373,841,0
20130305,22.04,22.497,22.04,22.497,397,0
20130306,22.231,22.29,22.231,22.29,324,0
20130307,22.506,22.506,22.456,22.456,1684,0
20130308,22.231,22.373,22.231,22.373,511,0
20130311,22.331,22.423,22.331,22.373,1081,0
20130312,22.497,22.53,22.273,22.489,5299,0
20130313,22.489,23.205,22.248,22.248,4930,0
20130315,22.29,22.299,22.29,22.299,480,0
20130318,22.29,22.29,22.239,22.248,602,0
20130320,22.614,22.614,22.614,22.614,227,0
20130321,22.182,22.182,22.182,22.182,169,0
20130325,22.14,22.656,22.14,22.614,3172,0
20130326,22.681,22.714,22.213,22.714,821,0
20130327,22.298,22.298,22.153,22.161,1491,0
20130328,22.4,22.4,22.229,22.229,940,0
20130401,22.289,22.79,22.289,22.459,2354,0
20130402,22.434,22.8,22.298,22.298,1329,0
20130403,22.331,22.331,22.331,22.331,352,0
20130404,22.194,22.331,22.161,22.161,2079,0
20130405,22.246,22.365,22.17,22.17,1578,0
20130408,22.203,22.203,22.203,22.203,116,0
20130410,22.307,22.307,22.118,22.144,1793,0
20130412,22.076,22.076,22.033,22.033,763,0
20130415,22.222,22.4,22.222,22.4,587,0
20130416,22.068,22.118,22.051,22.118,587,0
20130417,22.118,22.118,22.118,22.118,428,0
20130418,22.331,22.331,22.033,22.094,2542,0
20130424,22.17,22.17,22.17,22.17,454,0
20130426,22.374,22.374,22.094,22.094,940,0
20130429,22.101,22.391,22.101,22.391,878,0
20130430,22.391,22.4,22.391,22.4,488,0
20130501,22.374,22.672,22.331,22.544,1116,0
20130503,22.237,22.237,22.237,22.237,116,0
20130506,22.374,22.425,22.374,22.425,470,0
20130507,22.042,22.374,22.042,22.374,503,0
20130508,22.272,22.416,22.272,22.416,933,0
20130510,22.731,22.731,22.731,22.731,352,0
20130513,22.629,22.672,22.358,22.358,2159,0
20130516,22.672,22.953,22.544,22.867,1421,0
20130517,22.596,22.596,22.544,22.544,587,0
20130520,22.766,22.978,22.544,22.544,1806,0
20130521,22.876,22.901,22.876,22.901,989,0
20130522,22.544,22.587,22.544,22.569,940,0
20130528,22.85,22.85,22.459,22.484,776,0
20130530,22.459,22.901,22.459,22.8,2789,0
20130605,22.757,22.757,22.757,22.757,116,0
20130606,22.757,22.893,22.757,22.893,882,0
20130607,22.842,22.978,22.842,22.978,1175,0
20130612,22.374,22.561,22.374,22.561,339,0
20130613,23.055,23.062,23.055,23.062,367,0
20130614,23.046,23.046,22.757,22.757,637,0
20130618,23.055,23.055,23.055,23.055,193,0
20130619,23.183,23.183,23.183,23.183,235,0
20130620,23.131,23.14,23.131,23.14,869,0
20130624,22.544,22.74,22.085,22.229,5528,0
20130626,22.113,22.349,22.113,22.331,3166,0
20130627,22.941,23.533,22.89,22.89,2182,0
20130701,22.819,22.819,22.819,22.819,114,0
20130702,23.237,23.237,22.628,22.628,1068,0
20130703,22.358,22.384,22.227,22.227,2161,0
20130705,22.575,22.575,22.575,22.575,689,0
20130709,22.253,22.358,22.253,22.315,1321,0
20130710,22.263,22.384,22.253,22.253,1802,0
20130711,22.384,22.384,22.375,22.384,2067,0
20130712,22.297,22.628,22.297,22.628,1202,0
20130716,22.375,22.384,22.322,22.322,2271,0
20130717,22.331,22.331,22.315,22.315,806,0
20130718,22.315,22.315,22.315,22.315,457,0
20130719,22.358,22.436,22.358,22.436,459,0
20130722,22.271,22.306,22.271,22.306,977,0
20130723,22.358,22.48,22.358,22.384,2584,0
20130724,22.322,22.322,22.322,22.322,114,0
20130725,22.278,22.444,22.278,22.444,618,0
20130726,22.384,22.384,22.384,22.384,114,0
20130729,22.48,22.48,22.428,22.428,230,0
20130730,22.428,22.428,22.384,22.384,663,0
20130731,22.506,22.55,22.297,22.297,689,0
20130801,22.384,22.384,22.297,22.349,2640,0
20130802,22.322,22.497,22.322,22.349,574,0
20130805,22.278,22.409,22.278,22.409,1091,0
20130807,22.409,22.524,22.393,22.487,3227,0
20130808,22.4,22.566,22.4,22.54,1491,0
20130809,22.4,22.4,22.4,22.4,230,0
20130812,22.593,22.593,22.436,22.593,1055,0
20130813,22.602,22.602,22.48,22.602,1836,0
20130814,22.602,22.602,22.602,22.602,603,0
20130815,22.384,22.384,22.349,22.349,918,0
20130816,22.593,22.593,22.593,22.593,574,0
20130820,22.384,22.384,22.384,22.384,114,0
20130821,22.384,22.384,22.384,22.384,1838,0
20130823,22.4,22.419,22.393,22.393,2151,0
20130826,22.444,22.558,22.444,22.558,747,0
20130827,22.602,22.602,22.602,22.602,190,0
20130828,22.48,22.602,22.436,22.436,1378,0
20130903,22.436,22.515,22.436,22.515,655,0
20130904,22.602,22.602,22.602,22.602,134,0
20130905,22.602,22.602,22.393,22.558,5764,0
20130906,22.602,22.602,22.515,22.515,1637,0
20130909,22.55,22.575,22.55,22.575,707,0
20130912,22.593,22.593,22.593,22.593,488,0
20130913,22.436,22.602,22.436,22.602,1880,0
20130916,22.602,22.602,22.593,22.593,401,0
20130917,22.602,22.602,22.602,22.602,230,0
20130920,22.602,22.602,22.593,22.593,2194,0
20130924,22.897,22.897,22.524,22.871,1205,0
20130925,23.003,23.074,22.825,23.048,4748,0
20130926,22.985,23.048,22.985,23.048,787,0
20130927,22.985,23.003,22.985,23.003,807,0
20130930,23.173,23.173,23.048,23.048,2457,0
20131001,23.093,23.093,23.048,23.048,1466,0
20131002,23.084,23.084,23.084,23.084,1122,0
20131003,23.048,23.048,22.647,22.994,16921,0
20131004,22.655,22.735,22.655,22.674,11709,0
20131007,22.718,22.718,22.709,22.709,1100,0
20131008,22.611,22.611,22.611,22.611,1647,0
20131010,22.94,22.94,22.87,22.87,555,0
20131014,22.825,22.994,22.825,22.994,1010,0
20131015,23.039,23.039,23.039,23.039,225,0
20131016,22.914,22.914,22.914,22.914,1682,0
20131017,22.78,22.78,22.611,22.611,14711,0
20131018,22.718,22.718,22.683,22.7,10206,0
20131021,22.718,22.718,22.7,22.718,448,0
20131022,22.735,22.735,22.683,22.683,10704,0
20131023,22.7,22.735,22.7,22.735,365,0
20131025,22.735,22.735,22.735,22.735,987,0
20131028,22.735,22.735,22.674,22.674,12498,0
20131029,22.735,22.735,22.727,22.727,5293,0
20131030,22.735,22.735,22.727,22.727,10695,0
20131031,22.647,22.647,22.647,22.647,448,0
20131101,22.647,22.647,22.647,22.647,2019,0
20131104,22.727,22.735,22.727,22.735,1217,0
20131105,22.735,22.735,22.727,22.727,1892,0
20131106,22.647,22.958,22.647,22.958,1142,0
20131107,22.629,22.735,22.629,22.735,10200,0
20131108,22.638,22.735,22.638,22.735,2412,0
20131111,22.735,22.95,22.691,22.94,1425,0
20131112,22.95,22.95,22.86,22.923,607,0
20131113,22.923,23.013,22.7,22.958,1570,0
20131114,22.735,22.815,22.735,22.815,453,0
20131115,23.003,23.003,22.735,22.735,1407,0
20131118,22.976,23.039,22.744,23.03,7542,0
20131119,23.119,23.119,23.119,23.119,903,0
20131120,23.173,23.173,23.137,23.173,1010,0
20131122,23.093,23.093,23.084,23.093,562,0
20131125,23.093,23.351,22.968,23.351,13054,0
20131126,23.02,23.173,23.02,23.173,448,0
20131127,23.173,23.182,23.065,23.074,3431,0
20131129,23.02,23.02,23.02,23.02,1122,0
20131202,23.074,23.074,23.065,23.065,1010,0
20131203,23.074,23.279,23.039,23.039,8652,0
20131204,23.11,23.11,23.11,23.11,359,0
20131205,23.173,23.182,23.173,23.182,225,0
20131209,23.307,23.314,23.307,23.314,747,0
20131210,23.314,23.351,23.314,23.351,1236,0
20131212,23.324,23.351,23.314,23.314,2356,0
20131216,23.351,23.359,23.314,23.324,5284,0
20131217,23.449,23.449,23.359,23.359,2100,0
20131218,23.359,23.359,23.333,23.333,1290,0
20131219,23.449,23.449,23.449,23.449,478,0
20131220,23.314,23.314,23.314,23.314,111,0
20131223,23.359,23.529,23.359,23.449,8263,0
20131224,23.359,23.359,23.359,23.359,242,0
20131226,24.13,24.623,23.455,23.455,5453,0
20131227,23.309,23.864,23.309,23.353,1206,0
20131230,23.363,23.819,23.363,23.481,802,0
20131231,23.592,23.864,23.353,23.72,2078,0
20140102,23.491,23.855,23.491,23.855,3231,0
20140103,23.373,23.628,23.373,23.5,2984,0
20140106,23.609,23.609,23.563,23.563,240,0
20140107,23.527,23.527,23.436,23.436,910,0
20140108,23.481,23.481,23.481,23.481,462,0
20140109,23.537,23.563,23.537,23.563,1015,0
20140110,23.481,23.481,23.481,23.481,664,0
20140113,23.811,23.811,23.5,23.5,1188,0
20140114,23.819,23.819,23.546,23.72,891,0
20140115,23.792,23.792,23.537,23.556,4495,0
20140116,23.72,23.72,23.546,23.546,1075,0
20140117,23.537,23.537,23.537,23.537,510,0
20140121,23.71,23.71,23.7,23.7,636,0
20140122,23.72,23.72,23.537,23.7,1868,0
20140123,23.628,23.756,23.628,23.756,1435,0
20140124,23.691,23.691,23.691,23.691,329,0
20140127,23.582,23.582,23.582,23.582,329,0
20140128,23.71,23.756,23.645,23.728,2280,0
20140129,23.563,23.563,23.546,23.546,877,0
20140131,23.645,23.72,23.645,23.72,756,0
20140203,23.737,23.782,23.737,23.782,1551,0
20140204,23.782,23.901,23.782,23.901,2790,0
20140205,23.847,23.847,23.638,23.645,5839,0
20140206,23.664,23.674,23.664,23.674,263,0
20140207,23.674,23.674,23.674,23.674,658,0
20140210,23.674,23.828,23.674,23.828,1287,0
20140211,23.811,23.838,23.811,23.811,1103,0
20140214,23.838,23.901,23.838,23.901,2083,0
20140218,24.139,24.176,24.048,24.048,2906,0
20140219,24.038,24.038,23.628,23.628,26190,0
20140220,23.546,23.628,23.537,23.628,3506,0
20140224,23.92,23.92,23.811,23.893,1588,0
20140226,23.819,23.874,23.819,23.864,574,0
20140227,23.546,23.847,23.546,23.847,3141,0
20140228,23.792,23.792,23.792,23.792,1126,0
20140303,23.819,23.819,23.811,23.811,939,0
20140304,23.811,23.811,23.737,23.737,11592,0
20140306,23.874,23.874,23.683,23.683,990,0
20140307,23.773,23.773,23.773,23.773,311,0
20140310,23.792,23.802,23.792,23.802,825,0
20140311,23.802,23.802,23.664,23.664,2041,0
20140312,23.765,23.765,23.765,23.765,177,0
20140313,23.327,23.746,23.327,23.746,55301,0
20140314,23.811,23.811,23.811,23.811,108,0
20140318,23.847,23.893,23.847,23.893,1966,0
20140319,23.901,24.166,23.901,24.166,6906,0
20140320,23.901,23.901,23.874,23.874,1746,0
20140321,23.901,23.92,23.874,23.901,7892,0
20140324,23.901,23.946,23.874,23.946,7413,0
20140325,23.992,24.111,23.992,24.074,2905,0
20140326,24.256,24.358,24.144,24.358,5786,0
20140327,24.265,24.358,23.873,24.172,12777,0
20140328,24.349,24.349,24.172,24.33,6432,0
20140331,24.33,24.442,24.19,24.265,1540,0
20140401,24.405,24.405,24.312,24.405,2978,0
20140402,24.386,24.405,24.237,24.405,29584,0
20140403,24.218,24.424,24.19,24.237,31965,0
20140404,24.274,24.489,24.265,24.47,6022,0
20140407,24.199,24.199,24.199,24.199,401,0
20140409,24.433,24.433,24.433,24.433,321,0
20140410,24.377,24.489,24.312,24.452,4205,0
20140411,24.265,24.452,24.237,24.237,3226,0
20140414,24.405,24.405,24.312,24.312,520,0
20140415,24.274,24.274,24.274,24.274,106,0
20140417,24.265,24.312,24.19,24.19,1644,0
20140421,24.181,24.358,24.06,24.06,22329,0
20140422,24.088,24.162,23.984,23.984,9581,0
20140423,24.022,24.022,23.957,23.957,2484,0
20140424,23.957,24.125,23.957,24.125,14699,0
20140425,24.031,24.125,24.031,24.041,5962,0
20140428,24.135,24.442,24.125,24.442,3349,0
20140429,24.396,24.396,24.209,24.265,1499,0
20140430,24.405,24.405,24.283,24.283,353,0
20140501,24.265,24.358,24.078,24.358,25496,0
20140502,24.078,24.33,24.078,24.33,5662,0
20140505,24.368,24.377,24.153,24.368,15552,0
20140506,24.265,24.265,24.172,24.218,3160,0
20140507,24.135,24.228,24.135,24.228,2472,0
20140508,24.209,24.265,24.209,24.265,3851,0
20140509,24.265,24.265,24.265,24.265,391,0
20140512,24.153,24.218,24.144,24.218,4314,0
20140513,24.265,24.265,24.246,24.246,461,0
20140515,24.228,24.228,24.228,24.228,1638,0
20140516,24.144,24.228,24.144,24.228,815,0
20140519,24.181,24.265,24.181,24.199,439,0
20140520,24.228,24.228,24.218,24.228,3526,0
20140521,24.181,24.265,24.181,24.218,2786,0
20140522,24.265,24.265,24.088,24.088,5571,0
20140523,24.246,24.265,24.19,24.265,5143,0
20140527,24.265,24.265,24.19,24.265,1683,0
20140528,24.265,24.265,24.199,24.199,1521,0
20140529,24.256,24.265,24.218,24.218,908,0
20140602,24.265,24.265,24.172,24.172,6054,0
20140603,24.265,24.265,24.265,24.265,2743,0
20140604,24.19,24.19,24.19,24.19,900,0
20140605,24.265,24.265,24.265,24.265,349,0
20140606,24.265,24.265,24.228,24.265,3859,0
20140609,24.265,24.349,24.228,24.349,2436,0
20140610,24.349,24.349,24.265,24.349,1071,0
20140613,24.293,24.293,24.283,24.293,1735,0
20140616,24.349,24.349,24.349,24.349,779,0
20140617,24.433,24.433,24.274,24.293,3777,0
20140619,24.433,24.433,24.321,24.321,8365,0
20140623,24.349,24.442,24.349,24.424,5001,0
20140624,24.442,24.517,24.442,24.517,8715,0
20140625,24.587,24.587,24.32,24.53,9101,0
20140626,24.625,24.625,24.625,24.625,158,0
20140627,24.635,24.769,24.54,24.54,6884,0
20140630,24.463,24.559,24.454,24.559,3052,0
20140701,24.578,24.702,24.559,24.664,4308,0
20140702,24.635,24.635,24.625,24.625,733,0
20140703,24.501,24.683,24.501,24.683,2761,0
20140707,24.711,24.988,24.635,24.969,10907,0
20140708,24.855,24.855,24.855,24.855,1539,0
20140709,24.855,24.979,24.855,24.979,3144,0
20140710,24.874,24.874,24.874,24.874,1260,0
20140714,24.807,24.807,24.807,24.807,1937,0
20140715,24.807,24.807,24.807,24.807,1071,0
20140716,24.683,24.816,24.673,24.816,2311,0
20140717,24.845,24.845,24.845,24.845,104,0
20140718,24.883,24.922,24.883,24.922,1687,0
20140721,24.998,24.998,24.998,24.998,628,0
20140722,24.922,24.922,24.912,24.912,2574,0
20140723,24.778,24.893,24.778,24.893,901,0
20140724,24.807,24.836,24.807,24.836,1518,0
20140725,24.864,24.96,24.769,24.807,3717,0
20140728,24.826,24.969,24.826,24.845,1675,0
20140729,24.912,24.988,24.912,24.95,2932,0
20140730,24.922,24.922,24.922,24.922,1126,0
20140731,24.874,24.922,24.874,24.883,2095,0
20140801,24.778,24.826,24.778,24.826,1295,0
20140804,24.96,24.969,24.96,24.969,666,0
20140805,24.922,24.941,24.922,24.941,838,0
20140806,24.95,24.96,24.941,24.941,838,0
20140807,24.941,24.998,24.941,24.941,1885,0
20140808,24.883,24.883,24.883,24.883,715,0
20140811,24.998,25.008,24.998,25.008,1047,0
20140812,24.988,25.008,24.979,24.979,1571,0
20140813,24.998,25.017,24.998,24.998,3211,0
20140814,25.017,25.046,25.017,25.046,715,0
20140815,24.931,25.112,24.922,25.112,3130,0
20140818,24.95,25.036,24.95,24.95,822,0
20140819,24.778,24.902,24.778,24.893,2259,0
20140822,25.16,25.208,25.017,25.208,1087,0
20140825,25.256,25.256,25.132,25.16,1047,0
20140826,25.208,25.208,25.208,25.208,1047,0
20140827,25.227,25.256,25.17,25.256,1047,0
20140828,25.352,25.352,25.122,25.132,419,0
20140829,25.112,25.352,25.112,25.208,5202,0
20140902,25.352,25.352,25.266,25.294,1521,0
20140903,25.304,25.304,25.208,25.208,1989,0
20140904,25.17,25.17,25.17,25.17,104,0
20140905,25.37,25.37,25.208,25.208,314,0
20140908,25.236,25.304,25.218,25.304,3193,0
20140909,25.15,25.15,25.15,25.15,301,0
20140910,25.103,25.227,24.931,25.103,7667,0
20140911,25.065,25.218,24.874,25.055,6179,0
20140912,25.017,25.208,24.922,24.96,3560,0
20140915,24.855,25.036,24.855,24.922,4242,0
20140916,25.008,25.017,24.969,24.969,1358,0
20140917,24.988,24.998,24.941,24.998,4113,0
20140918,25.065,25.065,24.998,25.046,5422,0
20140919,25.046,25.065,25.046,25.065,7710,0
20140922,25.094,25.103,25.055,25.103,5491,0
20140923,25.103,25.103,24.826,24.874,26342,0
20140924,25.065,25.18,24.654,24.826,17637,0
20140925,25.015,25.113,24.859,24.918,16313,0
20140926,25.015,25.015,24.918,24.918,14494,0
20140929,25.054,25.054,24.888,24.888,859,0
20140930,24.918,24.967,24.908,24.918,3687,0
20141001,24.937,25.006,24.918,25.006,5153,0
20141002,25.006,25.006,24.839,24.918,1944,0
20141003,24.918,24.918,24.839,24.918,4661,0
20141006,24.918,24.918,24.888,24.888,3060,0
20141007,24.918,24.996,24.888,24.996,6647,0
20141008,24.918,24.918,24.898,24.918,3577,0
20141009,24.937,25.015,24.869,24.869,5140,0
20141010,24.898,24.986,24.82,24.869,11441,0
20141013,25.162,25.162,24.8,25.015,6857,0
20141014,24.996,25.015,24.439,24.761,20803,0
20141015,24.673,24.869,24.546,24.615,7567,0
20141016,24.673,24.918,24.673,24.693,10770,0
20141017,24.918,24.986,24.771,24.771,5508,0
20141020,24.898,24.898,24.839,24.888,3191,0
20141021,24.859,24.918,24.849,24.849,1328,0
20141022,25.23,25.23,24.957,24.957,2216,0
20141023,24.937,25.015,24.859,24.947,5075,0
20141024,24.986,24.986,24.908,24.908,2026,0
20141027,24.781,24.82,24.605,24.625,23346,0
20141028,24.664,25.133,24.644,24.82,5206,0
20141029,24.849,25.064,24.654,24.703,6089,0
20141030,25.123,25.123,24.839,24.898,1134,0
20141031,24.918,24.967,24.918,24.918,3749,0
20141103,24.927,24.927,24.82,24.859,1959,0
20141104,24.888,24.908,24.644,24.888,5680,0
20141105,24.722,24.83,24.722,24.83,4165,0
20141106,24.82,24.947,24.82,24.918,1944,0
20141107,24.859,24.996,24.82,24.996,5180,0
20141110,24.996,25.162,24.996,25.113,3293,0
20141111,25.338,25.357,25.201,25.221,1433,0
20141112,25.299,25.309,25.299,25.309,1090,0
20141113,25.367,25.377,25.279,25.279,4728,0
20141114,25.221,25.221,25.221,25.221,512,0
20141117,25.338,25.387,25.25,25.25,3070,0
20141118,25.318,25.318,25.318,25.318,1124,0
20141119,25.357,25.367,25.357,25.367,819,0
20141120,25.406,25.465,25.221,25.221,3140,0
20141121,25.23,25.416,25.221,25.416,1595,0
20141124,25.328,25.328,25.328,25.328,871,0
20141125,25.367,25.367,25.367,25.367,768,0
20141126,25.406,25.406,25.279,25.279,4596,0
20141128,25.25,25.26,25.25,25.26,1655,0
20141201,25.494,25.494,25.328,25.328,12287,0
20141202,25.318,25.357,25.318,25.357,1586,0
20141203,25.436,25.455,25.377,25.445,4894,0
20141204,25.484,25.484,25.357,25.357,1330,0
20141205,25.465,25.465,25.23,25.289,1064,0
20141208,25.455,25.455,25.455,25.455,205,0
20141209,25.396,25.426,25.396,25.426,1740,0
20141210,25.396,25.396,25.396,25.396,423,0
20141211,25.387,25.396,25.357,25.377,3283,0
20141212,25.367,25.367,25.318,25.338,3446,0
20141215,25.367,25.396,25.318,25.396,4372,0
20141216,25.367,25.436,25.309,25.436,4442,0
20141217,25.396,25.406,25.357,25.367,3770,0
20141218,25.445,25.445,25.328,25.406,2952,0
20141219,25.357,25.406,25.328,25.328,2683,0
20141222,25.406,25.406,25.309,25.396,5818,0
20141223,25.357,25.445,25.26,25.396,7507,0
20141224,25.455,25.455,25.357,25.406,8244,0
20141226,25.46,25.93,25.46,25.89,13624,0
20141229,25.84,25.84,25.54,25.81,3582,0
20141230,25.7,25.83,25.6,25.83,2150,0
20141231,25.83,25.83,25.6,25.65,7480,0
20150102,25.67,25.68,25.67,25.68,769,0
20150105,25.94,25.94,25.94,25.94,195,0
20150106,25.77,25.8,25.66,25.69,2691,0
20150107,25.7,25.97,25.7,25.8,2800,0
20150108,25.8,25.8,25.8,25.8,930,0
20150109,25.81,25.81,25.57,25.77,5703,0
20150112,25.91,25.91,25.58,25.74,5436,0
20150113,25.64,25.91,25.64,25.91,1200,0
20150114,25.65,25.84,25.65,25.68,1915,0
20150115,25.64,25.8,25.64,25.8,820,0
20150116,25.85,25.85,25.84,25.84,1000,0
