Date,Open,High,Low,Close,Volume,OpenInt
20140519,25.14,25.62,25.14,25.6,9214,0
20140520,25.18,25.85,25.18,25.73,8436,0
20140521,25.5,25.85,25.5,25.75,8528,0
20140522,25.63,25.81,25.59,25.73,23103,0
20140523,25.69,25.82,25.69,25.82,32650,0
20140527,25.85,25.86,25.82,25.85,6087,0
20140528,25.8,25.95,25.8,25.95,2996,0
20140529,25.95,26.15,25.88,26.15,114721,0
20140530,25.86,26.12,25.86,26.07,5456,0
20140602,25.97,25.97,25.97,25.97,518,0
20140603,26.03,26.03,25.83,25.83,827,0
20140604,25.75,26,25.5,25.97,8203,0
20140605,25.9,25.9,25.77,25.77,1284,0
20140606,26,26,26,26,905,0
20140610,25.88,25.98,25.48,25.51,3900,0
20140611,25.66,25.66,25.39,25.52,2348,0
20140612,25.57,25.62,25.54,25.54,3002,0
20140613,25.47,25.83,25.45,25.45,2937,0
20140616,25.7,25.7,25.54,25.54,1196,0
20140617,25.46,25.46,25.01,25.01,3617,0
20140618,25.06,25.25,25.05,25.23,7720,0
20140620,25.26,25.26,25,25.01,14153,0
20140623,25.33,25.33,25.11,25.2,1091,0
20140624,25.24,25.24,25.08,25.1,10458,0
20140625,25.05,25.18,24.9,25.17,19726,0
20140626,24.93,25.17,24.93,25.16,5507,0
20140627,25.36,25.89,25.25,25.51,23176,0
20140630,25.55,25.8,25.55,25.71,40669,0
20140701,25.53,26.05,25.46,25.76,27352,0
20140702,25.84,25.84,25.75,25.75,6200,0
20140703,25.69,25.69,25.1,25.2,4284,0
20140707,25.4,25.69,25.22,25.22,32689,0
20140708,25.21,25.21,25.04,25.16,9134,0
20140709,25.15,25.34,25.15,25.27,1341,0
20140710,25.25,25.32,25.25,25.25,34390,0
20140711,25.44,25.75,25.32,25.75,11792,0
20140714,25.75,25.91,25.58,25.58,10883,0
20140715,25.7,25.75,25.68,25.75,2862,0
20140716,25.7,25.9,25.65,25.71,27686,0
20140717,25.71,26,25.71,25.71,30592,0
20140718,25.6,26.18,25.42,25.61,413390,0
20140721,25.67,25.9,25.51,25.69,189671,0
20140722,25.7,25.7,25.61,25.66,72920,0
20140723,25.74,25.79,25.52,25.52,3271,0
20140724,25.52,25.62,25.26,25.45,6900,0
20140725,25.45,25.49,25.16,25.25,7033,0
20140728,25.25,25.3,25.2,25.25,1900,0
20140729,25.25,25.29,25.07,25.23,13779,0
20140730,25.21,25.25,25.17,25.2,1553,0
20140731,25.17,25.2,25.12,25.12,15356,0
20140801,25.25,25.29,25.07,25.16,16808,0
20140804,25.06,25.17,25.06,25.12,1642,0
20140805,25.11,25.18,25.11,25.17,6329,0
20140806,25.17,25.23,25.13,25.18,4898,0
20140807,25.23,25.25,25.18,25.18,3540,0
20140808,25.19,25.28,25.17,25.17,18113,0
20140811,25.2,25.23,25.18,25.18,9769,0
20140812,25.2,25.31,25.2,25.21,6581,0
20140813,25.21,25.34,25.21,25.26,3887,0
20140814,25.3,25.38,25.3,25.38,2726,0
20140815,25.25,25.35,25.18,25.33,4703,0
20140818,25.35,25.42,25.35,25.35,4782,0
20140819,25.22,25.45,25.22,25.43,9863,0
20140820,25.48,25.55,25.47,25.55,6815,0
20140821,25.6,25.73,25.6,25.65,6184,0
20140822,25.65,25.8,25.44,25.62,26586,0
20140825,25.62,25.7,25.55,25.65,19162,0
20140826,25.65,25.65,25.65,25.65,408,0
20140827,25.65,25.74,25.65,25.74,1280,0
20140828,25.48,25.8,25.47,25.69,1324,0
20140829,25.69,25.79,25.69,25.74,17535,0
20140902,25.78,25.78,25.51,25.61,10835,0
20140903,25.73,25.73,25.72,25.72,7463,0
20140904,25.51,25.67,25.45,25.5,6553,0
20140905,25.71,25.79,25.65,25.79,7903,0
20140908,25.75,25.76,25.75,25.76,1774,0
20140909,25.77,25.77,25.75,25.77,613,0
20140910,25.65,25.82,25.65,25.78,26668,0
20140911,25.8,25.88,25.8,25.85,10746,0
20140912,25.84,25.94,25.66,25.91,19164,0
20140915,25.86,25.97,25.86,25.97,10789,0
20140916,25.86,25.99,25.81,25.98,4217,0
20140917,25.65,25.8,25.53,25.67,7795,0
20140918,25.7,25.71,25.45,25.71,2560,0
20140919,25.79,25.84,25.35,25.71,3072,0
20140922,25.77,25.83,25.7,25.83,11071,0
20140923,25.81,25.91,25.77,25.91,8278,0
20140924,25.86,25.9,25.85,25.88,11301,0
20140925,25.99,26.2,25.88,25.88,3708,0
20140926,25.85,25.95,25.28,25.9,102133,0
20140929,25.94,25.95,25.42,25.95,25708,0
20140930,26.08,26.08,25.69,25.69,5734,0
20141001,25.88,25.92,25.78,25.8,1657,0
20141002,25.68,25.79,25.64,25.79,2534,0
20141003,25.75,25.75,25.57,25.62,9464,0
20141006,25.54,25.65,25.51,25.54,21719,0
20141007,25.49,25.53,25.16,25.16,7217,0
20141008,25.37,25.56,25.37,25.56,2260,0
20141009,25.3,25.3,25.3,25.3,600,0
20141010,25.75,25.75,25.25,25.25,2082,0
20141013,25.3,25.3,25.3,25.3,463,0
20141014,25.74,25.74,25.74,25.74,205,0
20141015,25.73,25.73,24.81,25.17,7114,0
20141016,25.15,25.72,25.15,25.64,8915,0
20141017,25.64,25.64,25.54,25.54,940,0
20141020,25.54,25.54,25.54,25.54,390,0
20141021,25.25,26.03,25.25,26.03,4538,0
20141022,25.75,25.85,25.75,25.85,1072,0
20141023,25.5,25.5,25.45,25.45,1201,0
20141027,25.98,25.98,25.98,25.98,262,0
20141028,25.6,25.7,25.45,25.46,3541,0
20141029,25.28,25.7,25.27,25.27,2113,0
20141030,25.49,25.66,25.28,25.46,4643,0
20141031,25.52,25.58,25.52,25.58,888,0
20141103,25.58,25.8,25.55,25.8,2537,0
20141104,25.8,25.8,25.35,25.8,3478,0
20141105,25.92,26,25.92,26,2115,0
20141106,25.65,25.95,25.65,25.95,819,0
20141107,25.66,25.66,25.55,25.55,1498,0
20141110,25.89,25.91,25.65,25.91,2049,0
20141111,25.77,25.97,25.37,25.66,4821,0
20141112,25.71,25.8,25.5,25.7,3845,0
20141113,25.6,25.8,25.56,25.8,2071,0
20141114,25.46,25.71,25.46,25.71,4387,0
20141117,25.25,25.25,25.25,25.25,400,0
20141118,25.56,25.56,25.46,25.46,2640,0
20141119,25.5,25.65,25.5,25.65,3262,0
20141120,25.88,25.88,25.7,25.7,915,0
20141121,25.8,25.8,25.67,25.71,1432,0
20141124,25.94,26,25.75,26,5647,0
20141125,25.78,25.81,25.73,25.81,2357,0
20141126,25.73,25.73,25.73,25.73,976,0
20141128,25.73,25.73,25.73,25.73,209,0
20141202,25.84,25.84,25.5,25.75,2214,0
20141203,25.8,25.96,25.8,25.96,1772,0
20141204,25.92,25.93,25.88,25.93,4432,0
20141205,25.92,25.93,25.61,25.8,5566,0
20141208,25.86,26,25.85,26,16596,0
20141209,25.99,26.18,25.71,26.18,3637,0
20141210,26.12,26.12,26.1,26.1,3333,0
20141211,26.19,26.2,26.05,26.2,4999,0
20141212,26.04,26.04,26.04,26.04,231,0
20141215,26.17,26.19,26.04,26.1,2615,0
20141216,26.1,26.73,25.95,26.5,24208,0
20141217,26.09,26.22,25.96,26.11,3269,0
20141218,26.12,26.79,26.02,26.2,5155,0
20141219,26.14,26.52,25.93,26.01,5788,0
20141222,25.89,26.07,25.49,25.49,6896,0
20141223,25.83,26.1,25.64,26.08,1121,0
20141224,25.92,26.1,25.81,26.1,1083,0
20141230,25.63,26.36,25.63,25.9,2279,0
20141231,26.37,26.37,25.75,26.2,2440,0
20150102,25.81,25.81,25.76,25.77,3107,0
20150105,26,26.5,26,26,6368,0
20150106,25.83,26.49,25.83,25.96,2851,0
20150107,26.29,26.53,25.97,26.3,1788,0
20150108,26.54,26.54,26.3,26.48,467,0
20150109,26.54,26.85,26.54,26.85,922,0
20150112,26.75,26.85,26.36,26.6,39546,0
20150113,26.33,26.55,25.67,25.83,24204,0
20150114,25.72,25.85,25.4,25.75,20886,0
20150115,25.8,25.8,25.1,25.63,10212,0
20150116,25.57,25.97,25.56,25.7,8722,0
