Date,Open,High,Low,Close,Volume,OpenInt
20091124,13.133,13.133,13.133,13.133,0,0
20091125,13.133,13.139,13.133,13.139,257951,0
20091127,13.139,13.139,13.133,13.139,66055,0
20091130,13.133,13.139,13.133,13.133,41728,0
20091201,13.16,13.198,13.133,13.198,41930,0
20091202,13.225,13.454,13.133,13.139,74839,0
20091203,13.33,13.448,13.179,13.323,47424,0
20091204,13.448,13.593,13.198,13.33,101615,0
20091207,13.526,13.526,13.278,13.304,48444,0
20091208,13.363,13.396,13.205,13.396,38059,0
20091209,13.593,13.691,13.369,13.382,104374,0
20091210,13.547,13.749,13.442,13.723,80177,0
20091211,13.756,13.756,13.376,13.658,65940,0
20091214,13.723,13.756,13.58,13.691,52491,0
20091215,13.717,13.756,13.54,13.723,55423,0
20091216,13.704,13.756,13.626,13.684,41475,0
20091217,13.738,13.744,13.598,13.744,63671,0
20091218,13.749,13.756,13.631,13.756,52613,0
20091221,13.782,13.789,13.559,13.613,63977,0
20091222,13.704,13.749,13.52,13.598,64075,0
20091223,13.658,13.789,13.593,13.678,35486,0
20091224,13.723,13.855,13.717,13.731,21266,0
20091228,13.738,13.738,13.559,13.645,67107,0
20091229,13.54,13.586,13.369,13.493,29822,0
20091230,13.493,13.493,13.126,13.198,105072,0
20091231,13.27,13.29,13.133,13.133,79763,0
20100104,13.198,13.238,13.133,13.152,88779,0
20100105,13.16,13.337,13.146,13.198,75782,0
20100106,13.179,13.179,13.133,13.133,110871,0
20100107,13.146,13.264,13.146,13.198,74789,0
20100108,13.034,13.461,12.804,13.454,90003,0
20100111,13.493,13.493,13.166,13.264,104313,0
20100112,13.257,13.316,13.009,13.173,83052,0
20100113,13.225,13.428,13.133,13.414,128445,0
20100114,13.198,13.323,13.034,13.217,131817,0
20100115,13.882,14.841,13.225,13.349,265598,0
20100119,13.461,13.526,13.251,13.409,174431,0
20100120,13.376,13.396,13.146,13.297,108327,0
20100121,13.264,13.278,13.034,13.192,131621,0
20100122,13.212,13.29,13.034,13.093,123831,0
20100125,13.278,13.278,13.054,13.173,109493,0
20100126,13.166,13.251,13.1,13.133,86571,0
20100127,13.251,13.251,12.969,13.198,89551,0
20100128,13.133,13.198,12.882,12.969,108630,0
20100129,13.173,13.245,12.897,12.969,106892,0
20100201,12.937,13.152,12.824,12.995,59929,0
20100202,13.074,13.093,13.002,13.061,72032,0
20100203,13.08,13.08,12.91,12.969,76498,0
20100204,13.002,13.002,12.496,12.627,95059,0
20100205,12.647,12.804,12.016,12.181,206918,0
20100208,12.246,12.653,12.214,12.476,46914,0
20100209,12.706,12.876,12.378,12.45,107123,0
20100210,12.509,12.509,12.345,12.45,56756,0
20100211,12.575,12.594,12.417,12.417,80868,0
20100212,12.457,12.457,12.181,12.246,72826,0
20100216,12.253,12.569,12.253,12.437,139997,0
20100217,12.548,12.943,12.535,12.752,54250,0
20100218,12.904,12.904,12.641,12.804,47802,0
20100219,12.876,12.981,12.765,12.937,85360,0
20100222,13.027,13.054,12.922,12.922,99589,0
20100223,12.832,12.981,12.713,12.719,99620,0
20100224,12.844,12.981,12.759,12.897,92253,0
20100225,12.857,13.067,12.785,13.021,65333,0
20100226,12.969,12.969,12.824,12.837,76000,0
20100301,12.937,13.113,12.882,13.034,57985,0
20100302,13.067,13.074,12.949,13.015,77391,0
20100303,13.093,13.113,13.034,13.1,67935,0
20100304,13.12,13.166,12.969,13.015,175540,0
20100305,13.133,13.547,13.034,13.217,116407,0
20100308,13.278,13.297,13.009,13.027,159324,0
20100309,13.054,13.198,13.002,13.009,94014,0
20100310,13.093,13.225,12.811,12.976,213306,0
20100311,12.876,13.185,12.876,13.027,152608,0
20100312,13.041,13.166,13.015,13.133,79466,0
20100315,13.126,13.198,12.955,13.08,81280,0
20100316,13.034,13.12,12.962,13.041,61495,0
20100317,12.995,13.126,12.995,13.047,109192,0
20100318,13.047,13.1,12.937,13.08,77244,0
20100319,13.027,13.133,12.922,13.133,74419,0
20100322,13.027,13.1,12.89,12.937,92412,0
20100323,12.897,13.027,12.876,12.91,124541,0
20100324,12.824,13.015,12.824,12.943,99661,0
20100325,13.002,13.061,12.837,12.876,60962,0
20100326,12.897,13.002,12.824,12.915,123419,0
20100329,12.904,13.297,12.904,13.041,96752,0
20100330,12.988,13.093,12.981,13.015,95072,0
20100331,12.922,13.034,12.922,12.981,101242,0
20100401,13.041,13.047,12.89,12.91,59485,0
20100405,12.962,13.002,12.871,12.929,60919,0
20100406,12.976,13.047,12.922,13.041,87900,0
20100407,12.969,13.061,12.929,12.976,77760,0
20100408,13.002,13.093,12.955,13.074,56650,0
20100409,13.074,13.179,13.015,13.087,79714,0
20100412,13.152,13.185,13.113,13.139,51581,0
20100413,13.107,13.139,13.067,13.087,56420,0
20100414,13.041,13.179,13.041,13.133,82510,0
20100415,13.047,13.133,13.009,13.015,156911,0
20100416,12.915,13.002,12.752,12.882,133620,0
20100419,12.804,12.804,12.555,12.739,174473,0
20100420,12.882,12.91,12.713,12.824,117645,0
20100421,12.779,12.85,12.706,12.746,123517,0
20100422,12.641,12.876,12.62,12.871,145182,0
20100423,12.969,12.969,12.771,12.857,113941,0
20100426,12.897,13.12,12.864,13.067,183036,0
20100427,13.034,13.034,12.771,12.771,121464,0
20100428,12.897,12.976,12.713,12.904,130971,0
20100429,13.002,13.034,12.937,12.988,92548,0
20100430,12.969,13.087,12.89,13.034,112024,0
20100503,13.08,13.08,12.962,12.969,82517,0
20100504,12.804,12.864,12.779,12.817,62482,0
20100505,12.817,12.817,11.905,12.496,164713,0
20100506,12.476,12.482,10.77,11.886,222479,0
20100507,11.576,11.944,11.576,11.905,183450,0
20100510,12.792,12.792,12.246,12.417,147707,0
20100511,12.391,12.752,12.351,12.66,82926,0
20100512,12.674,12.871,12.634,12.857,104895,0
20100513,12.627,12.666,12.457,12.542,51618,0
20100514,12.476,12.581,11.911,12.043,207443,0
20100517,12.081,12.187,11.688,11.958,123653,0
20100518,11.99,12.207,11.728,11.826,66991,0
20100519,11.747,11.846,11.452,11.537,138752,0
20100520,11.327,11.432,11.019,11.229,205226,0
20100521,11.097,11.341,10.952,11.209,146173,0
20100524,11.084,11.308,11.038,11.196,128013,0
20100525,10.868,11.131,10.61,11.084,150825,0
20100526,11.616,11.663,11.314,11.477,179245,0
20100527,11.713,12.227,11.655,12.056,100647,0
20100528,12.181,12.181,11.846,12.043,59872,0
20100601,11.911,11.983,11.819,11.983,57352,0
20100602,11.977,12.142,11.853,12.004,104057,0
20100603,11.983,12.147,11.793,11.905,89435,0
20100604,11.819,11.977,11.753,11.8,51239,0
20100607,11.807,11.886,11.366,11.465,74155,0
20100608,11.432,11.465,11.117,11.242,102911,0
20100609,11.419,11.695,11.276,11.459,67214,0
20100610,11.557,11.747,11.425,11.61,123651,0
20100611,11.564,11.793,11.564,11.767,54166,0
20100614,11.807,11.925,11.676,11.753,81978,0
20100615,11.819,12.063,11.813,11.998,64644,0
20100616,11.951,11.958,11.78,11.878,111210,0
20100617,11.872,12.076,11.76,11.958,63873,0
20100618,11.951,11.951,11.793,11.865,91197,0
20100621,11.977,12.016,11.858,11.918,60700,0
20100622,11.951,12.056,11.846,11.892,62884,0
20100623,11.858,12.128,11.753,12.081,140543,0
20100624,12.095,12.115,11.826,11.846,78807,0
20100625,11.951,11.951,11.753,11.911,57988,0
20100628,11.977,11.977,11.786,11.944,48938,0
20100629,11.911,12.142,11.623,11.905,133750,0
20100630,11.944,11.985,11.744,11.898,91918,0
20100701,12.016,12.016,11.432,11.472,103629,0
20100702,11.623,11.655,11.393,11.459,63093,0
20100706,11.589,11.655,11.366,11.491,53356,0
20100707,11.445,11.623,11.334,11.524,90817,0
20100708,11.61,11.728,11.373,11.728,70735,0
20100709,11.793,11.965,11.517,11.93,55869,0
20100712,12.01,12.043,11.713,11.76,14700,0
20100713,11.826,12.081,11.826,12.037,54433,0
20100714,12.095,12.095,11.753,11.78,82218,0
20100715,11.819,12.121,11.735,12.121,62420,0
20100716,12.081,12.081,11.858,12.03,77297,0
20100719,12.056,12.095,11.965,12.016,53829,0
20100720,12.01,12.11,11.853,12.016,52908,0
20100721,11.977,12.07,11.813,11.872,113194,0
20100722,12.03,12.161,11.918,12.161,88730,0
20100723,12.214,12.463,12.076,12.279,79342,0
20100726,12.364,12.444,12.147,12.214,89073,0
20100727,12.411,12.47,12.016,12.11,138058,0
20100728,12.115,12.154,11.918,12.043,49026,0
20100729,12.016,12.128,11.925,11.998,59812,0
20100730,11.977,12.135,11.911,12.115,42035,0
20100802,12.279,12.476,12.2,12.417,50960,0
20100803,12.437,12.437,12.286,12.378,30955,0
20100804,12.404,12.476,12.339,12.463,41327,0
20100805,12.391,12.476,12.318,12.371,58773,0
20100806,12.437,12.476,12.273,12.351,31598,0
20100809,12.339,12.457,12.325,12.364,32695,0
20100810,12.457,12.457,12.306,12.398,48293,0
20100811,12.246,12.332,12.07,12.121,52287,0
20100812,12.095,12.332,12.095,12.259,46229,0
20100813,11.819,11.965,11.793,11.892,41984,0
20100816,11.767,11.944,11.76,11.872,112628,0
20100817,11.938,12.11,11.892,11.99,70768,0
20100818,12.023,12.023,11.892,11.93,47031,0
20100819,11.858,11.865,11.642,11.655,83272,0
20100820,11.616,11.721,11.61,11.708,61131,0
20100823,11.636,11.786,11.623,11.695,43399,0
20100824,11.589,11.61,11.393,11.491,88945,0
20100825,11.61,11.695,11.484,11.648,116892,0
20100826,11.728,11.767,11.57,11.629,59748,0
20100827,11.623,11.648,11.439,11.603,80661,0
20100830,11.524,11.583,11.412,11.412,50120,0
20100831,11.481,11.514,11.394,11.475,79705,0
20100901,11.853,11.853,11.551,11.735,90742,0
20100902,11.681,11.865,11.629,11.84,39850,0
20100903,11.97,11.97,11.713,11.813,56865,0
20100907,11.813,11.858,11.735,11.813,30057,0
20100908,11.872,11.898,11.741,11.826,45236,0
20100909,11.853,11.977,11.853,11.965,40743,0
20100910,12.016,12.016,11.84,11.886,39565,0
20100913,11.951,12.088,11.951,12.048,57596,0
20100914,12.088,12.147,11.93,12.023,66475,0
20100915,12.081,12.11,11.951,11.998,104316,0
20100916,12.016,12.043,11.951,12.03,51005,0
20100917,12.653,12.666,12.023,12.043,51998,0
20100920,12.063,12.24,12.063,12.194,53278,0
20100921,12.147,12.253,12.01,12.076,120422,0
20100922,11.99,12.121,11.97,12.037,70547,0
20100923,12.03,12.103,11.93,12.063,87059,0
20100924,12.147,12.259,12.088,12.227,123801,0
20100927,12.154,12.259,12.147,12.187,56569,0
20100928,12.147,12.391,12.063,12.306,95692,0
20100929,12.306,12.325,12.103,12.318,119546,0
20100930,12.345,12.457,12.227,12.358,113275,0
20101001,12.411,12.411,12.259,12.311,55232,0
20101004,12.351,12.358,12.187,12.194,54534,0
20101005,12.266,12.43,12.266,12.404,83800,0
20101006,12.358,12.391,12.154,12.24,107429,0
20101007,12.286,12.306,12.187,12.259,57794,0
20101008,12.266,12.332,12.253,12.311,49666,0
20101011,12.273,12.371,12.233,12.233,55578,0
20101012,12.207,12.318,12.161,12.273,71510,0
20101013,12.345,12.43,12.318,12.339,79355,0
20101014,12.286,12.351,12.24,12.246,74186,0
20101015,12.24,12.398,12.24,12.364,78215,0
20101018,12.318,12.43,12.318,12.411,86595,0
20101019,12.266,12.351,12.181,12.214,69475,0
20101020,12.227,12.378,12.227,12.332,45585,0
20101021,12.325,12.417,12.219,12.246,88243,0
20101022,12.253,12.339,12.194,12.318,94229,0
20101025,12.358,12.404,12.292,12.404,112230,0
20101026,12.351,12.437,12.306,12.378,85507,0
20101027,12.299,12.378,12.175,12.371,84420,0
20101028,12.358,12.463,12.345,12.45,57582,0
20101029,12.412,12.468,12.384,12.42,109213,0
20101101,12.437,12.529,12.391,12.423,104073,0
20101102,12.535,12.562,12.417,12.522,94574,0
20101103,12.634,12.634,12.463,12.509,92173,0
20101104,12.62,12.746,12.609,12.713,88725,0
20101105,12.674,12.792,12.647,12.759,98312,0
20101108,12.692,12.799,12.614,12.765,86534,0
20101109,12.713,12.882,12.713,12.85,187748,0
20101110,12.765,12.897,12.732,12.864,126302,0
20101111,12.706,12.824,12.66,12.771,113673,0
20101112,12.647,12.647,12.175,12.332,147857,0
20101115,12.279,12.411,12.259,12.311,53947,0
20101116,12.181,12.345,12.03,12.048,113772,0
20101117,12.07,12.168,11.983,12.088,100544,0
20101118,12.214,12.364,12.2,12.292,77469,0
20101119,12.214,12.345,12.181,12.279,63733,0
20101122,12.345,12.548,12.214,12.398,127767,0
20101123,12.674,12.674,12.214,12.259,127486,0
20101124,12.371,12.437,12.318,12.404,68108,0
20101126,12.391,12.482,12.378,12.444,16891,0
20101129,12.292,12.43,12.273,12.417,116638,0
20101130,12.389,12.59,12.288,12.483,158450,0
20101201,12.864,12.864,12.47,12.542,94130,0
20101202,12.444,12.653,12.444,12.627,96826,0
20101203,12.535,12.765,12.535,12.614,85916,0
20101206,12.548,12.692,12.548,12.686,48606,0
20101207,12.732,12.746,12.62,12.66,106791,0
20101208,12.666,12.713,12.569,12.713,50081,0
20101209,12.666,12.719,12.587,12.666,50845,0
20101210,12.713,12.713,12.345,12.614,126806,0
20101213,12.581,12.706,12.542,12.542,146745,0
20101214,12.804,12.804,12.581,12.601,92990,0
20101215,12.706,12.706,12.437,12.542,90959,0
20101216,12.43,12.601,12.351,12.535,65669,0
20101217,12.476,12.601,12.463,12.529,92970,0
20101220,12.496,12.594,12.398,12.587,98080,0
20101221,12.575,12.627,12.496,12.609,85495,0
20101222,12.548,12.732,12.548,12.674,84457,0
20101223,12.581,12.706,12.522,12.692,80910,0
20101227,12.779,12.779,12.587,12.674,62895,0
20101228,12.732,12.746,12.594,12.726,99384,0
20101229,12.69,12.799,12.69,12.772,72499,0
20101230,12.833,12.833,12.624,12.685,52348,0
20101231,12.656,12.691,12.514,12.585,131001,0
20110103,12.609,12.817,12.609,12.719,138603,0
20110104,12.726,12.824,12.647,12.739,81539,0
20110105,12.804,12.871,12.674,12.864,96047,0
20110106,12.844,12.864,12.799,12.824,42528,0
20110107,12.864,12.897,12.746,12.792,109302,0
20110110,12.699,12.904,12.699,12.89,70742,0
20110111,12.817,12.949,12.817,12.882,71117,0
20110112,12.955,12.995,12.89,12.955,70143,0
20110113,13.015,13.047,12.91,12.955,83819,0
20110114,12.976,12.988,12.876,12.949,77164,0
20110118,13.021,13.087,12.897,13.087,98028,0
20110119,13.041,13.133,12.904,12.915,130963,0
20110120,12.962,12.962,12.771,12.915,69057,0
20110121,12.922,13.009,12.857,12.904,49970,0
20110124,12.962,13.133,12.817,12.969,124756,0
20110125,12.962,13.107,12.871,13.021,117560,0
20110126,13.061,13.133,12.988,13.12,123009,0
20110127,13.12,13.185,13.047,13.133,94167,0
20110128,13.133,13.133,12.85,12.949,97800,0
20110131,12.977,13.053,12.912,13.04,83042,0
20110201,13.034,13.198,13.034,13.173,98255,0
20110202,13.192,13.217,12.837,13.12,122300,0
20110203,13.16,13.192,13.08,13.166,49879,0
20110204,13.166,13.198,13.133,13.173,76613,0
20110207,13.251,13.409,13.179,13.337,179688,0
20110208,13.27,13.461,13.27,13.448,176650,0
20110209,13.461,13.461,13.179,13.403,136166,0
20110210,12.981,13.232,12.976,13.173,132073,0
20110211,13.245,13.33,13.146,13.31,73533,0
20110214,13.369,13.369,13.225,13.343,71959,0
20110215,13.396,13.409,13.198,13.33,113806,0
20110216,13.33,13.454,13.33,13.396,98121,0
20110218,13.526,13.566,13.31,13.369,107166,0
20110222,13.27,13.33,12.976,13.021,159731,0
20110223,13.021,13.1,12.686,12.943,294362,0
20110224,12.981,12.981,12.799,12.91,48847,0
20110225,12.955,13.107,12.955,13.107,81623,0
20110228,13.115,13.196,13.041,13.128,96836,0
20110301,13.152,13.225,12.937,13.054,89406,0
20110302,13.009,13.067,12.962,13.061,50644,0
20110303,13.133,13.232,13.133,13.146,103167,0
20110304,13.107,13.212,13.041,13.113,49991,0
20110307,13.16,13.179,12.922,13.009,79816,0
20110308,13.015,13.061,12.962,13.041,56255,0
20110309,13.054,13.054,12.922,12.969,49628,0
20110310,12.844,12.871,12.746,12.844,66859,0
20110311,12.752,12.85,12.732,12.817,75625,0
20110314,12.732,12.804,12.666,12.765,72025,0
20110315,12.47,12.686,12.45,12.653,119880,0
20110316,12.575,12.68,12.378,12.463,175314,0
20110317,12.611,12.664,12.409,12.436,66932,0
20110318,12.503,12.562,12.371,12.496,118210,0
20110321,12.581,12.732,12.535,12.66,82968,0
20110322,12.686,12.732,12.601,12.634,66937,0
20110323,12.674,12.706,12.509,12.647,104588,0
20110324,12.68,12.832,12.562,12.699,210459,0
20110325,12.575,12.857,12.575,12.732,127716,0
20110328,12.686,12.792,12.62,12.686,59281,0
20110329,12.641,12.799,12.609,12.692,106158,0
20110330,12.713,12.844,12.713,12.824,71628,0
20110331,12.827,12.835,12.727,12.727,73846,0
20110401,12.844,12.882,12.746,12.817,51742,0
20110404,12.837,12.837,12.706,12.779,42101,0
20110405,12.812,12.812,12.712,12.759,47756,0
20110406,12.832,12.876,12.739,12.824,78501,0
20110407,12.873,12.9,12.779,12.867,91100,0
20110408,12.864,12.904,12.771,12.824,93684,0
20110411,12.857,12.89,12.804,12.89,93041,0
20110412,12.793,12.886,12.765,12.852,85939,0
20110413,12.922,12.949,12.837,12.929,55391,0
20110414,12.837,12.897,12.765,12.844,58469,0
20110415,12.904,12.922,12.799,12.882,89818,0
20110418,12.837,12.837,12.686,12.785,74274,0
20110419,12.792,12.929,12.759,12.929,50016,0
20110420,13.054,13.08,12.955,13.027,96311,0
20110421,13.093,13.126,12.995,13.009,64688,0
20110425,13.021,13.087,12.904,12.969,54915,0
20110426,13.048,13.054,12.993,13.034,69589,0
20110427,13.054,13.08,12.871,13.074,81386,0
20110428,13.113,13.126,12.922,12.962,119793,0
20110429,13.018,13.04,12.954,12.989,65448,0
20110502,13.009,13.054,12.943,12.988,73525,0
20110503,13.001,13.001,12.852,12.9,46915,0
20110504,12.946,12.953,12.826,12.912,70465,0
20110505,12.879,12.974,12.852,12.893,79522,0
20110506,13.008,13.048,12.893,12.919,62172,0
20110509,12.912,13.014,12.893,12.98,64454,0
20110510,13.034,13.081,12.927,13.014,84398,0
20110511,13.021,13.067,12.934,13.021,84872,0
20110512,13.021,13.128,13.021,13.115,167542,0
20110513,13.148,13.189,13.061,13.075,98297,0
20110516,13.034,13.181,13.034,13.088,80741,0
20110517,13.081,13.162,13.067,13.155,56961,0
20110518,13.189,13.189,13.041,13.135,79817,0
20110519,13.142,13.222,13.081,13.128,57829,0
20110520,13.108,13.115,13.048,13.108,45887,0
20110523,13.075,13.095,13.001,13.021,79481,0
20110524,13.014,13.215,13.014,13.215,60920,0
20110525,13.21,13.269,13.054,13.067,183228,0
20110526,13.095,13.148,13.001,13.001,95662,0
20110527,13.088,13.128,12.993,13.041,86495,0
20110531,13.124,13.13,12.923,12.944,188915,0
20110601,12.96,13.014,12.793,12.826,61055,0
20110602,12.793,12.967,12.793,12.9,72248,0
20110603,12.765,12.879,12.672,12.705,62395,0
20110606,12.731,12.731,12.456,12.503,63688,0
20110607,12.571,12.638,12.456,12.53,68597,0
20110608,12.53,12.53,12.369,12.416,88349,0
20110609,12.369,12.51,12.362,12.483,65433,0
20110610,12.456,12.549,12.409,12.503,64086,0
20110613,12.503,12.51,12.248,12.255,75257,0
20110614,12.294,12.51,12.294,12.429,76119,0
20110615,12.389,12.429,11.878,11.952,209111,0
20110616,12.034,12.04,11.799,11.86,125658,0
20110617,11.966,12.011,11.871,11.926,152550,0
20110620,11.944,12.107,11.831,12.079,109302,0
20110621,12.194,12.443,12.16,12.376,92549,0
20110622,12.328,12.523,12.328,12.355,83088,0
20110623,12.268,12.422,12.2,12.389,69147,0
20110624,12.369,12.369,12.228,12.362,54583,0
20110627,12.328,12.672,12.328,12.583,72742,0
20110628,12.731,12.873,12.664,12.846,86447,0
20110629,13.075,13.075,12.712,12.812,118179,0
20110630,12.805,12.912,12.707,12.77,102867,0
20110701,12.826,12.826,12.705,12.805,51347,0
20110705,12.826,12.826,12.679,12.719,59509,0
20110706,12.779,12.93,12.668,12.827,89189,0
20110707,12.941,13.646,12.873,12.941,126260,0
20110708,13.001,13.001,12.839,12.941,55344,0
20110711,12.919,12.919,12.617,12.638,93161,0
20110712,12.702,12.771,12.584,12.599,71129,0
20110713,12.645,12.819,12.53,12.578,89014,0
20110714,12.624,12.705,12.409,12.436,71030,0
20110715,12.537,12.564,12.422,12.483,69865,0
20110718,12.409,12.537,12.294,12.443,54418,0
20110719,12.42,12.619,12.42,12.544,139609,0
20110720,12.664,12.712,12.605,12.69,53784,0
20110721,12.725,12.98,12.664,12.912,120671,0
20110722,12.867,13.075,12.867,13.075,96347,0
20110725,13.067,13.135,12.941,12.987,87643,0
20110726,12.979,13.047,12.846,12.888,123794,0
20110727,12.912,13.048,12.772,12.852,154000,0
20110728,13.075,13.13,12.737,12.737,73210,0
20110729,12.614,12.636,12.437,12.444,92743,0
20110801,12.557,12.672,12.268,12.369,65874,0
20110802,12.315,12.537,12.315,12.35,73016,0
20110803,12.328,12.49,12.2,12.476,82621,0
20110804,12.384,12.447,11.875,11.902,176628,0
20110805,12.005,12.061,11.585,12.005,149479,0
20110808,11.427,11.871,10.923,11.771,287328,0
20110809,11.838,12.1,11.427,12.093,146732,0
20110810,11.993,12.045,11.664,11.744,108826,0
20110811,11.797,12.208,11.797,12.079,91679,0
20110812,12.315,12.384,12.122,12.206,85679,0
20110815,12.226,12.55,12.226,12.35,69495,0
20110816,12.344,12.592,12.281,12.357,88691,0
20110817,12.42,12.461,12.103,12.212,62596,0
20110818,11.999,11.999,11.536,11.661,74708,0
20110819,11.557,11.627,11.074,11.088,153770,0
20110822,11.309,11.336,10.895,11.06,143885,0
20110823,11.142,11.371,11.067,11.35,116562,0
20110824,11.419,11.522,11.26,11.522,102621,0
20110825,12.261,12.447,11.627,11.722,245186,0
20110826,11.715,11.923,11.48,11.73,98630,0
20110829,11.825,11.958,11.772,11.923,88735,0
20110830,11.84,11.84,11.73,11.784,55897,0
20110831,11.792,11.898,11.743,11.743,79056,0
20110901,11.812,11.86,11.646,11.646,50048,0
20110902,11.402,11.537,11.346,11.367,28427,0
20110906,11.206,11.26,11.019,11.246,64105,0
20110907,11.302,11.475,11.302,11.44,57379,0
20110908,11.363,11.536,11.309,11.377,38189,0
20110909,11.315,11.336,11.081,11.191,51159,0
20110912,11.123,11.315,11.025,11.26,72045,0
20110913,11.315,11.495,11.315,11.446,48748,0
20110914,11.543,11.702,11.377,11.675,49138,0
20110915,11.744,11.744,11.557,11.68,42689,0
20110916,11.737,11.772,11.612,11.695,39656,0
20110919,11.633,11.64,11.385,11.571,54983,0
20110920,11.619,11.778,11.564,11.627,78040,0
20110921,11.68,11.68,11.385,11.385,57272,0
20110922,11.15,11.191,10.383,10.777,138513,0
20110923,10.818,10.95,10.722,10.833,63322,0
20110926,10.95,10.984,10.764,10.984,53605,0
20110927,11.253,11.412,11.136,11.176,63536,0
20110928,11.246,11.363,11.081,11.13,65323,0
20110929,11.233,11.302,10.915,10.998,52190,0
20110930,10.845,11.421,10.679,10.686,88523,0
20111003,10.606,10.626,10.136,10.28,88228,0
20111004,10.226,10.226,9.556,10.033,159797,0
20111005,10.205,10.398,9.907,10.266,183713,0
20111006,10.329,10.508,10.301,10.494,64088,0
20111007,10.681,10.681,10.459,10.564,48009,0
20111010,10.75,10.956,10.687,10.826,88085,0
20111011,10.811,10.991,10.771,10.88,95383,0
20111012,10.929,11.081,10.929,11.019,55078,0
20111013,11.032,11.13,10.818,11.088,53258,0
20111014,11.226,11.377,11.184,11.377,80657,0
20111017,11.315,11.363,11.13,11.13,44519,0
20111018,11.199,11.446,11.054,11.399,71091,0
20111019,11.48,11.661,11.26,11.329,72647,0
20111020,11.433,11.433,11.157,11.295,54093,0
20111021,11.48,11.488,11.357,11.446,45470,0
20111024,11.488,11.806,11.454,11.791,62517,0
20111025,11.778,11.856,11.587,11.622,57671,0
20111026,11.749,11.86,11.502,11.73,101910,0
20111027,11.977,12.344,11.902,11.965,126765,0
20111028,12.026,12.04,11.749,12.011,105417,0
20111031,12.002,12.002,11.718,11.718,77968,0
20111101,11.558,11.622,11.417,11.573,45206,0
20111102,11.64,11.784,11.515,11.73,86008,0
20111103,11.969,11.976,11.729,11.814,113398,0
20111104,11.849,11.885,11.708,11.814,51944,0
20111107,11.86,11.977,11.84,11.929,33299,0
20111108,11.984,12.337,11.958,12.095,90160,0
20111109,11.991,11.991,11.594,11.799,59575,0
20111110,12.041,12.176,11.912,11.912,58223,0
20111111,11.976,12.034,11.941,12.026,58552,0
20111114,12.062,12.147,11.948,11.999,33924,0
20111115,11.963,12.046,11.891,11.933,53925,0
20111116,11.842,11.955,11.756,11.764,48363,0
20111117,11.82,11.885,11.551,11.594,55064,0
20111118,11.643,11.685,11.417,11.423,46755,0
20111121,11.246,11.339,11.14,11.339,43871,0
20111122,11.388,11.756,11.324,11.756,186780,0
20111123,11.608,11.608,11.097,11.211,94995,0
20111125,11.197,11.282,11.097,11.154,26199,0
20111128,11.417,11.438,11.062,11.182,92606,0
20111129,11.162,11.339,11.034,11.091,77634,0
20111130,11.265,11.422,11.265,11.377,70380,0
20111201,11.444,11.509,11.375,11.459,49428,0
20111202,11.551,11.629,11.409,11.438,63015,0
20111205,11.537,11.615,11.474,11.515,52694,0
20111206,11.509,11.617,11.428,11.522,82049,0
20111207,11.466,11.566,11.423,11.566,97392,0
20111208,11.474,11.537,11.282,11.288,93291,0
20111209,11.346,11.487,11.317,11.444,78478,0
20111212,11.409,11.409,11.197,11.304,37739,0
20111213,11.381,11.452,11.083,11.105,89537,0
20111214,11.111,11.119,10.928,11.048,48090,0
20111215,11.097,11.14,10.942,10.963,59771,0
20111216,10.998,11.083,10.857,10.857,84053,0
20111219,10.907,10.963,10.701,10.701,77450,0
20111220,10.807,10.971,10.807,10.871,148440,0
20111221,10.878,10.971,10.701,10.807,101226,0
20111222,10.8,10.991,10.772,10.9,104164,0
20111223,10.971,11.091,10.942,11.056,77509,0
20111227,11.048,11.127,11.034,11.034,87525,0
20111228,10.963,11.034,10.878,10.878,124204,0
20111229,10.942,11.034,10.907,11.026,101708,0
20111230,11.049,11.116,11.034,11.101,125514,0
20120103,11.253,11.381,11.205,11.296,52710,0
20120104,11.246,11.367,11.14,11.31,54989,0
20120105,11.24,11.466,11.24,11.431,67934,0
20120106,11.474,11.551,11.205,11.487,75712,0
20120109,11.573,11.65,11.509,11.587,36627,0
20120110,11.743,11.799,11.693,11.729,48434,0
20120111,11.754,11.814,11.697,11.784,55622,0
20120112,11.827,11.85,11.734,11.814,84974,0
20120113,11.799,11.799,11.665,11.701,39977,0
20120117,11.807,11.843,11.588,11.639,94638,0
20120118,11.672,11.862,11.672,11.835,53710,0
20120119,11.835,11.999,11.835,11.999,65897,0
20120120,12.002,12.032,11.951,11.973,42433,0
20120123,12.054,12.176,11.906,12.026,89599,0
20120124,12.034,12.097,11.969,12.054,52270,0
20120125,12.16,12.218,12.111,12.189,69161,0
20120126,12.189,12.26,12.062,12.189,54906,0
20120127,12.206,12.3,12.183,12.242,63017,0
20120130,12.176,12.338,12.16,12.224,71644,0
20120131,12.31,12.362,12.197,12.228,64255,0
20120201,12.303,12.387,12.239,12.316,101248,0
20120202,12.337,12.438,12.293,12.438,60238,0
20120203,12.504,12.686,12.504,12.671,83103,0
20120206,12.686,12.765,12.577,12.765,63104,0
20120207,12.759,12.881,12.649,12.759,99815,0
20120208,12.801,12.838,12.795,12.801,117588,0
20120209,12.832,13.107,12.832,13.02,139060,0
20120210,13.079,13.079,12.78,12.905,88202,0
20120213,12.998,13.086,12.933,12.97,53658,0
20120214,12.954,12.954,12.838,12.917,51971,0
20120215,12.99,13.086,12.838,12.889,55268,0
20120216,12.889,13.122,12.889,13.107,94967,0
20120217,13.231,13.231,13.064,13.079,96805,0
20120221,12.983,13.086,12.933,12.983,59314,0
20120222,12.947,13.056,12.911,13.02,40549,0
20120223,13.086,13.485,12.983,13.107,197737,0
20120224,13.21,13.21,13.034,13.071,76695,0
20120227,12.998,13.092,12.933,13.014,80908,0
20120228,12.977,13.092,12.941,12.962,91252,0
20120229,12.929,13.071,12.9,12.929,123545,0
20120301,12.99,13.034,12.911,12.977,110413,0
20120302,13.034,13.107,12.954,13.064,91645,0
20120305,13.114,13.114,12.881,12.941,58195,0
20120306,12.905,12.905,12.736,12.78,66478,0
20120307,12.852,12.99,12.824,12.954,55370,0
20120308,13.049,13.15,12.977,13.107,66044,0
20120309,13.173,13.223,13.086,13.158,82591,0
20120312,13.129,13.195,13.064,13.144,96878,0
20120313,13.122,13.289,13.114,13.289,84349,0
20120314,13.253,13.377,13.202,13.253,79805,0
20120315,13.253,13.304,13.195,13.304,67122,0
20120316,13.332,13.521,13.231,13.515,244780,0
20120319,13.456,13.66,13.449,13.631,141193,0
20120320,13.528,13.594,13.369,13.521,100459,0
20120321,13.471,13.58,13.405,13.485,102089,0
20120322,13.405,13.442,13.311,13.383,64155,0
20120323,13.383,13.471,13.281,13.471,53599,0
20120326,13.551,13.696,13.479,13.696,86874,0
20120327,13.696,13.696,13.521,13.616,129623,0
20120328,13.696,13.696,13.5,13.573,65541,0
20120329,13.616,13.616,13.405,13.558,85133,0
20120330,13.615,13.742,13.518,13.742,137086,0
20120402,13.674,13.798,13.594,13.74,68397,0
20120403,13.798,13.798,13.573,13.594,71184,0
20120404,13.45,13.81,13.316,13.548,118328,0
20120405,13.487,13.555,13.377,13.421,62853,0
20120409,13.268,13.304,13.107,13.195,32440,0
20120410,13.165,13.26,12.925,12.97,47440,0
20120411,13.107,13.144,13.014,13.1,56506,0
20120412,13.144,13.347,13.137,13.347,49334,0
20120413,13.326,13.347,13.158,13.246,69003,0
20120416,13.296,13.296,13.086,13.202,37854,0
20120417,13.272,13.414,13.168,13.399,65100,0
20120418,13.296,13.383,13.231,13.289,55708,0
20120419,13.231,13.405,13.056,13.086,51552,0
20120420,13.219,13.227,13.101,13.101,34309,0
20120423,13.064,13.071,12.925,13.071,49408,0
20120424,13.071,13.071,12.838,12.868,57258,0
20120425,13.056,13.086,12.998,13.079,60973,0
20120426,13.049,13.268,13.02,13.195,45574,0
20120427,13.265,13.28,13.205,13.243,42355,0
20120430,13.16,13.197,13.048,13.152,78263,0
20120501,13.138,13.287,13.101,13.257,67522,0
20120502,13.187,13.413,13.15,13.391,82702,0
20120503,13.421,13.458,13.316,13.414,99035,0
20120504,13.407,13.623,13.243,13.623,96586,0
20120507,13.504,13.623,13.34,13.437,74929,0
20120508,13.332,13.429,13.145,13.354,64626,0
20120509,13.28,13.28,13.123,13.152,92470,0
20120510,13.487,13.586,13.28,13.429,66378,0
20120511,13.302,13.324,13.13,13.168,62011,0
20120514,13.093,13.123,12.907,13.012,42840,0
20120515,13.041,13.093,12.825,12.876,48478,0
20120516,12.883,12.958,12.601,12.601,56864,0
20120517,12.593,12.593,12.235,12.235,66048,0
20120518,12.205,12.243,11.96,11.96,58262,0
20120521,12.041,12.332,11.899,12.31,88370,0
20120522,12.414,12.556,12.176,12.459,29080,0
20120523,12.466,12.511,12.265,12.511,83222,0
20120524,12.689,13.45,12.689,12.981,162064,0
20120525,13.16,13.16,12.676,12.787,56992,0
20120529,12.929,13.086,12.876,13.063,28207,0
20120530,12.9,13.055,12.779,12.854,41844,0
20120531,12.846,13.086,12.518,12.615,63633,0
20120601,12.436,12.534,12.168,12.265,47696,0
20120604,12.294,12.392,11.892,12.072,56246,0
20120605,11.974,12.481,11.974,12.474,49216,0
20120606,12.579,12.779,12.579,12.646,41355,0
20120607,12.697,12.743,12.34,12.451,88640,0
20120608,12.332,12.511,12.332,12.407,24033,0
20120611,12.511,12.556,12.303,12.317,23535,0
20120612,12.279,12.362,12.176,12.294,52769,0
20120613,12.213,12.346,12.109,12.183,45151,0
20120614,12.115,12.228,12.109,12.19,35140,0
20120615,12.153,12.168,12.026,12.085,68274,0
20120618,12.459,12.459,12.093,12.183,39323,0
20120619,12.369,12.585,12.197,12.511,80381,0
20120620,12.444,12.579,12.429,12.504,21754,0
20120621,12.541,12.601,12.22,12.22,44616,0
20120622,12.243,12.325,12.176,12.228,35197,0
20120625,12.153,12.183,11.974,12.064,35785,0
20120626,12.078,12.123,12.018,12.064,44437,0
20120627,12.041,12.146,12.004,12.078,67525,0
20120628,11.997,12.034,11.661,11.84,113650,0
20120629,12.018,12.131,11.847,11.862,136957,0
20120702,11.922,12.257,11.922,12.146,56626,0
20120703,12.085,12.279,12.048,12.22,46164,0
20120705,12.243,12.362,12.026,12.31,75874,0
20120706,12.19,12.325,12.168,12.325,50661,0
20120709,12.228,12.317,12.176,12.303,64942,0
20120710,12.294,12.294,11.87,12.048,99786,0
20120711,12.072,12.085,11.922,11.997,46055,0
20120712,11.929,11.944,11.862,11.899,39240,0
20120713,11.907,12.048,11.907,12.041,34402,0
20120716,12.072,12.072,11.936,11.997,40614,0
20120717,11.997,12.01,11.84,11.877,52361,0
20120718,11.862,12.078,11.862,12.026,38733,0
20120719,12.109,12.213,12.078,12.205,43189,0
20120720,12.109,12.183,12.026,12.101,55546,0
20120723,11.936,12.101,11.899,12.101,44391,0
20120724,12.056,12.101,11.87,11.885,62486,0
20120725,11.87,11.87,11.728,11.787,64127,0
20120726,11.989,11.989,11.787,11.84,49019,0
20120727,11.907,11.967,11.862,11.944,132256,0
20120730,11.877,11.929,11.832,11.847,125776,0
20120731,11.817,11.862,11.795,11.862,63414,0
20120801,11.929,11.929,11.808,11.86,123534,0
20120802,11.855,11.862,11.787,11.862,48530,0
20120803,11.899,11.96,11.855,11.944,228661,0
20120806,12.004,12.22,11.981,12.213,86975,0
20120807,12.213,12.294,12.176,12.228,52888,0
20120808,12.146,12.4,12.123,12.4,72625,0
20120809,12.384,12.384,12.056,12.243,124882,0
20120810,12.252,12.313,12.152,12.275,39713,0
20120813,12.307,12.352,12.206,12.352,53644,0
20120814,12.345,12.421,12.291,12.352,45552,0
20120815,12.36,12.36,12.191,12.198,52600,0
20120816,12.268,12.421,12.26,12.345,54461,0
20120817,12.329,12.398,12.268,12.367,43886,0
20120820,12.307,12.36,12.283,12.291,50312,0
20120821,12.337,12.421,12.307,12.413,50062,0
20120822,12.367,12.459,12.291,12.429,68175,0
20120823,12.429,12.697,12.39,12.482,189316,0
20120824,12.498,12.567,12.383,12.498,77249,0
20120827,12.49,12.544,12.252,12.268,78734,0
20120828,12.229,12.36,12.229,12.352,61521,0
20120829,12.321,12.39,12.283,12.345,51502,0
20120830,12.337,12.49,12.291,12.452,45915,0
20120831,12.529,12.529,12.291,12.429,65461,0
20120904,12.375,12.498,12.313,12.444,51728,0
20120905,12.49,12.512,12.398,12.459,47939,0
20120906,12.512,12.567,12.452,12.49,62327,0
20120907,12.512,12.551,12.375,12.436,74665,0
20120910,12.367,12.49,12.221,12.237,85679,0
20120911,12.229,13.435,12.229,12.398,105544,0
20120912,12.475,12.49,12.398,12.459,51711,0
20120913,12.475,12.551,12.398,12.482,131658,0
20120914,12.49,12.628,12.413,12.475,99516,0
20120917,12.482,12.521,12.39,12.475,57578,0
20120918,12.413,12.506,12.36,12.459,145558,0
20120919,12.413,12.49,12.398,12.459,59878,0
20120920,12.452,12.475,12.313,12.436,78703,0
20120921,12.467,12.467,12.375,12.383,52864,0
20120924,12.383,12.452,12.313,12.406,75373,0
20120925,12.406,12.444,12.291,12.298,92714,0
20120926,12.36,12.375,12.022,12.038,140086,0
20120927,12.091,12.159,12.038,12.107,52596,0
20120928,12.145,12.345,12.044,12.237,160503,0
20121001,12.283,12.329,12.121,12.145,73681,0
20121002,12.145,12.191,12.091,12.168,59446,0
20121003,12.183,12.245,12.052,12.052,92728,0
20121004,12.044,12.107,11.937,11.967,112122,0
20121005,12,12.245,11.967,12.191,140909,0
20121008,12.176,12.298,12.107,12.229,94389,0
20121009,12.229,12.252,12.022,12.069,84470,0
20121010,12.082,12.129,11.868,11.868,88948,0
20121011,11.891,12.022,11.845,11.868,72073,0
20121012,11.907,11.944,11.639,11.707,75420,0
20121015,11.653,11.739,11.639,11.653,87789,0
20121016,11.676,11.714,11.6,11.607,111858,0
20121017,11.661,11.669,11.607,11.607,131060,0
20121018,11.576,11.661,11.5,11.592,59097,0
20121019,11.607,11.615,11.369,11.461,104303,0
20121022,11.446,11.514,11.369,11.514,58543,0
20121023,11.362,11.369,11.193,11.27,125012,0
20121024,11.315,11.431,11.277,11.377,222972,0
20121025,11.408,11.423,11.124,11.185,205491,0
20121026,11.209,11.277,11.124,11.132,184269,0
20121031,11.146,11.176,10.94,11.017,235081,0
20121101,11.047,11.176,11.039,11.17,88756,0
20121102,11.254,11.362,11.246,11.3,136011,0
20121105,11.24,11.461,11.232,11.431,151465,0
20121106,11.385,11.514,11.354,11.415,122186,0
20121107,11.369,11.423,11.17,11.24,109877,0
20121108,11.242,11.384,11.216,11.288,132805,0
20121109,11.288,11.351,11.176,11.216,160621,0
20121112,11.296,11.305,11.145,11.162,109484,0
20121113,11.082,11.185,10.9,10.908,86546,0
20121114,10.979,11.011,10.599,10.599,155168,0
20121115,10.568,10.623,10.194,10.361,149298,0
20121116,10.321,10.789,10.321,10.789,129047,0
20121119,10.843,11.066,10.843,10.979,111305,0
20121120,10.94,11.106,10.9,11.091,102104,0
20121121,11.176,11.471,11.113,11.32,212047,0
20121123,11.463,11.463,11.273,11.439,53324,0
20121126,11.439,11.495,11.36,11.423,93352,0
20121127,11.446,11.478,11.202,11.265,105264,0
20121128,11.194,11.296,11.091,11.202,105549,0
20121129,11.305,11.328,11.145,11.216,130403,0
20121130,11.256,11.305,11.162,11.249,77985,0
20121203,11.312,11.367,11.185,11.249,66656,0
20121204,11.194,11.305,11.145,11.145,74011,0
20121205,11.162,11.233,11.097,11.145,82139,0
20121206,11.17,11.216,11.113,11.162,94821,0
20121207,11.209,11.273,11.113,11.153,59674,0
20121210,11.185,11.249,11.176,11.233,82556,0
20121211,11.296,11.4,11.288,11.336,139874,0
20121212,11.328,11.4,11.273,11.4,176230,0
20121213,11.351,11.415,11.242,11.256,130099,0
20121214,11.194,11.265,11.059,11.162,129474,0
20121217,11.162,11.242,11.137,11.185,125530,0
20121218,11.194,11.336,11.194,11.336,131739,0
20121219,11.336,11.423,11.328,11.328,110712,0
20121220,11.367,11.407,11.288,11.328,100784,0
20121221,11.162,11.384,11.091,11.384,186235,0
20121224,11.415,11.439,11.367,11.431,30202,0
20121226,11.439,11.439,11.288,11.4,131004,0
20121227,11.446,11.455,11.256,11.446,93923,0
20121228,11.391,11.431,11.305,11.431,89969,0
20121231,11.415,11.51,11.376,11.503,164710,0
20130102,11.653,11.844,11.622,11.844,109639,0
20130103,11.836,11.836,11.724,11.812,77650,0
20130104,11.764,11.852,11.676,11.852,56967,0
20130107,11.812,11.946,11.74,11.938,90159,0
20130108,11.875,12.066,11.804,12.066,108011,0
20130109,11.986,12.074,11.93,12.074,73663,0
20130110,12.074,12.074,12.017,12.066,88738,0
20130111,12.057,12.081,11.986,12.081,73966,0
20130114,12.097,12.112,11.97,12.112,73163,0
20130115,12.097,12.097,11.883,11.907,103174,0
20130116,11.954,12.106,11.954,12.106,101980,0
20130117,12.12,12.271,12.112,12.24,67508,0
20130118,12.232,12.319,12.128,12.319,128531,0
20130122,12.279,12.375,12.216,12.375,97117,0
20130123,12.399,12.461,12.311,12.461,98901,0
20130124,12.359,12.43,12.247,12.43,88839,0
20130125,12.445,12.445,12.287,12.43,79439,0
20130128,12.406,12.612,12.335,12.516,106320,0
20130129,12.414,12.478,12.319,12.343,121717,0
20130130,12.375,12.47,12.327,12.399,70808,0
20130131,12.399,12.454,12.295,12.295,113037,0
20130201,12.421,12.516,12.35,12.478,67485,0
20130204,12.454,12.454,12.319,12.382,69668,0
20130205,12.359,12.43,12.335,12.343,78134,0
20130206,12.375,12.478,12.375,12.445,72328,0
20130207,12.485,12.573,12.375,12.573,116653,0
20130208,12.58,12.849,12.573,12.802,123949,0
20130211,12.802,12.802,12.684,12.787,71692,0
20130212,12.787,12.849,12.731,12.827,103602,0
20130213,12.849,13.009,12.818,12.842,163330,0
20130214,12.779,12.812,12.641,12.673,91737,0
20130215,12.746,12.746,12.609,12.673,69499,0
20130219,12.664,12.77,12.632,12.738,57140,0
20130220,12.689,12.77,12.199,12.265,123160,0
20130221,12.297,12.306,12.216,12.297,62680,0
20130222,12.387,12.502,12.216,12.502,53791,0
20130225,12.609,12.609,12.15,12.216,77866,0
20130226,12.232,12.345,12.216,12.339,106027,0
20130227,12.412,12.779,12.387,12.77,200743,0
20130228,12.87,12.893,12.591,12.697,68823,0
20130301,12.582,12.828,12.543,12.706,43204,0
20130304,12.623,12.697,12.485,12.534,51283,0
20130305,12.55,12.673,12.485,12.485,61448,0
20130306,12.477,12.673,12.477,12.509,55936,0
20130307,12.485,12.558,12.436,12.477,67176,0
20130308,12.526,12.582,12.436,12.477,53947,0
20130311,12.526,12.6,12.509,12.591,60769,0
20130312,12.543,12.632,12.445,12.55,43884,0
20130313,12.591,12.632,12.436,12.445,48038,0
20130314,12.46,12.558,12.46,12.543,54332,0
20130315,12.534,12.534,12.436,12.46,48070,0
20130318,12.33,12.42,12.265,12.265,75538,0
20130319,12.371,12.412,12.183,12.29,46400,0
20130320,12.281,12.33,12.248,12.297,73532,0
20130321,12.216,12.452,12.208,12.371,35114,0
20130322,12.379,12.46,12.379,12.445,44546,0
20130325,12.526,12.526,12.339,12.387,54304,0
20130326,12.363,12.403,12.265,12.322,77793,0
20130327,12.216,12.339,12.216,12.29,88845,0
20130328,12.24,12.313,12.158,12.248,171985,0
20130401,12.256,12.33,12.183,12.224,61372,0
20130402,12.297,12.313,12.216,12.224,38267,0
20130403,12.167,12.29,12.043,12.111,99331,0
20130404,12.07,12.143,11.946,12.011,76782,0
20130405,11.97,11.996,11.71,11.978,89028,0
20130408,12.037,12.037,11.906,11.97,43291,0
20130409,11.97,12.043,11.964,12.02,35790,0
20130410,12.004,12.256,12.004,12.256,123809,0
20130411,12.199,12.297,12.167,12.199,70373,0
20130412,12.118,12.158,12.07,12.118,42792,0
20130415,12.02,12.102,11.906,11.914,43190,0
20130416,12.011,12.037,11.923,11.978,74657,0
20130417,11.964,11.978,11.783,11.832,55760,0
20130418,11.8,11.897,11.702,11.75,46848,0
20130419,11.791,11.978,11.685,11.914,46189,0
20130422,11.978,11.978,11.75,11.881,42019,0
20130423,11.89,12.052,11.865,11.978,78090,0
20130424,11.996,12.102,11.978,12.078,55168,0
20130425,12.183,12.281,12.134,12.281,45277,0
20130426,12.216,12.29,12.191,12.208,34129,0
20130429,12.191,12.29,12.102,12.15,94581,0
20130430,12.176,12.281,12.167,12.199,79499,0
20130501,12.167,12.24,12.078,12.078,94293,0
20130502,12.037,12.24,12.037,12.118,101439,0
20130503,12.167,12.29,12.167,12.24,90563,0
20130506,12.216,12.297,12.216,12.256,57416,0
20130507,12.265,12.345,12.265,12.306,58047,0
20130508,12.273,12.436,12.273,12.379,76789,0
20130509,12.339,12.534,12.24,12.256,154287,0
20130510,12.322,12.509,12.281,12.387,137429,0
20130513,12.363,12.517,12.322,12.345,117897,0
20130514,12.345,12.477,12.345,12.387,135498,0
20130515,12.387,12.485,12.339,12.485,164235,0
20130516,12.545,12.606,12.403,12.579,161051,0
20130517,12.731,12.731,12.639,12.689,92600,0
20130520,12.731,12.824,12.621,12.639,80215,0
20130521,12.714,12.714,12.613,12.681,80627,0
20130522,12.714,12.807,12.63,12.664,129335,0
20130523,12.588,12.621,12.471,12.545,54180,0
20130524,12.538,12.538,12.436,12.538,47116,0
20130528,12.799,12.857,12.588,12.655,185295,0
20130529,12.723,12.723,12.621,12.673,71524,0
20130530,12.723,12.799,12.655,12.764,41694,0
20130531,12.785,12.914,12.759,12.829,49985,0
20130603,12.799,12.882,12.655,12.723,26731,0
20130604,12.689,12.748,12.655,12.706,44336,0
20130605,12.647,12.647,12.504,12.621,67880,0
20130606,12.554,12.723,12.445,12.613,63810,0
20130607,12.579,12.706,12.538,12.621,31228,0
20130610,12.647,12.689,12.545,12.689,72118,0
20130611,12.673,12.875,12.462,12.471,174264,0
20130612,12.563,12.563,12.269,12.277,58127,0
20130613,12.336,12.369,12.234,12.345,76765,0
20130614,12.311,12.345,12.21,12.226,46588,0
20130617,12.369,12.369,12.218,12.277,81735,0
20130618,12.336,12.361,12.302,12.345,52489,0
20130619,12.386,12.386,12.201,12.218,85147,0
20130620,12.15,12.15,11.915,11.974,95098,0
20130621,11.94,12.007,11.78,11.814,80163,0
20130624,11.663,11.78,11.587,11.587,85221,0
20130625,11.595,11.721,11.587,11.688,84099,0
20130626,11.797,11.924,11.755,11.89,54548,0
20130627,11.974,12.091,11.966,12.075,65341,0
20130628,12.015,12.167,11.966,12.091,69625,0
20130701,12.117,12.244,12.117,12.167,49033,0
20130702,12.158,12.361,12.058,12.15,46433,0
20130703,12.117,12.177,12.082,12.11,27973,0
20130705,12.15,12.26,12.143,12.226,22945,0
20130708,12.244,12.328,12.167,12.201,35986,0
20130709,12.218,12.319,12.218,12.293,88962,0
20130710,12.319,12.379,12.244,12.352,50148,0
20130711,12.554,12.588,12.496,12.554,57574,0
20130712,12.504,12.613,12.504,12.538,30700,0
20130715,12.63,12.63,12.462,12.471,76315,0
20130716,12.42,12.436,12.277,12.277,111938,0
20130717,12.378,12.403,12.302,12.369,35357,0
20130718,12.386,12.487,12.302,12.412,106394,0
20130719,12.285,12.302,12.226,12.244,52362,0
20130722,12.412,12.436,12.336,12.42,61868,0
20130723,12.428,12.428,12.311,12.412,60507,0
20130724,12.504,12.504,12.369,12.412,60081,0
20130725,12.412,12.53,12.319,12.521,44515,0
20130726,12.42,12.496,12.369,12.487,42751,0
20130729,12.579,12.579,12.454,12.504,78113,0
20130730,12.545,12.597,12.471,12.471,62359,0
20130731,12.538,12.606,12.462,12.554,72754,0
20130801,12.521,12.606,12.521,12.563,37462,0
20130802,12.621,12.697,12.588,12.697,60902,0
20130805,12.697,12.697,12.606,12.655,47169,0
20130806,12.655,12.673,12.403,12.412,132306,0
20130807,12.378,12.563,12.269,12.293,117457,0
20130808,12.395,12.471,12.361,12.436,39776,0
20130809,12.504,12.572,12.369,12.42,64332,0
20130812,12.471,12.538,12.445,12.512,32520,0
20130813,12.621,12.655,12.445,12.63,72652,0
20130814,12.689,12.79,12.621,12.757,94256,0
20130815,12.584,12.715,12.524,12.559,72756,0
20130816,12.603,12.603,12.429,12.437,37030,0
20130819,12.534,12.542,12.333,12.333,76743,0
20130820,12.29,12.403,12.281,12.325,61929,0
20130821,12.299,12.325,12.178,12.255,54039,0
20130822,12.229,12.42,12.229,12.368,64170,0
20130823,12.463,12.515,12.368,12.507,33998,0
20130826,12.472,12.507,12.385,12.429,36004,0
20130827,12.316,12.48,12.255,12.29,118388,0
20130828,12.343,12.36,12.255,12.281,72908,0
20130829,12.272,12.394,12.272,12.29,47242,0
20130830,12.343,12.368,12.212,12.272,39856,0
20130903,12.368,12.437,12.238,12.238,33694,0
20130904,12.238,12.412,12.238,12.343,40884,0
20130905,12.403,12.603,12.394,12.48,37069,0
20130906,12.559,12.653,12.412,12.48,56890,0
20130909,12.507,12.628,12.455,12.594,45658,0
20130910,12.611,12.776,12.577,12.628,42914,0
20130911,12.628,12.75,12.611,12.715,62121,0
20130912,12.715,12.75,12.584,12.715,53875,0
20130913,12.75,12.75,12.603,12.715,46597,0
20130916,12.785,12.785,12.559,12.628,66305,0
20130917,12.653,12.759,12.542,12.653,80289,0
20130918,12.732,12.872,12.638,12.872,75366,0
20130919,12.949,12.949,12.689,12.697,46732,0
20130920,12.724,12.854,12.524,12.542,54927,0
20130923,12.584,12.646,12.542,12.584,39997,0
20130924,12.524,12.628,12.498,12.515,51966,0
20130925,12.515,12.584,12.463,12.49,62818,0
20130926,12.524,12.646,12.498,12.498,55446,0
20130927,12.412,12.498,12.412,12.455,56302,0
20130930,12.368,12.455,12.29,12.333,64322,0
20131001,12.42,12.568,12.412,12.463,61601,0
20131002,12.412,12.515,12.412,12.472,34006,0
20131003,12.49,12.515,12.29,12.42,78091,0
20131004,12.377,12.507,12.36,12.463,48814,0
20131007,12.42,12.49,12.377,12.377,41476,0
20131008,12.437,12.463,12.255,12.307,47671,0
20131009,12.394,12.394,12.194,12.307,70932,0
20131010,12.394,12.515,12.368,12.463,43158,0
20131011,12.385,12.577,12.385,12.498,33099,0
20131014,12.507,12.577,12.498,12.542,61374,0
20131015,12.577,12.697,12.429,12.429,65817,0
20131016,12.49,12.568,12.446,12.568,43597,0
20131017,12.568,12.638,12.498,12.638,56434,0
20131018,12.742,12.907,12.697,12.907,93432,0
20131021,12.942,12.967,12.837,12.907,94889,0
20131022,12.967,12.967,12.863,12.923,54967,0
20131023,12.872,12.914,12.638,12.801,93879,0
20131024,12.819,12.819,12.594,12.594,80392,0
20131025,12.707,12.707,12.498,12.534,74529,0
20131028,12.534,12.584,12.498,12.542,62243,0
20131029,12.628,12.672,12.559,12.584,50152,0
20131030,12.672,12.75,12.603,12.724,78626,0
20131031,12.742,12.759,12.663,12.715,88643,0
20131101,12.742,12.801,12.619,12.681,54236,0
20131104,12.732,12.837,12.681,12.707,84910,0
20131105,12.594,12.837,12.463,12.689,103177,0
20131106,12.697,12.872,12.689,12.689,72008,0
20131107,12.767,12.888,12.653,12.697,83498,0
20131108,12.724,13.132,12.55,13.019,105819,0
20131111,12.967,13.132,12.819,12.898,92300,0
20131112,12.845,12.967,12.837,12.932,61728,0
20131113,12.967,13.14,12.872,13.14,99709,0
20131114,13.233,13.286,12.981,13.223,79920,0
20131115,13.331,13.331,13.124,13.179,46683,0
20131118,13.304,13.304,13.009,13.053,41368,0
20131119,13.107,13.17,12.892,12.918,45589,0
20131120,12.875,12.973,12.758,12.838,53315,0
20131121,12.928,12.928,12.802,12.902,65330,0
20131122,12.866,12.99,12.802,12.802,39090,0
20131125,12.91,12.938,12.866,12.91,75182,0
20131126,13.009,13.206,12.882,13.151,168716,0
20131127,13.206,13.206,12.946,13.026,62632,0
20131129,13.107,13.116,13.053,13.071,12079,0
20131202,13.088,13.088,12.902,12.946,42680,0
20131203,12.946,13.045,12.802,12.856,61143,0
20131204,12.928,12.946,12.802,12.882,65957,0
20131205,12.938,12.981,12.82,12.902,62337,0
20131206,12.918,12.964,12.802,12.892,82528,0
20131209,12.866,12.866,12.623,12.659,94433,0
20131210,12.678,12.812,12.614,12.668,106080,0
20131211,12.623,12.642,12.543,12.571,75116,0
20131212,12.623,12.623,12.515,12.543,59865,0
20131213,12.525,12.543,12.462,12.498,79281,0
20131216,12.587,12.642,12.508,12.543,97610,0
20131217,12.515,12.686,12.515,12.659,58853,0
20131218,12.614,12.758,12.597,12.749,69919,0
20131219,12.713,12.758,12.561,12.597,172216,0
20131220,12.571,12.758,12.571,12.74,110372,0
20131223,12.866,12.999,12.794,12.964,92184,0
20131224,12.954,13.088,12.928,13.045,38235,0
20131226,12.981,13.143,12.981,13.098,63013,0
20131227,13.053,13.088,12.938,12.964,91360,0
20131230,12.928,12.981,12.812,12.875,76883,0
20131231,12.812,13.026,12.758,12.882,180106,0
20140102,12.902,12.902,12.766,12.776,51660,0
20140103,12.785,12.838,12.74,12.74,37949,0
20140106,12.794,12.999,12.785,12.838,109976,0
20140107,12.91,13.098,12.91,13.053,102251,0
20140108,13.116,13.206,13.088,13.107,97074,0
20140109,13.116,13.206,13.026,13.098,68693,0
20140110,13.17,13.179,13.026,13.098,55000,0
20140113,13.08,13.17,13.009,13.009,69698,0
20140114,13.098,13.206,13.017,13.187,76924,0
20140115,13.233,13.358,13.233,13.322,74189,0
20140116,13.448,13.501,13.34,13.448,123258,0
20140117,13.501,13.591,13.439,13.563,100785,0
20140121,13.627,13.725,13.627,13.68,126007,0
20140122,13.743,13.779,13.653,13.698,140796,0
20140123,13.706,13.751,13.627,13.715,137387,0
20140124,13.734,13.734,13.429,13.465,90341,0
20140127,13.725,13.725,13.223,13.34,53842,0
20140128,13.491,13.491,13.286,13.384,62496,0
20140129,13.331,13.429,13.25,13.34,102924,0
20140130,13.491,13.627,13.403,13.627,99886,0
20140131,13.501,13.608,13.376,13.527,68950,0
20140203,13.573,13.599,13.277,13.331,71180,0
20140204,13.348,13.483,13.286,13.439,77174,0
20140205,13.448,13.501,13.358,13.429,41440,0
20140206,13.475,13.743,13.475,13.599,84733,0
20140207,13.698,13.832,13.698,13.832,76714,0
20140210,13.779,14.002,13.779,14.002,80471,0
20140211,14.002,14.101,13.878,14.083,80557,0
20140212,14.101,14.11,13.931,14.029,83917,0
20140213,14.244,14.456,13.994,14.235,71484,0
20140214,14.225,14.354,14.078,14.133,67374,0
20140218,14.115,14.272,14.115,14.151,90997,0
20140219,14.244,14.299,14.022,14.188,65695,0
20140220,14.244,14.272,14.049,14.068,67441,0
20140221,14.17,14.289,14.096,14.216,61752,0
20140224,14.252,14.252,14.133,14.133,67136,0
20140225,14.198,14.207,14.049,14.207,65001,0
20140226,14.346,14.483,14.299,14.464,160010,0
20140227,14.557,14.557,14.317,14.383,82223,0
20140228,14.437,14.437,14.216,14.262,65515,0
20140303,14.115,14.179,14.041,14.059,39959,0
20140304,14.354,14.383,14.225,14.262,60149,0
20140305,14.326,14.383,14.252,14.336,36676,0
20140306,14.383,14.391,14.235,14.363,65286,0
20140307,14.474,14.474,14.16,14.244,49050,0
20140310,14.317,14.336,14.16,14.281,42898,0
20140311,14.363,14.538,14.225,14.538,99560,0
20140312,14.437,14.447,14.299,14.326,62731,0
20140313,14.373,14.41,14.17,14.188,49419,0
20140314,14.244,14.252,14.16,14.216,48411,0
20140317,14.262,14.363,14.115,14.272,62384,0
20140318,14.336,14.354,14.281,14.354,68746,0
20140319,14.373,14.41,14.309,14.391,44468,0
20140320,14.41,14.447,14.309,14.437,72737,0
20140321,14.474,14.567,14.464,14.567,61591,0
20140324,14.557,14.557,14.391,14.447,49058,0
20140325,14.464,14.567,14.419,14.464,68168,0
20140326,14.483,14.567,14.437,14.493,54201,0
20140327,14.464,14.464,14.317,14.317,34653,0
20140328,14.383,14.483,14.346,14.4,96780,0
20140331,14.464,14.576,14.4,14.576,123694,0
20140401,14.576,14.705,14.567,14.631,77941,0
20140402,14.705,14.806,14.631,14.723,118538,0
20140403,14.779,14.806,14.678,14.806,81218,0
20140404,14.825,14.825,14.501,14.53,140653,0
20140407,14.483,14.658,14.252,14.383,123036,0
20140408,14.391,14.474,14.346,14.419,84596,0
20140409,14.41,14.613,14.41,14.493,70128,0
20140410,14.557,14.751,14.252,14.336,64137,0
20140411,14.244,14.474,14.123,14.363,98858,0
20140414,14.4,14.548,14.326,14.474,64825,0
20140415,14.567,14.723,14.437,14.715,73531,0
20140416,14.715,14.834,14.658,14.834,88482,0
20140417,14.742,14.917,14.715,14.76,111446,0
20140421,14.852,14.917,14.76,14.88,54208,0
20140422,14.926,15.102,14.871,15.065,87151,0
20140423,15.037,15.102,15.018,15.102,92141,0
20140424,15.221,15.258,14.889,14.963,106603,0
20140425,14.945,15,14.917,14.963,71361,0
20140428,14.972,15.24,14.843,14.954,58520,0
20140429,14.963,14.991,14.751,14.751,81339,0
20140430,14.742,14.742,14.621,14.723,52458,0
20140501,14.751,14.816,14.631,14.816,45022,0
20140502,14.825,14.917,14.732,14.917,39320,0
20140505,14.88,14.935,14.742,14.935,57554,0
20140506,14.926,15.065,14.898,15.055,71917,0
20140507,15.092,15.351,15.092,15.258,96296,0
20140508,15.24,15.341,15.139,15.314,117062,0
20140509,15.314,15.545,15.25,15.267,196156,0
20140512,15.443,15.553,15.286,15.553,95592,0
20140513,15.553,15.839,15.508,15.627,106429,0
20140514,15.619,15.619,15.387,15.452,94285,0
20140515,15.464,15.521,15.084,15.256,97470,0
20140516,15.274,15.274,15.094,15.113,39781,0
20140519,15.113,15.188,15.084,15.122,32709,0
20140520,15.132,15.132,15.037,15.075,42447,0
20140521,15.122,15.132,15.075,15.132,41768,0
20140522,15.132,15.36,15.104,15.36,69729,0
20140523,15.36,15.512,15.36,15.474,55253,0
20140527,15.568,15.815,15.474,15.644,146611,0
20140528,15.739,15.805,15.559,15.654,79704,0
20140529,15.692,15.796,15.54,15.54,72924,0
20140530,15.559,15.796,15.445,15.692,104174,0
20140602,15.786,15.948,15.72,15.929,121727,0
20140603,15.938,15.938,15.796,15.824,44332,0
20140604,15.843,16.005,15.777,16.005,48555,0
20140605,16.119,16.185,15.957,15.985,70247,0
20140606,16.109,16.119,15.748,15.805,91138,0
20140609,15.796,15.938,15.796,15.881,55224,0
20140610,15.9,16.213,15.9,16.213,53757,0
20140611,16.157,16.223,15.948,16.128,76462,0
20140612,16.147,16.185,16.033,16.128,62727,0
20140613,16.223,16.536,16.185,16.299,97604,0
20140616,16.309,16.355,16.203,16.355,65145,0
20140617,16.355,16.355,16.052,16.119,74035,0
20140618,16.213,16.279,16.119,16.165,85200,0
20140619,16.185,16.279,16.081,16.165,61145,0
20140620,16.223,16.327,16.147,16.203,46111,0
20140623,16.195,16.223,16.005,16.213,77611,0
20140624,16.251,16.393,16.09,16.203,85321,0
20140625,16.165,16.317,16.137,16.299,81087,0
20140626,16.223,16.299,16.071,16.137,67691,0
20140627,16.185,16.289,16.109,16.251,45540,0
20140630,16.289,16.413,16.052,16.052,83202,0
20140701,16.223,16.46,16.081,16.375,62579,0
20140702,16.413,16.413,16.203,16.261,32466,0
20140703,16.279,16.422,16.279,16.422,32450,0
20140707,16.431,16.545,16.337,16.46,31264,0
20140708,16.489,16.489,16.185,16.355,69580,0
20140709,16.413,16.536,16.271,16.517,48134,0
20140710,16.413,16.602,16.299,16.517,109748,0
20140711,16.527,16.593,16.241,16.384,61687,0
20140714,16.527,16.527,16.195,16.203,141220,0
20140715,16.261,16.261,15.985,16.175,93940,0
20140716,16.271,16.317,16.099,16.109,86003,0
20140717,16.071,16.099,15.91,15.948,62309,0
20140718,16.005,16.128,16.005,16.128,48010,0
20140721,16.081,16.175,16.043,16.165,32506,0
20140722,16.185,16.393,16.165,16.203,85952,0
20140723,16.213,16.384,16.175,16.317,77390,0
20140724,16.317,16.317,16.203,16.213,34203,0
20140725,16.137,16.261,16.137,16.203,41248,0
20140728,16.251,16.289,16.165,16.233,33966,0
20140729,16.233,16.375,16.233,16.327,46823,0
20140730,16.441,16.498,16.365,16.441,26137,0
20140731,16.355,16.355,16.147,16.203,62115,0
20140801,16.195,16.375,16.061,16.157,69997,0
20140804,16.128,16.413,16.061,16.279,84859,0
20140805,16.261,16.271,16.128,16.165,38049,0
20140806,16.175,16.347,16.119,16.223,43003,0
20140807,16.347,16.536,16.289,16.527,59142,0
20140808,16.536,16.773,16.527,16.735,82799,0
20140811,16.745,16.745,16.451,16.621,67684,0
20140812,16.688,16.688,16.574,16.659,34029,0
20140813,16.764,16.764,16.678,16.745,64241,0
20140814,16.932,17.224,16.883,17.185,100116,0
20140815,17.224,17.254,17.059,17.098,67737,0
20140818,17.156,17.156,16.864,16.932,93767,0
20140819,17.039,17.088,16.494,16.611,98934,0
20140820,16.689,16.689,16.513,16.542,54550,0
20140821,16.542,16.825,16.542,16.562,88292,0
20140822,16.62,16.776,16.572,16.737,67693,0
20140825,16.815,16.864,16.679,16.864,60416,0
20140826,16.796,17.137,16.796,17.117,150846,0
20140827,17.088,17.117,17.01,17.117,61284,0
20140828,17.01,17.039,16.893,17.01,41039,0
20140829,17,17,16.737,16.815,89008,0
20140902,16.874,17.02,16.718,16.806,91890,0
20140903,16.854,16.913,16.786,16.913,33692,0
20140904,16.991,17.117,16.932,17,50488,0
20140905,17.03,17.03,16.874,16.932,31693,0
20140908,16.874,16.971,16.835,16.952,58539,0
20140909,16.952,17.03,16.864,16.942,60894,0
20140910,16.991,17.254,16.991,17.078,74611,0
20140911,17.078,17.078,16.806,16.893,43383,0
20140912,16.932,17.088,16.893,17.01,33694,0
20140915,17.049,17.098,16.893,17.039,39010,0
20140916,17.069,17.273,17.02,17.263,61491,0
20140917,17.312,17.41,17.224,17.322,52613,0
20140918,17.39,17.439,17.371,17.419,47199,0
20140919,17.429,17.439,17.108,17.117,59670,0
20140922,17.127,17.176,16.767,16.825,48970,0
20140923,16.835,17.195,16.835,17.069,50486,0
20140924,17.147,17.147,16.991,17.147,22532,0
20140925,17.088,17.176,16.893,16.922,42644,0
20140926,16.981,17.137,16.932,17.108,42301,0
20140929,17.078,17.078,16.893,17,53424,0
20140930,16.971,17.273,16.971,17.059,65806,0
20141001,17.137,17.137,16.815,16.874,52639,0
20141002,16.903,16.913,16.435,16.513,77344,0
20141003,16.689,16.874,16.611,16.728,48590,0
20141006,16.854,17,16.572,16.679,74395,0
20141007,16.659,16.659,16.513,16.62,42948,0
20141008,16.689,16.728,16.523,16.708,62823,0
20141009,16.708,16.815,16.338,16.387,83157,0
20141010,16.318,16.484,15.724,15.724,96635,0
20141013,15.597,15.656,14.857,14.857,161536,0
20141014,14.954,15.286,14.614,14.857,132379,0
20141015,14.614,14.993,14.214,14.906,174835,0
20141016,14.75,15.334,14.623,15.295,116747,0
20141017,15.481,15.714,15.461,15.627,73384,0
20141020,15.617,15.744,15.422,15.744,98564,0
20141021,15.929,16.465,15.929,16.465,100016,0
20141022,16.62,16.669,16.387,16.611,68946,0
20141023,16.786,16.942,16.718,16.806,100641,0
20141024,16.883,17.02,16.757,16.806,73182,0
20141027,16.659,16.747,16.299,16.377,100779,0
20141028,16.474,16.737,16.474,16.659,88311,0
20141029,16.728,16.806,16.533,16.708,95293,0
20141030,16.708,16.737,16.445,16.523,82857,0
20141031,16.786,16.874,16.669,16.776,85362,0
20141103,16.864,17,16.718,16.747,153785,0
20141104,16.776,16.883,16.591,16.854,67867,0
20141105,16.922,17.02,16.747,16.903,148314,0
20141106,16.932,17.03,16.864,16.961,105492,0
20141107,17.01,17.263,16.893,17.263,156285,0
20141110,17.273,17.38,17.049,17.263,150750,0
20141111,17.273,17.478,17.147,17.478,122613,0
20141112,17.439,17.78,17.302,17.487,128232,0
20141113,17.5,17.8,17.28,17.29,146488,0
20141114,17.21,17.73,17.21,17.58,109861,0
20141117,17.65,17.98,17.57,17.68,191100,0
20141118,17.68,18.02,17.6,18.02,91968,0
20141119,17.94,18.17,17.75,17.83,103146,0
20141120,17.81,18.15,17.68,17.82,149222,0
20141121,17.98,18.1,17.76,17.84,120651,0
20141124,17.88,17.97,17.58,17.7,136983,0
20141125,17.8,18.19,17.73,18.19,166121,0
20141126,18.15,18.32,18.02,18.16,125555,0
20141128,18.16,18.18,18,18.04,36208,0
20141201,18.01,18.01,17.81,17.86,90467,0
20141202,17.84,18.23,17.82,18.16,50810,0
20141203,18.21,18.4,18.07,18.27,148580,0
20141204,18.12,18.19,18.06,18.09,106267,0
20141205,18.18,18.43,18.11,18.24,120591,0
20141208,18.29,18.7,18.2,18.58,89463,0
20141209,18.48,18.48,18.12,18.22,160963,0
20141210,18.26,18.27,17.75,17.91,56656,0
20141211,18.05,18.65,18.05,18.41,151897,0
20141212,18.44,19.49,18.03,18.11,239970,0
20141215,18.15,18.19,17.58,17.64,82676,0
20141216,17.54,18.33,17.27,17.72,116639,0
20141217,17.8,18.39,17.8,18.24,53779,0
20141218,18.67,18.68,18.09,18.2,76887,0
20141219,18.45,18.62,18.23,18.33,82184,0
20141222,18.5,18.78,18.09,18.78,120813,0
20141223,19,19.25,18.95,19.21,115931,0
20141224,19.24,19.44,19,19,97498,0
20141226,19.1,19.5,19.03,19.5,56445,0
20141229,19.44,19.44,19.04,19.2,78463,0
20141230,19.11,19.5,19.1,19.47,63656,0
20141231,19.42,19.42,18.93,18.93,96039,0
20150102,19.06,19.23,18.95,19.07,60501,0
20150105,19.05,19.06,18.5,18.5,134255,0
20150106,18.55,18.86,18.05,18.06,204133,0
20150107,18.21,18.56,18.09,18.39,93936,0
20150108,18.54,19.02,18.53,18.95,44983,0
20150109,19.14,19.14,18.4,18.61,73957,0
20150112,18.58,18.58,17.9,17.92,113756,0
20150113,18.02,18.52,17.95,17.99,96060,0
20150114,17.88,18.02,17.55,17.8,143144,0
20150115,17.88,18.04,17.55,17.55,92965,0
20150116,17.64,18.05,17.64,18.04,52620,0
