Date,Open,High,Low,Close,Volume,OpenInt
20101019,13.05,13.05,12.8,12.95,109807,0
20101020,12.9,13.05,12.8,13,69295,0
20101021,12.88,12.97,12.85,12.97,31644,0
20101022,12.96,12.96,12.85,12.86,31012,0
20101025,12.86,12.97,12.75,12.87,63409,0
20101026,12.9,12.9,12.75,12.85,52355,0
20101027,12.85,12.98,12.75,12.88,31899,0
20101028,12.75,12.9,12.5,12.72,117636,0
20101029,12.68,12.93,12.5,12.85,72285,0
20101101,12.85,12.91,12.75,12.77,49127,0
20101102,12.83,12.9,12.64,12.86,39741,0
20101103,12.9,13.32,12.85,13.19,157909,0
20101104,13.48,13.95,12.84,13.91,99594,0
20101105,14,14.61,13.83,14.2,156489,0
20101108,14.5,14.97,13.74,14.14,75644,0
20101109,14.23,14.23,13.94,14.12,128036,0
20101110,14.1,14.55,14,14.21,58260,0
20101111,14,14.31,13.81,14.17,37779,0
20101112,14.09,14.21,13.82,14.19,24523,0
20101115,14.24,14.35,13.99,14.34,52979,0
20101116,14.06,14.4,13.86,14.36,34473,0
20101117,14.35,14.4,13.93,14.13,34508,0
20101118,14.24,14.35,13.95,14,130608,0
20101119,13.99,14,13.77,13.77,68950,0
20101122,13.82,13.95,13.43,13.82,53126,0
20101123,13.84,14.1,13.7,14.08,38614,0
20101124,14.65,15,14.55,14.83,345552,0
20101126,14.76,14.89,14.25,14.83,26450,0
20101129,14.95,15.12,14.9,14.97,59729,0
20101130,14.8,15,14.65,15,47771,0
20101201,15,15.25,14.9,15.16,138560,0
20101202,15.25,15.96,15.14,15.69,200964,0
20101203,15.4,15.96,15.34,15.84,91391,0
20101206,15.84,16.25,15.68,16.12,149356,0
20101207,16.5,16.5,16.23,16.44,98881,0
20101208,16.5,16.63,15.96,16.4,66430,0
20101209,16.5,16.6,16.43,16.52,81038,0
20101210,16.56,16.72,16.29,16.45,77827,0
20101213,16.53,16.61,16.16,16.39,54837,0
20101214,16.34,16.42,16.2,16.35,32469,0
20101215,16.31,16.35,15.96,16.09,24022,0
20101216,16.08,16.4,15.86,16.26,43046,0
20101217,16.27,17.11,15.51,16.3,535762,0
20101220,16.36,16.76,16.28,16.65,56018,0
20101221,16.75,17.34,16.6,17.12,169825,0
20101222,17.1,17.7,16.91,17.52,72619,0
20101223,17.54,17.97,17.54,17.9,97929,0
20101227,17.87,18.11,17.56,17.56,25183,0
20101228,17.62,18.02,17.09,17.54,61271,0
20101229,17.49,17.57,17.13,17.55,93857,0
20101230,17.46,17.55,17.09,17.24,24643,0
20101231,17.03,17.69,16.84,17.69,21627,0
20110103,17.84,18.04,17.6,17.98,74924,0
20110104,18.04,18.09,17.15,17.36,62244,0
20110105,17.28,17.77,17.01,17.72,83052,0
20110106,17.69,18,17.63,17.77,40677,0
20110107,17.73,17.75,17.46,17.72,9709,0
20110110,17.68,18.25,17.68,18.14,37794,0
20110111,18.27,18.56,18.15,18.5,77053,0
20110112,18.63,18.84,18.55,18.82,53621,0
20110113,18.88,19.01,18.64,18.79,34179,0
20110114,18.7,18.77,18.51,18.6,84457,0
20110118,18.63,18.63,18.37,18.56,65752,0
20110119,18.47,18.5,17.97,18.11,83073,0
20110120,18.02,18.44,17.93,18.22,78999,0
20110121,18.22,18.31,17.76,17.77,34194,0
20110124,17.9,18.2,17.72,18.01,113849,0
20110125,17.87,18.34,17.53,18.15,53584,0
20110126,18.24,18.78,18.14,18.63,36214,0
20110127,18.64,18.71,18.1,18.39,28867,0
20110128,18.42,18.44,16.89,17.79,136731,0
20110131,17.83,17.87,17.09,17.87,66340,0
20110201,17.95,18.35,17.85,17.9,34057,0
20110202,17.89,17.89,17.03,17.24,64887,0
20110203,17.2,17.2,16.69,16.92,36097,0
20110204,16.8,17.19,16.8,17.08,46955,0
20110207,17.07,17.24,16.82,17.2,18986,0
20110208,17.25,17.64,17.21,17.54,51989,0
20110209,17.49,17.81,17.47,17.54,38778,0
20110210,17.52,17.85,16.76,17,66019,0
20110211,17.06,17.59,16.79,17.28,31425,0
20110214,17.34,18.05,17.19,18.02,34629,0
20110215,17.92,18.1,17.59,17.91,23028,0
20110216,18.02,18.22,17.69,17.77,39406,0
20110218,18,18.21,17.6,17.98,104016,0
20110222,17.9,18.05,17.4,17.51,82244,0
20110223,17.63,17.63,15.82,15.99,170783,0
20110224,16,16.43,16,16.05,42291,0
20110225,16.28,16.83,16.08,16.75,40231,0
20110228,16.86,17.42,16.86,17.3,39346,0
20110301,17.38,17.42,16.46,16.56,73961,0
20110302,16.58,16.75,16,16.58,63963,0
20110303,16.81,17.35,16.57,16.65,59990,0
20110304,16.66,17.8,16.59,16.9,35097,0
20110307,16.94,17.53,16.12,17.11,98943,0
20110308,17.15,17.55,17.08,17.32,14697,0
20110309,17.32,17.45,17.3,17.3,12605,0
20110310,17.16,17.23,16.51,16.83,35393,0
20110311,16.75,17.09,16.75,16.95,19451,0
20110314,16.75,17.36,16.75,17.25,26483,0
20110315,16.81,16.91,15.54,16.54,76271,0
20110316,16.46,16.53,15.82,15.85,48362,0
20110317,15.94,16.59,15.94,16.48,27457,0
20110318,16.62,17.5,16.45,17.34,91230,0
20110321,17.46,17.61,17.05,17.52,42534,0
20110322,17.51,17.52,16.84,17.17,31849,0
20110323,17.01,17.29,16.92,17.23,14116,0
20110324,17.3,17.37,16.14,16.2,37072,0
20110325,16.34,17.06,16.34,16.54,26216,0
20110328,16.49,17.04,16.49,16.86,10451,0
20110329,16.79,16.82,16.36,16.64,11510,0
20110330,16.67,17,16.66,16.96,9088,0
20110331,16.86,16.96,16.62,16.93,22339,0
20110401,16.96,17.38,16.7,16.72,25715,0
20110404,16.87,16.92,16.33,16.34,20980,0
20110405,16.52,16.65,16.34,16.45,36950,0
20110406,16.41,16.63,15.33,15.58,73709,0
20110407,15.64,15.71,14.69,14.85,92659,0
20110408,14.85,14.95,14.42,14.52,40114,0
20110411,14.59,14.59,13.65,13.93,53977,0
20110412,13.76,14.17,13.76,13.91,44288,0
20110413,13.96,14.5,13.91,14.4,48648,0
20110414,14.42,15.67,14.36,14.92,100654,0
20110415,14.85,15.06,14.7,14.93,29622,0
20110418,14.8,14.95,14.7,14.82,44893,0
20110419,14.9,15.02,14.76,14.83,36181,0
20110420,15.08,15.33,14.92,15.05,46858,0
20110421,15.17,16.04,14.92,15.95,33115,0
20110425,15.95,15.95,15.71,15.84,4939,0
20110426,15.91,16.36,15.82,16.27,10617,0
20110427,16.34,16.34,15.9,16.04,6375,0
20110428,16,16.51,16,16.27,15192,0
20110429,16.4,16.62,16.4,16.61,13862,0
20110502,16.65,16.65,16,16.02,12240,0
20110503,16,16.37,16,16.11,41779,0
20110504,16.23,16.23,15.83,15.84,26082,0
20110505,16.72,16.83,16.33,16.54,47618,0
20110506,16.74,16.97,16.55,16.96,41992,0
20110509,16.91,17.23,16.91,17.1,12226,0
20110510,17.19,17.75,17.19,17.7,20508,0
20110511,17.58,17.75,17.52,17.59,13498,0
20110512,17.58,18.06,17.41,18.06,28527,0
20110513,17.97,18,17.63,17.7,41473,0
20110516,17.6,18.1,17.46,17.53,43848,0
20110517,17.61,18.07,17.55,17.92,69084,0
20110518,17.89,18.01,17.87,18,29580,0
20110519,17.91,17.99,17.49,17.91,33996,0
20110520,17.65,17.91,17.59,17.74,41894,0
20110523,17.52,17.84,17.09,17.5,44983,0
20110524,17.58,17.59,17.26,17.28,27929,0
20110525,17.27,17.45,16.98,17.06,52027,0
20110526,16.9,17.62,16.8,17.34,38746,0
20110527,17.44,17.68,17.13,17.24,44130,0
20110531,17.46,18.05,17.16,17.28,327985,0
20110601,17.33,17.39,16.67,16.74,50462,0
20110602,16.7,16.86,16.49,16.77,18280,0
20110603,16.64,16.87,16.64,16.74,20915,0
20110606,16.68,16.74,16.38,16.53,23251,0
20110607,16.66,16.74,16.5,16.56,8292,0
20110608,16.56,16.82,16.56,16.61,7317,0
20110609,16.72,16.8,16.14,16.7,6800,0
20110610,16.67,16.67,16.19,16.21,7252,0
20110613,16.34,16.34,15.14,15.15,24406,0
20110614,15.35,15.66,15.03,15.57,22447,0
20110615,15.49,15.68,15.1,15.36,18946,0
20110616,15.43,15.95,15.4,15.92,13469,0
20110617,16.06,16.3,15.64,16.23,41499,0
20110620,16.09,16.62,15.88,15.93,25728,0
20110621,16.12,16.7,15.94,16.7,69359,0
20110622,16.68,17.01,16.63,16.9,31140,0
20110623,16.7,17.47,16.64,17.43,14135,0
20110624,17.49,18.14,17.27,18.04,180821,0
20110627,17.99,18.05,17.84,17.88,38493,0
20110628,17.87,18,17.72,17.96,41682,0
20110629,18.01,18.06,17.66,17.8,23158,0
20110630,17.78,17.93,17.61,17.69,23744,0
20110701,17.74,18.07,17.65,17.99,20566,0
20110705,17.9,18.33,17.77,18,11054,0
20110706,17.98,17.99,17.94,17.97,22966,0
20110707,18.09,18.09,17.88,17.96,33587,0
20110708,17.66,17.76,17.48,17.71,9058,0
20110711,17.48,17.7,17.41,17.63,107353,0
20110712,17.52,17.64,17.47,17.5,58359,0
20110713,17.64,17.65,17.3,17.5,14196,0
20110714,17.47,18.06,17.47,17.94,9330,0
20110715,17.95,17.95,17.37,17.73,31550,0
20110718,17.67,17.72,16.81,16.81,36937,0
20110719,17.06,17.16,16.9,17.08,10535,0
20110720,17.05,17.11,16.79,16.82,9536,0
20110721,17.08,17.32,16.95,17.16,22117,0
20110722,17.2,17.88,17.15,17.76,12620,0
20110725,17.65,17.7,16.47,17.42,39565,0
20110726,17.54,17.54,16.45,16.74,50096,0
20110727,16.87,16.87,15.35,15.97,49260,0
20110728,15.87,16.99,15.87,16.64,24487,0
20110729,16.45,17.48,16.22,17.22,50365,0
20110801,17.47,17.76,17.08,17.6,37994,0
20110802,17.47,17.85,17.29,17.29,21678,0
20110803,17.4,17.67,16.56,17.26,36329,0
20110804,17.27,17.27,16.01,16.31,37736,0
20110805,16.34,16.34,14.75,15.24,86266,0
20110808,14.77,15.15,13.51,13.6,104501,0
20110809,13.93,16.6,13.2,16.29,112516,0
20110810,15.7,16.47,14.81,15.14,41672,0
20110811,15.26,15.26,14.93,15.03,40870,0
20110812,15.03,15.37,14.38,14.81,54497,0
20110815,15.1,15.27,15.09,15.27,8700,0
20110816,15.06,15.18,14.68,14.71,21521,0
20110817,14.93,15.01,14.39,14.55,46247,0
20110818,14.07,14.07,12.98,13.61,77686,0
20110819,13.17,13.72,11.11,13.6,69165,0
20110822,13.87,14.17,13.62,14.01,69702,0
20110823,14.09,14.16,13.58,14,46293,0
20110824,14.04,14.05,13.41,13.69,24567,0
20110825,13.8,13.8,13.18,13.21,19871,0
20110826,13.19,13.42,12.97,13.21,15711,0
20110829,13.45,14.06,13.41,14,16812,0
20110830,13.94,14,13.71,13.93,19277,0
20110831,14.11,14.33,13.66,13.94,36525,0
20110901,13.89,14,12.82,13.16,46004,0
20110902,12.92,13.3,12.83,12.89,20085,0
20110906,12.47,12.71,12.38,12.6,16983,0
20110907,12.79,13.25,12.71,12.92,47970,0
20110908,12.87,13.07,12.48,12.67,23362,0
20110909,12.55,12.76,12.1,12.12,40027,0
20110912,11.98,12.12,11.89,12.09,7011,0
20110913,12.29,12.54,12.08,12.48,18208,0
20110914,12.53,12.73,12.22,12.56,21040,0
20110915,12.68,12.68,12.35,12.5,9886,0
20110916,12.5,12.61,12.42,12.54,43314,0
20110919,12.33,12.54,12.21,12.24,7111,0
20110920,12.32,12.32,11.8,11.81,10416,0
20110921,11.85,12.09,11.02,11.07,25779,0
20110922,10.66,10.99,10.07,10.23,16744,0
20110923,10.24,10.65,10.16,10.23,32522,0
20110926,10.34,10.46,9.95,10.11,31209,0
20110927,10.34,11.03,10.13,10.55,36538,0
20110928,10.55,10.66,9.86,9.86,30846,0
20110929,10.19,10.21,9.87,10.21,30154,0
20110930,10.07,10.37,10.07,10.31,24974,0
20111003,10.24,10.6,9.86,9.86,42145,0
20111004,9.83,10.43,9.76,10.11,74888,0
20111005,10.24,10.24,9.86,10.08,28135,0
20111006,10.07,10.1,9.65,9.81,50271,0
20111007,9.81,10.06,9.45,9.53,45338,0
20111010,9.7,10,9.7,9.96,35483,0
20111011,9.88,10.06,9.75,10.03,87333,0
20111012,10.11,10.26,9.67,10,51805,0
20111013,9.91,10.84,9.67,10.3,67403,0
20111014,10.31,10.48,9.95,10.24,19604,0
20111017,10.2,10.25,10.1,10.21,39282,0
20111018,10.23,10.29,10.05,10.15,20953,0
20111019,10.17,10.17,9.71,9.75,13306,0
20111020,10.24,10.5,10.02,10.12,186620,0
20111021,10.46,10.83,10.35,10.78,131481,0
20111024,11,11.59,10.93,11.59,83428,0
20111025,11.5,11.63,11,11.12,46295,0
20111026,11.34,11.34,10.93,11.11,44707,0
20111027,11.8,12.4,11.75,12.22,56196,0
20111028,12.13,13.11,12.13,12.77,42392,0
20111031,12.71,12.71,12.23,12.31,35985,0
20111101,11.55,12.07,11.55,11.68,44802,0
20111102,12.23,12.33,11.61,11.81,132559,0
20111103,11.87,12.25,11.29,11.64,58001,0
20111104,11.53,11.54,11.22,11.53,31085,0
20111107,11.53,12.16,11.49,12.07,112978,0
20111108,12,12.32,12,12.22,55598,0
20111109,11.77,11.95,11.54,11.57,32205,0
20111110,11.83,11.88,11,11.15,75853,0
20111111,11.31,11.77,11.31,11.73,27281,0
20111114,11.7,11.7,11.23,11.28,20484,0
20111115,11.27,11.88,11.26,11.82,20270,0
20111116,11.65,11.77,11.4,11.46,27982,0
20111117,11.46,11.53,10.88,10.95,19933,0
20111118,10.96,11.01,10.5,10.86,55203,0
20111121,10.7,10.83,10.39,10.39,32402,0
20111122,10.3,10.48,9.9,9.93,68358,0
20111123,9.9,10.04,9.69,9.7,37790,0
20111125,9.69,9.74,9.51,9.51,8346,0
20111128,9.91,9.91,9.65,9.77,33055,0
20111129,9.84,10.13,9.76,9.79,28524,0
20111130,10.19,10.65,10.1,10.62,68769,0
20111201,10.6,10.6,9.5,9.61,49458,0
20111202,9.76,9.97,9.7,9.82,37827,0
20111205,10.03,11.79,10.03,11.25,71501,0
20111206,11.34,11.34,10.5,10.79,43941,0
20111207,10.7,11.13,10.25,11.03,38844,0
20111208,10.92,11.08,10.59,10.65,60278,0
20111209,10.76,11.54,10.76,11.37,27053,0
20111212,11.24,11.36,10.78,10.94,16277,0
20111213,11.11,11.2,10.66,10.69,16939,0
20111214,10.59,11.24,10.45,11.03,42804,0
20111215,11.24,11.24,10.55,10.81,19367,0
20111216,10.87,11.05,10.25,10.25,38340,0
20111219,10.35,11.22,10.12,10.14,26266,0
20111220,10.44,11.1,10.39,11.1,22995,0
20111221,10.96,11.01,10.41,10.56,26173,0
20111222,10.57,10.75,10.52,10.63,10636,0
20111223,10.68,11.01,10.68,10.89,14278,0
20111227,10.84,10.9,10.69,10.82,10613,0
20111228,10.77,10.77,10.26,10.27,14130,0
20111229,10.5,11.1,10.32,10.84,48622,0
20111230,10.81,10.98,10.68,10.74,31081,0
20120103,10.95,11.21,10.9,11.02,21983,0
20120104,11.08,11.08,10.67,10.89,8502,0
20120105,10.87,11.19,10.73,11.08,21285,0
20120106,11.09,11.43,11.09,11.23,24097,0
20120109,11.29,11.34,11.18,11.33,14777,0
20120110,11.52,12.28,11.51,11.87,27375,0
20120111,11.84,12.01,11.69,11.91,34088,0
20120112,11.95,11.98,11.78,11.95,6190,0
20120113,11.74,11.83,11.69,11.78,12035,0
20120117,11.96,12.12,11.27,11.31,37449,0
20120118,11.35,11.4,10.76,11.31,36811,0
20120119,11.32,11.38,10.88,11.03,19675,0
20120120,11,11.27,10.97,11.18,10942,0
20120123,11.21,11.53,11.06,11.39,17498,0
20120124,11.31,11.77,11.31,11.71,8324,0
20120125,11.73,12,11.73,11.86,16036,0
20120126,11.89,12.29,11.79,12,66659,0
20120127,11.95,12.04,11.89,11.96,6409,0
20120130,11.85,11.88,11.69,11.69,15385,0
20120131,11.83,11.86,11.26,11.42,21408,0
20120201,11.65,11.65,10.88,11.29,72560,0
20120202,11.28,11.33,11.11,11.24,15652,0
20120203,11.5,11.6,11.45,11.53,54778,0
20120206,11.51,11.54,11.36,11.48,44083,0
20120207,11.56,11.6,11.46,11.52,9184,0
20120208,11.58,12.69,11.48,12.67,75258,0
20120209,12.81,13.25,12.73,13.09,58140,0
20120210,12.98,13.06,12.87,12.87,23277,0
20120213,13,13.44,12.99,13.26,26785,0
20120214,13.32,13.42,13.16,13.35,23323,0
20120215,13.5,13.94,13.34,13.76,33676,0
20120216,13.74,14.24,13.61,13.95,31896,0
20120217,13.95,14.06,13.73,13.73,45862,0
20120221,13.72,13.79,13.1,13.52,36511,0
20120222,13.56,13.74,13.52,13.53,14571,0
20120223,13.55,13.56,12.74,13.04,152131,0
20120224,13.11,13.35,13.11,13.15,25360,0
20120227,13.72,13.72,13.05,13.18,37087,0
20120228,13.24,13.33,13.01,13.04,18442,0
20120229,13.03,13.18,12.74,12.74,18935,0
20120301,13.67,13.67,12.5,12.5,38911,0
20120302,12.48,12.57,11.85,11.89,51783,0
20120305,11.99,11.99,11.61,11.71,43874,0
20120306,11.53,11.65,11.11,11.26,60436,0
20120307,11.31,11.46,11.29,11.35,24450,0
20120308,11.57,11.65,11.28,11.42,106786,0
20120309,11.47,11.77,11.4,11.52,36926,0
20120312,11.63,11.66,11.21,11.51,34426,0
20120313,11.62,11.69,11.52,11.63,34199,0
20120314,11.64,11.88,11.57,11.75,25508,0
20120315,11.88,11.95,11.73,11.83,18735,0
20120316,11.86,11.92,11.67,11.78,68537,0
20120319,11.78,12.68,11.78,12.49,26284,0
20120320,12.45,12.45,12.08,12.19,19412,0
20120321,12.22,12.71,12.01,12.57,27504,0
20120322,12.46,12.72,12.1,12.21,16026,0
20120323,12.36,13,12.24,13,19228,0
20120326,13.18,13.48,12.95,13.45,25255,0
20120327,13.5,13.52,13.1,13.15,14084,0
20120328,13.23,13.23,12.21,12.33,19891,0
20120329,12.3,12.5,12.12,12.39,10735,0
20120330,12.54,12.59,12.17,12.18,54468,0
20120402,12.21,13.25,12.08,13.13,24374,0
20120403,13.06,13.09,12.6,12.62,9922,0
20120404,12.54,12.62,11.85,11.97,23941,0
20120405,11.96,12,11.8,11.82,2524,0
20120409,11.51,11.53,11.1,11.25,19510,0
20120410,11.16,11.2,10.57,10.61,31709,0
20120411,10.67,10.8,10.59,10.78,18728,0
20120412,10.76,11.37,10.76,11.26,29003,0
20120413,11.21,11.21,10.61,10.76,14927,0
20120416,10.84,11.4,10.84,11.26,26508,0
20120417,11.43,11.51,11.28,11.38,7714,0
20120418,11.36,11.44,11.11,11.24,11837,0
20120419,11.27,11.46,11.11,11.16,10980,0
20120420,11.19,11.46,11.19,11.24,12582,0
20120423,10.97,10.97,10.46,10.75,21612,0
20120424,10.74,10.9,10.72,10.9,5779,0
20120425,10.94,11.18,10.87,11.17,8313,0
20120426,11.19,11.47,11.16,11.47,9263,0
20120427,11.49,11.89,11.44,11.76,15787,0
20120430,11.82,11.82,10.64,10.64,58262,0
20120501,10.75,10.78,10.25,10.26,20532,0
20120502,10.2,10.35,10,10.35,38940,0
20120503,10.62,11.94,10.62,11.82,53726,0
20120504,11.77,11.77,11.13,11.22,24314,0
20120507,11.11,11.11,10.67,10.77,25127,0
20120508,10.68,11.08,10.68,11.05,11787,0
20120509,10.89,12,10.72,11.92,56172,0
20120510,12.18,13,12.18,12.88,45750,0
20120511,12.88,13.73,12.84,13.53,52982,0
20120514,13.32,13.53,12.83,12.84,24075,0
20120515,12.91,12.91,12.03,12.06,36425,0
20120516,12.07,12.28,11.34,11.49,28318,0
20120517,11.45,11.45,11.02,11.02,23916,0
20120518,11,11.45,11,11.09,59234,0
20120521,11.17,12.32,11.17,12.32,54204,0
20120522,12.38,12.62,11.85,11.97,44817,0
20120523,11.81,12.44,11.79,12.17,24073,0
20120524,12.16,12.22,11.82,12.08,13413,0
20120525,12.1,12.26,11.77,11.91,45663,0
20120529,12.08,12.42,11.9,12.4,24146,0
20120530,12.21,12.52,12.16,12.4,23918,0
20120531,12.46,12.91,12.34,12.66,55235,0
20120601,12.33,12.33,11.39,11.43,30770,0
20120604,11.55,11.63,10.8,10.88,40149,0
20120605,11.25,11.42,10.8,11.3,57524,0
20120606,11.5,11.66,11.14,11.36,47122,0
20120607,11.69,11.69,11.26,11.3,24616,0
20120608,11.19,11.48,10.75,11.44,49441,0
20120611,11.63,11.63,10.48,10.48,48085,0
20120612,10.65,10.98,10.36,10.82,40716,0
20120613,10.88,10.88,10.55,10.63,13501,0
20120614,10.61,10.67,10.4,10.62,19646,0
20120615,10.64,11.25,10.57,11.08,54996,0
20120618,11.1,11.1,10.55,10.65,44041,0
20120619,10.67,11.17,10.67,10.91,31170,0
20120620,10.86,11,10.61,10.69,29352,0
20120621,10.66,10.77,10.04,10.08,62011,0
20120622,10.13,10.57,10,10.54,107419,0
20120625,10.4,10.55,10.22,10.51,18035,0
20120626,10.57,10.57,10.01,10.18,25352,0
20120627,10.26,10.31,9.7,9.8,82649,0
20120628,9.76,10.36,9.76,10.34,29901,0
20120629,10.8,10.91,10.47,10.5,29416,0
20120702,10.49,10.49,10.07,10.38,23303,0
20120703,10.57,11.17,10.35,10.97,32606,0
20120705,9.58,10.77,9.44,10.3,183556,0
20120706,10.05,10.29,10,10.03,35687,0
20120709,10,10.1,9.75,10.06,29207,0
20120710,10.1,10.1,9.73,9.75,34380,0
20120711,9.8,9.81,9.35,9.47,55146,0
20120712,9.25,9.3,9,9.25,23609,0
20120713,9.29,9.74,9.29,9.67,23612,0
20120716,9.59,9.75,9.57,9.68,12300,0
20120717,9.71,9.85,9.61,9.8,9463,0
20120718,9.49,9.79,9.15,9.56,34838,0
20120719,9.54,9.66,9.54,9.6,13178,0
20120720,9.48,9.48,9.1,9.1,23169,0
20120723,8.9,8.9,8.42,8.76,20901,0
20120724,8.79,8.79,8.4,8.47,21128,0
20120725,8.69,8.79,8.18,8.23,30938,0
20120726,8.52,8.6,8.1,8.48,52343,0
20120727,8.61,8.96,8.53,8.96,38963,0
20120730,8.92,8.92,8.57,8.6,21289,0
20120731,8.59,8.77,8.24,8.59,42364,0
20120801,8.56,8.56,8.14,8.14,27825,0
20120802,8.08,8.08,7.75,7.91,18899,0
20120803,8,8.23,7.79,7.85,24774,0
20120806,7.81,8.71,7.77,8.71,45752,0
20120807,8.85,9.93,8.61,9.28,80781,0
20120808,9.26,9.26,8.76,8.96,15457,0
20120809,8.91,8.91,8.67,8.75,20566,0
20120810,8.7,8.75,8.4,8.71,21929,0
20120813,8.69,8.73,8.5,8.55,8429,0
20120814,8.68,8.68,8.07,8.37,14576,0
20120815,8.32,8.68,8.32,8.52,22000,0
20120816,8.47,8.85,8.4,8.81,14946,0
20120817,8.83,9.65,8.8,9.64,34518,0
20120820,9.52,9.8,9.45,9.54,11118,0
20120821,9.56,9.8,9.45,9.48,5721,0
20120822,9.42,9.44,8.5,8.84,14308,0
20120823,8.88,9,8.46,8.51,16919,0
20120824,8.43,8.57,8.39,8.5,72617,0
20120827,8.5,8.5,7.9,8.18,24459,0
20120828,8.16,8.24,7.69,7.88,44289,0
20120829,7.95,8.35,7.89,8.04,34442,0
20120830,7.94,7.99,7.58,7.59,16556,0
20120831,7.58,7.61,7.43,7.53,29125,0
20120904,7.53,7.53,7.39,7.46,19889,0
20120905,7.36,7.4,6.91,7.02,98513,0
20120906,7.05,7.34,7.05,7.19,46956,0
20120907,7.3,7.6,7.3,7.5,49264,0
20120910,7.54,7.98,7.48,7.82,21674,0
20120911,7.81,7.81,7.7,7.79,8035,0
20120912,7.85,7.93,7.77,7.9,25838,0
20120913,7.94,8.26,7.81,8.13,37385,0
20120914,8.24,8.67,8.16,8.52,28912,0
20120917,8.52,8.58,7.95,8.24,24900,0
20120918,8.16,8.5,8.11,8.15,15931,0
20120919,8.25,8.52,8.25,8.27,22790,0
20120920,8.15,8.5,8.11,8.17,33672,0
20120921,8.41,8.41,7.78,7.98,71909,0
20120924,7.94,8.35,7.85,8.3,24021,0
20120925,8.3,8.3,7.64,7.73,28530,0
20120926,7.75,7.87,7.75,7.85,6649,0
20120927,7.74,7.78,7.65,7.78,16363,0
20120928,7.71,7.93,7.5,7.71,53598,0
20121001,7.8,8.01,7.46,7.77,34382,0
20121002,7.85,8.11,7.63,7.69,20250,0
20121003,7.74,8.05,7.71,7.89,15780,0
20121004,7.96,7.96,7.77,7.88,18122,0
20121005,7.86,7.87,7.49,7.5,11359,0
20121008,7.42,7.47,7.22,7.24,12892,0
20121009,7.29,7.29,7,7.02,11817,0
20121010,7.06,7.3,6.85,6.85,25275,0
20121011,6.92,6.96,6.65,6.83,20811,0
20121012,6.85,7.11,6.81,7.07,33853,0
20121015,7.06,7.24,6.79,6.96,29058,0
20121016,7.04,7.23,7.02,7.07,10076,0
20121017,7.06,7.24,6.97,7,7537,0
20121018,7.05,7.18,6.63,6.74,25072,0
20121019,6.66,6.73,6.35,6.39,33799,0
20121022,6.34,6.66,6.34,6.62,14703,0
20121023,6.52,6.81,6.46,6.65,16918,0
20121024,6.67,6.85,6.5,6.72,16217,0
20121025,6.82,7,6.66,6.92,42355,0
20121026,6.94,7.14,6.85,6.99,44488,0
20121031,7.05,7.12,6.89,7.08,10547,0
20121101,6.88,7.18,6.71,6.83,34888,0
20121102,6.84,7.1,6.84,6.97,44802,0
20121105,6.89,7.1,6.89,6.98,17082,0
20121106,7.04,7.07,6.76,6.87,17120,0
20121107,6.74,6.88,6.43,6.75,12939,0
20121108,6.69,6.82,6.6,6.65,16404,0
20121109,6.56,6.56,6.41,6.44,9586,0
20121112,6.43,6.7,6.28,6.49,38928,0
20121113,6.46,6.58,6.4,6.5,16746,0
20121114,6.52,6.69,6.07,6.11,56628,0
20121115,6.11,6.27,6,6.15,19995,0
20121116,6.14,6.22,6.14,6.16,10800,0
20121119,6.26,6.42,6.25,6.38,10608,0
20121120,6.4,6.45,6.36,6.42,7751,0
20121121,6.45,6.83,6.4,6.82,8529,0
20121123,6.91,6.97,6.8,6.82,8919,0
20121126,6.82,7.17,6.82,7.15,12941,0
20121127,7.1,7.1,7.01,7.04,4439,0
20121128,7.01,7.28,6.74,7.25,34735,0
20121129,7.37,7.55,7.31,7.55,15314,0
20121130,7.51,7.95,7.51,7.85,70999,0
20121203,7.78,8.02,7.6,7.99,26145,0
20121204,7.98,7.98,7.66,7.76,27868,0
20121205,7.79,7.82,7.61,7.75,11103,0
20121206,7.82,8,7.71,7.78,14523,0
20121207,7.8,7.81,7.61,7.7,25892,0
20121210,7.68,7.99,7.62,7.98,11946,0
20121211,8,8.17,8,8.09,21049,0
20121212,8.14,8.14,7.77,7.83,7532,0
20121213,7.87,7.87,7.63,7.78,8048,0
20121214,7.94,7.98,7.62,7.82,91456,0
20121217,7.85,7.88,7.61,7.87,12140,0
20121218,7.88,8.06,7.8,8.06,18009,0
20121219,8.04,8.12,7.88,7.98,16125,0
20121220,7.93,8.01,7.87,8.01,9894,0
20121221,7.95,8.08,7.82,7.91,32441,0
20121224,7.84,7.87,7.7,7.76,4024,0
20121226,7.75,7.86,7.74,7.74,8458,0
20121227,7.73,7.73,7.05,7.44,33813,0
20121228,7.5,8.5,7.5,8.07,66175,0
20121231,8.15,8.56,8,8.05,43613,0
20130102,8.25,8.61,8.21,8.56,34094,0
20130103,8.62,9.05,8.59,8.98,39608,0
20130104,9.41,9.65,9.25,9.44,61356,0
20130107,9.27,9.66,9.13,9.61,50128,0
20130108,9.58,9.98,9.5,9.83,19573,0
20130109,9.83,9.97,9.66,9.68,44802,0
20130110,9.79,9.79,9.16,9.52,34795,0
20130111,9.53,9.62,9.46,9.54,22899,0
20130114,9.52,9.57,9.45,9.5,23050,0
20130115,9.44,9.49,9.34,9.41,13950,0
20130116,9.4,9.48,9.03,9.21,9387,0
20130117,9.22,9.26,9.11,9.15,29310,0
20130118,9.16,9.65,9.09,9.65,19079,0
20130122,9.66,9.77,9.48,9.61,39417,0
20130123,9.73,10.07,9.16,9.16,33700,0
20130124,9.25,9.86,9.25,9.34,27277,0
20130125,9.43,9.43,9.13,9.2,14657,0
20130128,9.22,9.44,9.2,9.4,14640,0
20130129,9.35,9.54,9.27,9.51,12007,0
20130130,9.52,9.58,9.05,9.5,35990,0
20130131,9.5,9.78,9.48,9.69,20840,0
20130201,9.63,9.71,9.52,9.55,8611,0
20130204,9.39,9.5,9.31,9.39,15521,0
20130205,9.42,9.87,9.4,9.77,18326,0
20130206,9.63,10.01,9.57,10.01,19506,0
20130207,9.97,9.97,9.35,9.44,15459,0
20130208,9.49,9.9,9.26,9.83,48161,0
20130211,9.8,9.8,9.53,9.59,4257,0
20130212,9.57,9.71,9.17,9.71,16044,0
20130213,9.72,9.76,9.53,9.71,15008,0
20130214,9.72,9.83,9.64,9.83,8649,0
20130215,10.12,11.23,10.07,11.06,101159,0
20130219,11.25,12.47,11.18,12.36,68202,0
20130220,12.77,12.8,11.45,12.16,64686,0
20130221,12.15,12.19,10.86,11.93,52816,0
20130222,12.01,12.49,11.79,11.94,28586,0
20130225,11.99,12.32,11.22,11.27,38102,0
20130226,11.36,11.44,11.1,11.16,17146,0
20130227,11.17,12.6,11.17,12.17,23780,0
20130228,12.1,12.23,12.04,12.04,13714,0
20130301,12,12.27,12,12.21,7279,0
20130304,12.1,12.98,12.1,12.98,56978,0
20130305,13.01,13.21,12.69,12.76,26523,0
20130306,12.76,12.76,12.39,12.6,30959,0
20130307,12.61,13.09,12.53,13.08,30679,0
20130308,13.23,13.5,12.99,13.49,50836,0
20130311,13.45,13.5,12.88,13.41,24717,0
20130312,13.33,13.35,12.87,13.09,11471,0
20130313,14.04,14.04,12.83,13.49,26100,0
20130314,13.5,13.65,13.37,13.63,21208,0
20130315,13.64,13.75,13.39,13.68,88766,0
20130318,13.68,13.68,13.09,13.53,11027,0
20130319,13.56,13.87,13.39,13.42,15637,0
20130320,13.61,14.15,13.56,14.13,23165,0
20130321,13.98,14.49,13.52,14.29,43322,0
20130322,14.2,14.25,13.91,14.05,15716,0
20130325,14.14,14.23,13.9,14.15,9281,0
20130326,14.17,14.3,13.86,14.27,17570,0
20130327,14.06,14.37,13.86,14.32,16398,0
20130328,14.25,14.28,13.99,14,11023,0
20130401,13.87,14.25,13.61,13.9,12270,0
20130402,14.11,14.21,13.95,14.03,10883,0
20130403,13.87,14.14,13.78,13.85,26208,0
20130404,13.98,14,13.53,13.85,24430,0
20130405,13.55,13.74,13.4,13.65,24968,0
20130408,13.92,14.45,13.87,14.25,18715,0
20130409,14.33,14.43,14.09,14.24,20241,0
20130410,14.25,14.45,14.23,14.45,8582,0
20130411,14.39,14.45,14.23,14.36,15498,0
20130412,14.32,14.33,13.76,13.96,10310,0
20130415,13.9,13.92,12.57,12.97,14469,0
20130416,13.04,13.41,12.67,13.21,16443,0
20130417,13.13,13.33,12.73,12.82,14769,0
20130418,12.97,13.86,12.82,13.4,41750,0
20130419,13.49,14.19,13.05,14.07,32171,0
20130422,14.31,14.63,14.03,14.47,156089,0
20130423,14.44,14.99,14.44,14.9,23752,0
20130424,14.91,16.01,14.74,15.99,46946,0
20130425,16,16.13,15.67,16.01,30384,0
20130426,16.13,16.2,15,15.99,41367,0
20130429,16.12,16.2,15.9,16.18,18588,0
20130430,16.14,16.19,15.99,16.09,15166,0
20130501,16.1,16.25,15.9,16.02,56069,0
20130502,16.34,18.99,16.21,18.84,258648,0
20130503,19.18,20.92,19.18,20.06,220433,0
20130506,20.2,20.58,17.55,17.8,304348,0
20130507,18.02,19.15,17,19,159736,0
20130508,19.01,19.29,18.66,19.16,55542,0
20130509,19.64,20,19.06,19.72,82652,0
20130510,20.1,20.2,19.44,20,119452,0
20130513,21.25,21.25,19.1,19.69,113571,0
20130514,19.99,20.28,19.7,19.87,105813,0
20130515,20.09,20.24,19.81,20.05,68101,0
20130516,20.03,20.25,19.5,19.91,55057,0
20130517,19.93,20.07,19.43,19.96,78195,0
20130520,20.2,20.23,19.84,19.98,78845,0
20130521,19.85,20.22,19.84,20,62562,0
20130522,20,20.23,19.33,19.73,58367,0
20130523,19.1,19.72,17.57,19.72,103856,0
20130524,19.53,20,19.34,20,56002,0
20130528,20.02,20.35,19.57,20.06,92000,0
20130529,20.04,20.45,19.6,20,71847,0
20130530,19.99,19.99,18.19,19,168650,0
20130531,19.05,19.5,18.8,18.91,123656,0
20130603,18.91,19.19,18.31,18.39,137337,0
20130604,18.39,18.99,18.23,18.33,121825,0
20130605,18.24,18.69,17.95,18.5,46560,0
20130606,18.54,19.06,18.35,18.98,71330,0
20130607,19,19.1,17.09,19,117905,0
20130610,19.34,19.68,18.53,18.97,83849,0
20130611,18.75,19.09,18.54,18.83,73720,0
20130612,19.09,19.09,18.54,18.7,59153,0
20130613,18.77,19.39,18.69,19,77063,0
20130614,19.02,19.17,18.85,18.86,79899,0
20130617,19.18,19.38,18.82,18.9,62171,0
20130618,19.15,19.15,18.69,18.75,107754,0
20130619,18.82,19.08,18.71,18.8,90926,0
20130620,18.64,18.82,18.17,18.37,56917,0
20130621,18.5,18.8,18.01,18.23,279985,0
20130624,17.89,17.91,16.88,17.6,162593,0
20130625,17.75,18.68,17.6,18.6,52052,0
20130626,18.86,19.28,18.86,19,70044,0
20130627,19.2,20.02,19,19.77,80248,0
20130628,19.77,20.04,19.55,19.79,198810,0
20130701,19.78,20.7,19.78,20.34,194567,0
20130702,20.4,20.83,19.55,19.95,206667,0
20130703,19.92,20.6,19.89,20.41,65226,0
20130705,20.73,21.18,20.38,20.67,75726,0
20130708,20.87,21.68,20.86,21.27,163843,0
20130709,21.37,21.52,21.17,21.42,105965,0
20130710,21.49,21.67,20.89,21.07,88147,0
20130711,21.5,21.6,21.05,21.47,102392,0
20130712,21.38,22.46,21.21,21.9,177810,0
20130715,22.16,23.72,22.15,23.3,250888,0
20130716,23.41,23.93,22.8,23.51,248506,0
20130717,23.68,23.89,21.95,22.05,208916,0
20130718,22.06,23.44,22.06,23.17,133816,0
20130719,23.19,23.55,22.58,23,109357,0
20130722,22.45,22.5,19.1,19.85,918416,0
20130723,20.09,20.98,19.85,20.77,457134,0
20130724,20.8,21.9,20.26,21.65,448016,0
20130725,21.05,21.23,20.39,20.57,4451699,0
20130726,20.5,21,20.43,20.95,975076,0
20130729,20.93,21.75,20.85,21.7,563587,0
20130730,21.75,22.14,21.7,21.9,655961,0
20130731,21.65,22.43,21.12,22.31,634065,0
20130801,22.43,22.5,21.75,21.99,495265,0
20130802,21.67,22.65,21.25,22.24,394251,0
20130805,22.4,22.5,21.69,22.14,267419,0
20130806,22.11,22.15,21.07,21.69,165273,0
20130807,21.43,21.43,20.38,20.8,391385,0
20130808,20.69,21.43,20.69,21.38,354406,0
20130809,21.36,21.9,21.16,21.4,148767,0
20130812,21.21,21.56,20.91,21.33,223504,0
20130813,21.46,21.5,20.69,21.39,460703,0
20130814,21.5,21.75,21.29,21.43,247224,0
20130815,21.18,21.18,19.99,20.16,232342,0
20130816,20.02,20.39,19.69,19.9,194611,0
20130819,19.99,20.46,19.87,20.09,177971,0
20130820,19.95,20.5,19.73,20.32,243175,0
20130821,20.14,20.31,19.95,20.13,134097,0
20130822,20.23,21.47,20.23,21.4,148294,0
20130823,21.42,21.48,21.07,21.31,174350,0
20130826,21.3,21.73,21.11,21.21,321399,0
20130827,20.86,21.14,20.59,20.73,226849,0
20130828,20.82,21.39,20.5,21.25,191572,0
20130829,21.22,21.49,20.92,21.37,237463,0
20130830,21.35,21.38,20.29,20.48,100901,0
20130903,20.76,20.95,20.17,20.45,186095,0
20130904,20.45,21.15,20.29,21.1,157522,0
20130905,21.19,21.69,21.1,21.53,134964,0
20130906,21.67,21.9,20.97,21.37,96416,0
20130909,21.5,22.05,21.3,21.83,343890,0
20130910,21.85,22.85,21.83,22.69,203059,0
20130911,22.7,22.75,21.83,22.06,166077,0
20130912,22.07,22.08,21.45,21.94,123630,0
20130913,21.97,22.08,21.53,21.95,89366,0
20130916,22,22,21.44,21.52,161291,0
20130917,21.54,21.95,21.49,21.76,110454,0
20130918,21.76,21.76,20.98,21.49,86456,0
20130919,21.5,21.5,20.93,21.15,135207,0
20130920,21.15,21.66,20.87,20.98,122348,0
20130923,20.9,20.96,20.07,20.42,165631,0
20130924,20.4,20.91,20.27,20.63,169009,0
20130925,20.71,20.99,20.48,20.77,118295,0
20130926,20.76,21.03,20.05,20.29,171799,0
20130927,20.15,20.38,20.03,20.24,95867,0
20130930,20,20.27,19.93,19.99,257946,0
20131001,20.05,20.41,20.01,20.09,226384,0
20131002,19.87,20.35,19.67,20.24,276314,0
20131003,20.22,20.46,20.01,20.26,208435,0
20131004,20.22,20.35,19.96,20.22,51740,0
20131007,20.02,20.1,19.62,19.87,171036,0
20131008,19.86,19.92,18.86,19.11,127675,0
20131009,19.12,19.19,18.87,18.99,121276,0
20131010,19.28,19.58,19.02,19.23,105522,0
20131011,19.1,19.82,19.1,19.72,78189,0
20131014,19.54,19.96,19.51,19.75,36816,0
20131015,19.75,19.86,19.22,19.3,109235,0
20131016,19.41,19.85,19.3,19.52,78032,0
20131017,19.4,20.02,19.4,19.99,136362,0
20131018,20.22,20.78,19.9,20.42,197341,0
20131021,20.34,21.04,20.34,20.86,213415,0
20131022,20.97,21.32,20.66,21.14,185999,0
20131023,21.24,21.45,21.08,21.27,393001,0
20131024,21.4,22.22,21.11,22.13,251995,0
20131025,22.14,22.39,21.67,21.73,93580,0
20131028,21.88,21.96,21.36,21.46,91874,0
20131029,21.75,22,21.3,21.73,274290,0
20131030,22.75,22.75,21.7,21.77,530850,0
20131031,21.83,22.11,21.05,21.22,617167,0
20131101,20.03,20.28,19.81,20.14,1708550,0
20131104,20.25,20.69,20.08,20.64,874900,0
20131105,20.21,21,20.06,20.85,623871,0
20131106,20.97,21.27,20.66,20.95,337618,0
20131107,20.93,21.15,19.96,19.96,231990,0
20131108,19.85,20.6,19.69,20.39,165857,0
20131111,20.35,20.75,20.24,20.52,250903,0
20131112,20.56,20.95,20.56,20.94,391517,0
20131113,20.94,21.45,20.94,21.38,396962,0
20131114,21.47,21.96,21.4,21.9,469419,0
20131115,22,22.13,21.8,21.95,290673,0
20131118,22.03,22.1,21.55,21.61,257100,0
20131119,21.6,21.82,20.61,20.78,175088,0
20131120,20.92,21.12,20.46,20.57,165357,0
20131121,20.67,21.06,20.56,20.98,180455,0
20131122,21.01,21.09,20.59,20.69,149721,0
20131125,20.63,20.94,20.33,20.92,216308,0
20131126,20.95,21.18,20.62,21.07,242126,0
20131127,21.03,21.25,20.97,21.25,80497,0
20131129,21.28,21.62,21.25,21.49,87264,0
20131202,21.49,21.91,21.49,21.77,278295,0
20131203,21.77,21.87,21.41,21.69,268220,0
20131204,21.56,21.84,21.43,21.65,306777,0
20131205,21.62,21.77,21.56,21.58,166732,0
20131206,21.85,21.95,21.42,21.55,212390,0
20131209,21.55,21.71,20.97,21.2,223839,0
20131210,21.06,21.47,21.03,21.13,103376,0
20131211,20.99,21,20.01,20.2,506060,0
20131212,20.2,20.59,20.02,20.35,129533,0
20131213,20.35,20.66,20.18,20.27,138414,0
20131216,20.33,21.11,20.2,20.93,165487,0
20131217,20.88,21.15,20.82,21.09,154630,0
20131218,21.07,21.36,20.56,21.35,212337,0
20131219,21.26,21.34,21,21.28,103337,0
20131220,21.32,21.45,20.98,21.39,218775,0
20131223,21.45,21.75,21.45,21.57,122079,0
20131224,21.68,21.9,21.57,21.76,105673,0
20131226,21.89,22,21.7,21.77,93290,0
20131227,21.83,22,21.31,21.6,130429,0
20131230,21.65,21.73,21.55,21.68,95630,0
20131231,21.58,21.71,21.1,21.4,359746,0
20140102,21.37,21.37,20.72,21.25,163460,0
20140103,21.23,21.7,20.9,21.69,153377,0
20140106,21.7,22.15,21.4,21.82,252456,0
20140107,21.89,22.54,21.82,21.99,289634,0
20140108,22.1,22.54,22.07,22.4,161158,0
20140109,22.51,23.68,22.34,23.66,246194,0
20140110,24.21,24.89,24.13,24.59,332411,0
20140113,24.71,24.89,23.8,23.99,201971,0
20140114,24.01,25.01,24.01,24.69,196244,0
20140115,24.65,24.98,24.51,24.66,166821,0
20140116,24.62,24.88,24.5,24.73,100470,0
20140117,24.8,25.28,24.7,24.84,70900,0
20140121,25.08,25.7,24.5,24.55,263573,0
20140122,24.52,24.85,24.28,24.4,351506,0
20140123,24.29,24.44,23.98,24.31,177375,0
20140124,24.14,24.29,22.82,22.96,197762,0
20140127,23.16,23.3,21.7,22.63,230514,0
20140128,22.7,23.21,22.14,22.62,150072,0
20140129,22.41,22.77,22.16,22.35,130025,0
20140130,22.54,22.85,22.3,22.67,140269,0
20140131,22.27,22.55,22.1,22.23,130799,0
20140203,22.14,22.14,20.32,20.54,209574,0
20140204,20.64,21.02,20.14,20.84,268068,0
20140205,20.77,20.84,20.07,20.66,229326,0
20140206,20.84,21.16,20.66,20.79,116372,0
20140207,21,22.3,21,22.12,199915,0
20140210,22.14,22.19,21.52,21.92,143141,0
20140211,21.9,22.15,21.77,22.06,121581,0
20140212,22.05,22.77,21.94,22.61,287742,0
20140213,21.79,25.02,21.64,24.91,895683,0
20140214,25,25.32,24.19,24.68,329154,0
20140218,24.7,25.2,24.46,25.1,161615,0
20140219,25,26.17,25,25.53,251240,0
20140220,25.54,26.15,25.27,26.13,228695,0
20140221,26.13,26.48,25.77,26.27,135331,0
20140224,26.47,26.59,26.01,26.05,177250,0
20140225,26.09,26.27,25.85,25.96,223504,0
20140226,26.05,26.21,25.58,25.84,133036,0
20140227,25.6,25.91,25.22,25.8,101763,0
20140228,25.73,26.09,25.39,25.68,205775,0
20140303,25.47,25.48,24.61,25.16,146941,0
20140304,25.51,26.45,25.39,26.03,218449,0
20140305,26,26.5,26,26.45,229317,0
20140306,26.51,27.56,26.44,26.58,182325,0
20140307,26.72,26.98,26.23,26.62,154573,0
20140310,26.48,27.05,26.37,26.72,223303,0
20140311,26.75,26.77,26.12,26.4,174034,0
20140312,26.85,27.59,26.79,27.01,365797,0
20140313,27.3,27.3,26.47,26.75,134005,0
20140314,27.09,27.25,26.1,26.42,233799,0
20140317,26.53,26.74,26.06,26.25,116528,0
20140318,26.23,26.7,26.1,26.64,103538,0
20140319,26.57,26.65,26.05,26.17,61472,0
20140320,26.13,26.44,25.57,25.73,71397,0
20140321,25.78,25.81,25.19,25.73,243635,0
20140324,25.67,25.72,24.46,25.35,156408,0
20140325,25.49,25.9,25.18,25.25,110584,0
20140326,25.56,25.94,25.5,25.66,116400,0
20140327,25.72,26.11,25.48,25.9,196639,0
20140328,26.04,27.11,26.03,27.06,221282,0
20140331,27.1,27.49,26.96,27.22,424066,0
20140401,27.36,29.1,27.36,28.83,414561,0
20140402,29.04,29.45,28.53,29.32,350739,0
20140403,29.31,30.09,28.93,29.88,326035,0
20140404,30.28,30.28,28.93,29.15,185104,0
20140407,29.04,29.1,27.54,28.05,164970,0
20140408,28.11,28.84,27.88,28.65,140979,0
20140409,28.65,29.07,28.47,28.55,120175,0
20140410,28.64,28.73,27,27.35,131782,0
20140411,26.96,27.23,26.15,26.31,159946,0
20140414,26.29,26.61,25.73,26.31,165399,0
20140415,26.39,26.44,25.5,26.15,96475,0
20140416,26.24,26.71,25.78,26.4,113735,0
20140417,26.43,26.7,26.06,26.31,76363,0
20140421,26.34,27.08,26.02,26.99,132170,0
20140422,27.13,27.66,26.86,27.46,110951,0
20140423,27.54,27.89,27.12,27.38,79503,0
20140424,27.59,28.06,27.42,27.78,126182,0
20140425,27.76,27.86,27.11,27.12,160753,0
20140428,27.26,27.37,26.15,26.93,102241,0
20140429,26.92,27.28,26.55,26.82,212808,0
20140430,27,27.83,26.6,27.81,351015,0
20140501,27.85,28.53,27.68,28.49,199825,0
20140502,28.5,28.75,28.26,28.57,130589,0
20140505,28.44,28.89,28.18,28.59,153658,0
20140506,28.57,28.57,27.11,27.29,149048,0
20140507,27.31,27.59,26.71,27.51,138060,0
20140508,27.3,27.93,27.3,27.63,182861,0
20140509,27.59,28.25,27.5,28.08,153434,0
20140512,28.24,30,28.14,29.91,233879,0
20140513,30,30,28.86,29.31,136138,0
20140514,29.37,29.54,28.85,28.95,134171,0
20140515,28.85,28.85,27.03,27.55,243166,0
20140516,27.66,28.1,27.41,28.02,123558,0
20140519,28.02,29.61,27.84,29.56,160646,0
20140520,29.57,29.76,28.63,29.04,156672,0
20140521,29.14,29.85,28.95,29.51,96962,0
20140522,29.74,30.3,29.66,30.25,119051,0
20140523,30.3,30.7,30.12,30.4,157163,0
20140527,30.85,31.93,30.8,31.37,267947,0
20140528,31.29,31.29,30.48,30.74,230704,0
20140529,30.82,30.99,30.44,30.87,102937,0
20140530,30.75,30.88,30,30.64,292372,0
20140602,30.64,30.67,29.57,30.11,148755,0
20140603,30.03,30.37,29.5,30.22,184016,0
20140604,30.04,31.04,29.8,31,145418,0
20140605,31.02,32.18,30.56,32.17,167762,0
20140606,32.36,33.04,32.16,32.87,182852,0
20140609,33,33.73,32.81,33.35,185105,0
20140610,33.19,33.5,32.36,33,184500,0
20140611,33.47,33.55,32.85,33.44,140539,0
20140612,33.4,33.4,32.79,33.35,163442,0
20140613,33.4,33.63,32.73,33.18,168745,0
20140616,33.2,34.26,33.2,33.65,240786,0
20140617,33.7,34.22,33.53,33.93,147343,0
20140618,33.92,34.8,33.52,34.47,179491,0
20140619,34.5,34.79,34.27,34.46,163755,0
20140620,34.73,35.27,34.35,35.08,308004,0
20140623,35.3,35.7,35.2,35.43,298182,0
20140624,35.54,36.14,35.02,35.29,293439,0
20140625,35.1,36.72,35.01,36.3,305084,0
20140626,36.31,36.33,35.57,35.92,233402,0
20140627,35.91,37.44,35.58,36.33,1572857,0
20140630,36.44,37.2,36.11,36.84,319262,0
20140701,37.21,37.5,36.74,36.74,359986,0
20140702,36.75,36.96,36.21,36.42,227100,0
20140703,36.3,36.81,36.25,36.65,107552,0
20140707,36.62,36.62,35.68,35.84,208776,0
20140708,35.62,36.15,34.9,36.08,243866,0
20140709,36.15,36.19,35.79,35.83,216533,0
20140710,34.79,35.7,33.81,34.93,278320,0
20140711,34.85,35.17,34.56,34.85,229360,0
20140714,35.1,36.64,35.07,36.61,195159,0
20140715,36.51,36.93,35.97,36.3,177314,0
20140716,36.46,36.66,35.66,35.99,114083,0
20140717,35.68,36.28,35.23,35.38,143476,0
20140718,35.4,36.75,35.32,36.55,169369,0
20140721,36.23,36.4,35.2,35.49,216917,0
20140722,36,36.67,35.42,36.12,198741,0
20140723,36.36,37,36,36.73,187249,0
20140724,36.97,37.15,35.79,35.86,188988,0
20140725,35.44,35.68,35.25,35.59,211711,0
20140728,35.33,35.88,35.06,35.42,181458,0
20140729,35.48,35.67,35.01,35.03,108736,0
20140730,35.24,35.24,34.7,35.02,126040,0
20140731,34.61,34.7,31.48,31.5,378502,0
20140801,31.58,33.2,31.53,33.2,239780,0
20140804,33.25,34.04,33.03,33.97,224591,0
20140805,33.67,34.26,33.58,34.03,158778,0
20140806,33.82,34.5,33.32,33.45,218437,0
20140807,33.7,33.91,32.71,32.93,208785,0
20140808,33.06,33.6,33.05,33.39,99173,0
20140811,33.54,33.96,33.48,33.5,172151,0
20140812,33.45,33.81,33.2,33.35,247844,0
20140813,33.62,33.81,33.01,33.59,273116,0
20140814,33.7,34.2,33.34,34.08,340748,0
20140815,34.41,34.41,33.09,34.08,192433,0
20140818,34.38,34.51,33.74,34.49,149965,0
20140819,34.63,34.84,34.11,34.72,141481,0
20140820,34.53,34.7,34.01,34.46,136472,0
20140821,34.5,34.5,33.32,33.6,182922,0
20140822,33.6,33.6,33.05,33.2,136451,0
20140825,33.39,33.67,33.24,33.42,139661,0
20140826,33.45,33.59,32.8,33.13,121343,0
20140827,33.28,33.84,32.92,33.45,128219,0
20140828,33.19,33.38,32.83,33.2,101295,0
20140829,33.31,33.64,32.91,33.53,219213,0
20140902,33.49,35.37,33.49,35.14,228770,0
20140903,35.2,35.2,34.67,34.76,159401,0
20140904,34.88,35.26,34.73,34.84,168771,0
20140905,34.71,34.71,33.95,34.23,107985,0
20140908,34.09,34.19,33.67,34.1,93356,0
20140909,34.1,34.1,32.98,32.98,114215,0
20140910,32.99,33.03,32.47,32.72,132447,0
20140911,32.57,33.4,32.57,33.39,104234,0
20140912,33.25,33.25,31.75,31.84,137579,0
20140915,31.8,32.07,31.55,31.71,126037,0
20140916,31.52,32.86,31.52,32.08,153052,0
20140917,32.07,32.71,31.58,31.81,77864,0
20140918,31.92,32.23,31.92,32.01,75565,0
20140919,32.1,32.22,30.11,30.11,198146,0
20140922,29.99,30.05,28.71,29.46,233329,0
20140923,29.1,29.49,28.6,28.64,167548,0
20140924,28.55,28.98,28.12,28.2,153170,0
20140925,28.02,28.08,27.27,27.5,125112,0
20140926,27.52,28.09,27.49,27.94,95618,0
20140929,27.49,28.17,27.36,27.67,277719,0
20140930,27.56,27.57,25.18,25.19,414070,0
20141001,25.17,25.67,24.37,25.06,314145,0
20141002,24.33,25.4,24.24,25.24,165044,0
20141003,25.52,25.87,24.4,24.79,481131,0
20141006,24.81,25.13,24.29,24.36,146366,0
20141007,24.18,24.89,24.01,24.09,254210,0
20141008,24,24.09,22.72,23.99,327657,0
20141009,23.9,23.9,22.15,22.48,243844,0
20141010,22.31,22.95,21.79,22.15,197909,0
20141013,22.21,22.75,21.74,22.09,267757,0
20141014,22.23,22.73,21.23,21.3,231839,0
20141015,20.8,21.21,20.08,20.74,360588,0
20141016,20.34,21.17,20.04,21,582653,0
20141017,21.35,22.68,21.35,22.26,391627,0
20141020,22.22,22.54,22.13,22.33,164537,0
20141021,22.34,23.13,22.19,22.87,140201,0
20141022,22.91,22.94,22.26,22.27,148266,0
20141023,22.56,23.34,22.29,23.18,225406,0
20141024,23.18,23.22,22.83,23.02,225505,0
20141027,22.91,22.95,22.29,22.5,216637,0
20141028,22.67,23.68,22.67,23.64,232373,0
20141029,23.81,23.99,23.23,23.54,157435,0
20141030,23.73,24.44,23.46,23.84,214295,0
20141031,24.34,24.59,23.85,24.3,333365,0
20141103,24.42,24.76,24.08,24.15,171479,0
20141104,24.26,24.38,23.63,23.76,122217,0
20141105,24.01,24.17,23.55,23.69,128738,0
20141106,23.7,23.98,23.66,23.92,252726,0
20141107,23.85,24.16,23.82,23.99,246187,0
20141110,23.99,24.53,23.97,24.31,337514,0
20141111,24.33,24.46,23.77,23.93,241904,0
20141112,23.81,24.3,23.71,24,240673,0
20141113,24.06,24.09,23.59,23.62,210031,0
20141114,23.57,23.62,23.04,23.57,246324,0
20141117,23.57,24.09,23.57,23.8,146849,0
20141118,24,24.87,24,24.78,157275,0
20141119,24.67,24.98,24.37,24.67,130881,0
20141120,24.59,25.17,24.59,24.89,137776,0
20141121,25.37,25.58,24.96,25.06,144299,0
20141124,25.08,25.6,24.96,25.38,173824,0
20141125,25.5,25.84,25.33,25.67,136102,0
20141126,25.6,25.94,25.24,25.66,156627,0
20141128,25.56,25.83,25.05,25.53,109538,0
20141201,25.4,25.5,24.38,24.41,197333,0
20141202,24.37,24.88,24.33,24.69,184646,0
20141203,24.69,25.94,24.55,25.92,181868,0
20141204,25.96,26.68,25.68,26.66,211046,0
20141205,26.69,26.9,25.48,25.63,182294,0
20141208,25.59,25.7,24.24,24.45,165787,0
20141209,23.97,24.83,23.38,24.82,191786,0
20141210,24.62,24.69,23.64,23.7,126793,0
20141211,23.7,24.63,23.69,23.91,125147,0
20141212,23.5,23.83,22.91,22.92,169702,0
20141215,22.93,23.13,22.34,22.46,181783,0
20141216,22.26,23.15,22.22,22.67,173232,0
20141217,22.67,23.81,22.63,23.81,149610,0
20141218,24.22,24.43,23.84,24.2,115002,0
20141219,24.25,25.31,24.01,25.25,232474,0
20141222,25.2,25.36,24.83,25.2,142862,0
20141223,25.5,25.95,25.15,25.56,82093,0
20141224,25.66,25.66,25.26,25.41,42354,0
20141226,25.38,25.62,25.24,25.35,44935,0
20141229,25.47,26.25,25.47,26.01,86064,0
20141230,25.82,26.2,25.69,26.1,87481,0
20141231,26.23,26.23,25.46,25.55,152962,0
20150102,25.74,25.82,24.67,25.28,83362,0
20150105,24.89,24.91,24.24,24.29,240088,0
20150106,24.35,24.4,22.49,23.23,279561,0
20150107,23.44,23.87,23.02,23.74,118910,0
20150108,24.17,24.49,23.44,23.98,214552,0
20150109,23.95,23.95,23.37,23.57,109821,0
20150112,23.46,23.68,22.22,23.34,232428,0
20150113,23.67,24.01,22.79,23.26,284385,0
20150114,22.86,23.74,22.86,23.22,225161,0
20150115,23.25,23.25,21.82,22.11,363127,0
20150116,22,22.73,21.94,22.38,278986,0
