Date,Open,High,Low,Close,Volume,OpenInt
20111103,25.707,25.83,25.172,25.181,1692512,0
20111104,24.971,25.372,23.741,24.037,2015574,0
20111107,23.77,24.314,23.253,23.474,2833195,0
20111108,23.95,24.188,23.625,23.798,2121588,0
20111109,23.236,23.855,22.747,22.795,1646196,0
20111110,23.358,23.578,22.442,22.567,1221864,0
20111111,22.786,22.986,22.548,22.7,1326896,0
20111114,22.5,22.996,22.415,22.834,1403213,0
20111115,22.844,23.253,22.728,22.892,1737225,0
20111116,22.853,23.474,22.691,23.014,1891111,0
20111117,22.902,23.082,22.577,22.757,1340501,0
20111118,22.654,23.034,22.635,22.834,1494651,0
20111121,22.615,22.718,22.271,22.538,1343539,0
20111122,23.874,24.943,21.631,22.548,2228420,0
20111123,22.204,22.663,21.832,22.596,1058096,0
20111125,22.377,22.377,21.832,21.946,1038660,0
20111128,22.577,23.072,22.081,22.415,1642469,0
20111129,22.432,22.519,22.109,22.204,1281020,0
20111130,22.959,23.082,22.265,22.803,2432171,0
20111201,22.718,23.245,22.567,23.159,1096879,0
20111202,24.314,24.314,23.111,23.14,1266842,0
20111205,23.445,23.998,23.292,23.941,975495,0
20111206,23.874,23.921,23.387,23.693,694508,0
20111207,23.587,23.693,22.767,23.445,996840,0
20111208,23.329,23.426,22.709,22.786,983667,0
20111209,22.968,23.339,22.863,23.236,576143,0
20111212,22.853,23.082,22.175,22.824,1271552,0
20111213,22.921,23.329,22.625,22.757,1732045,0
20111214,22.319,22.519,21.879,22.339,1819269,0
20111215,22.471,22.959,22.368,22.824,1126485,0
20111216,23.034,23.798,22.911,23.54,3067407,0
20111219,23.54,23.712,23.043,23.14,1160243,0
20111220,23.465,23.587,22.863,23.197,1247011,0
20111221,23.13,23.883,22.921,23.78,2281806,0
20111222,23.969,24.475,23.664,23.693,1017623,0
20111223,23.693,24.008,23.569,23.77,602537,0
20111227,23.703,23.902,23.349,23.902,696219,0
20111228,24.179,24.581,23.96,24.39,961698,0
20111229,24.494,25.248,24.333,24.761,4165939,0
20111230,24.812,24.812,23.988,24.521,1225838,0
20120103,24.905,25.22,23.921,23.989,1109854,0
20120104,23.921,24.877,23.703,24.78,1458648,0
20120105,24.6,24.628,23.731,24.427,2379682,0
20120106,24.371,24.447,23.969,24.018,549538,0
20120109,24.008,24.256,23.683,24.112,585472,0
20120110,24.437,24.523,24.094,24.408,1098554,0
20120111,24.294,25.057,24.227,24.867,1117390,0
20120112,24.886,24.943,24.504,24.523,743265,0
20120113,24.285,24.504,24.179,24.456,928653,0
20120117,24.715,25.078,24.417,24.456,487671,0
20120118,24.343,25.802,24.266,25.754,1523439,0
20120119,25.763,26.04,25.229,25.401,878191,0
20120120,25.401,25.458,25.095,25.153,1063523,0
20120123,25.267,25.382,24.39,24.571,883220,0
20120124,24.513,25.01,24.427,24.943,797889,0
20120125,24.809,25.411,24.638,25.382,924094,0
20120126,25.477,25.621,24.581,24.752,890731,0
20120127,24.437,24.79,24.437,24.628,718770,0
20120130,24.427,24.77,24.333,24.733,498041,0
20120131,24.918,25.054,24.472,24.724,830710,0
20120201,24.828,25.621,24.733,25.592,855794,0
20120202,25.63,25.754,25.401,25.43,749499,0
20120203,25.754,25.839,25.353,25.792,754346,0
20120206,25.639,25.878,25.42,25.553,686542,0
20120207,25.481,26.095,25.318,25.97,1009992,0
20120208,25.96,26.132,25.577,26.132,773228,0
20120209,26.085,26.142,25.682,25.883,756105,0
20120210,25.672,25.883,25.606,25.826,552551,0
20120213,26.098,26.098,25.601,25.792,669511,0
20120214,25.668,25.964,25.592,25.687,970784,0
20120215,25.73,25.864,25.644,25.759,1122697,0
20120216,25.783,26.069,25.725,25.907,670346,0
20120217,26.007,26.362,25.922,26.324,611465,0
20120221,26.393,26.832,26.25,26.546,789640,0
20120222,26.391,26.775,26.219,26.267,489836,0
20120223,26.257,26.553,26.046,26.507,351960,0
20120224,26.611,26.66,25.989,26.007,867584,0
20120227,25.855,26.142,25.644,26.103,1497569,0
20120228,25.989,25.989,24.926,25.616,3609097,0
20120229,24.986,25.718,24.727,24.794,4554176,0
20120301,25.021,26.171,24.685,25.567,1880422,0
20120302,25.26,25.817,25.26,25.481,1664901,0
20120305,25.481,25.577,24.945,25.117,1398629,0
20120306,24.859,24.926,24.323,24.762,1392694,0
20120307,25.05,25.194,24.667,25.107,1173635,0
20120308,25.194,25.577,24.878,25.5,934060,0
20120309,25.452,26.21,25.414,26.103,751086,0
20120312,26.228,26.468,26.113,26.372,918402,0
20120313,26.507,27.243,26.478,27.225,899397,0
20120314,27.205,27.282,27.014,27.167,1234983,0
20120315,27.196,27.627,26.879,27.522,719421,0
20120316,27.531,27.655,26.985,27.004,942693,0
20120319,27.062,27.301,26.707,26.765,831415,0
20120320,26.678,26.746,25.941,26.161,1036777,0
20120321,26.152,26.4,26.103,26.181,910263,0
20120322,25.979,26.219,25.845,26.075,694990,0
20120323,26.219,26.219,25.922,26.056,542271,0
20120326,26.257,26.688,26.219,26.678,670290,0
20120327,26.746,26.841,26.449,26.812,627392,0
20120328,26.785,26.928,26.382,26.785,958236,0
20120329,26.582,26.64,26.103,26.497,893040,0
20120330,26.663,26.691,26.247,26.585,1369103,0
20120402,26.545,27.157,26.535,27.128,852918,0
20120403,27.1,27.35,26.755,27.062,1079695,0
20120404,26.736,26.765,26.42,26.631,1117504,0
20120405,26.582,27.043,26.582,26.822,325838,0
20120409,26.314,26.391,26.056,26.21,554544,0
20120410,26.095,26.19,25.462,25.807,949782,0
20120411,26.046,26.152,25.702,25.864,845776,0
20120412,25.778,26.238,25.739,26.171,674847,0
20120413,25.96,26.066,25.663,25.702,514338,0
20120416,25.97,26.152,25.385,25.768,887723,0
20120417,26.141,26.16,25.718,26.054,564265,0
20120418,25.979,26.563,25.903,26.487,1167825,0
20120419,26.449,26.794,25.768,25.96,1107881,0
20120420,26.036,26.478,25.932,26.21,842859,0
20120423,25.922,25.922,25.405,25.759,580835,0
20120424,25.817,26.343,25.768,25.96,540834,0
20120425,26.19,26.64,26.19,26.535,594569,0
20120426,26.478,26.918,26.468,26.918,479199,0
20120427,26.957,27.321,26.957,27.186,593040,0
20120430,27.138,27.138,26.644,26.712,379899,0
20120501,26.738,27.131,26.42,26.498,667041,0
20120502,26.295,26.775,26.247,26.592,871666,0
20120503,26.526,26.554,25.91,26.15,1033711,0
20120504,26.15,26.15,25.333,25.333,908181,0
20120507,25.28,25.52,25.031,25.107,1038842,0
20120508,25.002,25.328,24.571,25.251,966636,0
20120509,24.823,25.275,24.535,25.035,964016,0
20120510,25.198,25.439,24.958,25.045,732228,0
20120511,24.91,25.352,24.833,24.939,653213,0
20120514,24.747,24.958,24.362,24.362,592078,0
20120515,24.314,24.496,24.111,24.15,590304,0
20120516,24.362,24.678,24.236,24.304,1091207,0
20120517,24.362,24.372,23.487,23.487,1248352,0
20120518,23.487,23.919,23.487,23.727,1034293,0
20120521,23.832,24.535,23.747,24.372,1140207,0
20120522,24.496,24.862,24.4,24.613,995972,0
20120523,24.391,24.804,23.88,24.804,1302201,0
20120524,24.949,25.141,24.784,25.141,458998,0
20120525,25.189,25.304,24.631,24.67,704657,0
20120529,24.804,25.333,24.756,24.9,832835,0
20120530,24.486,24.853,24.304,24.476,615424,0
20120531,24.567,24.577,24.017,24.364,1062122,0
20120601,23.766,24.073,23.516,23.544,1434196,0
20120604,23.544,23.611,23.111,23.573,668944,0
20120605,23.448,23.718,23.024,23.64,519398,0
20120606,23.948,24.515,23.948,24.515,628763,0
20120607,25.612,25.612,24.613,24.756,833888,0
20120608,24.727,25.093,24.352,24.929,896542,0
20120611,25.285,25.324,24.476,24.535,848533,0
20120612,24.525,24.688,24.381,24.603,1271298,0
20120613,24.372,24.525,24.111,24.207,926710,0
20120614,24.246,24.285,23.967,24.045,1537109,0
20120615,24.178,24.458,23.967,24.352,3143894,0
20120618,24.246,24.314,23.996,24.169,895073,0
20120619,24.285,24.621,24.093,24.121,1498611,0
20120620,24.073,24.093,23.553,23.776,1167682,0
20120621,24.207,24.476,23.342,23.351,1474964,0
20120622,23.458,23.458,22.976,23.102,1329705,0
20120625,22.794,22.881,22.323,22.707,1242839,0
20120626,22.716,23.15,22.583,23.004,1210114,0
20120627,23.102,23.41,22.939,23.361,890171,0
20120628,22.697,23.669,22.14,23.65,2020085,0
20120629,24.318,24.54,24.075,24.21,1653943,0
20120702,24.304,24.486,23.948,24.083,736827,0
20120703,24.035,24.698,23.987,24.698,337802,0
20120705,24.574,24.717,24.362,24.554,644686,0
20120706,24.256,24.525,24.188,24.236,450272,0
20120709,24.13,24.285,23.822,24.045,720172,0
20120710,24.13,24.476,23.351,23.429,952553,0
20120711,23.419,23.419,22.41,23.014,1684897,0
20120712,22.803,22.803,22.284,22.294,1112977,0
20120713,22.343,22.939,22.333,22.418,1281538,0
20120716,22.352,22.583,22.121,22.275,1029870,0
20120717,22.461,22.77,22.308,22.741,1432460,0
20120718,22.617,23.148,22.617,23.011,711979,0
20120719,23.043,23.238,22.755,23.199,716910,0
20120720,23.014,23.284,22.813,22.881,593504,0
20120723,22.515,23.082,22.418,22.967,687009,0
20120724,22.907,23.03,22.48,22.684,822245,0
20120725,22.813,23.072,22.622,22.996,591344,0
20120726,23.322,23.322,22.784,22.823,1457885,0
20120727,23.004,23.361,22.852,23.274,842858,0
20120730,23.246,23.351,23.092,23.274,651196,0
20120731,23.242,23.289,23.027,23.056,656734,0
20120801,23.14,23.265,22.641,22.986,1732648,0
20120802,22.49,22.799,21.573,22.666,1924368,0
20120803,22.741,23.226,22.741,23.109,1277455,0
20120806,23.189,23.322,22.92,23.208,729755,0
20120807,23.311,23.34,23.148,23.311,705174,0
20120808,23.179,23.303,22.986,23.228,507656,0
20120809,23.282,23.698,23.167,23.534,489355,0
20120810,23.428,23.776,23.33,23.524,652275,0
20120813,23.507,23.727,23.342,23.573,343198,0
20120814,23.727,23.871,23.043,23.14,633566,0
20120815,23.111,23.361,23.024,23.361,494567,0
20120816,23.32,24.104,23.32,23.988,979515,0
20120817,23.997,24.229,23.939,24.18,747227,0
20120820,24.336,24.431,24.104,24.326,738796,0
20120821,24.431,24.731,24.238,24.238,632715,0
20120822,24.142,24.238,23.88,24.066,598474,0
20120823,24.112,24.248,23.688,23.786,653287,0
20120824,23.737,23.871,23.515,23.659,601862,0
20120827,23.823,23.832,23.282,23.311,686463,0
20120828,23.109,23.727,23.109,23.226,535703,0
20120829,23.245,23.32,23.06,23.187,618935,0
20120830,23.06,23.359,23.03,23.263,520954,0
20120831,23.494,23.494,23.105,23.455,1195008,0
20120904,23.398,23.408,22.992,23.177,947473,0
20120905,23.213,23.396,23.086,23.242,1242221,0
20120906,23.476,24.112,23.467,24.112,713853,0
20120907,24.616,24.634,24.017,24.238,649871,0
20120910,24.017,24.142,23.727,23.737,895101,0
20120911,23.786,24.596,23.727,24.509,1020385,0
20120912,24.528,24.596,23.968,24.142,816961,0
20120913,24.199,24.577,23.948,24.489,782822,0
20120914,24.509,24.798,24.441,24.692,1784003,0
20120917,24.692,24.711,24.248,24.47,827607,0
20120918,24.392,24.828,24.354,24.828,1224360,0
20120919,24.779,25.108,24.702,25.088,1040154,0
20120920,24.798,25.031,24.384,24.721,1551470,0
20120921,24.818,24.896,24.489,24.567,1338797,0
20120924,24.431,24.711,24.392,24.625,952406,0
20120925,24.673,24.828,24.528,24.538,1720721,0
20120926,24.57,24.657,23.958,24.123,1403106,0
20120927,24.279,24.628,24.113,24.434,977985,0
20120928,24.308,24.472,24.133,24.289,1592843,0
20121001,24.384,24.625,23.988,24.374,1903274,0
20121002,24.424,24.619,24.2,24.386,1106412,0
20121003,24.482,24.482,24.047,24.162,918556,0
20121004,24.289,24.414,24.123,24.289,935886,0
20121005,24.453,24.619,24.172,24.279,742411,0
20121008,24.209,24.277,24.046,24.248,449557,0
20121009,24.258,24.307,23.9,23.939,952770,0
20121010,23.919,23.988,23.628,23.716,743103,0
20121011,23.852,23.929,23.435,23.484,862425,0
20121012,23.746,24.027,23.677,23.765,1037366,0
20121015,23.832,23.978,23.504,23.88,642834,0
20121016,23.978,24.56,23.765,24.501,912596,0
20121017,24.394,24.609,24.152,24.22,843908,0
20121018,23.929,23.968,23.396,23.89,1464126,0
20121019,23.842,23.842,23.174,23.484,1812604,0
20121022,23.484,23.58,23.125,23.551,795554,0
20121023,23.26,23.494,23.066,23.465,1408036,0
20121024,23.561,23.561,22.698,22.726,1190727,0
20121025,22.942,23.298,22.873,22.989,1336711,0
20121026,23.017,23.318,22.804,22.873,1130637,0
20121031,23.376,23.804,22.979,23.522,1818865,0
20121101,23.599,24.715,23.522,24.628,1583144,0
20121102,24.821,25.326,24.609,24.851,1551092,0
20121105,24.851,25.346,24.831,25.209,1391846,0
20121106,25.219,25.346,25.083,25.257,1559508,0
20121107,24.986,25.171,24.521,24.54,1194302,0
20121108,24.472,24.637,24.152,24.162,1155338,0
20121109,24.113,24.298,23.929,23.958,1490880,0
20121112,24.027,24.152,23.638,24.007,996854,0
20121113,23.88,24.24,23.785,23.785,726725,0
20121114,23.795,23.813,23.213,23.318,1033422,0
20121115,23.289,23.599,23.193,23.298,793898,0
20121116,23.289,23.484,23.193,23.455,1015172,0
20121119,23.746,24.23,23.707,24.085,911705,0
20121120,24.066,24.404,24.017,24.356,799617,0
20121121,24.289,24.637,24.24,24.57,563191,0
20121123,24.619,24.744,24.414,24.744,351769,0
20121126,24.647,25.171,24.647,25.073,900301,0
20121127,25.006,25.103,24.695,24.851,653445,0
20121128,24.734,25.18,24.637,25.152,683079,0
20121129,25.239,25.384,25.035,25.336,602431,0
20121130,25.316,25.51,25.161,25.297,1001824,0
20121203,25.451,25.51,24.948,24.986,668674,0
20121204,24.958,25.122,24.802,24.918,547754,0
20121205,24.976,25.433,24.831,25.209,684597,0
20121206,25.209,25.297,24.821,25.297,632473,0
20121207,25.433,25.578,25.229,25.578,546680,0
20121210,25.568,25.723,25.423,25.675,658157,0
20121211,25.675,25.936,25.558,25.82,801952,0
20121212,25.859,26.169,25.859,25.976,772703,0
20121213,25.985,26.111,25.733,25.879,537117,0
20121214,25.869,26.072,25.704,25.946,610178,0
20121217,25.976,26.024,25.645,25.742,702804,0
20121218,25.723,26.411,25.578,26.373,1076811,0
20121219,26.421,26.828,26.237,26.732,1038798,0
20121220,26.702,26.8,25.685,26.024,1697674,0
20121221,25.433,25.995,25.423,25.946,2063911,0
20121224,25.936,26.072,25.811,26.053,295758,0
20121226,26.102,26.227,25.888,25.966,307866,0
20121227,25.946,26.102,25.685,26.033,404565,0
20121228,25.791,25.928,25.607,25.627,414976,0
20121231,25.558,26.285,25.539,26.275,553640,0
20130102,26.79,27.138,26.586,26.664,956335,0
20130103,26.664,26.945,26.411,26.576,629860,0
20130104,26.673,26.8,26.421,26.538,580994,0
20130107,26.363,26.49,26.102,26.189,496383,0
20130108,26.111,26.12,25.588,25.869,1118497,0
20130109,26.004,26.314,25.946,26.275,1016410,0
20130110,26.509,26.712,26.295,26.644,868393,0
20130111,26.741,26.761,26.266,26.354,364403,0
20130114,26.295,26.411,25.936,26.383,430401,0
20130115,26.275,26.334,25.918,26.305,757398,0
20130116,26.209,26.295,25.839,26.13,445290,0
20130117,26.237,26.635,26.014,26.586,673940,0
20130118,26.712,26.712,26.314,26.673,733919,0
20130122,26.722,26.837,26.509,26.837,1503559,0
20130123,26.781,27.072,26.741,27.052,1007953,0
20130124,27.062,27.4,26.955,27.128,1129377,0
20130125,27.236,27.284,26.722,26.857,857404,0
20130128,26.916,27.148,26.712,27.072,903376,0
20130129,27.032,27.158,26.964,27.119,1032133,0
20130130,27.1,27.304,27.052,27.091,836509,0
20130131,27.081,27.158,27.042,27.081,951576,0
20130201,27.148,27.449,27.062,27.158,1277937,0
20130204,27.023,27.052,26.664,26.712,942700,0
20130205,26.886,27.138,26.81,26.926,717097,0
20130206,26.771,27.177,26.702,27.003,1392981,0
20130207,27.177,27.177,26.024,26.092,1625807,0
20130208,26.189,26.8,26.189,26.266,1244117,0
20130211,26.285,26.692,26.199,26.625,902454,0
20130212,26.683,27.245,26.644,27.1,933317,0
20130213,27.148,27.508,27.091,27.4,641719,0
20130214,27.363,27.74,27.353,27.605,956126,0
20130215,27.474,27.717,27.279,27.532,828355,0
20130219,27.611,28.088,27.611,27.999,1220299,0
20130220,27.941,27.999,27.192,27.221,786511,0
20130221,27.113,27.309,26.793,26.949,1066986,0
20130222,27.017,27.123,26.87,27.056,496644,0
20130225,27.279,27.415,26.305,26.305,1123656,0
20130226,26.423,26.511,26.092,26.286,1237251,0
20130227,26.286,26.822,26.228,26.744,1046759,0
20130228,26.803,27.036,26.725,26.774,793886,0
20130301,26.598,26.929,26.228,26.764,889061,0
20130304,26.667,26.784,26.423,26.764,701359,0
20130305,26.949,27.756,26.939,27.697,1243458,0
20130306,27.814,28.653,27.806,28.565,1747447,0
20130307,28.292,28.711,27.572,27.649,2138424,0
20130308,27.824,27.932,27.454,27.679,1841913,0
20130311,27.717,28.195,27.697,27.999,935031,0
20130312,27.941,27.981,27.581,27.776,1015425,0
20130313,27.766,27.814,27.621,27.717,624917,0
20130314,27.814,28.058,27.776,27.951,538299,0
20130315,27.834,28.263,27.697,28.195,1418624,0
20130318,27.903,28.214,27.796,28.019,515572,0
20130319,28.088,28.088,27.464,27.689,563287,0
20130320,27.873,27.999,27.611,27.756,728551,0
20130321,27.572,27.999,27.523,27.806,1238579,0
20130322,27.932,27.999,27.601,27.689,1185922,0
20130325,27.883,27.883,26.841,26.997,888516,0
20130326,27.086,27.231,26.841,26.958,1111745,0
20130327,26.774,26.812,26.558,26.568,1304149,0
20130328,26.647,26.86,26.54,26.831,1430643,0
20130401,26.831,26.919,26.325,26.53,679519,0
20130402,26.695,26.929,26.403,26.501,567614,0
20130403,26.432,26.607,26.092,26.403,1455161,0
20130404,26.442,26.987,26.442,26.987,1009127,0
20130405,26.734,26.919,26.482,26.87,1460619,0
20130408,26.86,27.113,26.657,27.113,659654,0
20130409,27.113,27.289,26.86,27.221,774381,0
20130410,27.309,27.932,27.289,27.932,1140095,0
20130411,27.893,28.098,27.717,28.098,949803,0
20130412,27.951,27.999,27.669,27.844,635307,0
20130415,27.454,27.611,26.568,26.695,1648069,0
20130416,26.803,26.958,26.53,26.929,1429286,0
20130417,26.754,26.88,26.305,26.558,1225514,0
20130418,26.647,26.793,26.17,26.325,793781,0
20130419,26.384,26.667,26.219,26.276,810883,0
20130422,26.296,26.393,25.936,26.13,931574,0
20130423,26.209,26.705,26.209,26.667,638805,0
20130424,26.754,27.231,26.734,26.958,647995,0
20130425,27.056,27.211,27.007,27.123,1052769,0
20130426,27.143,27.143,26.803,26.977,741041,0
20130429,27.027,27.542,26.958,27.504,682429,0
20130430,27.076,27.358,25.683,27.017,2885952,0
20130501,26.88,26.967,26.403,26.774,1775613,0
20130502,26.784,26.977,26.685,26.715,1069532,0
20130503,27.007,27.007,26.52,26.637,1425926,0
20130506,26.657,26.929,26.54,26.685,1079094,0
20130507,26.803,27.095,26.734,26.949,1099105,0
20130508,26.977,27.454,26.909,27.368,1173169,0
20130509,27.377,27.454,27.056,27.143,949027,0
20130510,27.221,27.348,26.967,27.066,887309,0
20130513,27.017,27.086,26.627,26.812,1184366,0
20130514,26.88,27.649,26.86,27.562,1710495,0
20130515,27.445,28.176,27.387,27.844,1741863,0
20130516,27.834,28.185,27.834,27.883,820591,0
20130517,28.088,28.321,28.029,28.166,516316,0
20130520,28.123,28.494,27.995,28.23,681932,0
20130521,28.25,28.533,28.035,28.054,460450,0
20130522,28.035,28.318,27.731,27.869,1444860,0
20130523,27.645,27.81,27.292,27.418,952945,0
20130524,27.224,27.331,26.989,27.224,596001,0
20130528,27.536,27.751,27.351,27.428,732285,0
20130529,27.272,27.497,27.145,27.418,908431,0
20130530,27.497,28.035,27.418,27.908,1058239,0
20130531,27.773,28.058,27.509,27.509,933152,0
20130603,27.585,27.751,27.145,27.615,1036953,0
20130604,27.605,27.829,27.105,27.234,490840,0
20130605,27.194,27.234,26.578,26.588,684170,0
20130606,25.904,26.822,25.894,26.685,887817,0
20130607,26.861,27.174,26.715,26.93,886230,0
20130610,27.008,27.008,26.685,26.881,639933,0
20130611,26.637,26.871,26.491,26.598,669330,0
20130612,26.861,26.861,26.354,26.402,853591,0
20130613,26.334,26.774,26.304,26.657,824338,0
20130614,26.627,26.891,26.442,26.511,357645,0
20130617,26.647,26.921,26.461,26.657,767840,0
20130618,26.745,27.048,26.735,27.038,682033,0
20130619,27.028,27.068,26.627,26.637,619270,0
20130620,26.383,26.511,25.797,25.816,1297416,0
20130621,26.021,26.1,25.288,25.513,1977616,0
20130624,25.308,25.435,24.985,25.19,1432028,0
20130625,25.366,25.513,25.23,25.346,1275447,0
20130626,25.483,25.591,25.396,25.493,993457,0
20130627,25.639,26.031,25.542,26.031,1242073,0
20130628,25.904,26.432,25.835,26.334,1803503,0
20130701,26.511,27.859,26.511,27.028,1513880,0
20130702,26.969,27.087,26.774,26.881,1465703,0
20130703,26.774,27.087,26.725,27.008,337877,0
20130705,27.155,27.371,27.028,27.351,583173,0
20130708,27.428,27.635,27.38,27.527,776846,0
20130709,27.702,28.358,27.663,27.898,1458378,0
20130710,27.898,28.396,27.859,28.318,1093638,0
20130711,28.719,29.12,28.279,28.377,1222536,0
20130712,28.377,28.553,28.27,28.426,686362,0
20130715,28.553,28.641,28.406,28.406,924408,0
20130716,28.474,28.524,27.918,27.937,922452,0
20130717,28.103,28.172,27.908,27.985,551441,0
20130718,28.113,28.592,28.113,28.279,623579,0
20130719,28.113,28.308,27.995,28.142,616647,0
20130722,28.192,28.348,28.035,28.22,573473,0
20130723,28.25,28.26,28.005,28.064,918678,0
20130724,28.094,28.22,27.879,27.947,558884,0
20130725,27.849,28.288,27.849,28.182,845539,0
20130726,27.947,28.22,27.849,28.025,646559,0
20130729,27.829,28.015,27.781,27.819,674465,0
20130730,25.415,26.09,23.078,24.965,10253083,0
20130731,24.878,24.878,24.232,24.369,6457557,0
20130801,24.614,24.858,24.35,24.623,5690298,0
20130802,24.525,24.838,24.476,24.701,1838100,0
20130805,24.604,24.829,24.496,24.711,1673564,0
20130806,24.691,24.907,24.633,24.858,1979041,0
20130807,24.789,24.789,24.262,24.341,2218980,0
20130808,24.515,24.643,24.389,24.418,1817027,0
20130809,24.369,24.496,24.262,24.418,2172096,0
20130812,24.321,24.457,24.164,24.272,1508350,0
20130813,24.389,24.467,24.212,24.408,1616404,0
20130814,24.437,24.467,24.272,24.428,1381239,0
20130815,24.222,24.398,24.047,24.164,3201237,0
20130816,24.086,24.154,23.744,23.968,1383668,0
20130819,24.018,24.202,23.88,24.067,852036,0
20130820,24.047,24.057,23.714,23.754,1525626,0
20130821,23.871,23.978,23.645,23.645,1052869,0
20130822,23.655,23.939,23.596,23.831,1139067,0
20130823,23.899,23.949,23.724,23.754,1694548,0
20130826,23.802,24.134,23.802,24.028,1084055,0
20130827,23.831,23.929,23.645,23.724,1369973,0
20130828,23.675,23.988,23.675,23.958,859344,0
20130829,23.919,24.447,23.871,24.389,1726779,0
20130830,24.493,24.493,24.238,24.337,1877853,0
20130903,24.582,24.709,24.513,24.631,1971111,0
20130904,24.592,25.19,24.592,25.043,929875,0
20130905,25.043,25.544,25.043,25.446,1075040,0
20130906,25.613,25.888,25.318,25.701,1904146,0
20130909,25.76,26.369,25.75,26.3,1959263,0
20130910,26.408,26.673,26.388,26.585,1957189,0
20130911,26.526,26.693,26.517,26.624,3112614,0
20130912,26.565,26.604,26.408,26.477,1433155,0
20130913,26.448,26.507,26.359,26.468,2245523,0
20130916,26.772,26.811,26.565,26.673,2244514,0
20130917,26.683,26.811,26.526,26.762,1554889,0
20130918,26.732,27.164,26.231,26.997,2885017,0
20130919,27.077,27.587,26.84,27.017,2591703,0
20130920,27.164,27.224,26.664,26.683,3598946,0
20130923,26.634,26.792,26.458,26.517,998509,0
20130924,26.536,26.978,26.517,26.869,1403896,0
20130925,26.919,27.115,26.889,27.037,1703702,0
20130926,27.518,27.892,27.518,27.724,2780476,0
20130927,27.557,27.646,27.39,27.489,1689031,0
20130930,27.272,27.479,27.214,27.429,1133209,0
20131001,27.459,27.773,27.429,27.734,1130679,0
20131002,27.528,27.617,27.322,27.617,1617931,0
20131003,27.518,27.617,27.214,27.399,1415916,0
20131004,27.399,27.764,27.302,27.675,636046,0
20131007,27.469,27.607,27.39,27.499,1064704,0
20131008,27.499,27.577,26.899,26.909,1113309,0
20131009,26.987,27.037,26.507,26.723,1505284,0
20131010,26.997,27.459,26.968,27.429,741274,0
20131011,27.352,27.646,27.204,27.597,960271,0
20131014,27.537,27.734,27.459,27.665,1064624,0
20131015,27.537,27.734,27.38,27.419,1401495,0
20131016,27.518,27.547,27.262,27.419,1137618,0
20131017,27.342,27.409,26.879,26.997,2275871,0
20131018,27.115,27.352,27.087,27.332,915329,0
20131021,27.436,27.959,27.358,27.939,2148440,0
20131022,27.959,28.038,27.526,27.821,1423493,0
20131023,27.752,28.028,27.604,27.949,997256,0
20131024,27.979,28.354,27.91,28.294,792825,0
20131025,28.344,28.62,28.215,28.59,997429,0
20131028,28.541,28.719,28.225,28.531,1671495,0
20131029,32.672,33.334,31.125,32.082,8042838,0
20131030,32.033,33.097,31.884,33.018,3048301,0
20131031,32.988,34.182,32.93,34.024,2535986,0
20131101,34.054,34.162,32.525,32.762,3827621,0
20131104,32.93,33.63,32.811,33.442,1774309,0
20131105,33.284,33.403,33.008,33.284,1635495,0
20131106,33.413,33.462,32.712,33.048,1962108,0
20131107,33.127,33.226,32.595,32.654,1614300,0
20131108,32.682,33.6,32.664,33.512,1477703,0
20131111,33.512,33.699,33.364,33.492,854342,0
20131112,33.354,33.62,33.166,33.472,1134459,0
20131113,33.344,33.866,33.166,33.846,1001476,0
20131114,33.974,34.113,33.452,33.906,1183442,0
20131115,33.896,34.172,33.748,33.994,806252,0
20131118,33.994,34.054,33.374,33.472,1013521,0
20131119,33.482,33.807,33.482,33.679,1290951,0
20131120,33.916,34.448,33.59,33.827,1402184,0
20131121,33.926,34.242,33.768,34.103,1430527,0
20131122,34.084,34.182,33.856,34.103,1174822,0
20131125,34.123,34.399,33.896,34.054,1023003,0
20131126,34.133,34.34,33.896,34.192,833530,0
20131127,34.31,34.37,34.064,34.29,373818,0
20131129,34.28,34.379,34.054,34.084,571673,0
20131202,34.202,34.202,33.374,33.442,1313299,0
20131203,33.384,33.61,32.712,33.117,2503265,0
20131204,32.988,33.264,32.614,33.097,1077325,0
20131205,33.058,33.512,32.968,33.314,1140242,0
20131206,33.61,33.61,32.949,33.048,1557032,0
20131209,33.176,33.482,33.088,33.166,994139,0
20131210,33.068,33.462,33.068,33.078,796489,0
20131211,33.048,33.097,32.436,32.456,954403,0
20131212,32.486,33.216,32.338,33.048,1330997,0
20131213,33.068,33.432,33.048,33.344,1092671,0
20131216,33.403,33.758,33.324,33.423,879424,0
20131217,33.384,33.64,33.255,33.63,1059361,0
20131218,33.728,34.26,33.492,34.222,1235902,0
20131219,34.044,34.31,33.6,33.689,1221999,0
20131220,33.817,33.984,33.482,33.61,1986695,0
20131223,33.837,34.074,33.699,33.718,714774,0
20131224,33.758,34.024,33.708,33.856,315594,0
20131226,34.034,34.31,34.004,34.212,274539,0
20131227,34.212,34.399,33.994,34.074,246113,0
20131230,34.014,34.36,33.966,34.103,569528,0
20131231,34.172,34.39,34.113,34.123,565771,0
20140102,33.916,34.024,33.521,33.689,775840,0
20140103,33.679,34.37,33.679,33.994,460850,0
20140106,34.162,34.409,33.856,33.936,861237,0
20140107,33.994,34.36,33.926,34.034,619671,0
20140108,33.966,34.152,33.66,34.014,1252242,0
20140109,34.074,34.29,33.896,34.152,771453,0
20140110,34.074,34.803,34.074,34.429,969089,0
20140113,34.409,34.813,34.35,34.537,1882662,0
20140114,34.556,35.099,34.379,35.089,1740688,0
20140115,35.287,35.937,35.287,35.869,2175222,0
20140116,35.78,36.499,35.602,36.135,1255576,0
20140117,36.253,36.539,35.927,36.066,880427,0
20140121,36.184,36.223,35.178,35.424,1536177,0
20140122,35.77,36.135,35.504,35.987,1224328,0
20140123,35.72,35.819,34.803,34.951,1041423,0
20140124,34.754,34.823,33.176,33.216,1597704,0
20140127,33.245,33.334,32.624,32.93,1677883,0
20140128,33.078,33.541,32.968,33.442,922205,0
20140129,33.245,33.846,32.752,32.782,1234346,0
20140130,33.107,33.216,32.871,32.9,1417391,0
20140131,32.545,32.93,32.17,32.9,1966824,0
20140203,32.9,33.058,32.18,32.348,3129741,0
20140204,34.379,35.917,33.946,35.77,3768257,0
20140205,35.879,35.977,34.902,35.03,2234580,0
20140206,35.099,36.145,35.099,35.957,1645154,0
20140207,36.184,36.707,36.155,36.45,1459673,0
20140210,36.489,36.618,35.907,36.372,847576,0
20140211,36.499,36.894,36.352,36.589,1434200,0
20140212,36.736,37.071,36.707,36.884,1125527,0
20140213,36.658,37.318,36.509,37.318,1044436,0
20140214,37.336,37.662,37.316,37.652,890975,0
20140218,37.84,38.326,37.672,38.167,1441089,0
20140219,38.127,38.346,37.138,37.228,1111785,0
20140220,37.365,38.384,37.267,38.306,861192,0
20140221,38.394,38.661,38.306,38.454,1334920,0
20140224,38.514,39.375,38.366,38.988,1180531,0
20140225,39.038,39.187,38.246,38.356,929359,0
20140226,38.524,39.028,38.306,38.84,1070716,0
20140227,38.83,39.058,38.524,38.958,579480,0
20140228,38.87,39.127,38.652,38.939,879224,0
20140303,38.731,38.83,37.94,38.197,1422576,0
20140304,38.573,38.791,38.167,38.384,1508936,0
20140305,38.266,38.524,38.069,38.098,1175400,0
20140306,38.098,38.454,37.86,37.9,1539194,0
20140307,38.137,38.434,37.949,38.237,1337876,0
20140310,38.098,38.177,37.435,37.652,980610,0
20140311,37.603,37.989,37.336,37.455,1363950,0
20140312,37.208,37.425,36.861,37.009,940598,0
20140313,37.098,37.306,36.178,36.357,1094824,0
20140314,36.267,36.791,36.267,36.406,872083,0
20140317,36.564,36.831,36.257,36.426,963960,0
20140318,36.514,36.544,36.327,36.396,932746,0
20140319,36.396,36.484,35.773,36.06,818649,0
20140320,35.91,36.197,35.506,35.96,1088849,0
20140321,36.257,36.376,35.872,35.9,2931197,0
20140324,36.04,36.337,35.327,35.337,1112434,0
20140325,35.595,36.436,35.595,36.237,1446514,0
20140326,36.386,36.564,35.446,35.466,770143,0
20140327,35.356,35.575,34.971,35.406,985168,0
20140328,35.456,35.93,35.406,35.624,632917,0
20140331,35.842,36.129,35.723,36.04,779631,0
20140401,36.089,36.861,35.97,36.762,1400160,0
20140402,36.752,37.385,36.564,37.375,1359870,0
20140403,37.405,37.534,36.851,36.881,1594105,0
20140404,37.078,37.485,36.861,36.911,1559963,0
20140407,36.831,36.96,35.673,36,1395431,0
20140408,35.852,36.169,35.595,35.663,1484809,0
20140409,35.832,36.644,35.604,36.624,821703,0
20140410,36.732,36.732,35.506,35.535,1602873,0
20140411,35.595,35.91,34.743,34.852,1308668,0
20140414,35.079,35.099,34.407,34.753,1149675,0
20140415,34.753,34.812,34.139,34.525,1406345,0
20140416,34.783,35.386,34.565,35.119,1118282,0
20140417,35.159,35.356,34.862,34.932,1446911,0
20140421,34.942,35.219,34.655,35.149,612632,0
20140422,35.159,35.565,35.011,35.337,641913,0
20140423,35.238,35.525,35.199,35.308,515526,0
20140424,35.535,35.822,35.06,35.426,843113,0
20140425,35.258,35.258,34.655,35.04,938863,0
20140428,35.298,35.356,34.565,34.991,1102771,0
20140429,37,37.188,35.703,36.06,1493930,0
20140430,36.762,37.247,36.247,37.198,1784513,0
20140501,37.138,37.218,36.337,36.574,1243353,0
20140502,36.614,36.97,36.446,36.475,784866,0
20140505,36.247,36.634,35.95,36.386,533332,0
20140506,36.327,36.752,36.149,36.544,723749,0
20140507,36.791,36.891,36.307,36.831,647844,0
20140508,38.098,38.098,36.544,36.911,710045,0
20140509,36.791,36.801,36.367,36.801,437038,0
20140512,37.068,37.662,36.921,37.633,721592,0
20140513,37.752,37.969,37.475,37.563,793876,0
20140514,37.553,37.623,37.138,37.365,656293,0
20140515,37.178,37.306,36.654,36.841,675452,0
20140516,36.772,36.891,36.267,36.514,947939,0
20140519,36.482,37.684,36.354,37.635,946641,0
20140520,37.546,37.674,36.84,37.019,1021863,0
20140521,37.088,38.072,37.029,37.555,2083791,0
20140522,37.555,37.943,37.386,37.684,959383,0
20140523,37.664,38.379,37.496,38.151,1281001,0
20140527,38.29,38.638,38.161,38.27,553829,0
20140528,38.231,38.36,37.873,37.893,746521,0
20140529,37.863,37.913,36.244,36.492,2827471,0
20140530,36.463,37.078,36.463,37.039,1686110,0
20140602,37.128,37.396,36.8,37.268,1179531,0
20140603,37.078,37.168,36.94,36.97,1277061,0
20140604,36.92,37.049,36.572,36.622,920089,0
20140605,36.692,37.228,36.632,37.108,1190533,0
20140606,36.95,37.536,36.702,37.486,1436121,0
20140609,37.416,38.231,37.307,37.843,1035327,0
20140610,37.764,38.002,37.476,37.863,816716,0
20140611,37.694,37.714,37.258,37.694,765229,0
20140612,37.575,37.774,37.198,37.506,2349830,0
20140613,37.476,38.379,37.466,38.33,1310559,0
20140616,38.221,38.469,38.062,38.201,875928,0
20140617,38.052,38.459,37.863,38.31,683365,0
20140618,38.439,38.807,37.982,38.648,895445,0
20140619,38.727,39.194,38.32,39.065,1002420,0
20140620,39.144,39.561,38.757,39.393,1579812,0
20140623,39.442,39.681,39.154,39.501,1035657,0
20140624,39.363,39.72,38.866,38.955,914360,0
20140625,38.797,39.164,38.797,39.095,815477,0
20140626,38.33,39.223,38.33,38.856,765482,0
20140627,38.697,39.045,38.697,38.975,1627598,0
20140630,38.945,39.035,38.648,38.807,853346,0
20140701,39.055,39.154,38.807,38.856,648710,0
20140702,38.787,38.955,38.181,38.379,764249,0
20140703,38.608,38.886,38.499,38.747,436504,0
20140707,38.558,38.558,37.575,37.734,1034104,0
20140708,37.555,37.605,36.85,37.098,1308985,0
20140709,37.188,37.366,37.019,37.277,695525,0
20140710,36.731,37.268,36.444,36.98,730770,0
20140711,36.98,37.068,36.512,36.84,1037262,0
20140714,37.019,37.337,36.85,37.258,962849,0
20140715,37.248,37.486,36.662,36.97,1084656,0
20140716,37.098,37.347,36.751,37.327,729011,0
20140717,37.009,37.009,36.424,36.473,791471,0
20140718,36.562,37.228,36.334,37.188,591638,0
20140721,37.148,37.565,37,37.386,626429,0
20140722,37.516,37.774,37.297,37.337,551445,0
20140723,37.337,37.486,36.95,37.068,530095,0
20140724,37.188,37.258,36.82,36.95,594297,0
20140725,36.702,36.761,36.444,36.582,1504654,0
20140728,36.592,36.602,36.086,36.204,1571307,0
20140729,37.118,38.598,36.93,36.94,2263792,0
20140730,37.208,37.248,36.166,36.175,1665453,0
20140731,35.966,36.234,35.014,35.043,1204293,0
20140801,34.934,34.984,34.616,34.735,1641502,0
20140804,34.804,35.162,34.526,35.053,1175315,0
20140805,34.904,35.668,34.864,35.38,1256631,0
20140806,35.033,35.668,35.004,35.39,1069178,0
20140807,35.648,35.976,35.4,35.788,1661796,0
20140808,35.768,35.916,35.54,35.808,1036360,0
20140811,35.996,36.473,35.986,36.304,715042,0
20140812,36.294,36.81,36.185,36.254,758464,0
20140813,36.354,36.532,36.185,36.482,557203,0
20140814,36.463,36.622,36.314,36.434,345000,0
20140815,36.632,36.79,36.214,36.463,685647,0
20140818,36.751,37.148,36.722,37.138,543039,0
20140819,37.168,37.337,37.118,37.248,579825,0
20140820,37.248,37.863,37.198,37.744,905848,0
20140821,37.794,37.794,37.426,37.516,435432,0
20140822,37.396,37.466,37.098,37.138,582772,0
20140825,37.327,37.615,37.168,37.555,405553,0
20140826,37.615,37.774,37.376,37.386,316799,0
20140827,37.386,37.386,36.99,37.168,326734,0
20140828,37.088,37.138,36.89,37,550904,0
20140829,37.108,37.218,36.692,37,398014,0
20140902,37.238,37.833,37.118,37.794,937416,0
20140903,37.903,37.992,37.476,37.585,756292,0
20140904,37.625,38.072,37.526,37.615,1072511,0
20140905,37.555,37.555,37.098,37.506,532293,0
20140908,37.454,37.593,37.304,37.534,713049,0
20140909,37.424,37.583,37.145,37.235,490801,0
20140910,37.235,37.275,36.826,37.185,315765,0
20140911,37.005,37.414,36.986,37.275,498458,0
20140912,37.294,37.364,36.886,37.015,416125,0
20140915,37.025,37.195,36.906,37.045,405392,0
20140916,36.996,37.514,36.906,37.374,600162,0
20140917,37.314,37.623,37.095,37.265,485963,0
20140918,37.364,37.703,37.185,37.633,670771,0
20140919,37.653,37.803,37.344,37.633,1496444,0
20140922,37.573,37.573,36.996,37.195,625697,0
20140923,37.005,37.524,36.816,37.255,887314,0
20140924,37.185,37.384,36.916,37.245,1040462,0
20140925,37.025,37.045,36.348,36.378,1063199,0
20140926,36.358,36.557,36.139,36.467,426528,0
20140929,36.069,36.218,35.929,36.119,576967,0
20140930,36.049,36.099,35.252,35.361,1105903,0
20141001,35.322,35.401,34.554,34.734,1000664,0
20141002,34.684,34.923,34.066,34.883,1031998,0
20141003,35.102,35.172,34.794,34.943,1227622,0
20141006,35.023,35.501,34.943,35.451,1040640,0
20141007,35.152,35.152,34.016,34.026,1203392,0
20141008,33.947,34.534,33.558,34.505,1077031,0
20141009,34.375,34.455,33.199,33.259,669871,0
20141010,33.199,33.269,32.382,32.382,1120337,0
20141013,32.432,32.701,31.765,31.794,1177305,0
20141014,32.253,33.14,32.203,32.582,1387105,0
20141015,32.113,33.578,31.685,33.179,2101890,0
20141016,32.522,34.166,32.352,33.917,1928094,0
20141017,34.206,34.534,33.688,34.086,1412975,0
20141020,34.016,34.166,33.428,33.588,1390398,0
20141021,33.867,34.524,33.747,34.385,1318914,0
20141022,34.455,34.584,33.887,33.937,922748,0
20141023,34.355,35.172,34.265,34.923,948444,0
20141024,34.913,35.222,34.634,35.212,791749,0
20141027,35.02,35.26,34.61,35.02,1397923,0
20141028,35.47,36.5,34.64,36.48,1857774,0
20141029,36.55,36.74,35.55,35.71,913949,0
20141030,35.45,36.05,35.07,35.81,658414,0
20141031,36.44,36.6,36.03,36.36,1161015,0
20141103,36.34,36.43,35.87,36.04,781110,0
20141104,35.91,36.2,35.79,35.94,693783,0
20141105,36.32,36.45,35.97,36.39,823741,0
20141106,36.41,37.12,36.26,37.11,1218181,0
20141107,37.1,37.25,36.82,37.04,669278,0
20141110,37.13,37.36,37,37.28,625778,0
20141111,37.24,37.37,37.04,37.35,534598,0
20141112,37.23,37.56,37.08,37.55,762540,0
20141113,37.44,37.63,37.21,37.45,1109118,0
20141114,37.38,37.63,37.1,37.62,1101451,0
20141117,37.6,37.86,37.46,37.73,700862,0
20141118,37.71,38.49,37.55,38.21,908406,0
20141119,38.02,38.11,37.14,37.34,857298,0
20141120,37.14,37.54,36.99,37.46,610697,0
20141121,37.95,38.5,37.73,38.25,1030635,0
20141124,38.29,38.57,38.24,38.4,643336,0
20141125,38.5,38.59,38.09,38.39,772716,0
20141126,38.36,38.56,38.07,38.54,550887,0
20141128,38.46,38.69,38.19,38.34,676375,0
20141201,38.11,38.47,37.84,38.44,850048,0
20141202,38.5,38.76,37.97,38.02,964261,0
20141203,38.01,38.99,38.01,38.89,697054,0
20141204,38.81,38.81,38.32,38.57,443265,0
20141205,38.67,38.8,38.46,38.59,392476,0
20141208,38.57,38.75,37.74,37.82,468915,0
20141209,37.39,38.18,37.39,38.12,616176,0
20141210,37.94,38.02,36.77,36.84,782671,0
20141211,37.01,37.45,36.89,36.98,586045,0
20141212,36.61,37,36.19,36.2,722650,0
20141215,36.35,36.73,36.01,36.24,726824,0
20141216,36.07,37.05,36.07,36.27,712928,0
20141217,36.23,37,35.69,36.91,1241837,0
20141218,37.58,38.1,37.23,38.1,698949,0
20141219,38.25,38.7,38.06,38.59,1534229,0
20141222,38.74,38.99,38.47,38.74,475873,0
20141223,38.92,39.23,38.66,38.72,645345,0
20141224,38.75,39.07,38.74,38.76,303489,0
20141226,38.88,39.15,38.88,38.95,249438,0
20141229,38.93,39.17,38.8,38.86,352274,0
20141230,38.82,38.91,38.42,38.43,437672,0
20141231,38.65,38.65,38.04,38.07,466877,0
20150102,38.4,38.59,37.5,38.08,606118,0
20150105,37.34,37.42,35.67,35.71,1369903,0
20150106,35.7,35.92,35.11,35.5,1336249,0
20150107,35.87,36,35.25,35.78,1039030,0
20150108,36.01,36.09,35.68,36.05,821836,0
20150109,36.08,36.11,35.32,35.37,756976,0
20150112,35.34,35.39,34.38,34.6,1437830,0
20150113,34.72,35.18,34.15,34.68,1140300,0
20150114,34.04,34.66,33.93,34.46,640698,0
20150115,34.63,34.9,34.2,34.22,974811,0
20150116,34.04,34.49,33.98,34.47,905386,0
