Date,Open,High,Low,Close,Volume,OpenInt
20050225,10.64,10.72,10.4,10.64,91100,0
20050228,10.6,10.64,8.8,9.16,257850,0
20050301,9.04,10.04,8.4,9.64,262550,0
20050302,10.04,10.04,9.04,9.44,73275,0
20050303,9.52,10,9.4,9.6,96700,0
20050304,9.6,9.96,9.2,9.76,90050,0
20050307,9.8,9.88,9.72,9.84,51100,0
20050308,9.8,10.05,9.8,10,77350,0
20050309,10.2,11,10.08,10.8,162650,0
20050310,10.8,11.04,10.56,10.84,90625,0
20050311,11,11.6,10.8,11.52,95025,0
20050314,11.8,12.28,11.76,11.92,168975,0
20050315,12.04,12.12,11,11.36,57300,0
20050316,10.96,11,10.2,10.24,139250,0
20050317,10.36,10.4,9.6,9.92,73175,0
20050318,9.64,9.88,9.4,9.84,91500,0
20050321,9.6,9.8,9.44,9.6,45800,0
20050322,9.76,10.16,9.4,9.56,80425,0
20050323,9.56,9.56,8.84,8.88,100725,0
20050324,8.84,9.2,8.6,8.96,136500,0
20050328,10.2,10.2,9.04,9.2,109775,0
20050329,9.2,9.56,9.16,9.2,45350,0
20050330,9.28,9.72,9.2,9.32,112575,0
20050331,9.32,9.56,8.68,8.8,76375,0
20050401,9,9.08,8.8,8.92,80750,0
20050404,8.88,9.44,8.84,9.4,76575,0
20050405,9.48,9.92,9.48,9.88,51475,0
20050406,9.92,9.96,9.44,9.6,79000,0
20050407,9.56,9.72,9.04,9.48,85200,0
20050408,9.52,9.72,9.44,9.64,36375,0
20050411,9.72,10.04,9.68,9.88,46250,0
20050412,9.88,10.68,9.72,10.16,102875,0
20050413,10.32,10.4,10,10.08,232375,0
20050414,10.12,10.56,9.96,10.08,116925,0
20050415,10.68,10.8,10.24,10.56,227125,0
20050418,10.6,10.68,9.84,10.28,97300,0
20050419,10.36,10.36,10,10.32,60200,0
20050420,10.2,10.4,10.2,10.36,41225,0
20050421,10.4,10.84,10.28,10.84,154300,0
20050422,11,11,10.56,10.68,138875,0
20050425,10.88,10.91,10.44,10.8,46650,0
20050426,10.76,10.8,10.64,10.72,67150,0
20050427,10.84,10.84,10.48,10.6,43725,0
20050428,11.16,11.6,10.8,11.6,430825,0
20050429,11.8,12.2,11.48,12.16,379675,0
20050502,12.4,12.56,11.68,11.8,246650,0
20050503,11.88,12,11.4,11.76,75800,0
20050504,11.52,11.92,11.12,11.52,101750,0
20050505,11.4,11.76,11.4,11.52,69975,0
20050506,11.6,11.76,11.52,11.6,73625,0
20050509,11.72,11.92,11.4,11.48,95625,0
20050510,11.4,11.44,10.48,10.92,152150,0
20050511,10.92,11.04,10.6,10.72,42575,0
20050512,10.8,11.28,10.36,11,111175,0
20050513,11.2,11.36,10.68,11.08,49850,0
20050516,10.8,10.8,9.8,9.92,278850,0
20050517,9.92,10.2,9.36,9.56,337250,0
20050518,9.4,9.96,9.4,9.84,231925,0
20050519,9.88,10,9.6,9.76,105375,0
20050520,9.76,9.96,9.64,9.92,59450,0
20050523,10,10.48,10,10.44,90375,0
20050524,10.32,10.44,10.2,10.4,73375,0
20050525,10.28,10.4,10.08,10.16,57175,0
20050526,10.16,10.2,9.96,10.12,85350,0
20050527,10.04,10.36,9.92,10.24,54225,0
20050531,10.28,10.36,9.92,9.92,51800,0
20050601,9.84,10.28,9.64,9.92,65125,0
20050602,9.88,10.08,9.76,10.08,54100,0
20050603,10,10,9.84,9.96,34775,0
20050606,9.92,10.12,9.76,9.88,79850,0
20050607,9.92,10,9.8,10,76250,0
20050608,9.92,10.12,9.84,10,63800,0
20050609,10,10.32,9.65,10.16,147075,0
20050610,10.2,10.24,10.08,10.24,68125,0
20050613,10.16,10.68,10,10.48,105325,0
20050614,10.64,10.64,10.32,10.56,94950,0
20050615,10.64,10.92,10.24,10.8,116775,0
20050616,10.8,11.16,10.68,11.04,99900,0
20050617,11.12,11.24,11,11.2,78650,0
20050620,11.16,11.96,11.08,11.36,92900,0
20050621,11.32,11.32,10.68,10.96,91775,0
20050622,8.48,11,8.48,10.56,90775,0
20050623,10.4,10.44,10,10.28,126175,0
20050624,10.2,10.96,10.2,10.72,1245100,0
20050627,10.76,11.16,10.08,10.76,126175,0
20050628,10.8,11.16,10.64,11.16,73425,0
20050629,11.16,11.36,11,11.24,53875,0
20050630,11.56,11.68,11.12,11.2,115700,0
20050701,11.24,11.36,10.92,11.36,72925,0
20050705,11.36,11.76,11.36,11.76,91850,0
20050706,11.76,11.76,11.48,11.68,111450,0
20050707,11.6,11.8,11.48,11.8,89125,0
20050708,11.8,11.92,11.56,11.88,85050,0
20050711,12,13.08,12,12.8,315850,0
20050712,12.8,13.6,12.64,13.08,235250,0
20050713,13.08,13.16,12.2,13.08,135250,0
20050714,13,13.2,12.8,13.08,109875,0
20050715,13.08,13.2,12.6,13,69300,0
20050718,13,13,12.6,12.68,56125,0
20050719,12.68,12.72,12.24,12.68,73675,0
20050720,12.6,13,12.48,12.8,118850,0
20050721,12.8,13.04,12.6,12.92,72750,0
20050722,12.76,13.4,12.6,13.4,116050,0
20050725,13.36,13.72,13.16,13.16,91925,0
20050726,13.2,13.6,13.04,13.36,48325,0
20050727,13.36,13.44,13.04,13.28,59550,0
20050728,13.32,13.48,13.12,13.28,96825,0
20050729,13.32,13.44,12.97,13.04,62325,0
20050801,13.12,13.32,13.08,13.16,41850,0
20050802,13.12,13.2,13.04,13.16,49350,0
20050803,13.08,13.08,12.92,12.96,44325,0
20050804,12.84,13,12.72,12.76,43650,0
20050805,12.8,12.8,12.24,12.44,85850,0
20050808,12.48,12.6,11.8,12.2,96225,0
20050809,12.4,12.44,12.12,12.32,30100,0
20050810,12.32,12.4,12,12.08,65025,0
20050811,12.04,12.32,12,12.28,84550,0
20050812,12.2,12.48,12.04,12.4,84100,0
20050815,12.4,12.8,12.12,12.76,90075,0
20050816,12.76,13,12.6,12.72,67400,0
20050817,12.76,13,12.72,12.84,61125,0
20050818,12.84,12.96,12.72,12.8,58850,0
20050819,12.84,13.2,12.8,13.16,87250,0
20050822,13.36,13.56,13.2,13.48,90275,0
20050823,13.52,13.52,13.2,13.36,51600,0
20050824,13.8,14.6,13.8,13.92,309075,0
20050825,14.28,15,14,14.8,317050,0
20050826,14.96,15,14.4,14.48,215425,0
20050829,14.48,14.48,14,14.2,132600,0
20050830,14.16,14.2,13.64,13.88,108225,0
20050831,13.88,14.8,13.6,14.76,96100,0
20050901,14.76,14.76,13.64,13.88,184875,0
20050902,14,14.24,13.84,14.04,63225,0
20050906,14.4,14.4,14.04,14.28,67225,0
20050907,14.32,14.36,14.08,14.36,56875,0
20050908,14.28,14.68,14.16,14.56,85775,0
20050909,14.6,14.64,14.2,14.32,69850,0
20050912,14.4,14.48,14.08,14.24,51125,0
20050913,14.2,14.56,13.72,13.72,96250,0
20050914,13.76,13.88,12.6,13.04,274225,0
20050915,12.92,13.24,12.72,12.88,222475,0
20050916,12.96,13.6,12.64,13.6,221750,0
20050919,13.92,13.92,12.84,13.08,91750,0
20050920,12.96,13.2,12.56,12.8,94875,0
20050921,12.64,13.44,12.52,13.2,113550,0
20050922,12.68,12.68,10.6,12.24,462700,0
20050923,12.12,12.83,11.52,12.64,221425,0
20050926,12.72,12.99,12.6,12.96,54750,0
20050927,12.76,12.84,12.52,12.6,28875,0
20050928,12.6,12.71,11.96,12.12,134825,0
20050929,12.16,12.4,12,12.4,62900,0
20050930,12.32,12.4,12.12,12.36,63075,0
20051003,12,12.6,12,12.36,61500,0
20051004,12.08,12.6,12.08,12.32,89050,0
20051005,12.28,12.28,12,12,99900,0
20051006,12,12.32,11.8,11.8,88275,0
20051007,11.88,12.04,11.08,11.08,103450,0
20051010,11.2,11.28,10.24,10.52,216850,0
20051011,10.6,10.84,9.92,10,168050,0
20051012,9.96,10.4,9.84,10.04,97275,0
20051013,10,10.96,9.8,10.2,131900,0
20051014,10.6,10.84,10,10.72,198225,0
20051017,10.72,10.96,10.2,10.6,38400,0
20051018,10.6,11.76,10.6,11.28,120675,0
20051019,11.24,11.28,10.48,10.88,89950,0
20051020,10.6,10.76,10.36,10.36,75550,0
20051021,10.4,10.76,10.36,10.48,51750,0
20051024,10.56,11.52,10.48,11.32,185825,0
20051025,11.6,12.48,11.52,12.08,380000,0
20051026,12.04,12.8,12,12.36,337300,0
20051027,12.6,12.6,12.04,12.04,200150,0
20051028,12,12.2,11.6,12,161500,0
20051031,13.72,13.72,11.84,12.36,250175,0
20051101,12.4,12.6,12.2,12.36,92600,0
20051102,12.76,12.8,12.48,12.8,112475,0
20051103,12.84,12.92,12.52,12.72,82675,0
20051104,12.88,12.92,12.52,12.8,70650,0
20051107,12.8,12.92,12.4,12.84,92825,0
20051108,12.64,12.88,12.52,12.6,75175,0
20051109,12.56,12.8,12.12,12.6,123125,0
20051110,12.6,12.64,12,12.56,101325,0
20051111,12.16,12.48,12.04,12.32,31275,0
20051114,12.28,12.32,11.4,11.8,136050,0
20051115,11.8,11.8,11.4,11.48,74875,0
20051116,11.28,11.64,11.2,11.4,63725,0
20051117,11.72,11.72,11.2,11.68,115375,0
20051118,12.16,12.32,11.6,12,69725,0
20051121,12.2,12.2,11.6,11.92,46925,0
20051122,12,12.04,11.8,11.84,37350,0
20051123,11.64,11.76,11.48,11.68,52200,0
20051125,11.68,11.76,11.48,11.64,23550,0
20051128,11.4,11.52,11.2,11.28,85275,0
20051129,11.4,11.8,11.2,11.28,49275,0
20051130,11.4,11.68,11.2,11.24,83625,0
20051201,11.24,12.2,11.24,11.96,103025,0
20051202,11.8,11.96,11.4,11.88,66500,0
20051205,12,12.64,12,12.44,120750,0
20051206,12.44,12.6,12.08,12.12,124725,0
20051207,12.04,12.32,11.64,11.68,103775,0
20051208,11.68,12.56,11.64,12.48,148225,0
20051209,12.36,13.2,12.28,13.12,209750,0
20051212,13.28,13.8,13.2,13.48,193425,0
20051213,13.56,13.56,12.84,13.32,113800,0
20051214,12.64,13.48,12.64,13.08,67525,0
20051215,12.88,13.8,12.88,13.64,191875,0
20051216,12.8,14.04,12.8,13.96,421650,0
20051219,14.04,14.32,13.6,13.68,155675,0
20051220,13.4,13.88,13.4,13.4,103250,0
20051221,13.32,13.4,12.76,13.36,135875,0
20051222,13.6,13.6,13.2,13.56,64625,0
20051223,13.56,14.12,13.48,14.12,129300,0
20051227,14.12,14.44,13.64,13.8,128225,0
20051228,13.84,14,13.32,13.96,61850,0
20051229,13.8,14.16,13.8,14,49550,0
20051230,13.88,14.12,13.6,13.76,109750,0
20060103,14.36,14.72,13.92,14.56,227725,0
20060104,14.76,15.88,14.6,15.76,400825,0
20060105,15.8,16.08,15.24,16,306775,0
20060106,15.92,15.92,14.8,15.44,909725,0
20060109,15.4,15.52,15.04,15.52,187350,0
20060110,15.32,16.32,15.24,16,270700,0
20060111,16.04,16.8,16,16.4,460075,0
20060112,16.4,16.44,16.12,16.28,280900,0
20060113,16.28,16.4,16.08,16.24,164575,0
20060117,16.24,16.24,15.68,15.84,224100,0
20060118,15.95,16.05,15.92,16.01,95000,0
20060119,16.01,16.08,15.85,15.88,192500,0
20060120,15.88,15.92,14.95,15.49,264400,0
20060123,15.49,15.5,14.7,14.86,247400,0
20060124,14.3,14.81,13.5,14.71,466300,0
20060125,14.6,17.2,14.55,17.14,509000,0
20060126,17.1,17.1,16,16.76,315600,0
20060127,16.77,17.05,16.7,17,118100,0
20060130,17.1,17.35,16.19,16.39,223400,0
20060131,16.45,16.45,15.45,15.5,257200,0
20060201,15.46,16.3,15.16,16.02,139700,0
20060202,15.9,16,15.5,15.9,161200,0
20060203,15.8,16.3,15.75,16.28,189500,0
20060206,16.2,16.3,15.5,15.7,146200,0
20060207,15.7,15.95,15,15.05,209800,0
20060208,15.05,15.15,14.9,15.01,118800,0
20060209,15.02,15.4,14.6,14.6,94500,0
20060210,14.6,15.35,14.6,15.35,302200,0
20060213,15.45,15.6,15.36,15.54,75900,0
20060214,15.53,15.7,15.45,15.5,162900,0
20060215,15.45,15.95,15.45,15.91,108800,0
20060216,16,16.83,15.99,16.83,127200,0
20060217,16.99,16.99,16.6,16.6,143500,0
20060221,16.65,16.68,16,16.52,125800,0
20060222,16.55,16.74,16.45,16.74,113300,0
20060223,16.7,16.7,16.5,16.53,92400,0
20060224,16.51,16.85,16.45,16.77,86700,0
20060227,16.5,17.12,16.4,17.1,150900,0
20060228,17.1,17.33,17,17.14,145400,0
20060301,17.14,17.75,16.9,17.53,126000,0
20060302,17.45,17.95,17.36,17.9,179900,0
20060303,17.97,18.14,17.55,17.57,156500,0
20060306,17.52,17.52,16.76,16.86,119400,0
20060307,16.9,16.98,16.32,16.5,91900,0
20060308,16.65,16.65,16.15,16.6,93500,0
20060309,16.6,16.7,15.6,15.75,177700,0
20060310,15.65,15.75,15.25,15.49,103000,0
20060313,15.55,15.65,15.35,15.36,220200,0
20060314,15.3,15.4,15.01,15.25,184600,0
20060315,15.25,15.27,15.1,15.11,79800,0
20060316,15.2,15.2,15.05,15.17,139400,0
20060317,15.17,15.36,15.15,15.35,325500,0
20060320,15.36,15.36,15.06,15.28,75300,0
20060321,15.45,15.45,14.76,14.79,76100,0
20060322,14.6,15.17,14.1,14.99,123800,0
20060323,15,15,14.5,14.79,123100,0
20060324,14.6,14.8,14.5,14.8,37100,0
20060327,14.85,15,14.82,14.82,123800,0
20060328,14.75,14.75,13.77,14.03,351500,0
20060329,14.2,14.6,14.05,14.35,350500,0
20060330,14.32,14.35,14.1,14.19,153100,0
20060331,14.3,14.95,14.2,14.62,135400,0
20060403,14.65,14.7,13.93,13.95,163400,0
20060404,15.4,15.8,14.81,15.13,814300,0
20060405,15.15,15.15,14.55,14.89,185900,0
20060406,14.85,15.1,14.8,14.99,275700,0
20060407,15,15.1,14.52,14.72,282500,0
20060410,14.75,14.9,14.4,14.8,214600,0
20060411,14.73,14.8,13.8,13.84,475383,0
20060412,14.53,14.98,14.35,14.4,3833217,0
20060413,14.5,14.5,14.08,14.39,400265,0
20060417,14.51,14.51,13.97,14.42,2308990,0
20060418,14.45,14.65,14.23,14.6,478702,0
20060419,14.6,14.69,14.25,14.53,214229,0
20060420,14.58,14.65,14.25,14.3,87450,0
20060421,14.39,14.64,14.01,14.12,217193,0
20060424,14.2,14.2,13.3,13.4,340788,0
20060425,13.4,13.47,12.39,12.53,469194,0
20060426,12.5,12.53,11.1,11.49,982767,0
20060427,11.5,12.22,11.31,11.74,549797,0
20060428,11.78,12.19,11.75,11.82,347840,0
20060501,11.82,12.09,11,11.02,586863,0
20060502,11.02,11.23,10.15,10.77,883463,0
20060503,10.85,11.04,10.4,10.52,462271,0
20060504,10.52,10.91,10.5,10.7,184192,0
20060505,10.7,11.25,10.7,11.06,249588,0
20060508,11.18,11.3,10.58,10.63,346652,0
20060509,10.65,10.88,9.89,9.99,726312,0
20060510,10,10.5,9.9,10.07,359187,0
20060511,10.01,10.26,9.56,9.68,339109,0
20060512,9.6,9.68,9.01,9.2,452295,0
20060515,9.18,10.26,9,10.1,621048,0
20060516,10.1,10.11,9.45,9.57,298066,0
20060517,9.59,9.59,8.75,8.91,646466,0
20060518,8.9,9.45,8.7,8.77,381318,0
20060519,8.89,9.2,8.69,9.15,407662,0
20060522,9.13,9.13,8.4,8.5,292156,0
20060523,8.75,9.38,8.68,8.7,389886,0
20060524,8.8,9.79,8.73,8.87,293197,0
20060525,9.02,9.11,8.8,8.85,284238,0
20060526,9.05,10.15,9.05,9.92,919366,0
20060530,10.09,10.09,9.64,9.71,370741,0
20060531,9.84,10.05,9.69,9.79,483744,0
20060601,9.79,9.89,9.28,9.48,377584,0
20060602,9.6,9.61,9.17,9.32,281960,0
20060605,9.25,9.48,8.6,8.6,503934,0
20060606,8.63,8.9,8.1,8.22,469407,0
20060607,8.55,8.55,8,8.14,372820,0
20060608,8.14,8.14,7.5,7.64,747731,0
20060609,7.75,7.97,7.01,7.09,641468,0
20060612,7.1,7.27,6.42,6.44,858273,0
20060613,6.39,6.99,6.19,6.57,529521,0
20060614,6.57,6.99,6.44,6.63,528898,0
20060615,6.63,7.5,6.63,7,1210561,0
20060616,6.94,6.98,6.18,6.21,1284160,0
20060619,6.23,6.38,5.83,5.88,1086967,0
20060620,5.31,6.55,5.31,6.38,1176370,0
20060621,6.37,6.5,5.95,6.26,496682,0
20060622,6.19,6.35,6.04,6.06,461340,0
20060623,6,6.28,5.66,6.23,406313,0
20060626,6.23,6.52,6,6.47,392003,0
20060627,6.43,6.94,6.26,6.9,550480,0
20060628,7,7.2,6.75,6.94,364275,0
20060629,7,7,6.72,6.88,253682,0
20060630,6.98,7.08,6.76,6.84,799279,0
20060703,6.9,7.12,6.81,7.07,191885,0
20060705,6.98,7.5,6.8,7.4,413884,0
20060706,7.47,8.6,7.44,8.52,776100,0
20060707,8.49,8.84,8.1,8.23,498984,0
20060710,8.35,8.8,7.69,8.76,428059,0
20060711,8.71,9,8.5,8.72,343146,0
20060712,8.9,8.91,8.62,8.75,238280,0
20060713,8.71,8.71,7.92,8.2,408647,0
20060714,8.17,8.66,7.91,7.91,282552,0
20060717,7.85,7.99,7.56,7.77,377086,0
20060718,7.79,7.99,7.2,7.28,395340,0
20060719,7.29,7.56,7.07,7.21,269598,0
20060720,7.19,7.3,6.53,6.6,403553,0
20060721,6.62,6.85,6.25,6.7,374242,0
20060724,6.81,7,6.66,6.82,202056,0
20060725,6.76,7.14,6.69,7.09,258417,0
20060726,7.05,7.21,6.79,7,133060,0
20060727,7.07,7.14,6.7,6.92,223331,0
20060728,6.98,7.1,6.82,6.85,209395,0
20060731,6.82,6.98,6.62,6.71,411686,0
20060801,6.69,6.84,6.42,6.45,513135,0
20060802,6.47,6.53,6.25,6.32,641434,0
20060803,6.25,6.41,6.12,6.35,424585,0
20060804,6.46,6.65,6.2,6.55,766884,0
20060807,6.47,6.72,6.43,6.56,264350,0
20060808,6.61,6.96,6.01,6.59,475001,0
20060809,6.47,6.9,6.47,6.7,300306,0
20060810,6.6,6.6,6.18,6.3,514686,0
20060811,6.33,6.35,5.9,5.92,574665,0
20060814,6.03,6.75,5.59,5.61,484184,0
20060815,5.7,5.87,5.41,5.72,462606,0
20060816,5.76,6.2,5.75,6.1,277299,0
20060817,6.12,6.51,6.07,6.44,308643,0
20060818,6.48,6.87,6.22,6.79,481944,0
20060821,6.8,7.2,6.78,7.16,412796,0
20060822,7.16,7.58,7.1,7.4,334033,0
20060823,7.27,7.45,7.1,7.36,274730,0
20060824,7.36,7.49,7.15,7.45,171820,0
20060825,7.41,7.7,7.2,7.45,394901,0
20060828,7.42,7.5,7.04,7.28,348925,0
20060829,7.27,7.44,6.96,7.41,346251,0
20060830,7.43,7.55,7.15,7.21,275258,0
20060831,7.24,7.34,6.98,7.07,366872,0
20060901,7.08,7.25,6.97,7.03,395883,0
20060905,7,7.3,6.95,7.05,391820,0
20060906,7.03,7.1,6.68,6.73,499049,0
20060907,6.67,7,6.66,6.81,164945,0
20060908,6.85,6.94,6.68,6.69,173199,0
20060911,6.65,6.74,6.4,6.52,322069,0
20060912,6.55,6.61,6.44,6.47,329357,0
20060913,6.56,6.66,6.33,6.4,296938,0
20060914,6.34,6.51,6.19,6.3,324335,0
20060915,6.25,6.26,6,6.06,772896,0
20060918,6.06,6.48,5.8,6.18,688999,0
20060919,6.21,6.33,6.11,6.14,321260,0
20060920,6.15,6.37,6.02,6.23,262712,0
20060921,6.27,6.38,6.05,6.25,281290,0
20060922,6.24,6.25,6.09,6.16,297323,0
20060925,6.14,6.15,5.92,5.96,440776,0
20060926,5.95,6.34,5.81,6.27,704948,0
20060927,6.27,6.88,6.27,6.86,591657,0
20060928,6.85,7.05,6.75,6.89,597003,0
20060929,7,7.04,6.89,6.92,208461,0
20061002,6.96,7,6.68,6.92,202384,0
20061003,6.87,6.87,6.22,6.41,644227,0
20061004,6.36,6.5,6.14,6.24,390466,0
20061005,6.27,6.78,6.16,6.52,502201,0
20061006,6.6,7.28,6.48,7.27,524695,0
20061009,7.29,7.3,7.06,7.15,323968,0
20061010,7.19,8.52,7.15,8.49,1372578,0
20061011,8.61,9.08,8.55,8.95,1696994,0
20061012,9,9.41,8.41,8.73,1302724,0
20061013,8.78,8.89,8.67,8.7,636780,0
20061016,8.66,8.8,8.45,8.5,689239,0
20061017,8.5,8.6,7.9,7.99,1517471,0
20061018,8.2,8.81,8.1,8.77,1290607,0
20061019,8.75,9.09,8.34,8.75,789470,0
20061020,8.8,8.99,8.5,8.59,453584,0
20061023,8.75,8.8,8.11,8.31,970810,0
20061024,8.4,8.4,8.05,8.1,488339,0
20061025,8.13,8.32,7.92,8.01,872320,0
20061026,7.9,7.94,7.52,7.6,1169654,0
20061027,7.61,7.81,7.31,7.43,1665294,0
20061030,7.57,8.09,7.14,7.4,2369623,0
20061031,4.28,4.52,3.95,3.98,24246637,0
20061101,3.95,3.97,3.33,3.4,7929536,0
20061102,3.31,3.4,3.16,3.3,3053639,0
20061103,3,3.31,2.75,3.1,11484340,0
20061106,3.15,3.2,2.89,2.89,2708750,0
20061107,2.93,3.04,2.83,3.01,2391469,0
20061108,3.01,3.07,2.9,2.93,1633139,0
20061109,2.95,2.99,2.85,2.85,1051050,0
20061110,2.88,2.94,2.8,2.83,1073324,0
20061113,2.83,2.92,2.83,2.85,794542,0
20061114,2.87,2.9,2.8,2.87,966857,0
20061115,2.85,2.89,2.83,2.87,800819,0
20061116,2.86,2.87,2.83,2.85,938736,0
20061117,3.03,3.14,2.95,3.08,4953890,0
20061120,3.1,3.14,3,3.09,1904812,0
20061121,3.09,3.1,3.01,3.01,757772,0
20061122,3,3.02,2.91,2.96,744844,0
20061124,3.03,3.03,2.94,2.96,330305,0
20061127,2.96,3.01,2.93,2.94,987988,0
20061128,2.96,2.96,2.85,2.89,860609,0
20061129,2.88,2.91,2.84,2.85,690509,0
20061130,2.85,2.87,2.84,2.85,370822,0
20061201,2.85,2.93,2.81,2.92,479256,0
20061204,2.92,2.93,2.86,2.9,496018,0
20061205,2.92,2.93,2.85,2.88,365484,0
20061206,2.88,2.96,2.86,2.9,395542,0
20061207,2.89,2.92,2.85,2.87,478345,0
20061208,2.86,2.9,2.83,2.89,544425,0
20061211,2.78,2.94,2.55,2.89,2088317,0
20061212,2.9,2.99,2.71,2.87,574405,0
20061213,2.87,2.87,2.72,2.78,555773,0
20061214,2.75,2.81,2.7,2.81,805746,0
20061215,2.81,2.83,2.74,2.79,677929,0
20061218,2.75,2.8,2.6,2.68,1007181,0
20061219,2.65,2.66,2.6,2.62,715179,0
20061220,2.6,2.64,2.55,2.55,969489,0
20061221,2.55,2.55,2.3,2.44,1589802,0
20061222,2.41,2.44,2.33,2.36,817015,0
20061226,2.33,2.36,2.28,2.29,873114,0
20061227,2.27,2.31,2.25,2.29,970052,0
20061228,2.25,2.29,2.23,2.27,1018797,0
20061229,2.25,2.35,2.25,2.31,1271724,0
20070103,2.35,2.55,2.34,2.44,1308038,0
20070104,2.45,2.46,2.32,2.36,637773,0
20070105,2.35,2.39,2.33,2.35,440960,0
20070108,2.36,2.36,2.28,2.31,334788,0
20070109,2.3,2.35,2.3,2.31,482068,0
20070110,2.3,2.33,2.26,2.33,435539,0
20070111,2.34,2.38,2.3,2.37,471337,0
20070112,2.37,2.45,2.36,2.38,650061,0
20070116,2.38,2.39,2.33,2.37,685883,0
20070117,2.4,2.4,2.32,2.33,472477,0
20070118,2.35,2.39,2.32,2.35,726490,0
20070119,2.36,2.41,2.33,2.4,659207,0
20070122,2.41,2.44,2.35,2.37,455550,0
20070123,2.38,2.4,2.35,2.39,767753,0
20070124,2.39,2.4,2.35,2.38,636755,0
20070125,2.38,2.39,2.31,2.32,487158,0
20070126,2.35,2.38,2.31,2.37,541441,0
20070129,2.33,2.4,2.32,2.4,632334,0
20070130,2.44,2.48,2.4,2.42,612345,0
20070131,2.73,2.85,2.52,2.52,6540377,0
20070201,2.58,2.61,2.39,2.39,1562266,0
20070202,2.4,2.42,2.34,2.34,916429,0
20070205,2.35,2.37,2.3,2.3,829232,0
20070206,2.31,2.35,2.26,2.28,886659,0
20070207,2.27,2.35,2.26,2.29,596469,0
20070208,2.3,2.42,2.3,2.37,763402,0
20070209,2.4,2.41,2.28,2.32,714945,0
20070212,2.32,2.34,2.28,2.3,454938,0
20070213,2.36,2.36,2.28,2.31,352046,0
20070214,2.31,2.35,2.3,2.3,424614,0
20070215,2.3,2.34,2.29,2.31,767013,0
20070216,2.32,2.32,2.25,2.26,525394,0
20070220,2.26,2.31,2.25,2.27,703321,0
20070221,2.25,2.28,2.24,2.26,404929,0
20070222,2.27,2.27,2.14,2.16,1036662,0
20070223,2.15,2.17,2.12,2.14,484070,0
20070226,2.19,2.27,2.16,2.21,623925,0
20070227,2.17,2.35,2.1,2.24,2245878,0
20070228,1.88,2,1.8,1.86,1928437,0
20070301,1.9,1.9,1.49,1.54,3953485,0
20070302,1.55,1.59,1.4,1.43,2508982,0
20070305,1.45,1.46,1.28,1.3,1596023,0
20070306,1.34,1.34,1.26,1.29,1677371,0
20070307,1.31,1.31,1.25,1.26,951441,0
20070308,1.28,1.3,1.22,1.22,1038629,0
20070309,1.22,1.24,1.14,1.16,1040495,0
20070312,1.17,1.21,1.16,1.18,767017,0
20070313,1.17,1.18,1.12,1.14,677955,0
20070314,1.13,1.15,1.08,1.09,954585,0
20070315,1.07,1.14,1.07,1.1,716983,0
20070316,1.11,1.48,1.1,1.37,3956437,0
20070319,1.45,1.46,1.22,1.23,1354374,0
20070320,1.22,1.35,1.21,1.31,601018,0
20070321,1.35,1.35,1.27,1.29,467487,0
20070322,1.28,1.38,1.24,1.37,968989,0
20070323,1.36,1.45,1.35,1.44,854203,0
20070326,1.42,1.52,1.38,1.47,896668,0
20070327,1.54,1.55,1.45,1.5,560505,0
20070328,1.53,1.53,1.4,1.42,455406,0
20070329,1.42,1.45,1.18,1.2,1099762,0
20070330,1.19,1.22,1.15,1.22,689782,0
20070402,1.21,1.23,1.17,1.19,223934,0
20070403,1.19,1.3,1.18,1.29,319118,0
20070404,1.33,1.33,1.23,1.29,349462,0
20070405,1.29,1.32,1.22,1.24,224588,0
20070409,1.25,1.3,1.22,1.29,358786,0
20070410,1.29,1.32,1.25,1.26,342040,0
20070411,1.26,1.26,1.22,1.25,209282,0
20070412,1.24,1.25,1.2,1.22,400623,0
20070413,1.21,1.25,1.19,1.2,298475,0
20070416,1.25,1.27,1.2,1.24,176070,0
20070417,1.24,1.29,1.23,1.27,300522,0
20070418,3.37,5.53,3.17,5.19,86182057,0
20070419,6.36,6.75,3.85,3.9,73120018,0
20070420,4.28,4.6,3.89,4.4,26834713,0
20070423,4.91,5.07,4.44,4.52,27527643,0
20070424,4.28,4.32,4.01,4.07,8235276,0
20070425,3.93,4.03,3.33,3.4,11150619,0
20070426,3.4,3.62,3.17,3.24,5840683,0
20070427,3.21,3.71,3.21,3.34,9387267,0
20070430,3.71,3.83,3.49,3.57,7455440,0
20070501,3.66,3.76,3.36,3.49,8087816,0
20070502,3.5,3.58,3.38,3.4,3131975,0
20070503,3.51,3.52,3.37,3.44,2368059,0
20070504,3.46,3.49,3.32,3.38,2820141,0
20070507,3.38,3.42,3.18,3.21,2830200,0
20070508,3.2,3.2,3,3.14,2501336,0
20070509,2.85,3.05,2.73,2.9,4693808,0
20070510,2.86,2.87,2.69,2.72,2618609,0
20070511,2.73,2.76,2.58,2.6,1990846,0
20070514,2.6,2.63,2.36,2.4,3018888,0
20070515,2.38,3.03,2.36,2.83,7349126,0
20070516,2.82,2.82,2.6,2.62,2525441,0
20070517,2.59,3.2,2.5,3.19,5484916,0
20070518,3.1,3.7,3.09,3.41,13451713,0
20070521,3.42,3.73,3.37,3.42,4935452,0
20070522,3.42,3.55,3.37,3.39,1559766,0
20070523,3.43,3.5,3.25,3.39,2853864,0
20070524,3.47,3.47,3.22,3.3,1505269,0
20070525,3.3,3.35,3.18,3.19,1105788,0
20070529,3.23,3.25,2.99,3.09,2850229,0
20070530,3.02,3.32,2.94,3.22,3043150,0
20070531,3.88,4,3.46,3.46,8367597,0
20070601,3.47,3.47,3.28,3.32,2082812,0
20070604,3.29,3.47,3.26,3.4,1589785,0
20070605,3.42,3.54,3.32,3.42,2114238,0
20070606,3.42,3.55,3.36,3.42,2193615,0
20070607,3.42,3.75,3.42,3.48,6137456,0
20070608,3.7,3.75,3.34,3.34,7188940,0
20070611,3.35,3.37,3.2,3.28,1487183,0
20070612,3.29,3.29,3.18,3.2,1157130,0
20070613,3.25,3.25,3.1,3.13,929931,0
20070614,3.11,3.35,3.04,3.23,2212549,0
20070615,3.24,3.31,3.18,3.21,1293353,0
20070618,3.2,3.23,3.15,3.18,943440,0
20070619,3.2,3.2,3.11,3.13,771008,0
20070620,3.42,3.58,3.08,3.1,833431,0
20070621,3.1,3.12,3.01,3.11,885713,0
20070622,3.08,3.12,3,3.05,5289859,0
20070625,3.08,3.12,2.91,2.92,749704,0
20070626,2.93,2.95,2.4,2.52,4845589,0
20070627,2.51,2.52,2.38,2.41,1834494,0
20070628,2.47,2.49,2.38,2.42,1408107,0
20070629,2.42,2.45,2.38,2.39,736239,0
20070702,2.39,2.45,2.35,2.37,858395,0
20070703,2.8,2.9,2.7,2.7,5087420,0
20070705,2.69,2.75,2.53,2.55,1766427,0
20070706,2.53,2.54,2.42,2.44,1718093,0
20070709,2.45,2.52,2.4,2.43,1163666,0
20070710,2.4,2.42,2.31,2.36,1210525,0
20070711,2.33,2.39,2.22,2.34,1269128,0
20070712,2.33,2.45,2.29,2.35,881127,0
20070713,2.33,2.35,2.29,2.32,446752,0
20070716,2.31,2.36,2.3,2.3,475236,0
20070717,2.28,2.3,2.23,2.23,493416,0
20070718,2.23,2.25,2.16,2.19,564371,0
20070719,2.2,2.31,2.19,2.31,547745,0
20070720,2.3,2.32,2.24,2.26,223711,0
20070723,2.25,2.26,2.2,2.21,277802,0
20070724,2.2,2.29,2.11,2.13,847080,0
20070725,2.13,2.21,2.13,2.15,404074,0
20070726,2.13,2.19,2.1,2.1,575563,0
20070727,2.14,2.14,2.05,2.08,440652,0
20070730,2.1,2.12,2.02,2.02,477632,0
20070731,2.02,2.05,1.86,1.86,1034284,0
20070801,1.86,1.91,1.8,1.8,673076,0
20070802,1.8,1.88,1.8,1.8,450169,0
20070803,1.8,1.83,1.75,1.76,432602,0
20070806,1.91,2.1,1.8,1.88,1656645,0
20070807,1.87,1.93,1.78,1.86,932361,0
20070808,1.94,1.96,1.78,1.8,943949,0
20070809,1.78,1.88,1.78,1.81,468359,0
20070810,1.84,1.84,1.79,1.79,440600,0
20070813,1.79,1.85,1.79,1.79,507684,0
20070814,1.8,1.83,1.69,1.76,349686,0
20070815,1.75,1.83,1.75,1.77,433934,0
20070816,1.75,1.8,1.67,1.68,547961,0
20070817,1.77,1.77,1.69,1.7,336373,0
20070820,1.73,1.82,1.69,1.81,305988,0
20070821,1.83,1.88,1.79,1.88,321587,0
20070822,1.88,1.94,1.84,1.89,251457,0
20070823,1.87,1.94,1.86,1.88,179106,0
20070824,1.9,1.93,1.87,1.92,173153,0
20070827,1.95,1.95,1.88,1.88,137624,0
20070828,1.87,1.92,1.86,1.88,179114,0
20070829,1.9,2.24,1.9,2.13,1406686,0
20070830,2.11,2.3,2.05,2.25,1281543,0
20070831,2.25,2.25,2.16,2.16,375943,0
20070904,2.19,2.28,2.19,2.24,473112,0
20070905,2.24,2.25,2.18,2.23,301076,0
20070906,2.22,2.25,2.18,2.25,292179,0
20070907,2.21,2.27,2.17,2.27,454452,0
20070910,2.24,2.48,2.24,2.41,1478573,0
20070911,2.42,2.55,2.4,2.42,1222268,0
20070912,2.42,2.43,2.27,2.27,600925,0
20070913,2.3,2.36,2.14,2.24,705079,0
20070914,2.17,2.28,2.16,2.27,399579,0
20070917,2.24,2.27,2.17,2.17,333364,0
20070918,2.16,2.21,2.15,2.17,288505,0
20070919,2.16,2.24,2.16,2.19,196585,0
20070920,2.2,2.33,2.18,2.18,401805,0
20070921,2.19,2.22,2.15,2.16,358896,0
20070924,2.14,2.2,2.1,2.12,300766,0
20070925,2.12,2.14,1.87,1.9,891530,0
20070926,1.9,1.97,1.89,1.9,398581,0
20070927,1.9,2.04,1.9,2,344381,0
20070928,2,2.18,2,2.14,520527,0
20071001,2.15,2.15,2.04,2.07,342287,0
20071002,2.09,2.12,2.03,2.03,197653,0
20071003,2.02,2.07,1.98,2,274548,0
20071004,2,2.04,1.94,2,212446,0
20071005,1.99,2.06,1.98,2.05,384824,0
20071008,2.7,2.84,2.35,2.43,6934392,0
20071009,2.47,2.53,2.37,2.44,1357041,0
20071010,2.44,2.46,2.31,2.39,532032,0
20071011,2.31,2.39,2.23,2.23,862598,0
20071012,2.19,2.24,2.12,2.14,654024,0
20071015,2.2,2.22,2.1,2.19,445523,0
20071016,2.17,2.21,2.15,2.19,299483,0
20071017,2.19,2.22,2.15,2.2,251069,0
20071018,2.17,2.2,2.16,2.2,271626,0
20071019,2.18,2.19,2.03,2.06,633605,0
20071022,2.04,2.04,2.01,2.01,282064,0
20071023,2.05,2.16,2.03,2.13,576856,0
20071024,2.09,2.17,2.05,2.15,387196,0
20071025,2.14,2.18,2,2.01,485966,0
20071026,2.12,2.12,2.05,2.08,371432,0
20071029,2.08,2.14,2.06,2.06,251328,0
20071030,2.07,2.09,2.06,2.08,230024,0
20071031,2.06,2.13,2.06,2.11,269354,0
20071101,2.11,2.13,2.09,2.11,300544,0
20071102,2.1,2.13,2.09,2.13,255662,0
20071105,2.13,2.13,2.02,2.03,242517,0
20071106,2.03,2.05,1.93,1.97,552689,0
20071107,1.92,2,1.9,1.95,417886,0
20071108,1.92,1.96,1.9,1.91,235009,0
20071109,1.91,1.94,1.88,1.91,192776,0
20071112,1.89,1.95,1.84,1.85,256794,0
20071113,1.84,1.95,1.82,1.82,429923,0
20071114,1.85,1.88,1.85,1.88,157226,0
20071115,1.9,1.95,1.9,1.9,259915,0
20071116,1.93,1.93,1.8,1.84,1013910,0
20071119,1.8,1.89,1.65,1.67,715820,0
20071120,1.71,1.79,1.7,1.78,878267,0
20071121,1.75,1.78,1.71,1.75,260681,0
20071123,1.78,1.85,1.75,1.81,128032,0
20071126,1.82,1.82,1.8,1.81,207444,0
20071127,1.81,1.82,1.77,1.8,154902,0
20071128,1.78,1.79,1.72,1.74,157123,0
20071129,1.71,1.84,1.71,1.77,246162,0
20071130,1.79,1.81,1.71,1.71,209768,0
20071203,1.71,1.8,1.56,1.65,330849,0
20071204,1.62,1.7,1.61,1.65,172454,0
20071205,1.64,1.7,1.64,1.67,131935,0
20071206,1.68,1.72,1.65,1.67,155921,0
20071207,1.68,1.72,1.61,1.61,345650,0
20071210,1.62,1.71,1.62,1.66,429654,0
20071211,1.93,2.04,1.7,1.81,2516962,0
20071212,1.79,1.83,1.67,1.67,552348,0
20071213,1.67,1.68,1.65,1.66,211665,0
20071214,1.65,1.73,1.62,1.66,267794,0
20071217,1.66,1.72,1.61,1.62,196155,0
20071218,1.62,1.65,1.55,1.57,470308,0
20071219,1.6,1.6,1.47,1.49,490577,0
20071220,1.48,1.49,1.4,1.44,404821,0
20071221,1.41,1.44,1.36,1.44,629389,0
20071224,1.4,1.43,1.38,1.38,139024,0
20071226,1.38,1.4,1.35,1.36,315237,0
20071227,1.4,1.4,1.3,1.3,364589,0
20071228,1.31,1.35,1.29,1.29,349757,0
20071231,1.28,1.31,1.25,1.26,493872,0
20080102,1.28,1.3,1.25,1.29,166590,0
20080103,1.29,1.29,1.26,1.26,143973,0
20080104,1.26,1.28,1.15,1.15,320210,0
20080107,1.15,1.16,1.04,1.08,569465,0
20080108,1.06,1.24,1.06,1.16,400084,0
20080109,1.23,1.25,1.15,1.21,334669,0
20080110,1.19,1.25,1.19,1.23,193217,0
20080111,1.2,1.25,1.2,1.22,186434,0
20080114,1.21,1.24,1.21,1.23,89835,0
20080115,1.29,1.29,1.17,1.2,109876,0
20080116,1.2,1.2,1.15,1.16,170542,0
20080117,1.15,1.21,1.13,1.13,159816,0
20080118,1.15,1.19,1.11,1.12,208392,0
20080122,1.1,1.12,1.04,1.06,464407,0
20080123,1.02,1.09,1.02,1.05,335479,0
20080124,1.09,1.1,0.97,1.04,618023,0
20080125,1.05,1.1,1.05,1.06,261985,0
20080128,1.09,1.14,1.04,1.13,155258,0
20080129,1.1,1.14,1.1,1.12,126519,0
20080130,1.1,1.43,1.1,1.3,1081977,0
20080131,1.28,1.28,1.2,1.25,330496,0
20080201,1.24,1.27,1.16,1.24,227784,0
20080204,1.24,1.25,1.19,1.22,187339,0
20080205,1.31,1.35,1.27,1.3,497998,0
20080206,1.29,1.34,1.17,1.25,322646,0
20080207,1.2,1.25,1.11,1.14,361282,0
20080208,1.16,1.18,1.16,1.16,151501,0
20080211,1.15,1.18,1.09,1.13,316688,0
20080212,1.13,1.3,1.12,1.25,418353,0
20080213,1.12,1.24,1.12,1.17,378864,0
20080214,1.16,1.21,1.16,1.2,100097,0
20080215,1.18,1.19,1.15,1.16,160686,0
20080219,1.15,1.18,1.15,1.15,146498,0
20080220,1.16,1.25,1.12,1.23,365531,0
20080221,1.22,1.3,1.22,1.23,306043,0
20080222,1.21,1.22,1.17,1.2,178149,0
20080225,1.22,1.25,1.19,1.2,129713,0
20080226,1.22,1.24,1.18,1.23,134190,0
20080227,1.24,1.25,1.18,1.21,107256,0
20080228,1.23,1.25,1.19,1.23,96775,0
20080229,1.2,1.25,1.19,1.21,164013,0
20080303,1.2,1.22,1.19,1.2,99203,0
20080304,1.22,1.23,1.17,1.2,141076,0
20080305,1.21,1.25,1.2,1.24,89027,0
20080306,1.27,1.39,1.25,1.28,880590,0
20080307,1.28,1.34,1.26,1.29,409233,0
20080310,1.31,1.31,1.25,1.25,252772,0
20080311,1.25,1.28,1.11,1.12,339064,0
20080312,1.14,1.14,1.07,1.09,554057,0
20080313,1.06,1.1,1.04,1.1,445453,0
20080314,1.13,1.14,1,1,450113,0
20080317,1.01,1.02,0.94,0.95,318321,0
20080318,0.99,1.05,0.96,1.01,214298,0
20080319,1,1.07,1,1.02,114993,0
20080320,1,1.05,1,1.05,172167,0
20080324,1.03,1.12,1.03,1.12,234380,0
20080325,1.13,1.13,1.06,1.11,157875,0
20080326,1.12,1.14,1.08,1.11,180139,0
20080327,1.11,1.16,1.09,1.15,208220,0
20080328,1.15,1.16,1.05,1.06,333749,0
20080331,1.09,1.13,1,1.01,520302,0
20080401,1.03,1.11,1.02,1.07,286519,0
20080402,1.07,1.09,1.04,1.04,134662,0
20080403,1.03,1.05,1.02,1.02,277949,0
20080404,1.02,1.08,1.02,1.03,187196,0
20080407,1.04,1.09,1.04,1.08,167185,0
20080408,1.08,1.09,1.03,1.03,116346,0
20080409,1.07,1.08,1.04,1.07,216394,0
20080410,1.07,1.09,1.05,1.07,97866,0
20080411,1.07,1.09,1.06,1.08,193634,0
20080414,1.06,1.1,1.03,1.07,145319,0
20080415,1.05,1.14,1.05,1.08,207984,0
20080416,1.06,1.13,1.06,1.11,197150,0
20080417,1.1,1.16,1.1,1.14,239120,0
20080418,1.15,1.16,1.11,1.14,163066,0
20080421,1.1,1.15,1.1,1.13,107045,0
20080422,1.12,1.23,1.12,1.2,180951,0
20080423,1.2,1.2,1.17,1.19,120298,0
20080424,1.2,1.23,1.19,1.22,211204,0
20080425,1.22,1.23,1.21,1.23,103291,0
20080428,1.23,1.23,1.2,1.21,89994,0
20080429,1.19,1.2,1.17,1.17,61390,0
20080430,1.16,1.19,1.16,1.18,45200,0
20080501,1.16,1.18,1.15,1.17,68018,0
20080502,1.17,1.17,1.15,1.17,54021,0
20080505,1.17,1.17,1.15,1.15,56033,0
20080506,1.14,1.19,1.14,1.17,80776,0
20080507,1.19,1.19,1.15,1.16,93126,0
20080508,1.18,1.19,1.13,1.19,142957,0
20080509,1.17,1.2,1.17,1.17,51921,0
20080512,1.18,1.25,1.18,1.24,277441,0
20080513,1.25,1.33,1.24,1.29,607696,0
20080514,1.29,1.35,1.27,1.28,278488,0
20080515,1.3,1.3,1.23,1.27,525272,0
20080516,1.21,1.29,1.21,1.26,148583,0
20080519,1.23,1.26,1.21,1.24,167672,0
20080520,1.22,1.24,1.21,1.21,74681,0
20080521,1.23,1.26,1.19,1.19,88792,0
20080522,1.21,1.22,1.2,1.2,29682,0
20080523,1.2,1.23,1.19,1.19,58285,0
20080527,1.25,1.33,1.19,1.25,247606,0
20080528,1.24,1.25,1.22,1.22,60201,0
20080529,1.24,1.24,1.11,1.19,171907,0
20080530,1.2,1.23,1.2,1.2,96113,0
20080602,1.25,1.29,1.22,1.23,181570,0
20080603,1.22,1.28,1.22,1.23,120657,0
20080604,1.22,1.27,1.22,1.25,112271,0
20080605,1.24,1.26,1.23,1.24,112161,0
20080606,1.21,1.23,1.17,1.17,170631,0
20080609,1.21,1.21,1.19,1.21,109730,0
20080610,1.19,1.21,1.18,1.2,49631,0
20080611,1.18,1.2,1.17,1.17,68011,0
20080612,1.14,1.18,1.06,1.08,213774,0
20080613,1.11,1.13,1.08,1.11,71010,0
20080616,1.12,1.12,1.1,1.11,53108,0
20080617,1.1,1.12,1.06,1.08,202601,0
20080618,1.07,1.1,1.04,1.04,127423,0
20080619,1.08,1.1,1.05,1.09,107258,0
20080620,1.06,1.1,1.05,1.05,107847,0
20080623,1.05,1.09,1.05,1.05,69453,0
20080624,1.05,1.08,1.05,1.06,47704,0
20080625,1.06,1.06,1.05,1.05,41778,0
20080626,1.05,1.07,1,1,217922,0
20080627,1.04,1.04,1.01,1.04,64054,0
20080630,1.06,1.06,1,1,92912,0
20080701,1.04,1.04,0.99,1,175207,0
20080702,1.02,1.02,0.96,0.96,110959,0
20080703,1,1,0.97,0.99,41928,0
20080707,1,1,0.98,0.99,58804,0
20080708,0.98,0.99,0.96,0.97,77251,0
20080709,0.98,0.99,0.97,0.98,66687,0
20080710,0.97,0.99,0.9,0.9,142992,0
20080711,0.98,0.98,0.91,0.92,92676,0
20080714,0.98,0.98,0.87,0.88,131223,0
20080715,0.89,0.91,0.85,0.86,124712,0
20080716,0.85,0.87,0.85,0.86,75083,0
20080717,0.86,0.92,0.86,0.86,93740,0
20080718,0.86,0.93,0.86,0.9,69845,0
20080721,0.95,0.95,0.9,0.91,34848,0
20080722,0.95,0.95,0.85,0.85,272399,0
20080723,0.87,0.92,0.86,0.89,278307,0
20080724,0.9,0.9,0.87,0.88,131349,0
20080725,0.87,0.9,0.87,0.88,61457,0
20080728,0.87,0.9,0.85,0.87,75473,0
20080729,0.85,0.89,0.85,0.87,102300,0
20080730,0.87,0.89,0.85,0.85,33023,0
20080731,0.86,0.89,0.86,0.88,43701,0
20080801,0.87,0.89,0.85,0.89,65715,0
20080804,0.89,0.91,0.88,0.9,80372,0
20080805,0.88,0.91,0.87,0.91,144494,0
20080806,0.91,0.96,0.9,0.92,91464,0
20080807,0.93,1,0.93,1,234403,0
20080808,1,1,0.95,0.99,71769,0
20080811,0.95,0.99,0.94,0.98,84699,0
20080812,0.95,1,0.88,0.97,54705,0
20080813,0.92,0.97,0.92,0.95,74640,0
20080814,0.93,0.96,0.9,0.95,91163,0
20080815,0.94,1.04,0.93,0.98,261815,0
20080818,0.98,1,0.96,0.97,63315,0
20080819,0.96,0.99,0.93,0.93,177809,0
20080820,0.93,0.94,0.88,0.88,120950,0
20080821,0.88,0.94,0.88,0.9,75450,0
20080822,0.9,0.94,0.9,0.92,30834,0
20080825,0.9,0.93,0.88,0.89,48778,0
20080826,0.88,0.9,0.87,0.89,54587,0
20080827,0.88,0.98,0.88,0.98,190409,0
20080828,0.99,1,0.95,0.99,82567,0
20080829,0.95,1,0.88,0.88,161105,0
20080902,0.95,0.97,0.9,0.95,413781,0
20080903,0.9,0.95,0.9,0.95,27061,0
20080904,0.95,0.97,0.95,0.95,107192,0
20080905,0.92,0.96,0.92,0.93,48224,0
20080908,0.93,0.96,0.93,0.94,178175,0
20080909,0.94,0.96,0.9,0.9,269581,0
20080910,0.94,0.95,0.91,0.91,104414,0
20080911,0.9,0.95,0.88,0.88,109825,0
20080912,0.88,0.93,0.88,0.88,45378,0
20080915,0.88,0.9,0.75,0.83,418397,0
20080916,0.77,0.8,0.75,0.79,148383,0
20080917,0.75,0.8,0.75,0.79,461362,0
20080918,0.77,0.8,0.62,0.75,182822,0
20080919,0.8,0.8,0.75,0.75,71794,0
20080922,0.8,0.8,0.75,0.75,101017,0
20080923,0.75,0.8,0.75,0.75,68119,0
20080924,0.75,0.8,0.75,0.75,103163,0
20080925,0.75,0.75,0.68,0.72,96192,0
20080926,0.73,0.73,0.66,0.66,80506,0
20080929,0.65,0.68,0.4,0.51,112344,0
20080930,0.6,0.67,0.55,0.58,142491,0
20081001,0.55,0.61,0.55,0.61,275202,0
20081002,0.61,0.62,0.57,0.59,48997,0
20081003,0.58,0.68,0.58,0.6,91242,0
20081006,0.57,0.57,0.45,0.5,325927,0
20081007,0.45,0.53,0.44,0.49,195599,0
20081008,0.47,0.54,0.45,0.5,255214,0
20081009,0.45,0.5,0.45,0.49,112507,0
20081010,0.46,0.48,0.45,0.46,242597,0
20081013,0.49,0.53,0.49,0.52,153933,0
20081014,0.5,0.52,0.5,0.51,119817,0
20081015,0.49,0.52,0.48,0.49,71370,0
20081016,0.49,0.52,0.48,0.48,61741,0
20081017,0.51,0.51,0.48,0.5,40164,0
20081020,0.5,0.52,0.5,0.5,65757,0
20081021,0.5,0.5,0.46,0.49,75234,0
20081022,0.47,0.5,0.46,0.49,41540,0
20081023,0.49,0.49,0.45,0.45,61538,0
20081024,0.46,0.46,0.41,0.42,70928,0
20081027,0.45,0.45,0.37,0.4,137978,0
20081028,0.4,0.42,0.39,0.4,28457,0
20081029,0.4,0.4,0.39,0.39,56832,0
20081030,0.39,0.41,0.39,0.41,140978,0
20081031,0.4,0.42,0.38,0.42,37752,0
20081103,0.42,0.42,0.4,0.42,32527,0
20081104,0.4,0.45,0.4,0.44,113913,0
20081105,0.45,0.45,0.4,0.41,49757,0
20081106,0.46,0.46,0.41,0.46,55857,0
20081107,0.46,0.46,0.44,0.44,26525,0
20081110,0.44,0.44,0.42,0.43,26456,0
20081111,0.43,0.43,0.4,0.4,54900,0
20081112,0.4,0.42,0.39,0.39,26901,0
20081113,0.39,0.42,0.38,0.38,57829,0
20081114,0.42,0.42,0.37,0.39,40130,0
20081117,0.38,0.42,0.33,0.33,89183,0
20081118,0.33,0.35,0.3,0.3,118264,0
20081119,0.3,0.39,0.3,0.33,38515,0
20081120,0.34,0.34,0.3,0.31,126618,0
20081121,0.3,0.33,0.3,0.31,150412,0
20081124,0.3,0.32,0.28,0.28,104147,0
20081125,0.27,0.35,0.25,0.26,389120,0
20081126,0.29,0.3,0.25,0.28,274032,0
20081128,0.3,0.3,0.28,0.29,4041,0
20081201,0.29,0.3,0.23,0.28,132979,0
20081202,0.27,0.28,0.26,0.28,55388,0
20081203,0.27,0.29,0.27,0.28,25688,0
20081204,0.28,0.28,0.27,0.27,44849,0
20081205,0.26,0.31,0.26,0.31,63809,0
20081208,0.33,0.38,0.3,0.37,112817,0
20081209,0.37,0.4,0.34,0.38,120400,0
20081210,0.33,0.36,0.33,0.35,143574,0
20081211,0.35,0.42,0.35,0.39,115878,0
20081212,0.39,0.53,0.39,0.53,435239,0
20081215,0.54,0.67,0.51,0.66,445611,0
20081216,0.7,0.7,0.45,0.53,259633,0
20081217,0.5,0.57,0.45,0.48,121901,0
20081218,0.52,0.52,0.48,0.48,74046,0
20081219,0.45,0.49,0.45,0.47,101655,0
20081222,0.45,0.47,0.41,0.42,127797,0
20081223,0.43,0.47,0.43,0.46,58431,0
20081224,0.43,0.49,0.43,0.44,29454,0
20081226,0.44,0.48,0.43,0.43,47316,0
20081229,0.45,0.48,0.43,0.43,105152,0
20081230,0.43,0.45,0.43,0.43,114622,0
20081231,0.43,0.44,0.41,0.41,130792,0
20090102,0.42,0.47,0.41,0.42,67584,0
20090105,0.48,0.48,0.42,0.44,80303,0
20090106,0.44,0.47,0.44,0.47,87301,0
20090107,0.47,0.49,0.44,0.46,69800,0
20090108,0.48,0.51,0.47,0.51,43080,0
20090109,0.5,0.64,0.5,0.6,181015,0
20090112,0.68,0.68,0.6,0.61,131082,0
20090113,0.6,0.6,0.54,0.56,131764,0
20090114,0.54,0.58,0.5,0.52,66241,0
20090115,0.51,0.52,0.5,0.52,60578,0
20090116,0.52,0.54,0.51,0.53,44735,0
20090120,0.55,0.55,0.53,0.53,42646,0
20090121,0.51,0.68,0.51,0.63,154854,0
20090122,0.64,0.65,0.58,0.61,87197,0
20090123,0.59,0.61,0.55,0.58,21200,0
20090126,0.54,0.61,0.54,0.59,44023,0
20090127,0.6,0.6,0.55,0.56,16001,0
20090128,0.56,0.57,0.54,0.56,18337,0
20090129,0.57,0.57,0.51,0.51,77174,0
20090130,0.56,0.6,0.54,0.56,14586,0
20090202,0.55,0.55,0.51,0.52,39195,0
20090203,0.59,0.59,0.51,0.54,88182,0
20090204,0.55,0.6,0.54,0.56,87450,0
20090205,0.56,0.56,0.54,0.55,10355,0
20090206,0.56,0.6,0.54,0.56,136494,0
20090209,0.59,0.61,0.54,0.56,84342,0
20090210,0.59,0.6,0.51,0.51,119355,0
20090211,0.56,0.56,0.5,0.53,76527,0
20090212,0.57,0.57,0.5,0.51,35693,0
20090213,0.5,0.53,0.5,0.53,59574,0
20090217,0.51,0.53,0.5,0.5,126096,0
20090218,0.5,0.52,0.25,0.41,118899,0
20090219,0.41,0.45,0.4,0.44,55004,0
20090220,0.44,0.44,0.39,0.39,89517,0
20090223,0.52,0.52,0.4,0.4,154992,0
20090224,0.42,0.44,0.41,0.44,41466,0
20090225,0.44,0.47,0.42,0.45,57698,0
20090226,0.47,0.47,0.43,0.43,29285,0
20090227,0.43,0.43,0.41,0.41,31969,0
20090302,0.42,0.44,0.41,0.42,77295,0
20090303,0.4,0.42,0.38,0.39,201789,0
20090304,0.38,0.39,0.35,0.37,47753,0
20090305,0.37,0.37,0.35,0.37,61485,0
20090306,0.35,0.42,0.35,0.38,52566,0
20090309,0.4,0.4,0.38,0.38,19712,0
20090310,0.4,0.43,0.38,0.43,67673,0
20090311,0.44,0.46,0.43,0.46,18696,0
20090312,0.45,0.47,0.42,0.46,32063,0
20090313,0.47,0.47,0.4,0.45,129072,0
20090316,0.46,0.49,0.45,0.45,83334,0
20090317,0.46,0.49,0.44,0.48,67818,0
20090318,0.45,0.49,0.43,0.47,26683,0
20090319,0.46,0.49,0.44,0.45,34878,0
20090320,0.46,0.46,0.44,0.45,6419,0
20090323,0.44,0.45,0.44,0.44,22783,0
20090324,0.54,0.54,0.44,0.45,31546,0
20090325,0.44,0.47,0.44,0.44,58468,0
20090326,0.46,0.54,0.44,0.51,250445,0
20090327,0.51,0.52,0.46,0.5,19296,0
20090330,0.5,0.52,0.47,0.51,30435,0
20090331,0.5,0.51,0.48,0.51,10640,0
20090401,0.52,0.52,0.39,0.49,167067,0
20090402,0.48,0.51,0.45,0.5,110213,0
20090403,0.48,0.5,0.48,0.5,26383,0
20090406,0.49,0.5,0.49,0.49,10467,0
20090407,0.49,0.51,0.49,0.5,16065,0
20090408,0.49,0.52,0.47,0.51,80917,0
20090409,0.49,0.51,0.49,0.51,32086,0
20090413,0.5,0.53,0.49,0.5,31095,0
20090414,0.52,0.54,0.51,0.53,92646,0
20090415,0.5,0.52,0.5,0.5,31596,0
20090416,0.51,0.54,0.5,0.54,39299,0
20090417,0.54,0.58,0.53,0.58,109103,0
20090420,0.55,0.57,0.55,0.56,39855,0
20090421,0.58,0.59,0.56,0.59,90502,0
20090422,0.57,0.6,0.57,0.59,58833,0
20090423,0.61,0.63,0.59,0.62,76907,0
20090424,0.64,0.72,0.63,0.72,138178,0
20090427,0.73,1.03,0.73,0.94,690850,0
20090428,0.92,0.92,0.75,0.78,188692,0
20090429,0.81,0.9,0.78,0.89,120066,0
20090430,0.78,1.01,0.78,0.85,278051,0
20090501,0.86,0.97,0.86,0.91,52640,0
20090504,0.91,0.95,0.85,0.89,132468,0
20090505,0.9,0.9,0.83,0.83,87269,0
20090506,0.83,0.83,0.79,0.8,114921,0
20090507,0.8,0.82,0.79,0.81,78226,0
20090508,0.81,0.84,0.8,0.8,58924,0
20090511,0.78,0.81,0.76,0.79,89066,0
20090512,0.83,0.83,0.8,0.82,84163,0
20090513,0.84,0.84,0.78,0.8,88475,0
20090514,0.82,0.89,0.81,0.88,188642,0
20090515,0.89,0.96,0.86,0.96,197159,0
20090518,0.96,1.49,0.96,1.43,1377621,0
20090519,1.41,1.41,1.16,1.21,844026,0
20090520,1.2,1.2,1.12,1.12,411239,0
20090521,1.08,1.12,1.02,1.02,159730,0
20090522,1.07,1.07,1,1.01,234916,0
20090526,1.07,1.12,1.05,1.1,267381,0
20090527,1.1,1.11,1.05,1.05,131524,0
20090528,1.03,1.1,1.03,1.07,126025,0
20090529,1.13,1.34,1.09,1.27,758644,0
20090601,1.26,1.26,1.15,1.2,426124,0
20090602,1.19,1.2,1.16,1.19,200720,0
20090603,1.2,1.29,1.1,1.15,537847,0
20090604,1.19,1.19,1.14,1.17,132163,0
20090605,1.19,1.2,1.12,1.18,265894,0
20090608,1.18,1.24,1.18,1.19,197779,0
20090609,1.23,1.57,1.23,1.48,2111955,0
20090610,1.49,1.5,1.35,1.4,485433,0
20090611,1.43,1.43,1.28,1.33,598256,0
20090612,1.33,1.38,1.28,1.31,342294,0
20090615,1.35,1.56,1.3,1.55,958847,0
20090616,1.57,1.59,1.41,1.45,708289,0
20090617,1.45,1.5,1.37,1.5,601181,0
20090618,1.5,1.65,1.45,1.65,802141,0
20090619,1.65,1.9,1.59,1.9,1667147,0
20090622,1.9,1.9,1.66,1.76,1038819,0
20090623,1.76,1.89,1.71,1.85,472024,0
20090624,1.79,1.96,1.79,1.95,1028553,0
20090625,1.97,2.21,1.92,2.15,1360831,0
20090626,2.14,2.4,2.06,2.39,11948826,0
20090629,2.32,2.62,2.16,2.48,2432481,0
20090630,2.52,2.52,2.18,2.22,1067305,0
20090701,2.18,2.24,1.77,1.84,2202549,0
20090702,1.84,2.27,1.82,2.15,2617584,0
20090706,2.14,2.25,1.9,2.22,989998,0
20090707,2,2.19,1.97,2.02,546125,0
20090708,2.03,2.08,1.75,1.92,878690,0
20090709,1.92,2.07,1.84,1.9,439583,0
20090710,1.87,1.91,1.81,1.86,234393,0
20090713,1.88,1.94,1.86,1.89,278001,0
20090714,1.9,2.05,1.9,2.03,467935,0
20090715,2.1,2.16,2.05,2.13,623378,0
20090716,2.11,2.12,1.9,2.1,349176,0
20090717,2.11,2.24,2.03,2.05,364226,0
20090720,2.06,2.14,2.06,2.12,229778,0
20090721,2.17,2.23,2.06,2.14,650047,0
20090722,2.15,2.43,2.1,2.35,1449440,0
20090723,2.35,2.46,2.33,2.38,569496,0
20090724,2.38,2.45,2.35,2.37,730154,0
20090727,2.34,2.44,2.34,2.4,454266,0
20090728,2.42,2.49,2.27,2.34,726286,0
20090729,2.34,2.39,2.13,2.35,910378,0
20090730,2.35,2.35,2.21,2.27,557294,0
20090731,2.26,2.26,2.04,2.15,597714,0
20090803,2.15,2.23,2.03,2.1,597350,0
20090804,2.13,2.27,2.1,2.18,533307,0
20090805,2.2,2.25,2.16,2.19,327053,0
20090806,2.2,2.21,2.11,2.15,361781,0
20090807,2.2,2.3,2.18,2.2,619653,0
20090810,2.2,2.25,2.17,2.19,519262,0
20090811,3.8,4.09,2.8,2.84,29779690,0
20090812,2.82,2.82,2.44,2.49,9715204,0
20090813,2.55,2.55,2.24,2.25,5918758,0
20090814,2.27,2.36,2.2,2.31,3568863,0
20090817,2.27,2.27,2.08,2.08,3283096,0
20090818,2.14,2.37,2.11,2.15,4309209,0
20090819,2.14,2.21,2.09,2.11,2779507,0
20090820,2.13,2.13,1.86,1.96,4539734,0
20090821,1.98,2.05,1.87,1.9,2561467,0
20090824,1.93,1.97,1.87,1.9,1137571,0
20090825,1.91,1.94,1.87,1.87,883664,0
20090826,1.89,2.16,1.88,2.07,4206240,0
20090827,2.14,2.16,1.97,2.01,2876752,0
20090828,2.05,2.05,1.91,1.94,1281165,0
20090831,1.94,1.95,1.88,1.92,956124,0
20090901,1.92,2.04,1.86,1.87,1658345,0
20090902,1.88,1.99,1.83,1.91,1372897,0
20090903,1.92,1.92,1.87,1.91,601933,0
20090904,1.92,1.98,1.89,1.97,827358,0
20090908,1.99,2.01,1.97,2.01,883335,0
20090909,1.94,2,1.91,1.99,678378,0
20090910,1.97,1.99,1.95,1.99,533845,0
20090911,1.99,2.24,1.98,2.21,4941980,0
20090914,2.23,2.23,2.03,2.16,1306888,0
20090915,2.15,2.16,2.09,2.11,529755,0
20090916,2.15,2.15,2.02,2.08,1404599,0
20090917,2.08,2.12,2.05,2.06,593538,0
20090918,2.08,2.1,2.06,2.09,609933,0
20090921,2.1,2.17,2.05,2.12,943477,0
20090922,2.13,2.15,2.07,2.08,490598,0
20090923,2.08,2.34,2.08,2.21,2923487,0
20090924,2.21,2.21,1.95,1.99,2365776,0
20090925,2.02,2.03,2,2.01,608997,0
20090928,2.04,2.11,2.03,2.06,708449,0
20090929,2.11,2.11,2.03,2.05,428915,0
20090930,2.11,2.13,2.04,2.08,525788,0
20091001,2.08,2.08,1.95,1.96,957096,0
20091002,1.94,1.97,1.9,1.95,554348,0
20091005,2,2.07,1.98,2.07,547782,0
20091006,2.18,2.21,2.1,2.13,1424556,0
20091007,2.3,2.5,2.19,2.42,7178507,0
20091008,2.43,2.45,2.25,2.3,2009512,0
20091009,2.51,2.68,2.23,2.25,9942977,0
20091012,2.28,2.28,2.02,2.03,2793238,0
20091013,2.1,2.47,2.03,2.12,6523165,0
20091014,2.12,2.13,2.05,2.09,1860102,0
20091015,2.06,2.14,2.06,2.08,931415,0
20091016,2.11,2.14,2.07,2.08,1197675,0
20091019,2.09,2.1,2.06,2.1,676693,0
20091020,2.09,2.11,2.03,2.06,1011061,0
20091021,2.06,2.11,2.03,2.06,1485885,0
20091022,2.04,2.09,2.01,2.05,925330,0
20091023,2.03,2.04,1.98,2.01,1143188,0
20091026,2.04,2.04,1.91,1.93,909992,0
20091027,1.92,1.97,1.91,1.92,913022,0
20091028,1.92,1.95,1.81,1.83,1160897,0
20091029,1.88,1.91,1.81,1.87,646700,0
20091030,1.87,1.93,1.8,1.83,1381288,0
20091102,1.83,1.89,1.79,1.8,658497,0
20091103,1.83,1.85,1.79,1.85,521452,0
20091104,1.84,1.89,1.79,1.8,481632,0
20091105,1.8,1.87,1.76,1.86,603001,0
20091106,1.81,1.86,1.81,1.83,329295,0
20091109,1.87,1.87,1.81,1.86,363655,0
20091110,1.99,2.07,1.88,1.94,1562742,0
20091111,1.95,1.95,1.9,1.93,332946,0
20091112,1.95,1.95,1.83,1.86,527075,0
20091113,1.86,1.88,1.83,1.86,227552,0
20091116,1.9,1.92,1.86,1.91,394568,0
20091117,1.91,1.92,1.87,1.88,265943,0
20091118,1.84,1.85,1.81,1.84,614308,0
20091119,1.83,1.84,1.79,1.8,392674,0
20091120,1.79,1.81,1.77,1.81,320917,0
20091123,1.81,1.89,1.81,1.88,489221,0
20091124,1.88,1.88,1.8,1.83,308039,0
20091125,1.84,1.87,1.78,1.78,181866,0
20091127,1.76,1.8,1.74,1.74,203358,0
20091130,1.74,1.77,1.65,1.67,793671,0
20091201,1.68,1.71,1.67,1.69,307697,0
20091202,1.69,1.85,1.68,1.84,793838,0
20091203,1.8,1.88,1.79,1.83,668063,0
20091204,1.89,1.89,1.8,1.88,499749,0
20091207,1.87,1.88,1.84,1.88,244384,0
20091208,1.87,1.88,1.83,1.83,261695,0
20091209,2.05,2.1,1.85,1.97,4632118,0
20091210,1.97,1.99,1.81,1.85,1085800,0
20091211,1.89,1.89,1.81,1.82,353635,0
20091214,1.82,1.86,1.81,1.84,317078,0
20091215,1.85,1.88,1.8,1.81,553014,0
20091216,1.85,1.86,1.81,1.86,468913,0
20091217,1.86,1.87,1.81,1.83,297773,0
20091218,1.84,1.86,1.77,1.77,915157,0
20091221,1.78,1.89,1.78,1.88,545687,0
20091222,1.87,1.92,1.85,1.88,606460,0
20091223,1.89,1.95,1.89,1.91,611848,0
20091224,1.92,1.93,1.89,1.92,145376,0
20091228,1.92,1.96,1.91,1.94,348826,0
20091229,1.96,1.96,1.88,1.91,240848,0
20091230,1.9,1.94,1.88,1.91,284754,0
20091231,1.9,1.91,1.85,1.9,228958,0
20100104,1.91,1.97,1.88,1.97,300316,0
20100105,1.97,1.98,1.9,1.9,309148,0
20100106,1.89,1.92,1.89,1.9,306319,0
20100107,1.86,1.94,1.85,1.94,424453,0
20100108,1.93,1.96,1.88,1.88,313479,0
20100111,1.9,1.94,1.9,1.93,262632,0
20100112,1.92,1.96,1.88,1.94,617318,0
20100113,1.94,2.13,1.89,1.98,1232080,0
20100114,1.98,2.07,1.97,2.05,670814,0
20100115,2.06,2.06,1.95,2.04,546166,0
20100119,2.04,2.12,2.02,2.11,745553,0
20100120,2.06,2.09,2.05,2.06,488289,0
20100121,2.06,2.1,2.02,2.03,445395,0
20100122,2.04,2.06,1.93,1.94,523804,0
20100125,1.96,1.97,1.89,1.89,434004,0
20100126,1.88,1.96,1.82,1.82,676221,0
20100127,1.82,1.89,1.81,1.85,335549,0
20100128,1.86,1.89,1.76,1.78,473976,0
20100129,1.89,1.89,1.8,1.82,633207,0
20100201,1.83,1.9,1.8,1.9,494926,0
20100202,1.9,1.9,1.8,1.8,661525,0
20100203,1.83,1.93,1.83,1.91,1082033,0
20100204,1.92,1.92,1.75,1.76,961509,0
20100205,1.76,1.82,1.7,1.74,574660,0
20100208,1.77,1.78,1.7,1.71,393442,0
20100209,1.73,1.76,1.67,1.73,596228,0
20100210,1.75,1.82,1.73,1.79,498665,0
20100211,1.81,1.85,1.79,1.84,469557,0
20100212,1.84,1.89,1.81,1.89,451560,0
20100216,1.91,1.94,1.88,1.94,446717,0
20100217,1.95,1.95,1.85,1.89,394797,0
20100218,1.88,1.92,1.87,1.92,224590,0
20100219,1.91,1.92,1.87,1.88,254859,0
20100222,1.88,1.89,1.84,1.86,223950,0
20100223,1.86,1.87,1.82,1.83,338392,0
20100224,1.84,1.86,1.82,1.83,149061,0
20100225,1.82,1.86,1.82,1.85,150969,0
20100226,1.86,1.87,1.82,1.87,290941,0
20100301,1.87,1.92,1.84,1.92,241144,0
20100302,1.91,1.95,1.9,1.94,342214,0
20100303,1.94,1.95,1.89,1.94,321795,0
20100304,1.94,1.95,1.9,1.94,197034,0
20100305,1.94,2.01,1.92,1.99,441002,0
20100308,2.03,2.03,1.97,2.01,526023,0
20100309,2.01,2.06,2,2.05,424712,0
20100310,2.06,2.23,2.06,2.13,1111026,0
20100311,2.16,2.18,2.11,2.18,394775,0
20100312,2.15,2.18,2.1,2.13,345637,0
20100315,2.16,2.18,2.11,2.15,270067,0
20100316,2.14,2.15,2.08,2.11,396962,0
20100317,2.11,2.15,2.11,2.14,242837,0
20100318,2.15,2.15,2.08,2.14,281334,0
20100319,2.15,2.15,2.05,2.08,494695,0
20100322,2.08,2.16,2.05,2.14,217001,0
20100323,2.14,2.15,2.11,2.12,275279,0
20100324,2.1,2.14,2.09,2.11,311002,0
20100325,2.13,2.16,2.12,2.13,448352,0
20100326,2.15,2.23,2.15,2.16,516100,0
20100329,2.21,2.72,2.19,2.51,3923656,0
20100330,2.45,2.48,2.26,2.36,1218705,0
20100331,2.36,2.48,2.29,2.32,887730,0
20100401,2.38,2.66,2.35,2.66,1424034,0
20100405,2.65,2.65,2.42,2.48,1314582,0
20100406,2.68,2.71,2.55,2.58,2063203,0
20100407,2.65,2.83,2.56,2.69,3086470,0
20100408,2.72,3.03,2.7,2.99,3921683,0
20100409,3.25,3.3,3.1,3.27,3919144,0
20100412,3.43,3.43,2.95,3.17,4404997,0
20100413,3.13,3.28,2.54,3.06,5830070,0
20100414,3.08,3.1,2.92,3.1,1756474,0
20100415,3.1,3.16,2.95,3,1657366,0
20100416,2.99,2.99,2.76,2.81,1968573,0
20100419,2.79,2.94,2.73,2.76,1664778,0
20100420,2.73,2.89,2.72,2.79,619492,0
20100421,2.85,2.89,2.79,2.89,903875,0
20100422,2.85,3.02,2.77,3.01,1154517,0
20100423,3.01,3.15,2.95,3.1,1583721,0
20100426,3.14,3.15,3.06,3.1,1023002,0
20100427,3.1,3.1,3,3.03,1133753,0
20100428,3.02,3.11,3.01,3.09,808701,0
20100429,3.26,3.42,3.15,3.39,2987250,0
20100430,3.39,3.45,3.06,3.22,3430321,0
20100503,3.33,3.37,3,3.15,1625182,0
20100504,3.11,3.18,3.05,3.09,1064576,0
20100505,3.03,3.13,2.87,3.07,842988,0
20100506,2.75,2.78,2.55,2.6,6500756,0
20100507,2.62,2.77,2.54,2.56,1802485,0
20100510,2.75,2.76,2.62,2.72,1058821,0
20100511,2.73,2.8,2.63,2.68,1043337,0
20100512,2.68,2.78,2.68,2.75,751055,0
20100513,2.75,2.79,2.65,2.72,982579,0
20100514,2.71,2.73,2.63,2.69,980885,0
20100517,2.8,2.82,2.71,2.75,1282574,0
20100518,2.78,2.85,2.72,2.74,1503085,0
20100519,2.73,2.77,2.53,2.62,1890754,0
20100520,2.55,2.56,2.4,2.4,1803330,0
20100521,2.36,2.49,2.27,2.41,1148298,0
20100524,2.5,2.52,2.41,2.46,516154,0
20100525,2.38,2.45,2.31,2.43,1075822,0
20100526,2.45,2.48,2.36,2.39,590611,0
20100527,2.45,2.53,2.42,2.49,742101,0
20100528,2.47,2.54,2.39,2.39,1441275,0
20100601,2.38,2.47,2.37,2.41,608829,0
20100602,2.43,2.55,2.36,2.52,1096915,0
20100603,2.53,2.67,2.51,2.61,1071081,0
20100604,2.52,2.57,2.44,2.46,853860,0
20100607,2.49,2.49,2.28,2.31,1041830,0
20100608,2.3,2.34,2.2,2.22,872125,0
20100609,2.37,2.59,2.37,2.49,2111741,0
20100610,2.5,2.61,2.48,2.61,788936,0
20100611,2.6,2.73,2.55,2.71,767078,0
20100614,2.75,2.9,2.7,2.76,1583427,0
20100615,2.81,2.85,2.76,2.81,1468912,0
20100616,2.78,2.84,2.72,2.83,882703,0
20100617,2.85,2.87,2.79,2.85,794063,0
20100618,2.87,2.87,2.78,2.79,530723,0
20100621,2.83,2.84,2.68,2.77,760488,0
20100622,2.77,2.78,2.63,2.68,768049,0
20100623,2.67,2.73,2.6,2.69,1946741,0
20100624,2.67,2.7,2.61,2.62,1250579,0
20100625,2.62,2.73,2.56,2.67,2996661,0
20100628,2.87,2.87,2.73,2.75,3944015,0
20100629,2.7,2.73,2.61,2.66,1954532,0
20100630,2.68,2.69,2.57,2.57,894134,0
20100701,2.76,2.93,2.66,2.87,6687000,0
20100702,2.94,3.2,2.91,3.13,4031357,0
20100706,3.19,3.24,2.97,2.98,2238084,0
20100707,3,3.2,2.95,3.17,1981494,0
20100708,3.2,3.33,3.15,3.27,1716553,0
20100709,3.28,3.35,3.23,3.32,1477353,0
20100712,3.32,3.73,3.32,3.53,2970844,0
20100713,3.63,3.65,3.47,3.48,1700437,0
20100714,3.5,3.5,3.3,3.33,1977021,0
20100715,3.33,3.4,3.25,3.29,1599635,0
20100716,3.28,3.28,3.08,3.12,1700634,0
20100719,3.12,3.24,2.98,3.21,1688101,0
20100720,3.16,3.23,3.1,3.22,736372,0
20100721,3.27,3.33,3.13,3.13,1141873,0
20100722,3.16,3.31,3.16,3.21,1211750,0
20100723,3.21,3.35,3.2,3.3,1142508,0
20100726,3.34,3.45,3.31,3.35,1809733,0
20100727,3.4,3.41,3.34,3.36,842479,0
20100728,3.4,3.4,3.19,3.21,911107,0
20100729,3.22,3.33,3.2,3.21,1012196,0
20100730,3.18,3.26,3.13,3.2,2074902,0
20100802,3.23,3.3,3.2,3.25,1167295,0
20100803,3.25,3.38,3.22,3.3,1381180,0
20100804,3.34,3.38,3.28,3.31,902498,0
20100805,3.28,3.31,3.21,3.21,973552,0
20100806,3.2,3.29,3.14,3.25,1343057,0
20100809,3.26,3.32,3.25,3.27,1012724,0
20100810,3.26,3.3,3.2,3.23,714609,0
20100811,3.18,3.21,3.1,3.1,1284389,0
20100812,3.05,3.15,3.01,3.06,970213,0
20100813,3.06,3.13,3,3.11,808007,0
20100816,3.11,3.12,3.07,3.11,616786,0
20100817,3.15,3.2,3.11,3.14,740642,0
20100818,3.15,3.15,2.98,2.99,1687430,0
20100819,3,3.09,2.95,2.98,1140773,0
20100820,2.96,3.01,2.87,2.94,1229488,0
20100823,2.95,3,2.77,2.79,1630472,0
20100824,2.74,2.9,2.65,2.87,1643487,0
20100825,2.85,2.97,2.85,2.95,1074257,0
20100826,3,3,2.9,2.94,1173057,0
20100827,2.99,3.06,2.89,3.04,1125720,0
20100830,3.03,3.04,2.89,2.9,1142001,0
20100831,2.82,2.99,2.8,2.84,1483693,0
20100901,2.88,2.93,2.77,2.87,1242850,0
20100902,2.87,2.96,2.82,2.92,642880,0
20100903,2.96,2.99,2.64,2.71,2704708,0
20100907,2.7,2.79,2.63,2.72,1647177,0
20100908,2.72,2.85,2.68,2.72,1669658,0
20100909,2.77,2.77,2.66,2.69,1213913,0
20100910,2.71,2.79,2.67,2.77,837831,0
20100913,2.8,2.82,2.66,2.7,1453354,0
20100914,2.78,2.8,2.68,2.7,1203949,0
20100915,2.69,2.7,2.66,2.68,1529423,0
20100916,2.7,2.72,2.64,2.67,1062842,0
20100917,2.72,2.81,2.66,2.8,2122654,0
20100920,2.86,2.95,2.85,2.9,2504568,0
20100921,2.94,2.94,2.86,2.86,1450962,0
20100922,2.87,2.93,2.85,2.9,1786324,0
20100923,2.92,3.07,2.92,3.06,3734871,0
20100924,3.11,3.23,3.07,3.22,3707713,0
20100927,3.29,3.45,3.25,3.36,4699744,0
20100928,3.4,3.4,3.24,3.32,2269855,0
20100929,3.32,3.34,3.26,3.31,2384941,0
20100930,3.3,3.31,3.12,3.19,2211941,0
20101001,3.23,3.28,3.17,3.26,1164614,0
20101004,3.29,3.35,3.16,3.21,1857988,0
20101005,3.25,3.27,3.12,3.16,2004296,0
20101006,3.17,3.18,3.04,3.15,2203688,0
20101007,3.21,3.45,3.21,3.33,5270731,0
20101008,3.39,3.53,3.39,3.45,5445122,0
20101011,3.48,3.55,3.38,3.4,2876360,0
20101012,3.4,3.45,3.29,3.4,1981505,0
20101013,3.45,3.45,3.17,3.21,4561266,0
20101014,3.19,3.29,3.08,3.23,2564079,0
20101015,3.27,3.27,3.15,3.23,1827623,0
20101018,3.27,3.3,3.22,3.23,2013285,0
20101019,3.25,3.28,3.12,3.14,2169399,0
20101020,3.14,3.15,2.95,3,4223507,0
20101021,3,3.08,2.8,2.9,3847800,0
20101022,2.9,2.95,2.82,2.88,1505119,0
20101025,2.93,3.11,2.88,2.99,3027330,0
20101026,3.02,3.1,2.72,2.89,4056270,0
20101027,2.79,2.85,2.66,2.71,5053208,0
20101028,2.72,2.9,2.6,2.81,5109054,0
20101029,2.85,3.05,1.31,2.42,16152277,0
20101101,5.67,5.8,4.67,4.8,55467887,0
20101102,4.8,4.8,4.29,4.49,17699653,0
20101103,4.51,4.67,4.21,4.5,9445565,0
20101104,4.56,4.85,4.45,4.75,6911569,0
20101105,4.8,4.92,4.72,4.79,4731607,0
20101108,5.01,5.14,4.89,4.96,7770452,0
20101109,5.05,5.06,4.77,4.77,6102084,0
20101110,4.82,4.85,4.6,4.83,3897817,0
20101111,4.8,4.95,4.71,4.87,3387958,0
20101112,4.8,4.89,4.66,4.79,2846126,0
20101115,4.85,4.88,4.73,4.76,2845521,0
20101116,4.74,4.74,4.54,4.62,3319762,0
20101117,4.5,4.51,4.38,4.41,11333902,0
20101118,4.39,4.5,4.39,4.45,3414760,0
20101119,4.45,4.47,4.4,4.44,3256408,0
20101122,4.44,4.49,4.25,4.38,2905037,0
20101123,4.32,4.35,4.27,4.27,2088232,0
20101124,4.34,4.36,4.26,4.3,1456207,0
20101126,4.3,4.34,4.25,4.26,716004,0
20101129,4.27,4.35,4.26,4.31,1888486,0
20101130,4.32,4.35,4.2,4.25,4332972,0
20101201,4.32,4.32,4.13,4.18,3108169,0
20101202,4.15,4.17,4.01,4.08,4242149,0
20101203,4.03,4.06,3.94,3.97,3041535,0
20101206,3.9,3.9,3.72,3.86,4820208,0
20101207,3.85,3.92,3.75,3.88,3773586,0
20101208,3.87,3.92,3.76,3.84,2628300,0
20101209,3.84,3.88,3.78,3.84,2650737,0
20101210,3.86,4.22,3.84,3.99,7384070,0
20101213,4.1,4.1,3.91,3.92,2486937,0
20101214,3.9,3.93,3.73,3.78,3638794,0
20101215,3.73,3.78,3.7,3.74,1979503,0
20101216,3.76,3.85,3.7,3.81,3740332,0
20101217,3.82,4.01,3.75,3.99,5129513,0
20101220,3.89,4.15,3.87,4.05,3787473,0
20101221,4.08,4.22,4.01,4.22,3672500,0
20101222,4.24,4.24,4.15,4.2,2283670,0
20101223,4.2,4.27,4.17,4.25,1536349,0
20101227,4.25,4.32,4.2,4.3,1520508,0
20101228,4.34,4.34,4.2,4.21,1504856,0
20101229,4.2,4.21,4.08,4.1,1613262,0
20101230,4.09,4.12,4.01,4.01,1373365,0
20101231,3.98,4.09,3.96,4.08,1573225,0
20110103,4.1,4.17,4.07,4.15,1756577,0
20110104,4.2,4.2,4.02,4.1,2130540,0
20110105,4.11,4.2,4.05,4.17,1528834,0
20110106,4.19,4.3,4.12,4.26,2041663,0
20110107,4.28,4.33,4.18,4.26,1613421,0
20110110,4.37,4.37,4.25,4.29,2435078,0
20110111,4.33,4.49,4.3,4.46,3277134,0
20110112,4.53,4.53,4.41,4.45,2085514,0
20110113,4.45,4.5,4.36,4.46,1715019,0
20110114,4.46,4.5,4.39,4.45,1630508,0
20110118,4.45,4.5,4.35,4.47,2267717,0
20110119,4.46,4.48,4.25,4.26,2451136,0
20110120,4.22,4.24,4.1,4.2,3259476,0
20110121,4.21,4.25,4.12,4.14,1419226,0
20110124,4.13,4.34,4.1,4.29,1926337,0
20110125,4.31,4.34,4.16,4.23,2337846,0
20110126,4.25,4.26,4.18,4.22,1381855,0
20110127,4.24,4.25,4.14,4.16,1508791,0
20110128,4.16,4.2,3.96,3.99,2646733,0
20110131,4.04,4.18,4.01,4.05,2841145,0
20110201,4.14,4.15,4.06,4.11,2091031,0
20110202,4.12,4.19,4.11,4.12,1838030,0
20110203,4.13,4.14,4.06,4.11,2142790,0
20110204,4.11,4.11,3.99,4.06,2494112,0
20110207,4.07,4.22,4.06,4.17,2527373,0
20110208,4.18,4.19,4.05,4.07,1840767,0
20110209,4.07,4.1,4.03,4.05,1557039,0
20110210,4.02,4.04,3.91,3.97,4360355,0
20110211,3.98,4.01,3.75,3.79,7755958,0
20110214,3.83,3.97,3.83,3.85,4707967,0
20110215,3.86,3.92,3.76,3.9,5406782,0
20110216,3.95,3.95,3.81,3.88,4465669,0
20110218,3.88,3.88,3.68,3.8,5412452,0
20110222,3.78,3.81,3.6,3.65,4366597,0
20110223,3.67,3.67,3.46,3.6,4899170,0
20110224,3.6,3.74,3.58,3.71,4220680,0
20110225,3.72,3.84,3.68,3.75,5370609,0
20110228,3.82,3.84,3.65,3.77,4356286,0
20110301,3.8,3.8,3.65,3.67,3248483,0
20110302,3.68,3.72,3.53,3.56,3697277,0
20110303,3.55,3.56,3.45,3.54,4004220,0
20110304,3.54,3.61,3.48,3.52,4330452,0
20110307,3.52,3.52,3.35,3.43,3241579,0
20110308,3.42,3.59,3.37,3.51,4184316,0
20110309,3.57,4.02,3.54,4.01,8884877,0
20110310,3.93,4.13,3.85,4.06,3896262,0
20110311,4.05,4.1,3.89,4.03,2554328,0
20110314,4.01,4.15,3.98,4.06,4447421,0
20110315,3.93,4.05,3.89,3.91,2259344,0
20110316,3.9,3.98,3.72,3.75,2938295,0
20110317,3.8,3.9,3.75,3.85,4279359,0
20110318,3.94,3.94,3.73,3.8,4824628,0
20110321,3.86,3.87,3.72,3.76,1591922,0
20110322,3.78,3.84,3.72,3.76,1845552,0
20110323,3.73,3.75,3.68,3.72,1483075,0
20110324,3.72,3.86,3.67,3.75,3100844,0
20110325,3.79,3.9,3.73,3.77,1973536,0
20110328,3.78,3.86,3.75,3.81,3014363,0
20110329,3.8,3.84,3.75,3.82,3674321,0
20110330,3.82,4,3.78,3.99,8490296,0
20110331,3.99,4.18,3.9,4.08,5593710,0
20110401,4,4.02,3.85,3.88,5393609,0
20110404,4,4.07,3.9,3.96,4333492,0
20110405,3.97,4.05,3.88,3.98,6096558,0
20110406,4.01,4.13,3.96,4.05,4239763,0
20110407,4.1,4.1,3.96,4.03,7254805,0
20110408,4.03,4.09,3.93,3.95,4502413,0
20110411,4.03,4.04,3.9,3.95,4895662,0
20110412,3.92,3.95,3.71,3.76,6180716,0
20110413,3.79,3.86,3.71,3.84,4255506,0
20110414,3.8,3.9,3.75,3.83,4386470,0
20110415,3.81,3.9,3.79,3.86,3013287,0
20110418,3.83,3.85,3.72,3.83,3706971,0
20110419,3.82,3.85,3.76,3.82,3511827,0
20110420,3.84,3.94,3.8,3.87,2563414,0
20110421,3.92,4.25,3.81,4.23,16870103,0
20110425,4.39,4.41,4.14,4.2,10474952,0
20110426,4.22,4.25,4.1,4.17,5215301,0
20110427,4.16,4.2,4.08,4.19,5286990,0
20110428,4.14,4.38,4.12,4.3,8487877,0
20110429,4.37,4.6,4.28,4.37,15422812,0
20110502,4.43,4.43,4.22,4.27,7414226,0
20110503,4.28,4.3,4.11,4.17,5899082,0
20110504,4.18,4.4,4.05,4.25,5741143,0
20110505,4.22,4.23,4.01,4.06,10130743,0
20110506,4.1,4.18,4.04,4.07,9909087,0
20110509,4.07,4.18,3.94,4.12,10514300,0
20110510,3.99,4.05,3.77,3.84,12453848,0
20110511,3.82,3.86,3.67,3.74,7092525,0
20110512,3.7,3.95,3.63,3.86,5456934,0
20110513,3.88,3.95,3.82,3.86,4061222,0
20110516,3.83,4.05,3.78,3.97,16027117,0
20110517,3.99,4.19,3.93,4.18,18269037,0
20110518,4.16,4.47,4.12,4.42,17476486,0
20110519,4.42,4.45,4.23,4.4,9460820,0
20110520,4.38,4.5,4.28,4.34,6226937,0
20110523,4.36,4.57,4.3,4.56,14734577,0
20110524,4.7,4.8,4.56,4.61,11022816,0
20110525,4.32,4.54,4.2,4.27,6979484,0
20110526,4.32,4.69,4.32,4.55,19425312,0
20110527,4.55,4.73,4.51,4.67,6131301,0
20110531,4.56,4.74,4.41,4.51,13857364,0
20110601,4.51,4.53,4.38,4.39,6909601,0
20110602,4.39,4.54,4.36,4.5,7910348,0
20110603,4.39,4.66,4.28,4.46,22632705,0
20110606,4.42,4.52,4.13,4.17,11524184,0
20110607,4.2,4.22,3.85,3.87,18022061,0
20110608,3.8,3.96,3.73,3.81,13789052,0
20110609,3.87,3.89,3.72,3.75,8200009,0
20110610,3.75,3.8,3.58,3.63,10109645,0
20110613,3.63,3.8,3.58,3.62,10543134,0
20110614,3.64,3.74,3.62,3.69,3065554,0
20110615,3.66,3.7,3.62,3.66,1372411,0
20110616,3.65,3.69,3.4,3.51,7928926,0
20110617,3.54,3.65,3.43,3.65,5080284,0
20110620,3.59,3.59,3.15,3.26,7324835,0
20110621,3.27,3.42,3.26,3.4,2191113,0
20110622,3.42,3.43,3.32,3.35,1263073,0
20110623,3.32,3.42,3.25,3.41,1446902,0
20110624,3.41,3.47,3.32,3.46,6695079,0
20110627,3.45,3.72,3.45,3.71,5090939,0
20110628,3.7,3.74,3.53,3.67,2652937,0
20110629,3.66,3.67,3.52,3.57,1557052,0
20110630,3.59,3.66,3,3.36,10046842,0
20110701,3.41,3.45,3.23,3.37,2249012,0
20110705,3.38,3.48,3.32,3.33,1418290,0
20110706,3.33,3.48,3.33,3.44,1780271,0
20110707,3.45,3.51,3.41,3.48,1155437,0
20110708,3.46,3.54,3.43,3.53,577019,0
20110711,3.45,3.49,3.33,3.41,1588605,0
20110712,3.39,3.52,3.35,3.48,691309,0
20110713,3.49,3.58,3.45,3.5,865155,0
20110714,3.5,3.55,3.42,3.42,710334,0
20110715,3.44,3.51,3.36,3.39,1204794,0
20110718,3.39,3.45,3.36,3.41,786789,0
20110719,3.43,3.46,3.41,3.45,759851,0
20110720,3.44,3.51,3.4,3.5,861967,0
20110721,3.51,3.72,3.49,3.68,2274953,0
20110722,3.69,4.03,3.69,3.9,5390688,0
20110725,3.9,4.1,3.8,4,3985466,0
20110726,4.02,4.18,4,4.03,2809881,0
20110727,4.01,4.05,3.77,3.81,2188843,0
20110728,3.82,3.91,3.71,3.72,1200386,0
20110729,3.7,3.92,3.63,3.75,2958474,0
20110801,3.83,3.93,3.69,3.75,1325712,0
20110802,3.76,3.82,3.53,3.54,1600187,0
20110803,3.56,3.68,3.35,3.66,1675145,0
20110804,3.6,3.6,3.29,3.44,7489130,0
20110805,3.47,3.56,3.25,3.37,1824933,0
20110808,3.09,3.21,3.03,3.11,3655167,0
20110809,3.05,3.1,2.75,3,4561539,0
20110810,2.91,3,2.69,2.7,2631578,0
20110811,2.73,2.98,2.64,2.98,4160412,0
20110812,2.96,2.99,2.68,2.77,2417035,0
20110815,2.81,3,2.81,2.99,2534479,0
20110816,2.96,2.96,2.8,2.82,1675995,0
20110817,2.83,2.96,2.81,2.95,1615839,0
20110818,2.84,2.84,2.65,2.71,1999572,0
20110819,2.65,2.75,2.57,2.72,974723,0
20110822,2.79,2.79,2.5,2.54,3357884,0
20110823,2.6,2.71,2.46,2.71,3171710,0
20110824,2.69,2.77,2.62,2.73,1501476,0
20110825,2.74,2.78,2.63,2.64,2117291,0
20110826,2.63,2.65,2.52,2.63,1361722,0
20110829,2.66,3.02,2.64,3,4431989,0
20110830,2.95,3.01,2.88,2.96,1238398,0
20110831,2.99,3,2.75,2.84,1633457,0
20110901,2.8,2.86,2.73,2.77,1269321,0
20110902,2.7,2.77,2.65,2.68,3283207,0
20110906,2.58,2.76,2.55,2.74,1808572,0
20110907,2.79,2.85,2.77,2.84,721161,0
20110908,2.8,2.92,2.71,2.74,1064028,0
20110909,2.71,2.83,2.66,2.81,4157498,0
20110912,2.75,2.83,2.7,2.78,1205043,0
20110913,2.8,3.02,2.76,2.96,6087741,0
20110914,2.96,2.99,2.86,2.93,3264573,0
20110915,2.96,2.98,2.88,2.89,905350,0
20110916,2.92,3.01,2.9,2.96,2731662,0
20110919,2.9,2.98,2.88,2.91,1872724,0
20110920,2.91,2.98,2.88,2.88,704164,0
20110921,2.88,2.96,2.86,2.86,957465,0
20110922,2.88,2.89,2.7,2.82,2231919,0
20110923,2.82,3.03,2.73,2.99,1810210,0
20110926,3.01,3.01,2.9,2.95,1076684,0
20110927,2.99,3.09,2.93,2.98,2208068,0
20110928,2.97,3.03,2.85,2.85,1097709,0
20110929,2.91,2.91,2.78,2.9,1012360,0
20110930,2.84,2.93,2.75,2.86,1361169,0
20111003,2.78,2.9,2.66,2.67,2343656,0
20111004,2.59,2.8,2.46,2.79,2134338,0
20111005,2.78,2.95,2.74,2.88,2987600,0
20111006,2.86,2.94,2.83,2.92,2228095,0
20111007,2.91,3.06,2.87,3.05,2940175,0
20111010,3.1,3.25,3.07,3.18,3174025,0
20111011,3.18,3.24,3.1,3.17,2119113,0
20111012,3.16,3.22,3.16,3.18,622514,0
20111013,3.15,3.2,3.09,3.18,722093,0
20111014,3.21,3.24,3.14,3.22,574415,0
20111017,3.14,3.18,2.88,2.91,1527920,0
20111018,2.91,2.93,2.8,2.9,948835,0
20111019,2.91,2.93,2.78,2.79,705402,0
20111020,2.85,2.88,2.73,2.76,564850,0
20111021,2.82,2.84,2.76,2.81,663792,0
20111024,2.81,2.95,2.78,2.94,619878,0
20111025,2.91,2.91,2.78,2.78,815929,0
20111026,2.84,2.93,2.73,2.91,1124291,0
20111027,3,3.11,2.92,3.07,1650773,0
20111028,3.05,3.08,2.99,3.02,599331,0
20111031,2.92,3.05,2.92,2.99,432524,0
20111101,2.92,2.97,2.8,2.8,951351,0
20111102,2.86,2.89,2.8,2.83,663368,0
20111103,2.85,2.86,2.74,2.86,796563,0
20111104,2.83,2.88,2.78,2.81,580884,0
20111107,2.81,2.82,2.75,2.78,422979,0
20111108,2.8,2.81,2.71,2.75,755384,0
20111109,2.72,2.78,2.71,2.71,850165,0
20111110,2.74,2.75,2.61,2.61,610741,0
20111111,2.63,2.69,2.6,2.68,876816,0
20111114,2.65,2.71,2.59,2.6,719492,0
20111115,2.6,2.7,2.58,2.67,682820,0
20111116,2.63,2.63,2.54,2.6,1483865,0
20111117,2.6,2.67,2.55,2.57,1134917,0
20111118,2.58,2.62,2.47,2.51,1501218,0
20111121,2.49,2.82,2.25,2.32,1679743,0
20111122,2.31,2.38,2.18,2.26,1237572,0
20111123,2.23,2.24,2.07,2.07,1446860,0
20111125,1.99,2.07,1.98,2,766188,0
20111128,2.06,2.56,2.06,2.55,4867739,0
20111129,2.5,2.5,2.21,2.29,2041478,0
20111130,2.2,2.46,2.18,2.46,2521672,0
20111201,2.42,2.43,2.33,2.33,1532611,0
20111202,2.36,2.43,2.3,2.37,1304852,0
20111205,2.39,2.64,2.39,2.57,2225975,0
20111206,2.56,2.58,2.41,2.57,1316974,0
20111207,2.55,2.6,2.46,2.55,2305945,0
20111208,2.53,2.58,2.28,2.29,2583451,0
20111209,2.31,2.39,2.29,2.3,1739453,0
20111212,2.2,2.36,2.1,2.28,7216942,0
20111213,2.33,2.4,1.99,1.99,4140543,0
20111214,2.03,2.03,1.97,1.99,1827073,0
20111215,2,2.03,1.81,1.85,2999503,0
20111216,1.88,1.92,1.77,1.78,8107631,0
20111219,1.84,1.97,1.81,1.83,2228202,0
20111220,1.88,1.9,1.83,1.88,1384123,0
20111221,1.87,1.9,1.82,1.87,1357602,0
20111222,1.86,1.89,1.82,1.87,1235593,0
20111223,1.87,1.87,1.82,1.85,1018772,0
20111227,1.85,1.97,1.84,1.97,1631992,0
20111228,1.96,2.02,1.89,1.94,1257640,0
20111229,1.92,1.99,1.9,1.96,1093805,0
20111230,1.93,2.07,1.905,2.05,2024803,0
20120103,2.1,2.11,2.02,2.08,1368093,0
20120104,2.06,2.09,2,2.05,749094,0
20120105,2.05,2.13,2.04,2.11,1033904,0
20120106,2.1,2.22,2.08,2.2,1678857,0
20120109,2.2,2.24,2.15,2.2,908245,0
20120110,2.24,2.4,2.2,2.4,2046959,0
20120111,2.39,2.64,2.31,2.64,2372047,0
20120112,2.72,2.82,2.65,2.77,3507639,0
20120113,2.73,2.76,2.58,2.76,1857014,0
20120117,2.76,2.84,2.73,2.78,1829690,0
20120118,2.77,2.84,2.73,2.84,1520542,0
20120119,2.82,2.88,2.81,2.87,983576,0
20120120,2.88,2.91,2.81,2.83,1442184,0
20120123,2.82,2.88,2.77,2.8,841729,0
20120124,2.78,2.81,2.7,2.8,734558,0
20120125,2.8,2.87,2.77,2.86,809755,0
20120126,2.88,2.89,2.83,2.87,1318564,0
20120127,2.85,2.93,2.83,2.92,726518,0
20120130,2.91,2.93,2.89,2.91,1378479,0
20120131,2.92,2.95,2.87,2.94,1410768,0
20120201,2.94,3.03,2.91,3.02,1413783,0
20120202,3.02,3.25,2.98,3.24,1974164,0
20120203,3.31,3.38,3.28,3.31,2223466,0
20120206,3.3,3.3,3.01,3.09,5496064,0
20120207,3.1,3.2,3.08,3.17,2870863,0
20120208,3.25,3.29,2.99,3.1,2467341,0
20120209,3.13,3.18,3.01,3.03,946547,0
20120210,2.99,3.03,2.92,2.93,1033102,0
20120213,2.93,2.98,2.8,2.97,2063907,0
20120214,2.95,3.02,2.9,2.98,1215963,0
20120215,3,3.03,2.92,2.97,1347718,0
20120216,2.97,3,2.92,2.99,1315165,0
20120217,3.01,3.04,2.95,2.97,1186814,0
20120221,2.99,3.03,2.84,2.87,1140920,0
20120222,2.86,2.9,2.8,2.81,549373,0
20120223,2.81,2.85,2.74,2.8,761997,0
20120224,2.79,2.9,2.78,2.87,701254,0
20120227,2.87,2.91,2.79,2.88,433172,0
20120228,2.94,2.94,2.87,2.9,482802,0
20120229,2.93,2.95,2.76,2.76,1207466,0
20120301,2.78,2.89,2.76,2.77,884395,0
20120302,2.79,2.88,2.76,2.78,3133602,0
20120305,2.77,2.81,2.73,2.74,850416,0
20120306,2.7,2.72,2.48,2.64,2361755,0
20120307,2.71,2.88,2.69,2.83,1352357,0
20120308,2.86,3.03,2.86,3,1540732,0
20120309,2.99,3.1,2.97,3.03,1136221,0
20120312,3.03,3.1,3,3.03,1061395,0
20120313,3.07,3.17,3.03,3.17,1184281,0
20120314,3.13,3.2,3.08,3.14,1531943,0
20120315,3.15,3.16,3,3.12,1156945,0
20120316,3.15,3.18,3.13,3.15,1315319,0
20120319,3.13,3.42,3.1,3.4,2024773,0
20120320,3.38,3.56,3.31,3.38,4986311,0
20120321,3.38,3.45,3.32,3.42,1446153,0
20120322,3.37,3.4,3.3,3.32,1247078,0
20120323,3.36,3.41,3.31,3.39,590343,0
20120326,3.43,3.55,3.43,3.47,1453716,0
20120327,3.48,3.5,3.45,3.47,1109126,0
20120328,3.48,3.55,3.45,3.47,1659283,0
20120329,3.44,3.48,3.38,3.45,995752,0
20120330,3.5,3.5,3.41,3.42,611868,0
20120402,3.41,3.5,3.39,3.47,1209225,0
20120403,3.49,3.56,3.37,3.38,1546966,0
20120404,3.33,3.38,3.3,3.33,662165,0
20120405,3.3,3.33,3.22,3.24,780216,0
20120409,3.18,3.23,3.15,3.19,960598,0
20120410,3.2,3.22,3.05,3.09,1081827,0
20120411,3.14,3.17,3.01,3.04,1326400,0
20120412,3.04,3.13,2.96,2.97,1137641,0
20120413,2.96,3,2.9,2.9,1045398,0
20120416,2.91,2.98,2.91,2.94,700487,0
20120417,2.97,3,2.93,2.97,459083,0
20120418,2.93,2.97,2.85,2.85,964218,0
20120419,2.87,3.1,2.86,2.94,1621422,0
20120420,2.96,3.04,2.92,2.95,700291,0
20120423,2.89,2.98,2.85,2.97,759171,0
20120424,2.97,3,2.89,2.95,607429,0
20120425,2.98,3.02,2.93,2.97,687799,0
20120426,2.95,3.01,2.91,2.98,552883,0
20120427,2.98,3.07,2.95,3.05,753608,0
20120430,3.03,3.09,2.99,3.05,622138,0
20120501,3.04,3.05,2.97,2.99,655001,0
20120502,2.98,3.02,2.95,3.01,552986,0
20120503,2.99,3,2.89,2.93,681528,0
20120504,2.9,2.92,2.73,2.78,976628,0
20120507,2.76,2.9,2.72,2.8,898689,0
20120508,2.8,2.9,2.65,2.86,1776231,0
20120509,2.83,2.86,2.67,2.76,1948923,0
20120510,2.77,3.08,2.75,3.01,1834136,0
20120511,2.98,3.1,2.98,3.04,1484228,0
20120514,3,3.1,2.99,3.07,1466222,0
20120515,3.05,3.07,2.87,2.89,1625789,0
20120516,2.91,2.96,2.86,2.86,662142,0
20120517,2.92,3,2.84,2.86,913896,0
20120518,2.85,2.88,2.7,2.71,2317522,0
20120521,2.71,2.9,2.71,2.89,987690,0
20120522,2.9,2.9,2.75,2.78,1022425,0
20120523,2.74,2.88,2.74,2.86,807724,0
20120524,2.76,2.88,2.75,2.82,678693,0
20120525,2.81,2.87,2.81,2.84,494275,0
20120529,2.79,3,2.79,3,1112437,0
20120530,2.98,3,2.88,2.93,712207,0
20120531,2.93,3,2.84,2.97,1049867,0
20120601,2.9,2.95,2.79,2.82,796871,0
20120604,2.82,2.87,2.75,2.87,712678,0
20120605,2.82,2.89,2.79,2.8,813376,0
20120606,2.81,2.94,2.78,2.92,789665,0
20120607,2.96,2.96,2.79,2.8,964582,0
20120608,2.79,2.94,2.79,2.91,643410,0
20120611,2.98,3.05,2.79,2.8,1140766,0
20120612,2.8,2.91,2.78,2.89,802166,0
20120613,2.88,2.95,2.84,2.86,805473,0
20120614,2.87,2.95,2.84,2.93,771912,0
20120615,2.91,3.06,2.91,3.05,1923214,0
20120618,3.07,3.2,3.02,3.16,1656148,0
20120619,3.19,3.32,3.18,3.29,2043692,0
20120620,3.3,3.43,3.22,3.33,1783745,0
20120621,3.35,3.42,3.28,3.39,1290236,0
20120622,3.39,3.49,3.35,3.47,2339149,0
20120625,3.44,3.58,3.41,3.56,1606631,0
20120626,3.58,3.87,3.52,3.77,2694094,0
20120627,3.77,3.87,3.68,3.84,1815598,0
20120628,3.8,3.84,3.69,3.83,1841548,0
20120629,3.9,4.05,3.86,3.92,2715623,0
20120702,3.94,4,3.89,4,2697310,0
20120703,4,4.05,3.95,3.99,2064883,0
20120705,3.96,3.98,3.83,3.96,1839059,0
20120706,3.9,3.97,3.87,3.88,1279205,0
20120709,3.83,3.89,3.71,3.83,2048464,0
20120710,3.84,3.93,3.61,3.63,1575603,0
20120711,3.63,3.66,3.47,3.47,1742869,0
20120712,3.46,3.46,3.3,3.37,2292847,0
20120713,3.4,3.44,3.29,3.3,1098660,0
20120716,3.25,3.34,3.2,3.33,1099400,0
20120717,3.33,3.37,3.225,3.26,997009,0
20120718,3.26,3.34,3.23,3.24,553819,0
20120719,3.25,3.29,3.19,3.21,551175,0
20120720,3.17,3.2,3.02,3.07,1687871,0
20120723,3,3.04,2.96,2.97,739745,0
20120724,2.97,3.01,2.89,2.92,1037233,0
20120725,2.95,2.95,2.83,2.86,929181,0
20120726,2.9,2.96,2.85,2.86,1208489,0
20120727,2.89,2.94,2.88,2.89,1132280,0
20120730,2.91,2.93,2.78,2.85,1591761,0
20120731,2.84,2.89,2.82,2.86,1057496,0
20120801,2.87,2.88,2.82,2.83,1434035,0
20120802,2.8,2.85,2.76,2.76,924105,0
20120803,2.79,2.92,2.79,2.87,948355,0
20120806,2.86,2.99,2.86,2.99,1020168,0
20120807,3,3.03,2.94,2.97,841377,0
20120808,2.95,2.95,2.86,2.9,844716,0
20120809,2.87,2.88,2.8,2.86,799958,0
20120810,2.86,2.89,2.83,2.85,447651,0
20120813,2.88,2.89,2.8,2.88,590943,0
20120814,2.91,2.95,2.89,2.94,512038,0
20120815,2.92,3.03,2.92,3,582190,0
20120816,2.98,3.09,2.95,3.03,777506,0
20120817,3.02,3.07,2.99,3.04,464750,0
20120820,3.03,3.07,3.01,3.02,375121,0
20120821,3.02,3.04,2.95,2.96,729676,0
20120822,2.94,2.98,2.9,2.94,312376,0
20120823,2.93,2.95,2.82,2.85,521178,0
20120824,2.83,2.92,2.8,2.91,562674,0
20120827,2.91,2.93,2.78,2.87,1127762,0
20120828,2.88,2.98,2.85,2.96,673408,0
20120829,2.98,3.14,2.94,3.14,1497465,0
20120830,3.11,3.44,3.08,3.41,2478225,0
20120831,3.45,3.5,3.26,3.32,1427662,0
20120904,3.32,3.47,3.32,3.46,1220145,0
20120905,3.44,3.525,3.31,3.32,1467535,0
20120906,3.34,3.41,3.34,3.39,888704,0
20120907,3.42,3.48,3.38,3.4,844510,0
20120910,3.41,3.46,3.27,3.29,737466,0
20120911,3.29,3.45,3.2,3.22,621905,0
20120912,3.22,3.32,3.13,3.32,969599,0
20120913,3.31,3.5,3.29,3.46,1182959,0
20120914,3.48,3.54,3.41,3.46,1044121,0
20120917,3.43,3.59,3.4,3.58,1711700,0
20120918,3.57,3.74,3.54,3.7,1231051,0
20120919,3.71,3.94,3.65,3.83,2147205,0
20120920,3.79,3.8,3.55,3.61,1583572,0
20120921,3.68,3.68,3.36,3.38,3418317,0
20120924,3.34,3.45,3.27,3.395,1619354,0
20120925,3.43,3.51,3.33,3.35,1685180,0
20120926,3.35,3.36,3.21,3.27,905530,0
20120927,3.28,3.29,3.2,3.25,783272,0
20120928,3.22,3.29,3.2,3.2,727299,0
20121001,3.29,3.57,3.24,3.27,1969669,0
20121002,3.27,3.37,3.23,3.3,993223,0
20121003,3.33,3.4,3.24,3.32,1002540,0
20121004,3.35,3.4,3.22,3.33,1160663,0
20121005,3.36,3.44,3.24,3.29,936406,0
20121008,3.27,3.31,3.2,3.21,387261,0
20121009,3.22,3.25,3.05,3.09,898414,0
20121010,3.11,3.18,3.05,3.13,616491,0
20121011,3.15,3.21,3.14,3.19,629080,0
20121012,3.18,3.21,3.06,3.08,506981,0
20121015,3.08,3.13,2.935,3.02,1148901,0
20121016,3.04,3.2,3,3.19,1073074,0
20121017,3.21,3.255,3.17,3.23,481807,0
20121018,3.22,3.25,3.06,3.17,1321736,0
20121019,3.15,3.22,3.11,3.18,1001498,0
20121022,3.15,3.2184,3.04,3.2,1071265,0
20121023,3.13,3.17,3.04,3.14,527019,0
20121024,3.15,3.19,3.07,3.1,409794,0
20121025,3.12,3.14,3.01,3.06,419577,0
20121026,3.05,3.12,2.99,2.99,657822,0
20121031,3,3.008,2.82,2.855,1001694,0
20121101,2.82,2.92,2.81,2.82,1024210,0
20121102,2.84,2.85,2.7,2.7079,740363,0
20121105,2.71,2.89,2.68,2.86,1017703,0
20121106,2.86,2.89,2.7,2.71,770428,0
20121107,2.71,2.82,2.68,2.74,960573,0
20121108,2.77,2.81,2.69,2.69,858565,0
20121109,2.72,2.81,2.65,2.66,863315,0
20121112,2.66,2.69,2.5,2.535,1040220,0
20121113,2.52,2.62,2.34,2.35,3199499,0
20121114,2.37,2.405,2.21,2.245,2115785,0
20121115,2.26,2.31,2.07,2.16,1609551,0
20121116,2.15,2.28,2.1,2.23,1834400,0
20121119,2.27,2.61,2.27,2.6,2800294,0
20121120,2.58,2.6,2.37,2.46,2618426,0
20121121,2.46,2.57,2.41,2.51,1044615,0
20121123,2.56,2.56,2.5,2.53,307294,0
20121126,2.53,2.6,2.46,2.55,1252545,0
20121127,2.65,2.765,2.59,2.66,2155069,0
20121128,2.64,2.83,2.635,2.8,1450464,0
20121129,2.83,2.92,2.65,2.68,1197585,0
20121130,2.7,2.72,2.57,2.64,1275735,0
20121203,2.65,2.7,2.5,2.57,956143,0
20121204,2.56,2.62,2.52,2.62,809177,0
20121205,2.62,2.64,2.55,2.56,600012,0
20121206,2.54,2.61,2.515,2.58,710923,0
20121207,2.64,2.64,2.5,2.57,543312,0
20121210,2.57,2.69,2.56,2.67,1141201,0
20121211,2.7,2.73,2.63,2.71,881495,0
20121212,2.72,2.74,2.56,2.57,1407619,0
20121213,2.59,2.59,2.34,2.4,1710480,0
20121214,2.35,2.55,2.34,2.53,1314212,0
20121217,2.54,2.64,2.49,2.59,1060101,0
20121218,2.61,2.72,2.59,2.7,1236316,0
20121219,2.69,2.73,2.63,2.66,828991,0
20121220,2.66,2.72,2.605,2.7,809934,0
20121221,2.68,2.69,2.56,2.65,1646632,0
20121224,2.65,2.65,2.57,2.63,174508,0
20121226,2.63,2.73,2.6,2.71,526877,0
20121227,2.69,2.73,2.55,2.62,1029703,0
20121228,2.58,2.65,2.57,2.57,599647,0
20121231,2.57,2.63,2.51,2.6166,1236021,0
20130102,2.71,2.84,2.68,2.81,1912822,0
20130103,2.82,2.94,2.78,2.89,1152128,0
20130104,2.99,3.09,2.93,2.94,1535112,0
20130107,2.93,3.02,2.9099,3,688507,0
20130108,3.01,3.04,2.92,3.04,1133882,0
20130109,3.04,3.21,3.04,3.12,1743965,0
20130110,3.13,3.15,3.07,3.08,734170,0
20130111,3.07,3.175,3.02,3.14,925007,0
20130114,3.1,3.3,3.08,3.16,1362394,0
20130115,3.13,3.2,3.11,3.16,708744,0
20130116,3.1301,3.145,3.07,3.13,677377,0
20130117,3.14,3.14,3.07,3.09,1097035,0
20130118,3.06,3.08,2.98,3.02,1359348,0
20130122,3.02,3.12,2.97,3,1942406,0
20130123,3.01,3.14,2.98,3.08,1543945,0
20130124,3.08,3.14,3.015,3.04,993149,0
20130125,3.05,3.06,2.95,2.96,1617206,0
20130128,2.96,3.02,2.9,3.02,1406928,0
20130129,3.02,3.07,2.955,3.02,1009107,0
20130130,3.01,3.01,2.92,2.92,909064,0
20130131,2.92,2.99,2.91,2.92,742273,0
20130201,2.94,2.98,2.89,2.91,646134,0
20130204,2.89,3.09,2.87,3.07,1668522,0
20130205,3.08,3.26,3.08,3.25,2184495,0
20130206,3.2799,3.3173,3.03,3.08,2553379,0
20130207,3.07,3.13,2.77,2.85,3209821,0
20130208,2.89,2.94,2.7,2.81,1670661,0
20130211,2.8,2.8,2.65,2.78,2418279,0
20130212,2.79,2.9,2.74,2.835,1562585,0
20130213,2.84,2.89,2.83,2.87,914482,0
20130214,2.85,2.9,2.81,2.84,726488,0
20130215,2.85,2.87,2.75,2.8,1054973,0
20130219,2.82,2.87,2.79,2.86,1067270,0
20130220,2.86,2.88,2.79,2.8,852615,0
20130221,2.79,2.805,2.69,2.74,758322,0
20130222,2.77,2.77,2.69,2.73,426824,0
20130225,2.78,2.82,2.71,2.73,984318,0
20130226,2.75,2.78,2.7322,2.76,817809,0
20130227,2.75,2.845,2.74,2.8,923233,0
20130228,2.79,2.82,2.69,2.72,1218177,0
20130301,2.71,2.81,2.69,2.78,1183363,0
20130304,2.78,2.83,2.72,2.78,1010724,0
20130305,2.81,2.86,2.7999,2.85,1615603,0
20130306,2.86,2.97,2.82,2.96,1486383,0
20130307,2.95,3.005,2.93,2.99,2251240,0
20130308,3.03,3.13,3.005,3.09,2208140,0
20130311,3.06,3.08,3,3.03,913702,0
20130312,3.01,3.02,2.85,2.95,2720386,0
20130313,2.94,3.07,2.93,3.03,1005400,0
20130314,3.03,3.05,2.95,2.97,579014,0
20130315,2.97,3.07,2.9,3.06,1998692,0
20130318,3,3.055,2.98,3.03,1440293,0
20130319,3.02,3.02,2.88,2.91,1101342,0
20130320,2.91,2.94,2.86,2.9,686132,0
20130321,2.87,2.91,2.85,2.88,602642,0
20130322,2.89,2.94,2.84,2.91,631998,0
20130325,2.9,2.95,2.82,2.84,712756,0
20130326,2.82,2.87,2.75,2.799,871939,0
20130327,2.78,2.9,2.75,2.77,334234,0
20130328,2.8,2.82,2.71,2.749,672056,0
20130401,2.78,2.78,2.6,2.71,1494962,0
20130402,2.74,2.8,2.69,2.73,508088,0
20130403,2.72,2.75,2.65,2.68,572471,0
20130404,2.69,2.69,2.615,2.65,463295,0
20130405,2.6,2.67,2.6,2.65,444883,0
20130408,2.66,2.7,2.6,2.64,612053,0
20130409,2.65,2.765,2.65,2.71,594199,0
20130410,2.72,2.88,2.71,2.87,1078790,0
20130411,2.87,2.97,2.82,2.92,1340562,0
20130412,2.91,2.94,2.86,2.92,979484,0
20130415,2.9,2.97,2.85,2.87,1217503,0
20130416,2.87,2.96,2.81,2.96,642781,0
20130417,2.94,2.99,2.875,2.93,1036911,0
20130418,2.95,3,2.87,2.96,753533,0
20130419,2.95,3.01,2.95,3,574685,0
20130422,3,3.09,2.98,3.07,1385021,0
20130423,3.1,3.1,3.03,3.1,863605,0
20130424,3.1,3.1,3.02,3.08,433350,0
20130425,3.08,3.235,3.04,3.2,2422884,0
20130426,3.65,3.86,3.13,3.29,11974647,0
20130429,3.28,3.35,3.2,3.27,1418402,0
20130430,3.28,3.3,3.12,3.19,1096320,0
20130501,3.18,3.22,3.09,3.1,1519246,0
20130502,3.11,3.12,3.06,3.09,889192,0
20130503,3.13,3.22,3.06,3.1,781530,0
20130506,3.11,3.13,3.05,3.1,710344,0
20130507,3.1,3.17,3.1,3.16,744963,0
20130508,3.14,3.18,3.08,3.15,1158343,0
20130509,3.1,3.19,3.05,3.18,1659762,0
20130510,3.15,3.2,3.11,3.2,660768,0
20130513,3.2,3.34,3.17,3.31,1200680,0
20130514,3.33,3.4,3.29,3.4,1256357,0
20130515,3.38,3.39,3.2,3.2,1271753,0
20130516,3.19,3.32,3.13,3.3,1070380,0
20130517,3.3,3.37,3.25,3.32,1079685,0
20130520,3.3,3.37,3.27,3.34,1016549,0
20130521,3.33,3.37,3.255,3.27,507453,0
20130522,3.26,3.35,3.21,3.25,779361,0
20130523,3.2,3.4,3.15,3.4,901211,0
20130524,3.38,3.43,3.32,3.41,1105857,0
20130528,3.42,3.43,3.275,3.4,1345038,0
20130529,3.36,3.39,3.24,3.24,1394192,0
20130530,3.28,3.4,3.23,3.38,1218739,0
20130531,3.35,3.41,3.32,3.32,1331477,0
20130603,3.36,3.48,3.3,3.46,1718846,0
20130604,3.46,3.49,3.26,3.37,1453627,0
20130605,3.54,3.84,3.49,3.81,9134486,0
20130606,3.85,3.9,3.65,3.83,3078802,0
20130607,3.85,3.85,3.7,3.77,1170401,0
20130610,3.76,4.3,3.73,4.11,7061161,0
20130611,4.03,4.28,3.95,4.22,3128424,0
20130612,4.22,4.34,4.085,4.15,2869374,0
20130613,4.18,4.28,4.11,4.26,1777243,0
20130614,4.45,4.53,4.41,4.5,3678997,0
20130617,4.62,4.78,4.42,4.52,4558156,0
20130618,4.51,4.62,4.33,4.615,3017051,0
20130619,4.61,4.73,4.42,4.43,2021771,0
20130620,4.36,4.55,4.3,4.31,2291642,0
20130621,4.4,4.45,4.23,4.315,4871816,0
20130624,4.27,4.405,4.11,4.34,1606325,0
20130625,4.4,4.41,4.25,4.365,2348639,0
20130626,4.41,4.51,4.35,4.42,1762302,0
20130627,4.47,4.58,4.44,4.56,1390520,0
20130628,4.53,4.67,4.52,4.6,2209213,0
20130701,4.68,4.77,4.46,4.49,2801127,0
20130702,4.5,4.59,4.46,4.54,1541953,0
20130703,4.55,4.569,4.16,4.28,2638295,0
20130705,4.31,4.33,4.07,4.26,2404312,0
20130708,4.44,4.48,4.18,4.38,3249031,0
20130709,4.45,4.45,4.28,4.375,1392117,0
20130710,4.38,4.47,4.35,4.41,998091,0
20130711,4.45,4.505,4.34,4.42,2273718,0
20130712,4.4,4.58,4.4,4.56,2349155,0
20130715,4.58,4.66,4.58,4.61,1631298,0
20130716,4.6,4.64,4.5,4.51,1334389,0
20130717,4.5,4.64,4.46,4.54,1353743,0
20130718,4.55,4.64,4.53,4.63,1117280,0
20130719,4.6,4.85,4.57,4.81,2073318,0
20130722,4.9,5.05,4.825,4.97,3793915,0
20130723,5.07,5.09,4.83,4.87,1973738,0
20130724,4.94,4.94,4.55,4.6,1985081,0
20130725,4.61,4.7,4.52,4.7,1044497,0
20130726,4.68,4.73,4.6,4.7,608407,0
20130729,4.67,4.67,4.52,4.6,1100686,0
20130730,4.57,4.77,4.53,4.7,2806871,0
20130731,4.7,4.9406,4.67,4.705,1900917,0
20130801,4.74,4.84,4.72,4.755,910634,0
20130802,4.74,4.93,4.72,4.89,1852862,0
20130805,4.91,4.98,4.91,4.97,937068,0
20130806,4.94,4.97,4.73,4.79,1785776,0
20130807,4.8,4.99,4.61,4.67,2734335,0
20130808,4.67,4.68,4.44,4.59,1507728,0
20130809,4.59,4.67,4.305,4.4,1924401,0
20130812,4.37,4.51,4.33,4.5,2341750,0
20130813,4.95,4.98,4.55,4.57,4615772,0
20130814,4.85,5.21,4.75,5.05,6641410,0
20130815,4.99,5.04,4.82,4.89,2205992,0
20130816,4.83,4.92,4.71,4.89,1625896,0
20130819,4.89,4.95,4.78,4.8,3342343,0
20130820,4.78,4.91,4.78,4.85,1260973,0
20130821,4.82,5.1,4.8,5.04,2397669,0
20130822,5.07,5.27,5.01,5.03,2073262,0
20130823,5.03,5.08,4.87,4.98,1251519,0
20130826,5.37,5.4,5.11,5.19,6921429,0
20130827,5.12,5.13,4.89,4.92,5638496,0
20130828,4.93,5.28,4.88,5.16,2555254,0
20130829,5.2,5.4,5.17,5.28,2848462,0
20130830,5.28,5.3198,5.09,5.1,1302029,0
20130903,5.35,5.5,5.35,5.39,2795577,0
20130904,5.41,5.75,5.34,5.66,3395061,0
20130905,5.71,5.85,5.58,5.76,2790396,0
20130906,5.76,5.97,5.56,5.84,3158516,0
20130909,5.89,6,5.8,5.85,2904247,0
20130910,5.92,5.94,5.51,5.53,3189684,0
20130911,5.5,5.54,4.38,4.79,16575067,0
20130912,4.74,5.17,4.69,4.99,6721064,0
20130913,4.73,4.8,3.98,4.08,15091570,0
20130916,4.53,4.6,4.09,4.38,5779380,0
20130917,4.37,4.41,4.2,4.31,2613780,0
20130918,4.3,4.36,4.15,4.27,2413733,0
20130919,4.28,4.37,4.24,4.33,1934925,0
20130920,4.33,4.44,4.28,4.35,7343112,0
20130923,4.35,4.375,4.2,4.28,3741218,0
20130924,4.26,4.34,4.21,4.29,1750700,0
20130925,4.26,4.37,4.21,4.35,1958846,0
20130926,4.33,4.33,4.24,4.3,3927700,0
20130927,4.27,4.34,4.25,4.3,2144019,0
20130930,4.25,4.28,4.16,4.23,1720800,0
20131001,4.22,4.44,4.11,4.38,2096500,0
20131002,4.31,4.58,4.31,4.53,2011700,0
20131003,4.54,4.57,4.31,4.34,2108700,0
20131004,4.36,4.6,4.36,4.56,1726000,0
20131007,4.5,4.62,4.43,4.57,1998800,0
20131008,4.56,4.69,4.51,4.66,3823000,0
20131009,4.66,4.69,4.54,4.61,3140400,0
20131010,4.64,4.74,4.635,4.67,1656437,0
20131011,4.64,4.7,4.52,4.53,1987496,0
20131014,4.51,4.63,4.38,4.58,1709892,0
20131015,4.58,4.62,4.47,4.48,1632047,0
20131016,4.5,4.62,4.33,4.36,2246600,0
20131017,4.37,4.51,4.35,4.46,1559800,0
20131018,4.52,4.55,4.42,4.51,1768900,0
20131021,4.53,4.58,4.43,4.47,1926100,0
20131022,4.5,4.54,4.36,4.5,1859600,0
20131023,4.48,4.72,4.45,4.72,2669436,0
20131024,4.75,5.07,4.75,4.96,3816900,0
20131025,5,5.0576,4.86,4.9,1316373,0
20131028,4.91,5.04,4.79,4.82,1544100,0
20131029,4.81,4.86,4.63,4.78,2173900,0
20131030,4.8,4.81,4.25,4.25,3554400,0
20131031,4.23,4.38,3.99,4.05,3396791,0
20131101,4.11,4.29,4.01,4.28,2120700,0
20131104,4.28,4.37,4.18,4.215,1219166,0
20131105,4.22,4.27,4.15,4.17,1654500,0
20131106,4.29,4.42,4.05,4.12,2690200,0
20131107,4.15,4.17,4,4.07,1110100,0
20131108,4.06,4.28,4.06,4.12,1302900,0
20131111,4.13,4.25,4.08,4.22,1573448,0
20131112,4.21,4.34,4.13,4.34,1061300,0
20131113,4.29,4.48,4.19,4.46,1208200,0
20131114,4.47,4.49,4.34,4.4,888000,0
20131115,4.4,4.61,4.38,4.59,1701800,0
20131118,4.63,4.71,4.28,4.28,1753100,0
20131119,4.28,4.33,4.06,4.18,2973085,0
20131120,4.17,4.37,4.17,4.27,1439300,0
20131121,4.3,4.44,4.27,4.28,2197100,0
20131122,4.31,4.41,4.24,4.33,1280595,0
20131125,4.35,4.47,4.21,4.23,1508500,0
20131126,4.25,4.41,4.19,4.35,2074500,0
20131127,4.37,4.43,4.35,4.38,1193300,0
20131129,4.41,4.5,4.38,4.44,888749,0
20131202,4.45,4.52,4.42,4.46,1472100,0
20131203,4.44,4.59,4.38,4.52,1412889,0
20131204,4.53,4.6,4.27,4.31,1598600,0
20131205,4.3,4.37,4.18,4.18,1162800,0
20131206,4.22,4.36,4.12,4.34,1514500,0
20131209,4.37,4.4,4.27,4.4,1369635,0
20131210,4.38,4.39,4.18,4.29,2183200,0
20131211,3.5,3.65,3,3.01,14277516,0
20131212,3.1,3.43,3.1,3.15,7867493,0
20131213,3.17,3.18,2.83,2.84,7429000,0
20131216,2.88,3,2.81,2.82,3821032,0
20131217,2.82,2.87,2.67,2.68,3420800,0
20131218,2.67,2.74,2.62,2.65,3783500,0
20131219,2.65,2.89,2.65,2.87,4402700,0
20131220,2.95,3.44,2.94,3.43,12008300,0
20131223,3.45,3.54,3.31,3.4,2876000,0
20131224,3.43,3.45,3.27,3.33,999717,0
20131226,3.33,3.33,3.27,3.29,1089100,0
20131227,3.31,3.33,3.2,3.23,1053300,0
20131230,3.2,3.42,3.18,3.29,1869400,0
20131231,3.29,3.37,3.22,3.36,1868800,0
20140102,3.33,3.33,3.171,3.21,2297865,0
20140103,3.21,3.33,3.2,3.31,1312369,0
20140106,3.33,3.39,3.22,3.33,1667600,0
20140107,3.35,3.37,3.06,3.28,2487400,0
20140108,3.28,3.31,3.12,3.17,2136600,0
20140109,3.13,3.17,3.05,3.14,1765700,0
20140110,3.15,3.25,3.08,3.24,1312700,0
20140113,3.32,3.6,3.32,3.56,4231100,0
20140114,3.56,3.65,3.45,3.6,1830900,0
20140115,3.48,3.84,3.48,3.81,2628300,0
20140116,3.77,3.81,3.6448,3.8,1165852,0
20140117,3.79,3.88,3.7,3.83,1616100,0
20140121,3.8,3.9,3.71,3.84,1336400,0
20140122,3.83,3.84,3.61,3.71,1600800,0
20140123,3.71,3.71,3.55,3.68,1749100,0
20140124,3.65,3.65,3.39,3.44,2047700,0
20140127,3.49,3.5,3.2,3.36,2200500,0
20140128,3.4,3.61,3.3,3.55,2214700,0
20140129,3.53,3.64,3.44,3.47,917100,0
20140130,3.53,4.09,3.52,3.95,3172600,0
20140131,3.87,3.96,3.73,3.75,2260100,0
20140203,3.77,3.86,3.44,3.47,2395316,0
20140204,3.49,3.71,3.45,3.51,1905227,0
20140205,3.61,3.61,3.39,3.56,1985491,0
20140206,3.62,3.63,3.34,3.45,2059562,0
20140207,3.44,3.63,3.43,3.59,1484101,0
20140210,3.59,3.83,3.5,3.8,2019779,0
20140211,3.82,3.86,3.75,3.84,1507606,0
20140212,3.82,3.99,3.8,3.88,1433974,0
20140213,3.88,4.04,3.82,4.01,1635280,0
20140214,4.03,4.38,4,4.04,2246750,0
20140218,4.08,4.24,4.04,4.14,1521677,0
20140219,4.13,4.18,4,4.06,1731240,0
20140220,4.05,4.09,3.93,4.05,994480,0
20140221,4.09,4.09,3.98,4,1207359,0
20140224,4.04,4.08,3.89,3.89,1842785,0
20140225,3.9,3.99,3.78,3.84,1347400,0
20140226,3.82,4.39,3.64,4.29,9736582,0
20140227,4.3,4.32,4.15,4.22,2639922,0
20140228,4.14,4.25,4.12,4.16,2232378,0
20140303,4.12,4.22,4.01,4.16,2350691,0
20140304,4.22,4.35,4.2,4.3,1853296,0
20140305,4.29,5.08,4.22,5,7988562,0
20140306,4.99,5,4.44,4.45,3709356,0
20140307,4.45,4.57,4.25,4.47,2300848,0
20140310,4.46,4.46,4.11,4.25,2457947,0
20140311,4.25,4.4,4.18,4.19,2581060,0
20140312,4.16,4.23,4.02,4.06,1999356,0
20140313,4.09,4.15,3.92,3.96,2233569,0
20140314,3.96,3.96,3.77,3.86,2597601,0
20140317,3.87,4.02,3.8,3.87,1995105,0
20140318,3.87,4.05,3.85,4.04,1416488,0
20140319,4.11,4.15,3.95,4.01,1579492,0
20140320,4.02,4.23,3.87,4.14,1815181,0
20140321,4.2,4.27,3.97,3.98,8929863,0
20140324,4.02,4.09,3.62,3.73,3692770,0
20140325,3.75,3.88,3.68,3.75,1954248,0
20140326,3.94,3.94,3.59,3.6,1822000,0
20140327,3.6,3.74,3.45,3.6,1960969,0
20140328,3.58,3.68,3.475,3.55,1380702,0
20140331,3.5,3.7001,3.5,3.67,1104057,0
20140401,3.66,3.86,3.66,3.78,1492339,0
20140402,3.81,3.86,3.7,3.79,764892,0
20140403,3.88,3.9,3.6,3.66,1284611,0
20140404,3.72,3.75,3.4,3.46,2463756,0
20140407,3.44,3.54,3.31,3.46,2099892,0
20140408,3.48,3.625,3.44,3.57,1902494,0
20140409,3.59,3.87,3.59,3.87,1744773,0
20140410,3.85,3.86,3.57,3.63,1930589,0
20140411,3.58,3.69,3.28,3.29,2784092,0
20140414,3.4199,3.4199,3.12,3.18,1718590,0
20140415,3.2,3.33,3.02,3.29,2519051,0
20140416,3.31,3.44,3.23,3.42,1526103,0
20140417,3.4,3.63,3.3398,3.46,1753542,0
20140421,3.47,3.54,3.38,3.48,1232384,0
20140422,3.5,3.67,3.5,3.6,1280610,0
20140423,3.61,3.64,3.46,3.47,1248629,0
20140424,3.51,3.555,3.32,3.49,1064073,0
20140425,3.45,3.51,3.25,3.3,1175412,0
20140428,3.27,3.46,3.065,3.18,1720869,0
20140429,3.19,3.45,3.16,3.42,1325214,0
20140430,3.38,5.15,3.27,4.98,14322495,0
20140501,4.82,5.06,4.45,4.65,11676516,0
20140502,4.74,4.7999,4.38,4.63,4327092,0
20140505,4.57,4.75,4.49,4.7,2879072,0
20140506,4.7,4.82,4.59,4.76,3823326,0
20140507,4.52,4.66,4.41,4.44,3337859,0
20140508,4.42,4.83,4.31,4.59,16842525,0
20140509,4.6,4.89,4.52,4.87,4466453,0
20140512,4.9,5.04,4.79,4.8,4627022,0
20140513,4.8,4.9,4.73,4.76,1639137,0
20140514,4.76,5.22,4.71,5.05,6933122,0
20140515,5.04,5.07,4.84,5,2897564,0
20140516,5,5,4.81,4.92,2251829,0
20140519,4.9,4.95,4.77,4.89,2013461,0
20140520,4.86,4.89,4.65,4.7,1907895,0
20140521,4.71,4.82,4.57,4.57,1790927,0
20140522,4.58,4.87,4.58,4.74,2601072,0
20140523,4.71,4.85,4.68,4.84,1050510,0
20140527,4.82,5.09,4.8,5.04,3728953,0
20140528,5.01,5.265,4.96,5.18,4104631,0
20140529,5.23,5.43,5.17,5.39,2769404,0
20140530,5.36,5.44,5.24,5.28,3719286,0
20140602,5.319,5.319,5.03,5.04,1953111,0
20140603,5.04,5.16,4.89,5.08,1533611,0
20140604,5.06,5.15,5.02,5.07,1243359,0
20140605,5.07,5.29,5.07,5.23,2189318,0
20140606,5.23,5.38,5.2,5.28,1551439,0
20140609,5.3,5.4395,5.27,5.34,1925166,0
20140610,5.58,5.59,5.33,5.47,3959800,0
20140611,5.42,5.74,5.41,5.66,4323081,0
20140612,5.68,5.68,5.54,5.63,1681372,0
20140613,5.67,5.7712,5.6,5.73,1647060,0
20140616,5.69,5.89,5.41,5.57,3095430,0
20140617,5.35,5.71,5.2522,5.5,2073645,0
20140618,5.5,5.55,5.3,5.48,1649181,0
20140619,5.49,5.55,5.35,5.41,1223158,0
20140620,5.45,5.46,5.27,5.28,3854878,0
20140623,5.3,5.44,5.24,5.36,1580419,0
20140624,5.31,5.65,5.28,5.57,3086112,0
20140625,5.48,5.64,5.4,5.4,2151584,0
20140626,5.38,5.48,5.35,5.4,1037234,0
20140627,5.36,5.57,5.32,5.56,2854174,0
20140630,5.55,5.64,5.49,5.64,2507263,0
20140701,5.62,5.74,5.61,5.7,1743617,0
20140702,5.68,5.78,5.67,5.73,1542100,0
20140703,5.78,5.88,5.71,5.84,1338927,0
20140707,5.84,5.93,5.65,5.67,1923969,0
20140708,5.63,5.68,5.34,5.35,2530430,0
20140709,5.35,5.57,5.32,5.55,1927950,0
20140710,5.43,5.715,5.38,5.62,2012957,0
20140711,5.62,5.8,5.5599,5.76,1650766,0
20140714,5.85,5.86,5.62,5.84,1699035,0
20140715,5.85,5.85,5.45,5.47,2401835,0
20140716,5.55,5.6399,5.355,5.37,1667820,0
20140717,5.32,5.45,5.16,5.18,1760839,0
20140718,5.17,5.52,5.17,5.39,1522540,0
20140721,5.41,5.44,5.28,5.32,1464109,0
20140722,5.35,5.445,5.25,5.28,1596533,0
20140723,5.32,5.46,5.3,5.36,1403951,0
20140724,5.36,5.44,5.26,5.27,953385,0
20140725,5.23,5.25,5.13,5.22,1356022,0
20140728,5.22,5.29,5.14,5.2,957623,0
20140729,5.24,5.42,5.22,5.34,1578003,0
20140730,5.37,5.47,5.32,5.4,1787019,0
20140731,5.31,5.44,5.21,5.21,2993259,0
20140801,5.23,5.33,5.16,5.27,2807844,0
20140804,5.28,5.4,5.17,5.24,2882106,0
20140805,5.24,5.34,5.16,5.23,2020960,0
20140806,5.21,5.395,5.08,5.389,1729917,0
20140807,5.4,5.45,5.28,5.42,1657019,0
20140808,5.42,5.4272,5.22,5.41,1661467,0
20140811,5.43,5.56,5.3601,5.51,1642689,0
20140812,5.49,5.65,5.45,5.58,1860888,0
20140813,5.59,5.695,5.55,5.65,1766776,0
20140814,5.65,5.72,5.6,5.69,1237632,0
20140815,5.74,5.75,5.43,5.57,1768605,0
20140818,5.62,5.99,5.57,5.87,3125960,0
20140819,5.93,5.94,5.79,5.81,1505103,0
20140820,5.79,5.79,5.62,5.73,1222402,0
20140821,5.74,5.78,5.62,5.66,920224,0
20140822,5.65,5.83,5.62,5.8,1083258,0
20140825,5.87,6.07,5.86,6.06,3234460,0
20140826,6.05,6.24,6.0099,6.1,4886620,0
20140827,6.12,6.23,5.95,6.05,2573448,0
20140828,6.03,6.13,5.97,6.01,1928613,0
20140829,6.03,6.22,5.97,6.22,1600737,0
20140902,6.23,6.3,6.07,6.1,2031170,0
20140903,6.11,6.2,6.1,6.13,1593273,0
20140904,6.1,6.195,6.06,6.105,1709167,0
20140905,6.09,6.17,5.971,6.17,2211108,0
20140908,6.15,6.16,6.02,6.085,1313359,0
20140909,6.08,6.14,5.85,5.93,2112233,0
20140910,5.91,6.85,5.91,6.78,11119767,0
20140911,6.72,6.9842,6.61,6.72,5046228,0
20140912,6.74,6.9,6.66,6.74,2727994,0
20140915,9.35,13.09,9.32,12.49,88808962,0
20140916,11.59,12.2,11.23,12.06,23574664,0
20140917,11.82,13,11.62,12.49,14658706,0
20140918,12.09,12.4,11.56,11.68,11167512,0
20140919,11.69,11.9,10.55,11.04,14953948,0
20140922,10.95,11.37,10.92,11.21,5338548,0
20140923,10.5,11.36,10.45,11.31,8472260,0
20140924,11.58,11.71,11.34,11.65,15703420,0
20140925,11.6,11.81,11.33,11.49,3976906,0
20140926,11.6,11.67,11.4,11.61,1843129,0
20140929,11.48,12.07,11.44,11.95,4191902,0
20140930,11.97,12.21,11.8,11.92,4659343,0
20141001,11.89,11.97,11.38,11.705,3865839,0
20141002,11.64,12.11,11.55,11.7,4032523,0
20141003,11.81,11.85,11.19,11.39,5501231,0
20141006,11.48,12.06,11.23,11.74,5186284,0
20141007,11.61,11.61,11.26,11.47,5314671,0
20141008,11.29,11.75,11.19,11.74,3106965,0
20141009,11.7,11.985,11.41,11.52,2632689,0
20141010,11.42,11.67,11.05,11.5,3728628,0
20141013,11.5,12.39,11.31,11.78,5628926,0
20141014,11.83,12.06,11.26,11.76,8245534,0
20141015,11.51,11.9,11.25,11.52,6435493,0
20141016,11.34,11.49,10.61,11.16,6273384,0
20141017,11.28,11.35,10.85,10.92,3779929,0
20141020,10.86,11.79,10.81,11.68,3472131,0
20141021,11.67,12.362,11.49,11.79,3973876,0
20141022,11.8,11.99,11.61,11.66,2551753,0
20141023,11.8,12.1,11.71,11.9,3028052,0
20141024,11.86,12.02,11.69,11.85,1979770,0
20141027,11.88,12.8,11.52,11.85,6423249,0
20141028,11.87,12.18,11.64,11.84,3279489,0
20141029,12.05,12.68,12,12.39,5227857,0
20141030,12.45,13.45,12.2,13.2,8217270,0
20141031,13.57,13.61,12.6,12.94,8451810,0
20141103,12.94,13.32,12.61,12.93,3018498,0
20141104,13.1,13.83,12.97,13.41,7374641,0
20141105,13.48,13.48,12.89,13,2915890,0
20141106,12.91,13.33,12.91,13.21,2534160,0
20141107,12.42,13.06,12.05,13.02,5520766,0
20141110,13.05,13.35,12.89,13.22,2387031,0
20141111,13.23,13.49,13.07,13.3,1899141,0
20141112,13.24,13.24,13.02,13.18,1407834,0
20141113,13.19,13.55,13.06,13.14,2144976,0
20141114,13.1,13.27,12.79,13.13,2103880,0
20141117,13.1,13.4,13.09,13.25,1765177,0
20141118,13.26,13.73,13.2,13.7,3113880,0
20141119,13.77,14.2,13.5,13.57,3500332,0
20141120,13.52,13.97,13.51,13.86,1641574,0
20141121,14.02,14.14,13.76,13.88,2054286,0
20141124,13.92,14.52,13.92,14.46,3223278,0
20141125,14.49,14.52,14.3,14.46,1931177,0
20141126,14.46,15.03,14.4,15.01,2099589,0
20141128,14.86,15.34,14.6,14.92,2396415,0
20141201,15.07,15.1,14.48,15,3093358,0
20141202,16.96,17,16.91,16.92,82071394,0
20141203,16.91,16.94,16.91,16.92,16474291,0
20141204,16.93,16.98,16.91,16.96,13704867,0
20141205,16.96,17.03,16.95,16.99,10225828,0
20141208,16.98,17.05,16.95,16.95,5868830,0
20141209,16.98,17.01,16.95,17.01,10407530,0
20141210,16.99,17.03,16.97,16.99,5909971,0
20141211,16.99,17.03,16.97,16.97,3798926,0
20141212,16.98,17.02,16.95,16.95,6409939,0
20141215,16.97,16.99,16.88,16.95,12240682,0
20141216,16.93,16.96,16.88,16.91,13667272,0
20141217,16.95,16.97,16.91,16.92,7043097,0
20141218,16.95,16.99,16.92,16.99,4144647,0
20141219,16.94,16.98,16.85,16.85,13891937,0
20141222,16.92,16.97,16.91,16.94,2816228,0
20141223,16.95,16.95,16.895,16.9,3413379,0
20141224,16.93,16.96,16.91,16.91,1575353,0
20141226,16.93,16.94,16.9,16.92,2481389,0
20141229,16.92,16.94,16.9,16.9,3355047,0
20141230,16.91,16.93,16.9,16.9,5054111,0
20141231,16.96,16.98,16.93,16.95,4841970,0
20150102,16.96,16.97,16.93,16.94,8789578,0
20150105,16.94,16.95,16.93,16.94,5867206,0
20150106,16.94,16.96,16.93,16.94,4617605,0
20150107,16.95,16.96,16.93,16.95,5432178,0
20150108,16.95,16.97,16.94,16.96,3516821,0
20150109,16.95,16.98,16.95,16.96,2120525,0
20150112,16.965,16.975,16.96,16.96,8435943,0
