Date,Open,High,Low,Close,Volume,OpenInt
20050225,19.04,19.04,19.031,19.04,1445,0
20050228,19.049,19.049,19.04,19.049,887,0
20050302,18.997,19.086,18.997,18.997,2443,0
20050303,19.086,19.357,18.997,18.997,9884,0
20050304,19.086,19.086,18.997,18.997,1445,0
20050308,18.997,18.997,18.997,18.997,1000,0
20050317,18.997,18.997,18.915,18.915,1333,0
20050318,19.311,19.357,18.915,18.915,1410,0
20050322,19.338,19.338,18.915,18.915,236,0
20050324,18.997,18.997,18.906,18.906,645,0
20050328,19.247,19.302,19.203,19.302,3338,0
20050329,19.347,19.347,18.906,18.906,249,0
20050330,18.906,18.906,18.906,18.906,114,0
20050404,19.347,19.347,18.906,18.906,1516,0
20050407,18.906,19.177,18.906,18.906,1967,0
20050408,18.906,18.906,18.906,18.906,856,0
20050411,19.293,19.293,19.293,19.293,333,0
20050412,18.952,18.952,18.906,18.906,445,0
20050414,19.347,19.347,18.906,18.906,1222,0
20050420,18.97,18.97,18.906,18.906,224,0
20050421,18.952,18.952,18.906,18.925,1163,0
20050427,19.222,19.222,18.906,18.915,5635,0
20050428,19.131,19.131,19.131,19.131,176,0
20050429,18.906,18.906,18.906,18.906,612,0
20050503,18.952,18.952,18.952,18.952,278,0
20050506,19.131,19.131,19.131,19.131,356,0
20050509,18.997,19.518,18.915,18.915,6417,0
20050510,19.627,19.627,19.627,19.627,333,0
20050516,21.563,21.563,19.006,20.707,1667,0
20050517,21.157,21.157,20.103,20.121,2110,0
20050519,20.032,20.032,20.032,20.032,222,0
20050523,20.032,20.032,19.807,19.807,612,0
20050524,19.834,19.834,19.807,19.807,243,0
20050525,19.807,19.807,18.772,18.906,4261,0
20050527,19.086,19.086,19.086,19.086,167,0
20050531,19.086,19.357,19.077,19.357,4005,0
20050601,20.103,20.257,20.103,20.257,778,0
20050607,20.257,20.257,20.257,20.257,222,0
20050608,20.266,20.266,20.266,20.266,499,0
20050614,20.266,20.266,20.266,20.266,1112,0
20050615,20.707,20.707,20.266,20.266,1203,0
20050620,20.266,20.626,20.257,20.626,1728,0
20050621,20.284,20.284,20.284,20.284,114,0
20050623,20.725,20.725,20.473,20.473,222,0
20050627,20.589,20.707,20.589,20.707,1659,0
20050628,21.607,21.607,20.707,21.095,3443,0
20050629,21.607,21.607,21.39,21.39,294,0
20050705,21.581,21.581,21.381,21.417,887,0
20050708,21.598,21.598,21.598,21.598,222,0
20050713,21.607,21.607,21.607,21.607,321,0
20050714,21.04,21.058,21.04,21.058,222,0
20050718,20.716,20.716,20.716,20.716,311,0
20050720,21.381,21.381,21.381,21.381,778,0
20050722,21.607,21.607,21.607,21.607,2838,0
20050727,20.976,20.976,20.976,20.976,1112,0
20050728,22.489,22.715,20.716,20.797,8793,0
20050729,20.932,20.932,20.716,20.932,6468,0
20050804,21.003,21.003,20.41,20.41,333,0
20050805,20.932,20.932,20.419,20.419,335,0
20050808,20.392,20.392,20.392,20.392,874,0
20050809,20.878,21.175,20.797,21.031,1779,0
20050819,20.5,20.5,20.5,20.5,286,0
20050822,20.5,20.5,20.5,20.5,778,0
20050829,20.5,20.5,20.5,20.5,333,0
20050830,21.237,21.237,21.021,21.157,499,0
20050901,20.5,21.139,20.5,20.571,1554,0
20050902,20.571,20.571,20.553,20.553,311,0
20050907,20.707,21.012,19.159,21.012,3647,0
20050914,20.509,20.509,20.5,20.5,222,0
20050915,20.5,20.509,20.5,20.509,832,0
20050916,20.5,20.5,20.5,20.5,114,0
20050923,21.472,21.472,21.472,21.472,124,0
20050928,21.607,21.607,21.067,21.381,7175,0
20050929,22.706,22.706,22.706,22.706,215,0
20051003,22.508,22.508,22.508,22.508,222,0
20051006,21.922,21.922,21.922,21.922,114,0
20051007,21.607,21.607,21.607,21.607,555,0
20051014,20.112,20.112,20.112,20.112,243,0
20051019,21.607,22.508,21.607,21.607,1528,0
20051020,20.707,20.76,20.473,20.553,3435,0
20051031,21.157,21.292,21.157,21.292,992,0
20051102,21.381,21.381,21.381,21.381,223,0
20051104,21.517,21.517,21.517,21.517,667,0
20051107,21.607,21.742,21.563,21.607,5337,0
20051108,21.651,21.651,21.616,21.616,4774,0
20051109,21.616,21.616,21.365,21.365,336,0
20051118,21.39,21.39,21.39,21.39,222,0
20051122,21.426,21.472,21.426,21.472,1222,0
20051123,21.517,21.832,20.617,21.697,5999,0
20051128,21.607,21.607,21.607,21.607,1112,0
20051130,21.607,21.607,21.049,21.049,1222,0
20051201,21.742,21.742,21.742,21.742,114,0
20051205,21.021,21.246,20.346,21.246,4246,0
20051206,21.563,21.563,21.157,21.246,1727,0
20051207,21.381,21.381,21.381,21.381,6664,0
20051212,21.157,21.157,20.707,20.707,1667,0
20051213,20.959,20.959,20.959,20.959,114,0
20051214,20.725,20.725,20.725,20.725,485,0
20051221,20.707,20.707,20.707,20.707,778,0
20051222,21.563,21.563,20.617,20.617,1976,0
20051228,21.193,21.563,21.184,21.338,3107,0
20051229,21.607,21.607,20.914,20.914,1029,0
20051230,20.392,20.527,20.392,20.527,758,0
20060103,20.401,20.401,20.392,20.392,750,0
20060106,20.346,20.346,19.807,19.816,7886,0
20060110,19.834,20.167,19.834,20.05,7332,0
20060112,20.257,20.257,20.257,20.257,222,0
20060117,20.239,20.239,19.986,19.986,6056,0
20060120,20.473,21.265,20.473,20.932,1555,0
20060125,21.085,21.085,21.085,21.085,384,0
20060126,20.751,21.157,20.751,21.157,612,0
20060127,20.707,21.131,20.509,20.509,4666,0
20060130,20.482,20.482,20.482,20.482,333,0
20060131,20.95,20.95,20.95,20.95,117,0
20060201,20.968,20.976,20.968,20.976,442,0
20060202,21.067,21.067,21.067,21.067,222,0
20060203,20.707,20.707,20.707,20.707,333,0
20060207,20.5,20.5,20.077,20.257,1971,0
20060208,20.698,20.698,20.473,20.473,222,0
20060209,20.303,20.303,20.303,20.303,1025,0
20060216,20.617,20.662,20.617,20.662,455,0
20060217,20.698,20.698,20.373,20.373,576,0
20060221,20.626,20.932,20.266,20.266,14081,0
20060222,20.932,20.994,20.707,20.932,27452,0
20060223,21.374,21.374,20.842,20.842,3441,0
20060224,21.374,21.374,21.157,21.157,1167,0
20060227,21.193,21.193,21.193,21.193,379,0
20060228,21.365,21.365,21.228,21.246,955,0
20060302,21.246,21.274,21.246,21.274,1778,0
20060308,21.274,21.274,21.139,21.157,445,0
20060309,21.246,21.246,21.246,21.246,114,0
20060310,20.787,20.787,20.266,20.266,445,0
20060315,21.157,21.157,21.157,21.157,667,0
20060320,21.058,21.058,21.058,21.058,200,0
20060322,20.05,20.05,20.05,20.05,114,0
20060323,20.032,20.032,20.032,20.032,348,0
20060324,20.176,20.176,20.176,20.176,344,0
20060327,20.734,20.734,20.176,20.176,367,0
20060328,20.734,20.734,20.093,20.093,1670,0
20060329,20.851,20.888,20.806,20.888,4658,0
20060403,20.976,21.067,20.815,21.067,4165,0
20060405,21.021,21.021,21.021,21.021,361,0
20060406,20.976,20.976,20.734,20.787,1195,0
20060410,20.491,20.491,20.491,20.491,114,0
20060420,20.707,20.707,20.707,20.707,1665,0
20060421,20.932,20.932,20.932,20.932,445,0
20060502,20.284,20.328,20.257,20.319,2441,0
20060504,20.787,20.787,20.787,20.787,278,0
20060508,20.707,20.707,20.707,20.707,114,0
20060509,20.707,20.707,20.707,20.707,1991,0
20060511,19.959,19.959,19.959,19.959,148,0
20060512,20.355,20.355,20.355,20.355,114,0
20060515,19.968,19.977,19.968,19.977,233,0
20060516,20.112,20.112,20.112,20.112,114,0
20060517,20.032,20.032,20.032,20.032,218,0
20060522,20.698,20.698,20.698,20.698,243,0
20060525,20.707,20.842,20.707,20.842,5212,0
20060526,21.113,21.113,21.067,21.067,591,0
20060601,20.842,20.842,20.842,20.842,3332,0
20060605,20.707,20.842,20.707,20.842,456,0
20060606,20.707,20.716,20.707,20.707,5662,0
20060608,20.707,20.707,20.346,20.346,233,0
20060613,20.698,20.698,20.698,20.698,333,0
20060614,20.068,20.077,19.914,19.914,3531,0
20060615,19.942,19.942,19.942,19.942,803,0
20060616,20.436,20.617,20.436,20.617,447,0
20060619,19.951,19.951,19.951,19.951,222,0
20060622,19.942,19.951,19.887,19.887,1338,0
20060623,19.887,19.887,19.887,19.887,222,0
20060626,20.293,20.293,20.293,20.293,278,0
20060627,19.852,19.852,19.852,19.852,1224,0
20060629,19.807,19.852,18.952,18.952,6776,0
20060630,18.952,19.357,18.952,19.357,887,0
20060705,19.671,19.671,19.671,19.671,222,0
20060707,19.716,19.716,19.707,19.707,222,0
20060712,19.725,19.77,19.536,19.536,2666,0
20060717,19.716,19.716,19.716,19.716,1667,0
20060720,19.357,19.357,19.274,19.274,333,0
20060725,19.671,19.716,19.671,19.716,2554,0
20060726,19.716,19.716,19.716,19.716,1659,0
20060731,20.167,20.167,20.167,20.167,114,0
20060801,20.032,20.032,20.032,20.032,445,0
20060802,20.032,20.032,20.032,20.032,445,0
20060803,20.032,20.041,20.032,20.032,10919,0
20060804,20.303,20.303,20.303,20.303,333,0
20060807,20.303,20.303,20.303,20.303,306,0
20060808,20.303,20.303,20.167,20.167,11219,0
20060811,20.303,20.303,20.167,20.167,410,0
20060817,20.303,20.303,20.303,20.303,732,0
20060818,20.303,20.303,20.303,20.303,566,0
20060821,20.392,20.392,19.942,19.942,908,0
20060822,20.392,20.392,20.392,20.392,273,0
20060825,20.589,20.589,19.942,19.942,3973,0
20060828,20.473,20.473,20.266,20.266,1272,0
20060829,20.121,20.121,20.121,20.121,667,0
20060901,19.951,20.121,19.942,20.121,1172,0
20060908,19.959,19.959,19.959,19.959,333,0
20060911,20.121,20.121,19.942,19.942,588,0
20060914,19.942,19.942,19.942,19.942,922,0
20060918,19.942,19.942,19.942,19.942,555,0
20060919,19.942,19.942,19.942,19.942,3999,0
20060920,20.077,20.093,19.942,19.942,2427,0
20060921,20.121,20.257,20.121,20.257,4225,0
20060925,20.248,20.248,20.211,20.211,5662,0
20060928,19.942,19.942,19.942,19.942,114,0
20061003,20.068,20.068,20.068,20.068,333,0
20061011,19.896,19.896,19.896,19.896,370,0
20061016,19.896,20.121,19.896,20.121,1299,0
20061017,19.942,20.257,19.942,19.942,1585,0
20061018,19.942,20.193,19.942,20.193,7851,0
20061019,20.05,20.103,19.942,20.05,1023,0
20061020,20.093,20.093,20.093,20.093,555,0
20061031,19.591,19.942,19.591,19.942,350,0
20061101,19.995,19.995,19.995,19.995,114,0
20061102,19.995,20.004,19.995,20.004,1535,0
20061108,20.436,20.707,20.419,20.689,14446,0
20061113,20.436,20.608,20.436,20.608,2333,0
20061114,20.707,21.31,20.41,20.698,2424,0
20061116,20.266,20.275,19.959,19.959,1177,0
20061117,20.608,20.608,19.959,19.959,472,0
20061120,20.617,20.617,20.608,20.608,445,0
20061122,20.346,20.707,20.346,20.707,7721,0
20061128,20.707,20.707,20.509,20.509,4802,0
20061129,20.707,20.707,20.562,20.562,805,0
20061204,20.644,20.707,20.644,20.707,797,0
20061205,20.257,20.319,20.257,20.319,573,0
20061206,20.032,20.544,20.032,20.085,1798,0
20061207,20.617,20.617,20.617,20.617,346,0
20061211,20.059,20.059,20.032,20.032,2110,0
20061213,19.995,19.995,19.995,19.995,336,0
20061218,19.959,19.959,19.959,19.959,281,0
20061219,19.959,20.093,19.959,20.093,2115,0
20061227,20.032,20.032,20.032,20.032,222,0
20061228,20.257,20.257,20.257,20.257,445,0
20061229,20.257,20.266,20.257,20.266,2333,0
20070103,20.275,20.275,20.257,20.257,545,0
20070105,20.617,20.617,20.248,20.346,3644,0
20070108,20.257,20.257,20.257,20.257,945,0
20070110,20.059,20.482,20.059,20.473,443,0
20070111,20.257,20.257,20.257,20.257,799,0
20070116,20.257,20.257,19.807,19.896,11303,0
20070118,19.852,19.852,19.852,19.852,672,0
20070119,19.636,19.636,19.636,19.636,1335,0
20070122,19.636,19.636,19.636,19.636,243,0
20070126,19.636,19.636,19.636,19.636,600,0
20070130,19.662,19.662,19.636,19.636,932,0
20070131,19.662,19.662,19.636,19.636,721,0
20070201,20.059,20.059,20.059,20.059,333,0
20070205,19.843,19.843,19.843,19.843,114,0
20070207,19.716,19.716,19.402,19.402,2270,0
20070209,19.357,19.357,19.329,19.329,222,0
20070212,19.329,19.329,19.302,19.329,2837,0
20070213,19.329,19.329,19.329,19.329,4129,0
20070214,19.329,19.329,19.329,19.329,140,0
20070215,19.357,19.357,19.357,19.357,1667,0
20070216,19.779,19.779,19.779,19.779,114,0
20070220,19.798,19.807,19.798,19.807,1624,0
20070221,19.536,19.807,19.518,19.582,1266,0
20070222,20.239,20.239,19.896,20.22,23502,0
20070223,20.436,20.436,20.392,20.392,3874,0
20070226,20.698,20.698,20.445,20.445,2254,0
20070227,19.645,19.645,19.645,19.645,114,0
20070228,19.582,19.807,19.582,19.807,1112,0
20070301,19.402,19.402,19.366,19.366,667,0
20070305,19.446,19.798,19.446,19.636,1575,0
20070306,19.446,19.473,19.446,19.446,1253,0
20070307,19.446,19.446,19.446,19.446,1112,0
20070308,19.779,19.779,19.446,19.446,456,0
20070314,19.716,19.734,19.627,19.627,3225,0
20070315,19.455,19.545,19.446,19.545,1114,0
20070319,19.518,19.716,19.455,19.455,14718,0
20070321,19.455,19.455,19.455,19.455,114,0
20070322,19.455,19.455,19.446,19.446,861,0
20070326,19.662,19.671,19.654,19.671,2162,0
20070327,19.455,19.654,19.446,19.627,33851,0
20070328,19.455,19.455,19.446,19.446,1004,0
20070329,19.446,19.446,19.446,19.446,555,0
20070403,19.536,19.582,19.491,19.582,1222,0
20070409,19.627,19.627,19.446,19.446,1669,0
20070410,19.375,19.375,19.006,19.031,1112,0
20070417,19.049,19.049,19.04,19.04,222,0
20070418,19.031,19.031,19.031,19.031,114,0
20070420,19.086,19.266,19.086,19.266,566,0
20070424,19.311,19.311,19.311,19.311,114,0
20070425,19.086,19.086,19.086,19.086,222,0
20070427,19.357,19.357,19.357,19.357,521,0
20070430,19.195,19.195,19.195,19.195,114,0
20070501,19.086,19.086,19.086,19.086,342,0
20070502,19.031,19.031,18.997,18.997,2984,0
20070503,19.347,19.347,19.347,19.347,114,0
20070504,19.058,19.058,18.943,18.988,1796,0
20070507,18.97,19.357,18.943,19.141,1273,0
20070508,18.943,18.943,18.943,18.943,612,0
20070509,19.006,19.006,19.006,19.006,129,0
20070510,18.952,18.952,18.952,18.952,129,0
20070511,19.006,19.006,18.952,18.952,333,0
20070514,19.006,19.006,18.952,18.952,333,0
20070515,18.943,19.159,18.943,18.943,6378,0
20070516,18.943,18.943,18.943,18.943,675,0
20070518,19.213,19.256,19.15,19.203,1333,0
20070521,19.266,19.393,19.266,19.393,1445,0
20070522,19.662,19.671,19.311,19.654,61869,0
20070523,19.357,19.357,19.357,19.357,1222,0
20070525,19.662,19.662,19.222,19.222,6046,0
20070529,19.662,19.662,19.213,19.213,745,0
20070530,19.491,19.491,19.491,19.491,150,0
20070531,19.482,19.482,19.482,19.482,317,0
20070601,19.177,19.177,19.177,19.177,114,0
20070604,19.491,19.491,19.491,19.491,270,0
20070605,19.266,19.266,18.997,18.997,445,0
20070611,18.952,18.961,18.952,18.961,355,0
20070613,18.997,19.393,18.997,19.311,34726,0
20070614,19.222,19.222,19.222,19.222,339,0
20070615,18.906,18.997,18.906,18.997,24427,0
20070622,18.456,18.456,18.095,18.095,333,0
20070625,18.006,18.429,17.772,18.429,555,0
20070627,18.727,18.727,18.727,18.727,555,0
20070628,18.727,18.727,18.727,18.727,344,0
20070629,19.213,19.222,19.213,19.222,422,0
20070705,18.277,18.277,18.268,18.268,222,0
20070709,18.32,18.32,18.32,18.32,555,0
20070711,18.006,18.015,18.006,18.015,1150,0
20070712,18.006,18.006,18.006,18.006,114,0
20070713,17.528,17.528,17.528,17.528,186,0
20070716,17.556,17.556,17.556,17.556,1279,0
20070718,17.556,17.556,17.358,17.358,306,0
20070719,17.565,17.565,17.349,17.349,2554,0
20070723,17.412,17.42,17.349,17.42,3999,0
20070724,17.349,17.349,17.349,17.349,114,0
20070725,17.384,17.384,17.349,17.349,946,0
20070726,17.349,17.349,17.349,17.349,1445,0
20070727,17.375,17.375,17.375,17.375,1112,0
20070730,17.556,17.709,17.384,17.384,8329,0
20070731,18.006,18.006,17.375,17.375,18054,0
20070801,17.466,17.997,17.375,17.997,2389,0
20070802,17.394,17.781,17.349,17.394,1000,0
20070803,17.394,17.394,17.384,17.384,333,0
20070806,17.375,17.654,17.375,17.556,5339,0
20070807,17.556,18.231,17.556,18.086,1950,0
20070808,17.565,17.565,17.384,17.556,2053,0
20070809,17.556,17.556,17.556,17.556,180,0
20070810,17.384,17.384,17.384,17.384,682,0
20070813,17.384,17.384,17.384,17.384,333,0
20070814,17.384,17.384,17.384,17.384,823,0
20070815,17.384,17.384,17.384,17.384,252,0
20070816,17.384,17.384,17.331,17.384,3516,0
20070817,17.556,17.898,17.394,17.502,18103,0
20070820,17.592,17.592,17.556,17.565,900,0
20070821,17.556,17.556,17.556,17.556,487,0
20070822,17.79,17.79,17.645,17.645,1146,0
20070823,18.231,18.231,17.645,17.645,3443,0
20070824,18.815,18.815,18.815,18.815,114,0
20070827,18.815,18.815,18.59,18.59,4632,0
20070828,17.879,18.447,17.879,17.916,3140,0
20070830,18.456,18.727,18.456,18.718,1886,0
20070831,18.736,19.311,18.456,18.861,8691,0
20070905,17.475,17.475,17.475,17.475,114,0
20070910,17.565,18.015,17.565,18.015,389,0
20070911,18.006,18.006,18.006,18.006,1067,0
20070912,19.203,19.213,19.022,19.022,361,0
20070921,18.934,18.934,17.628,17.628,1222,0
20070928,17.619,17.619,17.619,17.619,360,0
20071001,18.132,18.934,18.052,18.511,2149,0
20071005,18.015,18.015,17.619,17.619,8141,0
20071015,17.808,17.808,17.645,17.645,1112,0
20071018,17.682,17.682,17.654,17.654,805,0
20071023,17.682,17.907,17.654,17.907,2555,0
20071024,17.682,17.682,17.654,17.654,2110,0
20071101,18.185,18.69,18.185,18.69,8663,0
20071105,17.583,17.583,17.484,17.484,828,0
20071106,17.475,18.529,17.475,18.511,11722,0
20071107,18.511,18.511,18.456,18.465,798,0
20071108,18.772,19.222,18.772,18.915,6410,0
20071109,18.772,18.806,18.772,18.772,1388,0
20071113,18.195,18.195,18.195,18.195,333,0
20071114,17.592,18.789,17.556,17.592,5202,0
20071115,17.592,18.222,17.592,18.042,4932,0
20071116,17.592,17.619,17.592,17.592,1000,0
20071120,17.592,18.078,17.592,17.592,4521,0
20071121,18.167,18.167,17.619,18.167,778,0
20071123,17.592,17.592,17.592,17.592,217,0
20071127,18.366,18.366,18.366,18.366,4721,0
20071128,18.366,18.366,18.366,18.366,696,0
20071204,18.339,18.339,18.339,18.339,114,0
20071205,17.592,17.6,17.592,17.6,3116,0
20071206,17.592,17.592,17.592,17.592,1333,0
20071207,17.637,18.15,17.592,17.96,9587,0
20071213,17.592,17.592,17.592,17.592,170,0
20071214,17.547,17.808,17.106,17.115,4126,0
20071217,17.898,17.898,17.196,17.196,887,0
20071218,17.196,17.682,17.106,17.106,1571,0
20071219,16.898,16.898,16.898,16.898,175,0
20071220,17.556,17.556,17.556,17.556,114,0
20071221,17.556,17.556,17.556,17.556,1112,0
20071224,16.836,16.872,16.827,16.872,449,0
20071227,17.106,17.106,16.305,16.854,2083,0
20071228,16.313,16.827,16.313,16.827,444,0
20071231,16.313,16.313,15.576,16.025,9721,0
20080102,15.98,16.43,15.98,16.404,1779,0
20080103,16.404,17.061,16.404,16.438,2333,0
20080104,16.448,17.556,16.448,17.556,9279,0
20080108,17.106,17.15,17.106,17.15,389,0
20080109,16.799,17.997,16.799,17.997,1448,0
20080110,17.259,17.259,17.259,17.259,222,0
20080111,16.898,17.565,16.898,17.565,566,0
20080114,17.997,18.006,17.997,18.006,775,0
20080116,18.006,18.006,18.006,18.006,284,0
20080118,17.106,17.106,16.818,16.818,222,0
20080122,16.538,16.538,16.538,16.538,114,0
20080123,16.358,16.358,16.358,16.358,1644,0
20080125,17.556,17.556,16.889,16.889,445,0
20080128,17.979,17.979,17.979,17.979,114,0
20080201,17.735,17.735,17.735,17.735,1283,0
20080207,16.404,16.404,16.404,16.404,445,0
20080213,17.528,17.528,17.528,17.528,114,0
20080214,17.528,17.528,17.528,17.528,162,0
20080219,17.547,17.556,17.547,17.556,667,0
20080220,17.888,18.006,17.888,18.006,542,0
20080225,18.006,18.366,17.916,18.366,5515,0
20080226,18.456,18.456,18.006,18.006,1391,0
20080228,18.366,18.366,18.366,18.366,202,0
20080229,17.565,17.565,17.42,17.42,375,0
20080303,17.349,17.349,17.349,17.349,495,0
20080311,17.141,17.141,17.141,17.141,1362,0
20080312,17.141,17.141,17.141,17.141,888,0
20080317,17.141,17.888,17.141,17.466,11714,0
20080318,17.331,17.331,17.331,17.331,555,0
20080319,17.42,17.42,17.42,17.42,139,0
20080324,17.556,17.556,17.556,17.556,555,0
20080325,17.97,17.979,17.447,17.502,1007,0
20080327,17.331,17.331,17.331,17.331,555,0
20080402,17.331,17.331,17.331,17.331,1112,0
20080403,17.331,17.331,17.331,17.331,829,0
20080404,17.331,17.331,17.241,17.331,1184,0
20080411,16.881,16.881,16.718,16.718,222,0
20080414,16.691,16.691,16.691,16.691,114,0
20080415,16.746,16.746,16.746,16.746,114,0
20080416,16.755,16.755,16.755,16.755,608,0
20080417,16.755,16.755,16.755,16.755,114,0
20080418,16.755,16.755,16.755,16.755,114,0
20080421,17.97,17.97,16.755,16.755,114,0
20080422,16.79,16.79,16.79,16.79,163,0
20080423,16.79,16.79,16.205,16.205,2840,0
20080424,16.07,16.07,16.07,16.07,222,0
20080428,18.006,18.006,17.97,17.97,2554,0
20080430,16.836,16.836,16.07,16.25,2879,0
20080501,16.377,16.43,16.07,16.07,1998,0
20080502,16.475,16.475,15.755,15.98,8898,0
20080505,16.205,16.205,16.196,16.205,1445,0
20080506,16.205,16.205,15.548,15.548,333,0
20080507,17.097,17.097,16.034,16.034,2389,0
20080509,16.115,16.115,16.07,16.07,2389,0
20080514,16.205,16.205,16.205,16.205,445,0
20080516,15.593,15.755,15.341,15.755,1532,0
20080520,15.98,15.98,15.98,15.98,223,0
20080521,15.98,15.98,15.665,15.98,802,0
20080522,16.205,16.205,16.205,16.205,222,0
20080527,16.205,16.979,15.737,16.241,7049,0
20080528,17.547,17.547,16.944,16.944,1421,0
20080529,16.043,16.358,15.899,16.358,1333,0
20080530,15.899,15.899,15.899,15.899,681,0
20080604,16.638,16.638,16.638,16.638,232,0
20080609,16.205,16.205,16.205,16.205,114,0
20080610,16.205,16.205,15.755,15.755,2110,0
20080613,16.196,16.196,15.773,15.773,333,0
20080618,15.8,15.8,15.36,15.395,4220,0
20080619,15.36,15.773,15.341,15.341,555,0
20080620,15.341,15.341,15.341,15.341,143,0
20080624,15.305,15.305,15.305,15.305,114,0
20080626,14.891,15.08,14.891,15.08,691,0
20080627,14.855,14.855,14.855,14.855,114,0
20080630,14.468,14.468,13.648,13.648,1778,0
20080701,13.585,13.585,13.054,13.054,5893,0
20080702,13.279,14.35,12.639,13.054,14288,0
20080707,13.504,13.504,13.054,13.054,2887,0
20080708,13.054,13.054,13.054,13.054,1333,0
20080709,13.054,13.054,13.054,13.054,1667,0
20080710,14.405,14.405,13.091,13.091,887,0
20080711,13.054,13.054,13.054,13.054,1222,0
20080714,12.622,12.622,11.973,11.973,778,0
20080715,11.704,11.704,11.587,11.704,778,0
20080716,11.704,11.704,11.253,11.253,445,0
20080717,12.154,12.154,12.109,12.109,222,0
20080721,13.045,13.045,12.856,12.856,1319,0
20080722,13.054,13.054,13.054,13.054,667,0
20080723,13.054,13.054,13.018,13.018,1701,0
20080725,13.054,13.054,13.054,13.054,222,0
20080728,13.054,13.063,13.054,13.054,2231,0
20080729,13.054,13.054,13.045,13.054,1213,0
20080730,13.054,13.063,13.054,13.054,1461,0
20080731,13.054,13.091,12.604,12.784,5238,0
20080804,12.874,12.874,12.874,12.874,1222,0
20080806,13.477,13.477,12.947,13.054,1860,0
20080808,13.918,13.918,12.533,12.541,3711,0
20080813,13.018,13.045,12.604,12.604,368,0
20080815,12.533,12.533,12.478,12.478,740,0
20080821,12.947,13.504,12.947,13.279,7009,0
20080822,13.955,14.368,13.081,13.081,1245,0
20080826,14.368,14.368,13.054,13.054,114,0
20080827,14.377,14.405,14.368,14.405,6397,0
20080828,14.809,15.36,14.405,14.538,3113,0
20080829,14.097,14.414,14.097,14.405,1615,0
20080902,14.414,14.414,14.414,14.414,445,0
20080908,14.414,14.414,9.948,10.489,6891,0
20080909,11.344,13.207,11.344,11.884,6932,0
20080910,12.162,12.414,12.162,12.414,1812,0
20080911,12.604,12.604,12.604,12.604,114,0
20080912,13.144,13.144,12.379,12.405,778,0
20080916,13.054,13.054,13.054,13.054,260,0
20080917,12.154,12.74,12.145,12.74,1222,0
20080918,12.604,12.604,12.604,12.604,654,0
20080919,13.504,13.504,13.504,13.504,555,0
20080925,12.631,12.631,12.631,12.631,555,0
20080926,12.604,13.054,12.604,13.054,3208,0
20080930,12.604,13.054,12.604,13.054,667,0
20081002,12.613,12.613,12.019,12.019,1445,0
20081006,11.766,11.766,11.766,11.766,114,0
20081007,11.776,11.812,11.776,11.812,333,0
20081008,12.154,12.154,12.154,12.154,114,0
20081009,11.776,11.776,10.803,10.803,445,0
20081010,12.685,12.694,12.685,12.694,887,0
20081014,12.694,13.054,12.694,13.054,667,0
20081017,13.054,13.054,13.054,13.054,333,0
20081021,11.712,11.712,11.704,11.704,1112,0
20081022,11.704,11.704,11.514,11.514,667,0
20081028,12.308,12.308,12.308,12.308,222,0
20081029,11.056,12.29,10.038,11.704,1438,0
20081103,10.29,10.849,10.29,10.849,222,0
20081110,11.858,11.858,11.858,11.858,553,0
20081120,9.903,9.903,9.3361,9.723,4250,0
20081121,9.993,11.218,9.903,10.776,2635,0
20081125,11.757,11.757,10.021,10.812,9482,0
20081126,12.154,12.334,12.154,12.334,610,0
20081128,13.504,13.955,13.504,13.955,3114,0
20081201,13.343,13.775,13.343,13.594,1325,0
20081202,14.134,14.134,12.01,12.01,1380,0
20081203,12.01,12.604,11.073,11.704,8244,0
20081204,12.991,13.955,10.821,12.207,4770,0
20081205,12.604,13.504,12.604,13.504,667,0
20081208,13.234,13.234,11.659,11.659,783,0
20081209,11.253,11.253,10.831,10.831,555,0
20081211,10.362,10.362,10.362,10.362,114,0
20081212,10.767,11.253,10.002,11.253,667,0
20081215,11.677,11.858,11.677,11.858,728,0
20081216,10.425,12.604,10.425,12.604,333,0
20081217,11.614,11.992,10.759,11.992,887,0
20081218,10.912,13.325,10.912,13.325,3999,0
20081219,11.821,11.821,11.821,11.821,311,0
20081222,12.001,12.271,10.992,10.992,1684,0
20081223,11.605,11.605,10.794,10.794,1112,0
20081224,10.264,11.028,10.264,10.785,1515,0
20081226,11.028,11.028,11.028,11.028,114,0
20081229,10.299,12.325,10.299,12.154,598,0
20081230,10.246,10.246,9.903,10.011,4551,0
20081231,11.001,11.001,10.569,10.569,1266,0
20090102,9.948,11.019,9.948,11.019,778,0
20090105,11.028,11.164,10.624,11.164,1333,0
20090108,10.803,11.119,10.236,11.119,1000,0
20090109,10.326,10.326,10.326,10.326,114,0
20090112,10.146,10.146,10.146,10.146,222,0
20090113,10.002,10.03,9.967,9.967,333,0
20090114,10.011,10.011,9.967,9.967,222,0
20090115,10.776,10.776,9.903,9.903,550,0
20090116,9.903,10.596,9.903,10.596,1044,0
20090120,9.912,10.803,9.912,10.803,507,0
20090121,9.976,10.002,9.976,10.002,333,0
20090122,9.985,9.985,9.876,9.903,887,0
20090123,9.363,9.363,9.1019,9.1199,1333,0
20090126,10.326,10.326,10.326,10.326,114,0
20090127,9.2279,9.858,9.2279,9.2279,667,0
20090128,9.246,9.246,9.2279,9.2279,445,0
20090129,9.2279,9.2279,9.0298,9.0298,667,0
20090130,9.0479,9.0479,8.7778,8.7778,445,0
20090202,8.7778,8.7778,8.7778,8.7778,222,0
20090203,8.5707,8.5707,8.1116,8.1386,1778,0
20090204,7.9046,7.9046,7.2023,7.2023,667,0
20090205,7.2023,8.0577,6.9324,6.9774,1783,0
20090206,7.8596,7.8866,7.0761,7.0761,1094,0
20090209,8.0396,8.0396,7.2023,7.2023,1886,0
20090210,7.2023,7.2023,7.2023,7.2023,166,0
20090211,8.769,8.769,7.2023,8.769,1445,0
20090212,7.2654,7.2654,7.2654,7.2654,114,0
20090213,8.769,8.769,7.2654,7.2654,222,0
20090218,8.5799,8.5799,8.5799,8.5799,222,0
20090219,8.1027,8.1027,7.6705,7.7066,1372,0
20090220,7.3644,8.3547,7.2923,7.7425,1627,0
20090223,8.1027,8.1027,8.1027,8.1027,221,0
20090224,7.7425,9.3361,7.7425,7.8775,1419,0
20090225,7.8775,8.958,7.8775,8.9307,1817,0
20090226,8.1207,8.8498,7.8775,8.0127,1795,0
20090227,7.8775,8.1027,7.8775,8.1027,3761,0
20090302,7.8775,7.8775,7.8775,7.8775,445,0
20090303,7.8775,7.8775,7.7425,7.8775,1656,0
20090304,8.9939,8.9939,7.2023,7.2023,7447,0
20090305,9.0028,9.0028,6.9142,6.9142,4635,0
20090306,6.3019,7.2654,6.104,6.3019,11674,0
20090309,6.3019,7.2023,6.3019,6.527,1000,0
20090310,6.4822,6.5722,6.3019,6.5361,2554,0
20090311,6.5451,6.5722,6.3019,6.3019,1995,0
20090312,6.4822,6.4822,6.3019,6.3019,887,0
20090313,6.3019,6.3019,6.3019,6.3019,333,0
20090316,6.437,6.5722,6.3019,6.3741,2110,0
20090317,9.2279,9.2279,6.5451,6.7073,7212,0
20090318,6.7882,6.7882,6.311,6.3652,3142,0
20090319,6.9774,6.9774,6.9774,6.9774,450,0
20090320,6.9774,6.9774,6.3741,6.3741,3028,0
20090324,6.6262,6.6262,6.3019,6.3019,3465,0
20090326,6.3019,6.3019,5.852,5.852,495,0
20090327,6.5722,6.5811,6.3019,6.3019,4231,0
20090330,6.3019,6.3019,6.3019,6.3019,222,0
20090331,6.3019,6.3019,6.3019,6.3019,445,0
20090401,6.7524,6.7524,6.7073,6.7073,1998,0
20090402,6.7524,6.7524,6.7524,6.7524,222,0
20090406,9.4168,9.804,8.1027,8.1027,1504,0
20090407,7.4365,7.4365,7.4365,7.4365,222,0
20090408,7.2023,7.2113,7.2023,7.2113,222,0
20090409,7.7066,7.7066,7.3373,7.3373,1112,0
20090414,7.3103,7.3103,6.9324,6.9324,222,0
20090415,6.8423,6.8423,6.7524,6.7524,1445,0
20090416,6.8242,6.8242,6.8242,6.8242,222,0
20090417,6.9774,6.9774,6.9774,6.9774,222,0
20090420,6.527,6.527,6.527,6.527,166,0
20090423,7.2023,7.2023,6.7524,6.7524,667,0
20090427,7.2023,9.0028,7.2023,7.3373,1333,0
20090428,7.6526,7.6526,7.3913,7.3913,555,0
20090501,7.3823,7.3823,7.3823,7.3823,417,0
20090505,8.9307,8.9307,8.9307,8.9307,114,0
20090506,8.976,8.976,8.976,8.976,222,0
20090507,8.976,8.976,8.976,8.976,333,0
20090508,9.0028,9.0028,9.0028,9.0028,657,0
20090511,7.6526,7.6526,7.4184,7.4184,222,0
20090512,7.6526,7.6526,7.6254,7.6254,333,0
20090513,8.7417,8.7417,7.8775,7.8775,1216,0
20090514,7.4273,7.4273,6.8872,6.9232,1333,0
20090515,6.8152,6.8152,6.8152,6.8152,222,0
20090519,6.9774,6.9774,6.9774,6.9774,222,0
20090521,6.9774,6.9774,6.9774,6.9774,222,0
20090526,6.9774,6.9774,6.9774,6.9774,243,0
20090528,7.4724,7.8775,7.0404,7.4273,2023,0
20090529,8.5617,8.5617,7.9947,7.9947,667,0
20090601,6.8693,7.8957,6.8693,7.1482,1445,0
20090602,8.7326,8.7326,7.0134,7.2023,4252,0
20090603,8.6427,8.7778,8.6427,8.7778,1055,0
20090604,7.2563,8.7326,7.2563,8.5617,1361,0
20090608,8.5529,8.5529,8.1298,8.1298,945,0
20090609,8.598,8.7597,8.2829,8.2829,828,0
20090611,8.751,8.751,8.4627,8.4627,333,0
20090612,8.1027,8.1027,7.2384,7.2384,333,0
20090615,7.3913,7.8775,7.3913,7.8775,778,0
20090616,7.4273,7.4724,7.4273,7.4724,3291,0
20090617,7.5266,7.5266,7.4273,7.4273,778,0
20090618,7.0404,7.2742,6.8512,6.8512,2121,0
20090619,7.2023,7.2023,7.2023,7.2023,445,0
20090623,7.0223,7.0223,6.8782,6.9683,445,0
20090625,6.7882,7.1123,6.7524,7.1123,1112,0
20090626,6.8152,6.8152,6.7524,6.7524,333,0
20090629,6.7612,6.7612,6.7612,6.7612,222,0
20090702,6.9774,6.9774,6.7612,6.7612,778,0
20090707,6.7702,6.7702,6.7612,6.7612,1452,0
20090708,6.7612,6.7612,6.7612,6.7612,222,0
20090709,6.7524,6.7524,6.7524,6.7524,333,0
20090710,6.7524,6.7524,6.7524,6.7524,698,0
20090714,6.7524,6.7524,5.7979,6.3019,4332,0
20090715,6.527,6.6623,6.527,6.6623,1112,0
20090716,6.6352,6.6532,6.5361,6.6532,1445,0
20090717,6.7432,6.7432,6.7162,6.7162,222,0
20090720,6.7974,6.7974,6.7524,6.7524,2006,0
20090721,6.7524,6.7524,6.4553,6.4553,667,0
20090722,6.6171,6.6171,6.6171,6.6171,445,0
20090723,6.4553,7.5266,6.4553,7.5266,1334,0
20090724,6.527,6.527,6.4553,6.4553,445,0
20090727,6.4553,6.4553,6.4553,6.4553,0,0
20090728,6.4999,7.5625,6.4822,6.5182,778,0
20090729,7.2023,8.0848,7.2023,8.0848,1069,0
20090730,6.7612,7.6526,6.7612,7.4273,3332,0
20090731,7.8416,7.8416,7.1572,7.4993,1134,0
20090803,6.6623,7.3734,6.6623,6.7612,2437,0
20090804,7.0223,7.6076,7.0223,7.6076,1555,0
20090805,8.0848,8.0848,8.0306,8.0306,222,0
20090806,7.2113,7.2113,7.2113,7.2113,222,0
20090807,7.4724,8.1837,7.2563,8.1837,7445,0
20090810,7.4636,7.6705,7.4636,7.6705,445,0
20090811,7.6526,7.6615,7.6526,7.6526,937,0
20090812,7.7876,8.2376,7.7876,8.2376,1333,0
20090813,8.1027,8.1027,8.0937,8.1027,721,0
20090814,8.1027,8.1027,8.1027,8.1027,0,0
20090817,7.2023,7.2023,7.2023,7.2023,333,0
20090818,7.3463,8.0577,7.3463,8.0577,445,0
20090824,7.2654,7.3013,7.2384,7.2384,1667,0
20090825,7.2835,8.9491,7.2742,8.913,4940,0
20090826,8.6427,8.6519,8.0218,8.4355,5109,0
20090828,7.6976,7.6976,7.6976,7.6976,114,0
20090901,7.6526,7.6526,7.2113,7.2113,555,0
20090902,7.1393,7.1393,7.1123,7.1123,887,0
20090903,7.1123,7.1304,7.1123,7.1123,2700,0
20090904,6.7882,6.7882,6.7524,6.7524,887,0
20090908,6.7612,6.9774,6.7524,6.7524,1134,0
20090909,6.7793,6.7793,6.7524,6.7524,667,0
20090910,7.0583,7.2923,6.8872,6.8872,1776,0
20090911,6.8872,6.8872,6.7524,6.7524,1680,0
20090914,6.8423,6.8423,6.8423,6.8423,341,0
20090915,7.6165,7.6165,7.2835,7.5443,1011,0
20090916,6.9683,6.9683,6.9683,6.9683,114,0
20090918,7.8686,7.8686,7.0223,7.0223,1408,0
20090921,7.6165,7.6165,6.7974,6.7974,1768,0
20090923,7.1932,7.1932,6.9774,6.9774,675,0
20090924,7.7153,7.7425,7.6883,7.7153,499,0
20090925,7.5804,7.5804,6.7974,6.8062,1886,0
20090928,7.4815,7.5443,6.8152,6.8152,802,0
20090929,7.5353,7.5353,7.2654,7.4273,500,0
20090930,6.7612,7.1123,6.7524,6.7524,1000,0
20091001,6.9774,6.9774,6.9774,6.9774,555,0
20091002,6.7882,6.7882,6.7524,6.7524,458,0
20091005,6.9774,6.9774,6.7524,6.7524,555,0
20091006,6.7524,6.8693,6.7524,6.7524,778,0
20091007,7.1754,7.1932,7.0134,7.0223,1667,0
20091008,6.9774,6.9774,6.9774,6.9774,222,0
20091012,7.1663,7.1663,7.1663,7.1663,114,0
20091014,6.7612,6.7612,6.7524,6.7524,333,0
20091022,6.7612,6.7612,6.7612,6.7612,114,0
20091023,6.7612,6.7793,6.7524,6.7524,561,0
20091026,6.7524,6.7524,6.7524,6.7524,362,0
20091027,6.6713,6.7524,6.4011,6.4011,1244,0
20091029,6.5901,6.5901,6.5632,6.5901,1222,0
20091030,6.311,6.7432,5.8609,6.7251,2276,0
20091102,6.698,6.698,6.4999,6.4999,333,0
20091103,6.3019,6.7162,6.3019,6.7162,654,0
20091104,6.6623,6.7524,6.6623,6.7524,493,0
20091111,6.4011,6.4011,6.3019,6.3019,7296,0
20091113,6.3922,6.527,6.3922,6.527,1112,0
20091116,6.7524,7.1754,6.7524,7.1754,721,0
20091117,7.1123,7.1932,6.6623,7.1932,4979,0
20091119,7.1032,7.1754,6.7524,7.1754,926,0
20091120,7.1663,7.1663,7.1663,7.1663,951,0
20091123,7.1663,7.2023,7.1663,7.2023,372,0
20091124,7.1572,7.2023,7.1032,7.2023,4766,0
20091125,7.2023,7.2023,6.338,6.5091,3257,0
20091127,7.2023,7.2023,7.1123,7.2023,922,0
20091201,6.347,6.5451,6.338,6.338,1149,0
20091203,7.1843,7.1843,7.1843,7.1843,114,0
20091204,6.3922,6.9324,6.338,6.437,5360,0
20091208,6.5361,6.5361,5.996,6.0318,4920,0
20091209,6.1672,6.1672,5.4829,5.5637,2522,0
20091210,6.257,6.2931,6.257,6.2931,1588,0
20091211,6.221,6.221,6.221,6.221,114,0
20091214,5.879,5.8971,5.4108,5.4558,2479,0
20091215,5.852,6.1941,5.852,5.852,1710,0
20091218,5.8698,6.1761,5.852,5.8609,664,0
20091221,5.9417,6.2752,5.9417,6.2298,1626,0
20091223,6.221,6.248,5.852,6.104,3322,0
20091224,6.221,6.239,5.9417,5.9417,1112,0
20091228,6.104,6.1761,6.104,6.1672,1765,0
20091229,6.1672,6.1672,6.1672,6.1672,445,0
20091230,5.8609,5.8609,5.852,5.852,1333,0
20091231,5.8609,5.879,5.8609,5.879,496,0
20100107,5.8879,5.8879,5.8609,5.8698,1011,0
20100111,6.1941,6.3019,5.9599,6.239,1445,0
20100113,6.212,6.212,6.212,6.212,114,0
20100115,5.8609,5.8609,5.8609,5.8609,309,0
20100119,6.239,6.239,5.8879,5.8971,2064,0
20100121,6.122,6.122,6.122,6.122,333,0
20100122,6.0771,6.0771,6.0771,6.0771,119,0
20100126,6.2029,6.239,6.2029,6.239,807,0
20100128,6.0771,6.3019,6.0771,6.3019,3429,0
20100204,6.9774,7.1572,6.221,6.6802,2110,0
20100205,6.6802,7.2023,6.3922,7.2023,4890,0
20100208,7.2023,7.2023,7.2023,7.2023,2178,0
20100209,7.1843,7.2023,7.0223,7.2023,1445,0
20100211,7.2023,7.2023,7.2023,7.2023,3666,0
20100217,6.7612,7.2023,6.5722,7.2023,3942,0
20100218,7.2023,7.6526,7.2023,7.5985,1351,0
20100219,7.2023,7.9227,7.2023,7.9227,3947,0
20100223,8.5887,8.5887,7.7425,7.8236,4183,0
20100224,8.5078,8.5078,8.5078,8.5078,119,0
20100225,8.4267,8.4267,7.9227,7.9227,1110,0
20100301,8.5529,8.913,8.5347,8.5347,3214,0
20100302,7.7605,7.8055,7.7605,7.8055,445,0
20100305,7.7425,8.1027,7.7425,8.1027,392,0
20100310,7.5714,7.5714,7.5266,7.5266,2188,0
20100312,7.5714,7.5714,7.5173,7.5173,649,0
20100318,7.4273,7.4545,7.4273,7.4453,965,0
20100319,7.5714,7.5714,7.5714,7.5714,760,0
20100322,7.5714,7.5714,7.4453,7.4453,1629,0
20100323,7.4724,7.4724,7.4724,7.4724,114,0
20100324,7.2023,8.1027,7.2023,8.1027,2360,0
20100325,8.1027,8.1027,7.5714,7.5714,1358,0
20100326,8.4808,8.5529,8.1928,8.5529,2138,0
20100330,8.5078,8.5529,7.8325,8.5529,1572,0
20100331,8.5168,8.5529,7.6615,8.0577,1667,0
20100401,8.1027,8.1027,8.1027,8.1027,333,0
20100408,8.1027,8.1027,8.1027,8.1027,555,0
20100409,8.1116,8.1116,8.1027,8.1027,555,0
20100413,8.1027,8.1027,8.1027,8.1027,432,0
20100419,8.8498,8.913,8.8227,8.913,1166,0
20100420,8.9491,9.0028,8.1837,9.0028,3168,0
20100426,8.1476,8.4087,7.6976,7.7425,1451,0
20100427,7.9587,7.9676,7.9134,7.9676,555,0
20100428,7.8775,8.4177,7.8775,8.4177,1408,0
20100429,9.3271,9.4534,9.012,9.012,1511,0
20100503,9.0028,9.0028,9.0028,9.0028,216,0
20100504,8.9851,9.0028,8.9851,9.0028,1104,0
20100510,8.1027,8.1027,8.1027,8.1027,333,0
20100512,8.0127,8.0127,7.2113,7.6526,5237,0
20100513,7.6526,7.6526,7.6526,7.6526,778,0
20100514,7.6526,7.8775,7.3823,7.6976,1557,0
20100518,7.5625,7.5625,7.5625,7.5625,222,0
20100519,7.5625,7.5625,7.5625,7.5625,333,0
20100524,7.4273,7.4903,7.4273,7.4273,555,0
20100525,8.958,8.9669,8.8138,8.958,1333,0
20100527,8.1027,8.1027,8.1027,8.1027,483,0
20100528,8.9939,8.9939,8.1027,8.1027,1681,0
20100601,7.5443,8.5168,7.5443,7.5985,1507,0
20100602,7.4993,7.7425,7.4993,7.7425,555,0
20100604,8.2016,9.0028,8.2016,8.3277,1343,0
20100611,7.5266,7.5266,7.5266,7.5266,333,0
20100614,7.4545,7.4545,7.4545,7.4545,222,0
20100615,7.8775,7.8775,7.8775,7.8775,114,0
20100617,7.8775,7.8775,7.8775,7.8775,114,0
20100621,7.6526,7.6526,7.4453,7.4724,1184,0
20100623,7.4903,7.5625,7.4903,7.5625,222,0
20100625,8.0937,8.0937,8.0937,8.0937,114,0
20100628,7.5625,7.5625,7.5625,7.5625,222,0
20100630,7.5589,7.5589,7.4499,7.4499,333,0
20100707,7.6434,7.6434,7.6434,7.6434,114,0
20100709,7.6526,7.6526,7.4724,7.4724,665,0
20100712,7.6434,7.6526,7.5173,7.6526,3111,0
20100713,7.6526,7.6526,7.5625,7.6526,887,0
20100716,7.4724,7.8236,7.4724,7.4724,1445,0
20100719,7.9316,7.9316,7.2023,7.2023,2774,0
20100720,7.6165,7.6165,7.2023,7.5985,1222,0
20100730,7.8236,7.8236,7.4724,7.6526,1953,0
20100802,7.6526,7.7425,7.2654,7.2654,667,0
20100803,7.3013,7.3013,7.2742,7.3013,445,0
20100804,7.3193,7.4365,7.3193,7.3463,555,0
20100805,7.6526,7.6526,7.6526,7.6526,445,0
20100806,7.3913,7.5536,7.3913,7.5536,344,0
20100809,7.6526,7.6526,7.3373,7.5985,667,0
20100810,7.6526,7.6526,7.6526,7.6526,802,0
20100811,8.2738,8.2738,7.2742,7.2742,333,0
20100812,7.3103,7.3103,7.2654,7.2654,1166,0
20100816,7.2654,7.3644,7.2654,7.3644,499,0
20100817,7.6165,7.6254,7.4273,7.5443,1333,0
20100818,8.1656,8.3188,8.1656,8.3188,555,0
20100819,8.3277,8.3277,8.3277,8.3277,222,0
20100820,7.6615,9.4534,7.6615,9.0028,9621,0
20100823,9.4534,9.4534,8.5529,8.688,4887,0
20100824,9.4256,9.4356,9.363,9.363,445,0
20100825,9.363,9.4534,9.363,9.4534,1065,0
20100826,8.598,9.4534,8.5529,9.156,1292,0
20100827,8.5887,8.5887,8.5887,8.5887,114,0
20100830,9.0028,9.0028,9.0028,9.0028,126,0
20100831,9.0034,9.0034,8.4584,8.4584,3811,0
20100902,8.5435,8.6968,8.1386,8.6968,6664,0
20100903,8.1476,8.5529,7.6976,7.8144,3999,0
20100907,7.8775,7.8775,7.6705,7.8144,3777,0
20100908,7.8775,7.8775,7.7605,7.8507,576,0
20100909,7.7605,7.7605,7.7066,7.7605,887,0
20100910,7.8325,7.8325,7.6705,7.7967,3332,0
20100913,7.8775,7.8957,7.7967,7.7967,858,0
20100917,8.1027,8.1027,7.8775,7.8775,4229,0
20100920,8.0127,8.0127,8.0127,8.0127,778,0
20100923,8.0756,8.0756,8.0756,8.0756,289,0
20100927,7.9676,8.0396,7.8866,7.8866,1112,0
20100928,7.9046,7.9587,7.9046,7.9587,405,0
20101005,8.976,8.976,8.976,8.976,222,0
20101006,8.868,8.868,8.5168,8.5168,333,0
20101007,8.5078,8.5078,8.5078,8.5078,114,0
20101008,7.9046,8.4355,7.9046,8.2107,453,0
20101011,8.2107,8.2107,7.8775,8.0396,797,0
20101013,7.8957,7.8957,7.8775,7.8775,612,0
20101015,7.8866,7.8866,7.6526,7.6526,2619,0
20101018,7.6526,7.7967,7.4365,7.4365,3453,0
20101019,7.4273,7.4273,7.4273,7.4273,1445,0
20101020,7.4273,7.4365,7.3373,7.3373,1000,0
20101022,7.3463,7.3463,7.3285,7.3285,445,0
20101025,7.2923,7.5173,7.2923,7.2923,616,0
20101027,7.4903,7.4903,7.3644,7.3823,970,0
20101028,7.3103,7.5173,7.3103,7.5173,1555,0
20101029,8.0048,8.1059,8.0048,8.1059,1529,0
20101101,8.0756,8.0756,8.0666,8.0666,445,0
20101102,7.7695,7.8866,7.4453,7.8325,1000,0
20101104,7.5895,7.5895,7.5895,7.5895,114,0
20101105,8.0486,8.0486,7.9046,7.9046,222,0
20101108,7.5625,7.6076,7.5536,7.6076,778,0
20101109,7.5985,7.8144,7.5895,7.7605,887,0
20101110,7.5804,8.0848,7.5625,7.9316,1399,0
20101111,7.5625,7.6526,7.5625,7.5985,1533,0
20101115,8.0848,8.1116,8.0577,8.0577,2605,0
20101118,8.9939,8.9939,8.1116,8.1116,565,0
20101119,8.9669,8.9669,8.3908,8.3908,887,0
20101122,8.7778,8.868,8.6698,8.868,1689,0
20101123,8.5529,8.6157,8.3908,8.5529,4902,0
20101124,9.0028,9.0028,8.6248,8.9669,2961,0
20101201,8.2198,8.5257,8.1748,8.2829,801,0
20101208,8.3367,8.3367,7.2023,7.5625,15572,0
20101209,7.7425,8.0486,7.7425,7.8507,445,0
20101210,7.6526,7.7517,7.4095,7.4095,2443,0
20101213,7.8507,7.8507,7.4545,7.5353,945,0
20101215,7.5443,7.8775,7.5173,7.6526,107115,0
20101216,7.7425,8.4177,7.7425,8.4177,3669,0
20101217,8.769,8.769,8.3547,8.4177,1610,0
20101220,8.4267,9.0028,8.4267,8.8769,11010,0
20101221,8.598,8.7778,8.5707,8.6698,1609,0
20101222,8.769,9.0028,8.1748,8.2198,16627,0
20101223,8.2829,8.4177,8.2829,8.3188,2135,0
20101227,8.2829,8.6427,8.2829,8.6427,1438,0
20101228,8.8227,8.8227,8.5529,8.5529,1060,0
20101229,8.5492,8.7763,8.5492,8.7217,4480,0
20101231,8.6622,8.6622,8.6622,8.6622,1112,0
20110103,8.688,8.8227,8.688,8.8227,3605,0
20110104,8.688,8.688,8.688,8.688,361,0
20110105,8.688,8.688,8.688,8.688,555,0
20110106,8.8227,8.8227,8.688,8.688,344,0
20110107,8.7961,9.0028,8.7961,9.0028,909,0
20110110,9.0028,9.0028,8.8317,9.0028,2119,0
20110112,9.0028,9.0028,8.958,9.0028,467,0
20110114,9.0028,9.1831,8.9939,9.1109,7321,0
20110118,9.2279,9.2279,9.219,9.219,1778,0
20110119,9.219,9.903,9.219,9.4444,4924,0
20110120,9.1471,9.769,9.012,9.3361,2379,0
20110121,9.76,9.76,9.669,9.669,778,0
20110124,9.769,9.769,9.4356,9.4356,489,0
20110125,9.769,9.777,9.769,9.777,243,0
20110127,9.742,9.742,9.742,9.742,114,0
20110131,9.3942,9.3942,9.3942,9.3942,114,0
20110201,9.723,9.723,9.723,9.723,239,0
20110202,9.723,9.894,9.714,9.894,1720,0
20110203,9.615,10.641,9.615,10.021,2570,0
20110204,10.083,10.803,10.083,10.353,2633,0
20110207,10.803,11.298,10.353,11.235,4998,0
20110208,11.155,11.668,10.803,11.344,3623,0
20110209,11.704,11.704,11.469,11.704,3332,0
20110210,12.154,13.64,12.154,12.649,4499,0
20110211,12.74,13.1,12.092,12.919,2465,0
20110214,12.999,13.054,12.568,12.649,2548,0
20110215,13.054,13.054,13.009,13.009,689,0
20110216,13.027,13.027,12.162,12.595,5995,0
20110222,11.426,12.18,11.298,12.154,4998,0
20110223,11.893,12.019,11.38,11.928,1350,0
20110224,11.821,11.821,11.677,11.704,4232,0
20110301,12.515,12.515,12.154,12.154,224,0
20110302,11.523,11.651,11.307,11.488,3170,0
20110304,11.344,11.523,11.263,11.289,4376,0
20110307,11.289,12.074,11.263,11.289,2616,0
20110309,11.253,11.316,11.253,11.272,1445,0
20110310,11.253,11.253,11.253,11.253,114,0
20110314,11.263,11.289,11.263,11.28,2149,0
20110315,11.253,11.253,10.903,11.073,3113,0
20110316,10.992,11.037,10.84,10.84,3101,0
20110317,10.939,11.029,10.666,10.666,4497,0
20110321,10.498,10.678,10.498,10.668,1018,0
20110322,10.569,10.615,9.4534,10.615,44754,0
20110323,10.318,10.335,9.678,9.903,4822,0
20110324,9.993,9.993,9.903,9.903,555,0
20110325,9.903,9.903,9.507,9.507,1801,0
20110328,9.507,10.047,9.408,9.408,2339,0
20110329,10.083,10.48,10.083,10.101,15443,0
20110331,9.903,9.903,9.7,9.903,333,0
20110401,10.371,10.371,10.101,10.101,778,0
20110404,9.615,9.624,9.2279,9.4534,4216,0
20110405,9.2576,9.675,9.2576,9.4942,721,0
20110406,9.4534,9.993,9.4534,9.4534,1388,0
20110407,9.3755,9.903,9.3755,9.4763,2443,0
20110408,9.4356,9.669,9.4356,9.4982,4943,0
20110411,9.4534,9.4534,9.408,9.4534,1296,0
20110412,9.4853,9.522,9.4853,9.522,435,0
20110413,9.526,9.526,9.517,9.526,1178,0
20110414,9.526,9.526,9.4624,9.4624,778,0
20110418,9.4534,9.4534,9.4256,9.4256,1222,0
20110419,9.517,9.569,9.517,9.544,6108,0
20110420,9.4803,10.119,9.4803,9.958,813,0
20110421,9.588,9.678,9.588,9.678,555,0
20110425,9.723,9.769,8.9939,9.1649,13964,0
20110426,9.0034,9.1398,8.8672,8.8672,6921,0
20110427,8.9939,9.084,8.8769,9.0028,5312,0
20110428,9.0126,9.857,9.0034,9.848,6911,0
20110429,9.884,9.996,9.884,9.996,10129,0
20110502,9.594,9.603,9.584,9.584,1013,0
20110503,10.094,10.094,10.094,10.094,114,0
20110504,10.503,10.575,9.54,9.54,5744,0
20110505,9.584,10.267,9.54,9.584,9607,0
20110506,9.893,9.967,9.884,9.884,667,0
20110509,9.903,9.949,9.884,9.939,5589,0
20110511,10.176,10.176,9.675,9.675,4385,0
20110512,9.802,9.802,9.802,9.802,113,0
20110513,9.811,9.994,9.559,9.83,1430,0
20110516,9.584,9.584,9.584,9.584,266,0
20110517,9.867,9.875,9.767,9.857,1323,0
20110518,9.912,10.094,9.912,9.994,1320,0
20110520,10.157,10.157,9.994,9.994,466,0
20110523,9.749,9.794,9.4673,9.531,1455,0
20110525,9.994,9.994,9.976,9.976,903,0
20110526,9.93,9.93,9.4484,9.694,2649,0
20110527,9.903,9.958,9.903,9.939,332,0
20110531,9.662,9.996,9.588,9.588,3477,0
20110601,9.584,9.721,9.584,9.721,1619,0
20110603,9.74,9.74,9.74,9.74,113,0
20110606,9.694,9.721,9.584,9.64,2859,0
20110608,9.893,9.939,9.83,9.83,330,0
20110609,9.767,9.857,9.767,9.857,2420,0
20110613,9.54,9.54,9.3577,9.522,3816,0
20110614,9.513,9.513,9.4217,9.4217,330,0
20110615,9.2941,9.4942,9.1035,9.4942,1793,0
20110616,9.1327,9.4902,9.1327,9.4902,441,0
20110617,9.54,9.54,9.0853,9.0853,5149,0
20110620,9.0944,9.1216,9.0853,9.0853,2933,0
20110621,9.0853,9.2487,9.0034,9.0034,8704,0
20110622,9.0034,9.0853,8.8584,9.0853,3909,0
20110624,9.3123,9.3123,9.3123,9.3123,441,0
20110627,9.4853,9.4853,9.4853,9.4853,113,0
20110628,9.4942,9.4942,8.8127,8.8584,4545,0
20110629,8.8584,9.167,8.8584,9.0216,1982,0
20110630,9.0422,9.0605,9.0422,9.0605,330,0
20110705,8.9953,8.9953,8.9953,8.9953,330,0
20110706,8.8579,9.087,8.8579,9.0044,1480,0
20110707,8.9035,9.994,8.8579,9.3803,13197,0
20110708,9.087,9.811,9.087,9.087,243,0
20110711,9.1306,9.1306,9.1306,9.1306,164,0
20110712,9.1971,9.1971,9.0411,9.0411,3311,0
20110713,9.1945,9.767,9.1945,9.767,3961,0
20110714,9.4306,9.767,9.4306,9.63,5408,0
20110715,9.537,9.766,9.537,9.766,3740,0
20110719,9.72,9.72,9.628,9.628,550,0
20110720,9.767,9.767,9.767,9.767,2106,0
20110721,9.767,9.994,9.767,9.994,3756,0
20110722,9.564,9.628,9.564,9.628,220,0
20110725,9.584,9.584,9.584,9.584,116,0
20110726,9.619,9.619,9.619,9.619,113,0
20110727,9.581,9.581,9.581,9.581,257,0
20110728,9.655,9.655,9.646,9.646,10172,0
20110729,9.543,9.543,9.543,9.543,2531,0
20110801,9.4534,9.4534,9.4534,9.4534,113,0
20110802,9.4168,9.4168,9.4168,9.4168,113,0
20110803,9.537,9.893,9.537,9.893,2386,0
20110805,9.555,9.619,9.537,9.537,1199,0
20110809,9.581,9.581,9.581,9.581,112,0
20110812,9.581,9.581,9.581,9.581,1363,0
20110815,9.628,9.628,9.628,9.628,1308,0
20110816,9.628,9.628,9.3529,9.3529,2378,0
20110819,9.4902,9.4902,9.4902,9.4902,1609,0
20110822,9.628,9.628,9.6,9.628,1392,0
20110823,9.3529,9.3529,9.3529,9.3529,112,0
20110829,9.408,9.408,9.408,9.408,383,0
20110830,9.4356,9.4356,9.307,9.307,2943,0
20110901,9.1694,9.1694,9.1419,9.1419,1623,0
20110902,9.1626,9.1626,9.1626,9.1626,437,0
20110907,9.1694,9.1694,9.1603,9.1694,1090,0
20110908,8.6744,8.9494,8.6744,8.9494,378,0
20110912,8.7385,8.9862,8.7109,8.9862,6118,0
20110913,8.9677,8.9677,8.9677,8.9677,112,0
20110915,8.9309,8.9309,8.9309,8.9309,218,0
20110916,8.9401,8.9401,8.6652,8.9309,2246,0
20110921,8.8484,8.8484,8.8025,8.8025,437,0
20110922,8.4083,8.6468,8.2524,8.6193,2399,0
20110923,8.2616,8.8668,8.2616,8.5,1540,0
20110927,8.6468,8.6468,8.6468,8.6468,325,0
20110928,8.6468,8.6559,8.5185,8.6468,944,0
20110929,8.6652,8.6652,8.6652,8.6652,325,0
20110930,8.4164,8.65,8.4069,8.4349,981,0
20111004,8.412,8.6066,8.412,8.588,787,0
20111005,8.6066,8.6066,8.5049,8.5326,1417,0
20111010,8.61,8.61,8.61,8.61,325,0
20111012,8.61,8.6652,8.61,8.6559,1059,0
20111014,8.6622,8.6622,8.6622,8.6622,437,0
20111018,8.4267,8.6652,8.3994,8.4083,2616,0
20111019,8.3167,8.6376,8.2984,8.6193,1319,0
20111021,8.4863,8.6622,8.4863,8.6622,404,0
20111024,8.3167,8.3167,8.3167,8.3167,656,0
20111025,8.3196,8.5789,8.3196,8.4863,1962,0
20111027,8.653,8.8198,8.653,8.7086,2077,0
20111101,8.7457,8.7457,8.7086,8.7086,563,0
20111102,9.1347,9.144,9.0883,9.0883,982,0
20111103,8.9401,8.9401,8.9401,8.9401,545,0
20111104,9.1719,9.4316,9.1719,9.403,1371,0
20111107,8.8105,9.403,8.8105,9.403,3119,0
20111110,9.2646,9.2646,8.9865,9.0791,745,0
20111116,9.0791,9.0791,8.9865,8.9865,917,0
20111121,8.866,8.866,8.866,8.866,203,0
20111123,8.8752,9.1532,8.8105,8.9959,2692,0
20111128,8.8105,8.9216,8.8011,8.8011,4543,0
20111129,9.144,9.1719,8.9959,9.0422,2785,0
20111130,9.0553,9.1681,8.8101,8.8101,1555,0
20111202,8.9586,8.9586,8.9216,8.9216,216,0
20111206,8.8278,9.0803,8.8278,8.9026,754,0
20111207,8.8198,8.8289,8.8105,8.8105,1402,0
20111209,8.8289,9.0329,8.8105,8.8105,1854,0
20111212,8.8289,8.9031,8.8011,8.8011,862,0
20111213,8.8474,8.8474,8.8011,8.8011,1383,0
20111214,8.7086,8.8011,8.5232,8.5696,1835,0
20111216,8.8011,8.8011,8.7736,8.7919,1695,0
20111219,8.8011,8.8474,8.6344,8.7178,3670,0
20111220,8.9865,8.9865,8.7827,8.8011,6153,0
20111221,8.9586,9.1626,8.8105,9.0515,2159,0
20111223,8.8752,8.9865,8.8105,8.9865,2591,0
20111228,9.2368,9.2368,8.8011,8.8011,865,0
20111229,8.6714,8.9308,8.6714,8.7457,1079,0
20111230,8.7548,8.7548,8.6714,8.7086,1673,0
20120103,9.2181,9.2273,9.1995,9.1995,970,0
20120105,9.3942,9.3942,9.3942,9.3942,110,0
20120106,9.562,9.562,9.4494,9.4494,2266,0
20120109,9.4494,9.4683,9.4494,9.4683,1079,0
20120110,9.525,9.728,9.525,9.728,433,0
20120112,9.726,9.726,9.669,9.726,2314,0
20120113,9.7,9.728,9.7,9.728,754,0
20120118,10.154,10.182,10.154,10.182,433,0
20120119,9.506,9.69,9.506,9.569,2478,0
20120120,9.988,9.988,9.988,9.988,539,0
20120123,9.95,9.96,9.913,9.913,2591,0
20120124,9.96,10.182,9.95,10.182,3776,0
20120127,10.175,10.175,10.052,10.052,856,0
20120130,9.847,9.847,9.847,9.847,110,0
20120131,9.893,10.196,9.893,10.196,2105,0
20120201,10.427,10.427,10.427,10.427,216,0
20120203,10.418,10.445,9.96,9.96,1835,0
20120207,10.736,10.754,10.52,10.754,4222,0
20120208,10.754,10.754,10.754,10.754,1020,0
20120209,10.754,10.754,10.66,10.66,2674,0
20120210,10.942,11.006,10.942,10.987,1620,0
20120213,10.987,10.987,10.352,10.352,1926,0
20120214,11.221,11.221,10.361,10.361,2590,0
20120215,11.128,11.596,10.782,11.221,8152,0
20120216,11.652,11.652,11.166,11.221,4473,0
20120217,11.221,11.455,10.8,10.942,10152,0
20120221,11.68,11.69,10.951,11.044,19627,0
20120223,11.343,11.69,11.343,11.501,2324,0
20120224,11.259,11.324,11.24,11.324,638,0
20120227,11.587,11.596,11.455,11.549,4813,0
20120228,11.634,11.643,11.558,11.615,2631,0
20120229,11.693,11.778,11.647,11.778,5998,0
20120301,11.924,12.147,11.924,11.931,3930,0
20120302,12.083,12.101,12.017,12.101,1550,0
20120306,12.074,12.083,12.074,12.083,429,0
20120307,12.307,12.307,12.203,12.203,1443,0
20120312,12.157,12.231,12.157,12.231,857,0
20120313,12.231,12.354,12.175,12.298,2466,0
20120314,12.157,12.165,12.157,12.157,534,0
20120315,12.157,12.25,12.139,12.25,4171,0
20120316,12.231,12.241,12.054,12.054,534,0
20120319,12.139,13.064,12.139,12.971,2698,0
20120320,13.054,13.064,12.905,13.064,1275,0
20120321,12.895,12.895,12.747,12.774,1497,0
20120322,12.54,13.298,12.54,12.54,2569,0
20120323,12.532,12.989,12.532,12.989,534,0
20120326,12.914,12.952,12.569,12.569,3390,0
20120328,12.569,12.569,12.569,12.569,516,0
20120330,12.914,12.999,12.914,12.999,1284,0
20120402,13.083,13.092,13.083,13.092,857,0
20120403,12.577,12.652,12.577,12.634,1497,0
20120404,13.079,13.079,12.626,12.626,2888,0
20120405,12.663,12.663,12.663,12.663,319,0
20120409,12.661,12.661,12.203,12.298,2518,0
20120410,11.969,12.157,11.969,12.11,643,0
20120411,11.988,12.064,11.931,12.064,1000,0
20120412,11.924,12.064,11.83,12.064,962,0
20120413,11.83,12.802,11.83,12.756,534,0
20120417,12.702,12.702,12.702,12.702,212,0
20120420,11.835,11.975,11.826,11.956,2972,0
20120424,12.55,12.55,12.55,12.55,389,0
20120430,12.372,12.391,12.372,12.391,1159,0
20120501,11.826,11.826,11.759,11.778,1875,0
20120502,11.826,11.826,11.826,11.826,643,0
20120503,12.325,12.409,12.249,12.249,747,0
20120507,12.249,12.249,12.249,12.249,1068,0
20120508,12.155,12.155,12.155,12.155,213,0
20120509,12.617,12.721,12.249,12.391,3777,0
20120511,12.325,12.325,12.259,12.259,471,0
20120514,12.325,12.325,12.033,12.297,4869,0
20120516,12.004,12.221,11.778,12.221,2396,0
20120517,12.071,12.297,12.014,12.297,2569,0
20120518,12.391,12.391,12.344,12.344,936,0
20120521,12.297,12.297,12.071,12.071,4988,0
20120522,12.221,12.316,12.221,12.316,741,0
20120524,12.192,12.192,12.192,12.192,549,0
20120525,12.192,12.371,12.192,12.371,890,0
20120529,12.211,12.495,12.211,12.344,1427,0
20120530,12.399,12.399,12.202,12.202,1060,0
20120531,13.135,13.135,12.249,12.249,3424,0
20120601,12.249,12.287,12.155,12.173,3529,0
20120604,12.202,12.202,12.155,12.155,638,0
20120605,12.155,12.721,12.155,12.721,2278,0
20120606,12.588,12.721,12.588,12.721,638,0
20120607,12.249,12.523,12.249,12.523,638,0
20120608,12.504,12.504,12.504,12.504,192,0
20120611,12.711,12.711,12.711,12.711,317,0
20120612,12.598,12.598,12.287,12.287,312,0
20120614,12.371,12.447,12.287,12.447,317,0
20120615,12.269,12.269,12.259,12.259,211,0
20120618,12.334,12.334,12.249,12.297,826,0
20120621,12.297,12.381,12.249,12.381,2018,0
20120625,12.061,12.061,12.061,12.061,425,0
20120626,12.099,12.099,12.099,12.099,107,0
20120627,12.663,12.663,12.663,12.663,211,0
20120629,11.873,12.062,11.854,11.854,1020,0
20120702,12.014,12.014,11.985,11.985,955,0
20120703,11.937,11.947,11.937,11.947,638,0
20120709,11.393,11.393,11.297,11.307,2670,0
20120710,10.384,10.836,10.384,10.827,638,0
20120711,10.553,11.797,10.553,11.797,1167,0
20120712,11.307,11.307,11.307,11.307,211,0
20120713,11.307,11.307,11.307,11.307,127,0
20120716,11.176,11.176,11.176,11.176,107,0
20120717,11.684,11.684,11.684,11.684,529,0
20120718,11.675,11.675,11.675,11.675,529,0
20120719,11.402,11.816,10.629,10.629,621,0
20120720,11.303,11.303,10.638,10.657,1060,0
20120723,10.931,12.221,10.931,12.221,317,0
20120724,11.778,11.778,11.297,11.307,1021,0
20120725,11.162,12.7,11.162,12.339,1060,0
20120726,11.798,11.798,11.798,11.798,638,0
20120727,11.467,11.788,11.467,11.788,318,0
20120731,11.74,11.74,11.74,11.74,266,0
20120806,11.637,11.637,11.637,11.637,1263,0
20120807,11.637,11.637,11.637,11.637,3979,0
20120808,11.637,11.637,11.627,11.637,2834,0
20120809,11.637,11.637,11.637,11.637,106,0
20120810,11.526,11.526,11.526,11.526,209,0
20120813,11.428,11.484,11.38,11.38,2317,0
20120814,11.637,11.637,11.446,11.541,4790,0
20120816,11.637,11.637,11.637,11.637,1685,0
20120817,11.637,11.637,11.637,11.637,2506,0
20120820,11.684,11.968,11.531,11.627,7928,0
20120821,11.721,11.874,11.721,11.74,2947,0
20120822,11.855,11.855,11.855,11.855,1066,0
20120823,12.244,12.244,11.874,12.045,2664,0
20120827,12.14,12.14,12.13,12.13,948,0
20120828,12.813,12.813,11.541,11.696,1235,0
20120829,12.177,12.263,12.158,12.205,1116,0
20120830,12.624,12.624,12.205,12.205,1815,0
20120904,12.823,12.823,12.681,12.776,3068,0
20120905,12.661,12.823,12.649,12.823,1206,0
20120910,12.823,12.823,11.883,11.883,1175,0
20120911,12.681,12.681,12.681,12.681,737,0
20120912,12.813,12.813,12.719,12.719,3804,0
20120913,12.016,12.634,12.016,12.634,409,0
20120914,12.595,12.595,12.302,12.491,315,0
20120917,12.254,12.32,12.254,12.32,315,0
20120920,12.396,12.396,12.396,12.396,145,0
20120924,12.642,12.71,12.585,12.585,1369,0
20120925,12.652,12.719,12.576,12.719,1403,0
20120926,12.634,12.634,12.377,12.377,1808,0
20120927,12.349,12.349,12.283,12.283,2106,0
20120928,12.302,12.367,12.302,12.349,31054,0
20121001,12.234,12.234,11.958,12.016,3927,0
20121002,12.026,12.349,12.026,12.349,4769,0
20121003,12.234,12.396,12.064,12.396,3326,0
20121004,12.396,12.396,12.325,12.325,668,0
20121005,12.32,12.443,12.32,12.443,1795,0
20121009,12.595,12.634,12.14,12.453,876,0
20121010,12.482,12.52,12.135,12.52,4158,0
20121011,12.634,12.661,12.634,12.661,1263,0
20121012,12.585,12.719,12.349,12.719,3297,0
20121015,12.634,12.634,12.634,12.634,106,0
20121016,12.624,12.719,12.585,12.681,5178,0
20121017,12.585,12.985,12.585,12.966,13056,0
20121018,12.928,13.298,12.823,13.298,9448,0
20121019,12.857,12.857,12.842,12.842,272,0
20121022,12.823,12.871,12.823,12.871,1600,0
20121023,12.758,13.318,12.585,12.585,4581,0
20121024,12.681,12.681,12.681,12.681,290,0
20121025,12.585,12.823,12.548,12.548,12567,0
20121026,12.671,12.823,12.671,12.823,1312,0
20121031,12.71,13.061,12.71,13.061,843,0
20121101,13.252,13.252,13.252,13.252,776,0
20121102,13.396,13.396,13.232,13.232,1094,0
20121105,13.242,13.242,12.927,13.108,8902,0
20121106,12.937,12.937,12.917,12.927,1961,0
20121107,12.927,12.966,12.917,12.917,4313,0
20121108,12.994,12.994,12.87,12.87,6557,0
20121109,12.87,12.917,12.87,12.917,1986,0
20121112,13.108,13.108,13.108,13.108,116,0
20121113,13.041,13.041,12.917,12.966,5463,0
20121114,12.917,12.917,12.821,12.841,5260,0
20121115,12.468,12.87,12.468,12.668,1844,0
20121116,12.87,12.87,12.63,12.63,730,0
20121119,12.726,12.774,12.63,12.63,993,0
20121120,12.726,12.726,12.726,12.726,573,0
20121121,12.439,12.63,12.439,12.536,4342,0
20121123,12.572,12.592,12.487,12.487,3632,0
20121126,12.516,12.649,12.516,12.526,6601,0
20121127,12.544,12.678,12.477,12.477,18052,0
20121128,12.63,12.63,12.487,12.487,837,0
20121129,12.506,12.63,12.439,12.439,7677,0
20121130,12.468,12.63,12.353,12.582,6726,0
20121203,12.572,12.87,12.477,12.63,11664,0
20121204,12.535,12.639,12.526,12.611,3970,0
20121206,12.17,12.427,11.866,12.427,9537,0
20121207,12.066,12.133,11.96,12.008,3969,0
20121210,11.96,12.104,11.96,12.104,6670,0
20121213,12.028,12.391,12.028,12.334,1987,0
20121214,12.324,12.324,12.008,12.199,1566,0
20121217,12.028,12.439,12.028,12.353,4181,0
20121218,12.418,12.439,12.199,12.226,3267,0
20121219,12.39,12.391,12.39,12.391,2091,0
20121220,12.161,12.87,12.161,12.87,19253,0
20121221,12.296,12.429,12.267,12.343,7789,0
20121224,12.678,12.678,12.678,12.678,208,0
20121227,12.497,12.582,12.334,12.343,4731,0
20121228,12.381,12.458,12.381,12.458,521,0
20130102,12.783,12.792,12.755,12.764,1776,0
20130104,12.688,12.726,12.582,12.678,6859,0
20130107,12.812,12.821,12.717,12.726,3553,0
20130108,12.678,12.678,12.678,12.678,126,0
20130109,12.976,13.201,12.774,13.061,6702,0
20130110,13.108,13.108,13.108,13.108,313,0
20130114,13.09,13.108,13.09,13.108,3866,0
20130116,13.386,13.396,12.966,12.966,2393,0
20130117,13.061,13.061,13.061,13.061,105,0
20130118,13.281,13.511,13.281,13.462,4285,0
20130122,13.406,13.633,13.406,13.462,941,0
20130123,13.406,13.406,13.204,13.204,730,0
20130125,13.396,13.416,13.396,13.416,208,0
20130128,13.214,13.357,13.214,13.214,679,0
20130129,13.443,13.856,13.425,13.856,3485,0
20130130,13.549,13.723,13.357,13.723,8005,0
20130131,13.606,13.606,13.549,13.559,521,0
20130201,13.731,13.804,13.731,13.804,521,0
20130204,13.779,14.352,13.779,13.873,6111,0
20130205,14.352,14.352,13.951,14.352,2487,0
20130206,14.4,14.506,14.4,14.506,746,0
20130207,14.928,15.348,14.928,15.261,8105,0
20130208,15.359,15.359,15.359,15.359,207,0
20130211,15.339,15.454,15.339,15.416,4484,0
20130212,15.628,15.628,15.608,15.608,311,0
20130213,15.743,16.177,15.743,15.964,785,0
20130214,16.224,16.224,15.628,15.887,1459,0
20130215,16.032,16.311,16.032,16.273,727,0
20130219,15.787,16.157,15.762,16.012,1440,0
20130220,15.82,15.82,15.599,15.666,1557,0
20130221,15.521,15.656,15.521,15.656,518,0
20130222,15.579,15.599,15.526,15.599,1979,0
20130225,15.551,15.783,15.551,15.589,1530,0
20130226,15.57,15.57,15.56,15.56,891,0
20130227,15.599,15.599,15.599,15.599,217,0
20130228,16.128,16.128,16.128,16.128,974,0
20130301,15.868,16.099,15.792,15.974,3282,0
20130304,15.8,15.8,15.8,15.8,385,0
20130305,15.772,16.031,15.762,16.031,831,0
20130306,15.753,15.753,15.753,15.753,104,0
20130307,15.753,15.753,15.753,15.753,311,0
20130308,15.792,15.818,15.662,15.792,3706,0
20130311,15.792,15.792,15.792,15.792,104,0
20130313,15.444,16.08,15.444,16.071,2181,0
20130314,15.792,15.984,15.792,15.984,518,0
20130315,15.792,15.82,15.772,15.792,4838,0
20130318,15.714,15.792,15.714,15.792,2181,0
20130319,15.723,15.743,15.695,15.743,1583,0
20130321,15.753,15.877,15.753,15.877,779,0
20130322,15.782,15.782,15.666,15.683,5593,0
20130325,15.666,15.792,15.666,15.792,1131,0
20130326,15.792,15.887,15.782,15.887,1246,0
20130328,15.551,15.599,15.551,15.599,270,0
20130401,15.859,15.936,15.723,15.839,6814,0
20130402,15.839,15.859,15.416,15.599,4467,0
20130403,15.599,15.599,15.454,15.454,1456,0
20130404,15.454,15.464,15.416,15.416,1382,0
20130408,15.454,15.486,15.454,15.486,433,0
20130409,15.695,15.695,15.677,15.677,518,0
20130410,15.695,15.695,15.676,15.695,726,0
20130411,15.695,15.695,15.502,15.502,2164,0
20130415,15.435,15.435,14.675,14.838,2859,0
20130417,14.818,15.069,14.818,15.069,2804,0
20130419,15.069,15.069,15.069,15.069,311,0
20130422,15.069,15.069,15.069,15.069,207,0
20130423,15.098,15.203,15.069,15.069,311,0
20130424,14.973,15.286,14.973,15.286,260,0
20130425,15.069,15.069,15.069,15.069,104,0
20130426,14.925,15.147,14.916,15.02,4726,0
20130430,15.02,15.02,15.02,15.02,311,0
20130501,15.425,15.695,15.001,15.29,16164,0
20130502,15.406,15.406,15.377,15.406,4264,0
20130503,15.406,15.406,15.079,15.079,11440,0
20130506,15.213,15.232,15.213,15.232,650,0
20130507,15.56,15.589,15.492,15.579,3843,0
20130508,15.56,15.56,15.56,15.56,620,0
20130509,15.686,15.686,15.608,15.608,4202,0
20130510,15.647,15.647,15.647,15.647,103,0
20130513,15.783,16.18,15.609,16.074,2138,0
20130514,16.015,16.163,15.764,16.154,2330,0
20130516,16.161,16.18,16.153,16.153,3147,0
20130517,16.18,16.18,16.18,16.18,206,0
20130520,15.899,16.277,15.899,16.277,949,0
20130521,16.258,16.713,16.191,16.713,1238,0
20130522,16.723,16.723,16.723,16.723,619,0
20130523,16.791,16.791,16.19,16.2,1543,0
20130524,16.277,16.384,16.2,16.2,1487,0
20130528,16.471,16.471,16.471,16.471,541,0
20130603,16.723,16.723,16.481,16.481,721,0
20130604,16.335,16.335,16.2,16.287,2522,0
20130605,16.384,16.723,16.384,16.694,4382,0
20130606,16.297,17.207,16.297,16.994,2864,0
20130607,17.14,17.14,16.317,16.317,3292,0
20130610,16.753,18.216,16.753,16.915,4330,0
20130611,17.305,18.974,17.111,18.974,1550,0
20130612,18.09,18.167,18.09,18.129,4332,0
20130613,17.896,17.964,17.896,17.935,946,0
20130614,18.41,18.41,18.371,18.371,671,0
20130617,17.567,18.42,17.567,18.42,3508,0
20130618,18.148,18.778,18.148,18.42,2551,0
20130619,18.139,18.139,17.839,17.839,5519,0
20130620,18.652,18.662,18.518,18.518,927,0
20130621,18.662,18.662,18.518,18.518,215,0
20130624,18.721,18.721,18.42,18.42,309,0
20130625,18.352,18.585,18.352,18.585,309,0
20130627,18.265,18.342,18.033,18.033,3883,0
20130701,18.033,18.129,17.45,17.751,1615,0
20130702,17.838,17.838,17.838,17.838,206,0
20130705,17.838,17.843,17.79,17.843,515,0
20130709,18.028,18.028,17.838,17.838,309,0
20130710,17.81,17.81,17.45,17.731,2091,0
20130711,17.741,17.741,17.45,17.45,1278,0
20130712,17.509,17.509,17.509,17.509,103,0
20130715,17.45,17.605,17.45,17.595,515,0
20130717,17.509,17.722,17.45,17.722,1187,0
20130718,17.47,17.47,17.46,17.46,412,0
20130723,17.595,17.673,17.247,17.489,6868,0
20130726,17.732,17.741,17.732,17.741,206,0
20130729,17.741,17.741,17.305,17.305,1341,0
20130730,17.671,17.671,17.671,17.671,103,0
20130731,17.595,17.693,17.305,17.673,2162,0
20130801,17.528,17.693,16.674,17.653,4240,0
20130802,17.111,17.683,17.111,17.363,2062,0
20130805,17.373,17.693,17.373,17.693,1620,0
20130806,17.42,17.791,17.42,17.605,1184,0
20130807,17.625,17.653,17.576,17.653,1487,0
20130809,17.566,17.771,17.556,17.771,5126,0
20130812,17.556,17.8,17.556,17.8,5198,0
20130815,17.722,17.937,17.722,17.937,9770,0
20130816,17.468,17.791,17.468,17.576,2254,0
20130821,17.508,17.537,17.508,17.508,1271,0
20130822,17.888,17.888,17.888,17.888,437,0
20130823,17.586,17.586,17.576,17.576,205,0
20130826,17.722,17.722,17.595,17.683,390,0
20130827,18.045,18.045,17.41,17.634,7004,0
20130828,17.643,17.643,17.634,17.643,307,0
20130829,17.634,17.653,17.634,17.653,667,0
20130830,17.605,17.605,17.605,17.605,102,0
20130903,17.653,17.683,17.653,17.653,1288,0
20130904,17.907,17.946,17.703,17.722,2475,0
20130905,17.917,17.946,17.917,17.946,498,0
20130906,17.868,17.868,17.605,17.643,459,0
20130909,17.643,17.751,17.605,17.634,821,0
20130910,17.917,17.946,17.566,17.731,3698,0
20130911,17.849,17.849,17.771,17.849,1538,0
20130912,17.834,17.834,17.771,17.8,616,0
20130913,17.946,17.965,17.761,17.83,2871,0
20130916,17.946,17.965,17.761,17.815,2646,0
20130917,17.771,17.995,17.761,17.849,6870,0
20130918,17.761,17.995,17.761,17.791,1130,0
20130919,17.8,18.035,17.771,17.849,2563,0
20130920,18.035,18.57,18.035,18.57,16976,0
20130923,18.404,18.404,17.82,17.995,1231,0
20130924,18.503,18.503,17.849,17.878,1026,0
20130925,17.83,18.775,17.771,18.532,16470,0
20130926,18.503,18.523,18.045,18.219,1641,0
20130927,18.015,18.045,17.868,17.995,821,0
20131001,17.322,17.322,17.322,17.322,3076,0
20131002,17.468,17.791,17.38,17.546,3486,0
20131003,17.653,18.532,17.498,18.483,18763,0
20131004,18.532,18.678,18.102,18.678,6460,0
20131007,17.683,17.683,17.683,17.683,102,0
20131008,18.045,18.045,17.605,17.605,205,0
20131009,17.605,17.8,17.556,17.605,3792,0
20131010,17.653,18.813,17.595,18.813,14856,0
20131014,18.708,18.708,17.965,18.532,410,0
20131015,18.678,18.678,18.326,18.326,717,0
20131016,18.708,19.01,18.336,18.668,2154,0
20131017,18.756,18.873,18.756,18.873,307,0
20131021,18.813,19.01,18.785,19.01,821,0
20131022,19.01,19.117,18.99,19.01,1026,0
20131023,19.018,19.018,19.018,19.018,5126,0
20131024,19.215,19.311,19.196,19.311,1231,0
20131025,19.311,19.311,19.311,19.311,307,0
20131029,19.018,19.018,19.018,19.018,205,0
20131030,18.972,19.018,18.922,19.018,1641,0
20131031,18.832,18.832,18.832,18.832,101,0
20131101,18.941,18.941,18.941,18.941,101,0
20131105,18.931,18.931,18.931,18.931,204,0
20131112,18.931,19.127,18.882,19.078,3263,0
20131113,19.373,19.373,19.373,19.373,101,0
20131118,18.832,19.273,18.832,19.273,4486,0
20131119,19.245,19.323,18.774,19.273,7003,0
20131120,19.127,19.127,18.832,19.127,3161,0
20131121,19.147,19.273,19.147,19.273,917,0
20131122,19.323,19.323,19.127,19.127,1075,0
20131125,19.323,19.323,19.187,19.206,613,0
20131126,19.373,19.47,19.226,19.47,2038,0
20131127,19.519,19.764,19.519,19.686,1122,0
20131202,19.608,19.608,19.608,19.608,101,0
20131204,19.422,19.422,19.177,19.323,1223,0
20131205,19.323,19.323,19.028,19.196,3772,0
20131206,19.196,19.273,18.882,19.216,4180,0
20131209,19.422,19.422,19.01,19.323,3653,0
20131210,19.107,19.187,19.107,19.187,1122,0
20131211,19.127,19.323,18.98,19.323,2549,0
20131212,19.117,19.383,19.117,19.383,2270,0
20131213,19.028,19.028,19.028,19.028,101,0
20131216,19.088,19.303,19.088,19.303,289,0
20131217,19.333,19.353,19.333,19.353,408,0
20131218,19.147,19.147,19.028,19.028,408,0
20131219,19.117,19.147,19.117,19.127,8971,0
20131220,19.177,19.177,19.005,19.028,2654,0
20131223,19.127,19.127,19.127,19.127,4996,0
20131226,19.363,19.363,19.028,19.028,1325,0
20131227,19.078,19.363,19.078,19.363,713,0
20131230,19.028,19.028,19.028,19.028,204,0
20131231,19.048,19.048,19.048,19.048,305,0
20140103,18.746,20.01,18.746,19.531,18221,0
20140106,19.529,19.569,18.822,19.107,7646,0
20140107,19.107,20.735,19.107,20.01,5913,0
20140108,19.902,20.107,19.902,19.912,2446,0
20140109,19.863,20.157,19.863,20.157,7035,0
20140110,19.764,20.107,19.764,20.107,5403,0
20140113,20.107,20.422,20.06,20.07,4384,0
20140114,19.618,19.618,19.598,19.618,2242,0
20140116,19.716,19.844,19.716,19.844,277,0
20140117,19.716,19.716,19.666,19.666,1020,0
20140121,19.618,19.706,19.618,19.706,408,0
20140122,19.657,19.657,19.647,19.647,204,0
20140123,19.844,19.873,19.824,19.834,11725,0
20140124,19.618,19.946,19.403,19.403,2034,0
20140129,20.06,20.06,19.666,19.666,509,0
20140131,19.873,19.873,19.873,19.873,713,0
20140203,19.706,19.706,19.706,19.706,344,0
20140204,19.647,19.647,19.647,19.647,529,0
20140205,19.647,19.666,19.494,19.666,4887,0
20140206,19.992,19.992,19.972,19.992,2666,0
20140210,19.992,19.992,19.992,19.992,153,0
20140212,20.199,20.891,20.199,20.525,3042,0
20140213,20.703,21.215,20.703,21.118,3769,0
20140214,21.659,21.809,21.315,21.709,4510,0
20140218,21.779,22.548,21.462,22.509,9071,0
20140219,23.031,23.031,21.779,21.809,2533,0
20140220,21.789,22.676,21.789,22.676,203,0
20140221,22.006,22.006,21.779,21.779,304,0
20140224,21.779,21.818,21.779,21.818,1005,0
20140225,21.828,21.828,21.779,21.779,1061,0
20140226,21.365,21.413,20.95,21.406,5943,0
20140227,21.315,22.203,21.255,21.542,4513,0
20140228,21.088,21.936,20.969,21.852,2761,0
20140303,22.203,22.203,22.113,22.2,3370,0
20140304,21.946,21.996,21.789,21.966,4797,0
20140305,21.957,22.45,21.956,22.45,1216,0
20140307,21.986,23.031,21.699,23.031,6358,0
20140310,22.657,22.657,22.657,22.657,173,0
20140311,22.637,22.637,22.637,22.637,399,0
20140312,21.809,21.809,21.809,21.809,198,0
20140313,21.838,21.946,21.61,21.946,3670,0
20140314,21.562,21.601,20.269,21.128,4215,0
20140318,21.413,21.709,21.166,21.709,2150,0
20140320,22.193,22.193,22.193,22.193,174,0
20140321,21.729,21.729,21.709,21.709,3059,0
20140324,21.503,21.503,21.503,21.503,167,0
20140325,22.173,22.203,21.861,22.193,16518,0
20140326,22.193,22.203,21.709,21.709,811,0
20140328,21.709,22.252,21.709,22.213,7403,0
20140331,22.203,22.242,22.203,22.242,907,0
20140401,22.148,22.252,21.225,22.213,2470,0
20140403,22.182,22.182,22.182,22.182,506,0
20140404,22.252,22.37,21.729,22.203,7949,0
20140407,21.583,21.583,21.582,21.582,867,0
20140410,22.124,22.124,22.123,22.123,506,0
20140411,21.709,22.123,21.709,21.709,669,0
20140414,22.627,22.627,22.123,22.203,1317,0
20140415,22.472,22.686,22.472,22.637,1227,0
20140421,22.597,22.637,22.41,22.41,2316,0
20140422,22.686,25.932,22.686,24.67,11635,0
20140423,25.478,25.656,23.751,25.173,7453,0
20140424,25.164,25.164,25.163,25.163,903,0
20140425,25.608,25.656,24.916,25.656,15589,0
20140428,25.164,25.331,25.164,25.164,541,0
20140429,25.173,28.34,25.173,28.34,6743,0
20140430,25.189,27.646,25.16,26.26,12843,0
20140501,26.072,26.072,26.072,26.072,100,0
20140505,25.457,25.665,24.922,25.229,30575,0
20140507,25.378,25.499,25.338,25.348,2464,0
20140508,25.328,25.764,25.318,25.764,3175,0
20140509,25.337,25.337,25.337,25.337,1015,0
20140512,25.531,25.531,25.268,25.368,5320,0
20140513,25.569,25.569,25.268,25.516,3538,0
20140515,25.457,25.516,25.368,25.516,3427,0
20140516,25.764,25.764,25.606,25.764,1609,0
20140519,25.516,26.062,23.663,25.368,3703,0
20140520,25.66,25.764,25.66,25.764,633,0
20140521,25.268,25.764,25.268,25.6,958,0
20140522,25.318,25.566,25.318,25.566,262,0
20140523,25.268,25.268,25.268,25.268,208,0
20140528,25.358,25.466,25.15,25.466,2576,0
20140529,25.764,25.764,24.525,24.525,1352,0
20140530,25.586,25.586,25.04,25.466,5486,0
20140602,25.318,25.318,25.318,25.318,4038,0
20140603,25.268,25.308,25.268,25.298,1110,0
20140604,25.427,25.486,25.318,25.318,2977,0
20140605,25.378,25.378,25.368,25.368,790,0
20140606,25.368,25.526,25.368,25.466,1916,0
20140609,25.417,25.663,25.417,25.566,2220,0
20140611,25.755,25.764,25.486,25.555,3229,0
20140613,25.476,25.511,25.466,25.466,1085,0
20140616,25.466,25.476,25.466,25.476,1082,0
20140617,25.566,25.586,25.566,25.586,2194,0
20140618,25.566,25.764,25.541,25.541,997,0
20140619,25.596,25.764,25.596,25.764,844,0
20140620,25.494,25.764,25.494,25.764,2083,0
20140623,25.754,25.764,25.556,25.556,2075,0
20140624,25.536,25.645,25.516,25.516,2504,0
20140625,25.556,25.952,25.556,25.784,10566,0
20140626,25.626,26.17,25.626,26.17,4696,0
20140627,25.704,25.922,25.704,25.922,796,0
20140630,25.764,26.26,25.566,25.942,13491,0
20140701,26.646,26.745,25.922,26.022,5890,0
20140702,25.863,25.863,25.863,25.863,404,0
20140703,25.892,26.28,25.863,25.863,2951,0
20140707,25.863,26.012,25.863,26.012,1869,0
20140708,26.26,26.26,25.417,26.21,5694,0
20140709,25.764,26.26,25.427,25.962,4330,0
20140710,25.476,25.784,25.476,25.764,3521,0
20140711,25.556,25.764,25.556,25.764,2297,0
20140714,25.694,25.902,25.694,25.902,1533,0
20140715,25.596,26.26,25.596,25.774,10590,0
20140716,25.764,26.103,25.734,25.863,1026,0
20140717,25.754,25.922,25.516,25.764,8806,0
20140718,26.26,26.26,26.26,26.26,175,0
20140722,25.714,25.814,25.714,25.784,821,0
20140731,26.63,26.63,25.873,25.883,1363,0
20140801,25.746,26.115,25.634,25.734,3114,0
20140804,25.993,25.993,25.734,25.871,3117,0
20140806,25.883,25.993,25.883,25.983,2577,0
20140807,26.132,26.132,26.132,26.132,201,0
20140808,26.132,26.434,26.132,26.132,14192,0
20140811,26.132,26.132,26.132,26.132,1382,0
20140812,26.141,26.141,26.132,26.132,591,0
20140813,26.132,26.132,26.132,26.132,101,0
20140814,26.242,26.343,26.003,26.003,4414,0
20140815,26.092,26.102,25.664,25.664,1909,0
20140818,25.634,26.232,25.634,25.883,22652,0
20140819,25.814,26.331,25.634,25.634,7064,0
20140820,25.863,26.053,25.749,25.883,8804,0
20140821,26.52,26.63,25.913,26.63,3706,0
20140822,26.063,26.063,26.063,26.063,227,0
20140825,26.341,26.381,25.923,26.381,412,0
20140826,25.933,26.63,25.893,25.943,1049,0
20140827,25.923,26.035,25.893,26.035,1551,0
20140828,25.995,25.995,25.995,25.995,101,0
20140829,25.933,25.933,25.893,25.893,613,0
20140902,26.053,26.36,25.903,25.954,3918,0
20140903,25.923,26.003,25.893,25.993,721,0
20140904,26.063,26.063,25.985,25.985,545,0
20140905,25.943,25.993,25.883,25.933,5305,0
20140908,25.933,26.205,25.933,25.933,2567,0
20140909,25.933,26.62,25.933,25.953,3274,0
20140910,26.321,26.62,26.321,26.62,302,0
20140911,26.349,26.349,25.983,25.983,283,0
20140915,25.933,26.003,25.933,25.963,820,0
20140917,26.461,26.461,26.461,26.461,100,0
20140918,26.61,26.62,25.933,26.62,6235,0
20140919,26.033,26.6,26.033,26.6,829,0
20140922,26.56,26.56,26.56,26.56,124,0
20140923,26.351,26.381,25.983,26.351,1297,0
20140924,25.953,26.082,25.953,26.053,1005,0
20141001,26.11,26.204,26.11,26.204,586,0
20141002,26.351,26.371,26.331,26.331,912,0
20141003,26.371,26.381,26.371,26.381,2059,0
20141007,26.63,26.63,26.51,26.51,309,0
20141009,26.63,26.63,26.431,26.431,954,0
20141013,26.431,26.463,26.421,26.421,2411,0
20141014,26.421,26.421,26.381,26.406,2047,0
20141015,26.63,26.63,26.381,26.381,453,0
20141016,26.69,26.69,26.431,26.431,370,0
20141017,26.401,26.62,26.381,26.381,4500,0
20141021,26.441,26.441,26.381,26.381,4277,0
20141022,26.381,26.381,26.381,26.381,1089,0
20141023,27.671,27.671,26.381,26.381,748,0
20141024,26.381,26.511,26.381,26.453,931,0
20141027,26.381,26.381,26.381,26.381,527,0
20141028,26.63,26.63,26.63,26.63,163,0
20141030,26.421,27.705,26.401,26.401,1116,0
20141031,26.876,26.876,26.381,26.426,539,0
20141103,26.63,26.63,26.63,26.63,362,0
20141110,26.5,26.55,26.5,26.51,929,0
20141111,26.89,26.92,26.87,26.9,1769,0
20141113,26.62,26.91,26.61,26.8,1132,0
20141114,26.6,26.93,26.6,26.93,940,0
20141117,26.77,26.8,26.56,26.578,2989,0
20141118,26.6,26.6,26.51,26.51,7877,0
20141119,26.51,26.51,26.5,26.51,2838,0
20141120,26.5,26.95,26.5,26.95,510,0
20141124,26.792,26.948,26.792,26.948,745,0
20141125,26.56,26.56,26.55,26.55,1250,0
20141128,26.62,26.95,26.5,26.95,2973,0
20141201,26.51,26.51,26.51,26.51,159,0
20141203,26.65,26.678,26.51,26.553,1776,0
20141204,26.88,26.88,26.6,26.6,2400,0
20141205,26.95,26.95,26.92,26.95,1679,0
20141211,26.82,28,26.55,26.55,759,0
20141212,26.66,26.73,26.66,26.72,1539,0
20141215,26.72,26.72,26.72,26.72,506,0
20141216,26.75,26.81,26.75,26.77,924,0
20141217,28,28,27.336,27.336,231,0
20141219,27.3,27.3,26.9,26.9,416,0
20141222,26.75,26.75,26.75,26.75,635,0
20141223,27.14,27.9,26.84,27.78,15517,0
20141224,27.5,27.51,27.25,27.5,5294,0
20141226,27.72,27.72,27.72,27.72,120,0
20141229,27.14,27.14,27.14,27.14,430,0
20141230,27.15,27.15,26.75,26.75,2410,0
20141231,26.795,27.2,26.795,27.2,2492,0
20150105,27.046,27.046,26.75,26.75,318,0
20150106,26.75,26.78,26.75,26.75,6119,0
20150107,26.95,26.95,26.95,26.95,468,0
20150108,27,27,26.98,27,2823,0
20150109,26.88,27,26.75,27,2795,0
20150112,26.95,27.071,26.9,26.98,4459,0
20150113,26.98,27.1,26.9,26.96,6171,0
20150114,26.75,27,26.75,26.75,9491,0
20150115,26.81,26.875,26.66,26.66,1818,0
20150116,26.66,27,26.66,27,3335,0
