Date,Open,High,Low,Close,Volume,OpenInt
20100823,24.805,24.832,24.753,24.796,7987,0
20100824,24.7,24.832,24.7,24.787,14709,0
20100825,24.787,24.787,24.709,24.771,13844,0
20100826,24.7,24.761,24.7,24.761,16550,0
20100827,24.735,24.875,24.735,24.867,20345,0
20100830,24.867,24.919,24.744,24.902,17155,0
20100831,24.919,24.919,24.779,24.84,13496,0
20100901,24.919,24.963,24.84,24.858,13429,0
20100902,25.008,25.008,24.894,25.008,15378,0
20100903,25.008,25.008,24.919,25.008,21528,0
20100907,25.008,25.095,24.955,25.086,16749,0
20100908,24.981,25.104,24.981,25.104,17166,0
20100909,25.104,25.447,25.104,25.447,18450,0
20100910,25.403,25.403,25.227,25.35,32246,0
20100913,25.27,25.491,25.095,25.482,31110,0
20100914,25.052,25.412,24.963,25.289,16498,0
20100915,25.386,25.386,25.052,25.315,24136,0
20100916,25.156,25.332,25.156,25.332,8705,0
20100917,25.315,25.666,25.095,25.297,47081,0
20100920,25.174,25.623,25.156,25.491,13871,0
20100921,25.5,25.57,25.052,25.052,77120,0
20100922,25.306,25.623,25.297,25.5,104984,0
20100923,25.491,25.534,25.297,25.517,60435,0
20100924,25.491,25.491,25.386,25.464,11602,0
20100927,25.42,25.491,25.14,25.359,11338,0
20100928,25.306,25.439,25.209,25.28,11037,0
20100929,25.455,25.455,25.147,25.147,15210,0
20100930,25.403,25.447,25.209,25.447,9873,0
20101001,25.403,25.473,25.27,25.439,6641,0
20101004,25.28,25.464,25.28,25.394,35660,0
20101005,25.315,25.464,25.174,25.218,40938,0
20101006,25.359,25.359,25.095,25.174,43047,0
20101007,25.192,25.209,25.131,25.209,27323,0
20101008,25.147,25.174,24.998,24.998,14587,0
20101011,25.052,25.218,24.955,25.218,11907,0
20101012,25.227,25.306,24.787,24.787,27866,0
20101013,24.787,25.332,24.787,25.332,30090,0
20101014,25.183,25.403,25.008,25.227,18998,0
20101015,25.14,25.403,24.919,24.919,38414,0
20101018,25.254,25.403,25.033,25.359,18411,0
20101019,25.315,25.315,25.113,25.306,11403,0
20101020,25.174,25.306,24.937,24.99,31071,0
20101021,25.235,25.297,25.052,25.202,13260,0
20101022,25.14,25.28,25.008,25.078,9556,0
20101025,25.263,25.263,25.052,25.06,21916,0
20101026,25.192,25.192,24.919,25.192,16953,0
20101027,25.14,25.254,24.919,25.069,14187,0
20101028,24.99,25.254,24.981,25.227,11420,0
20101029,25.14,25.235,25.095,25.183,9464,0
20101101,25.183,25.218,25.052,25.174,7448,0
20101102,25.218,25.235,24.981,24.981,38545,0
20101103,25.14,25.235,25.095,25.095,13596,0
20101104,25.235,25.491,25.227,25.491,29990,0
20101105,25.491,25.491,25.332,25.403,9200,0
20101108,25.447,25.447,25.289,25.439,32191,0
20101109,25.42,25.439,25.017,25.017,20205,0
20101110,25.412,25.412,25.113,25.394,19335,0
20101111,25.368,25.403,25.341,25.403,12132,0
20101112,25.447,25.534,25.218,25.491,25778,0
20101115,25.491,25.579,25.332,25.5,9053,0
20101116,25.57,25.579,25.377,25.377,8780,0
20101117,25.534,25.666,25.42,25.666,12988,0
20101118,25.491,25.666,25.491,25.491,17711,0
20101119,25.534,25.666,25.491,25.5,23833,0
20101122,25.657,25.657,25.482,25.482,19014,0
20101123,25.491,25.632,25.491,25.526,8388,0
20101124,25.632,25.79,25.553,25.755,25836,0
20101126,25.693,25.693,25.579,25.587,5515,0
20101129,25.755,25.78,25.57,25.579,10048,0
20101130,25.657,25.78,25.534,25.57,22147,0
20101201,25.562,25.755,25.534,25.623,7189,0
20101202,25.666,25.702,25.623,25.649,7180,0
20101203,25.666,25.666,25.579,25.657,19281,0
20101206,25.71,25.71,25.666,25.702,9099,0
20101207,25.702,25.702,25.57,25.666,17856,0
20101208,25.666,25.666,25.579,25.579,11506,0
20101209,25.657,25.93,25.579,25.887,29516,0
20101210,25.676,25.878,25.657,25.657,29323,0
20101213,25.676,25.842,25.657,25.799,18389,0
20101214,25.799,25.842,25.508,25.534,24024,0
20101215,25.5,25.702,25.491,25.5,25692,0
20101216,25.623,25.623,25.403,25.464,14681,0
20101217,25.5,25.666,25.403,25.666,27295,0
20101220,25.526,25.657,25.455,25.508,12630,0
20101221,25.491,25.657,25.42,25.57,13041,0
20101222,25.614,25.649,25.403,25.403,8196,0
20101223,25.553,25.666,25.455,25.553,16435,0
20101227,25.632,25.632,25.42,25.553,11475,0
20101228,25.641,25.657,25.482,25.657,17140,0
20101229,25.534,25.657,25.508,25.587,6416,0
20101230,25.5,25.666,25.482,25.666,33950,0
20101231,25.666,25.666,25.623,25.623,8668,0
20110103,25.666,25.666,25.562,25.623,11097,0
20110104,25.657,25.71,25.553,25.71,24059,0
20110105,25.71,25.71,25.579,25.579,11179,0
20110106,25.657,25.657,25.447,25.447,27707,0
20110107,25.596,25.596,25.491,25.491,5250,0
20110110,25.491,25.579,25.245,25.245,40807,0
20110111,25.27,25.482,25.131,25.245,25189,0
20110112,25.28,25.473,25.27,25.315,17938,0
20110113,25.386,25.464,25.28,25.297,14385,0
20110114,25.386,25.455,25.27,25.332,17622,0
20110118,25.403,25.464,25.27,25.27,18464,0
20110119,25.386,25.623,25.325,25.623,19318,0
20110120,25.623,25.623,25.447,25.491,19628,0
20110121,25.614,25.614,25.394,25.394,18603,0
20110124,25.614,25.649,25.315,25.315,20183,0
20110125,25.491,25.614,25.491,25.543,21519,0
20110126,25.5,25.623,25.491,25.623,17261,0
20110127,25.614,25.657,25.508,25.657,16979,0
20110128,25.623,25.657,25.579,25.657,9312,0
20110131,25.623,25.657,25.579,25.657,15863,0
20110201,25.649,25.728,25.587,25.596,22726,0
20110202,25.579,25.719,25.579,25.666,8947,0
20110203,25.632,25.755,25.623,25.693,28525,0
20110204,25.737,25.799,25.666,25.755,28486,0
20110207,25.693,25.816,25.693,25.764,11494,0
20110208,25.816,25.86,25.764,25.816,18005,0
20110209,25.799,25.86,25.755,25.78,32227,0
20110210,25.807,25.939,25.79,25.842,22592,0
20110211,25.842,25.93,25.78,25.922,33390,0
20110214,25.851,25.913,25.826,25.826,12634,0
20110215,25.904,25.904,25.851,25.887,7422,0
20110216,25.913,25.922,25.851,25.851,17953,0
20110218,25.904,25.93,25.887,25.93,10821,0
20110222,25.894,25.922,25.887,25.894,12534,0
20110223,25.922,25.93,25.894,25.93,12124,0
20110224,25.93,25.939,25.904,25.93,9899,0
20110225,25.949,26.017,25.904,25.904,28501,0
20110228,25.939,26.045,25.939,25.974,7125,0
20110301,26.063,26.124,25.974,26.045,11294,0
20110302,26.124,26.238,26.079,26.202,19095,0
20110303,26.273,26.282,26.202,26.221,9808,0
20110304,26.115,26.229,26.071,26.229,32559,0
20110307,26.202,26.361,26.194,26.325,18251,0
20110308,26.247,27.118,26.221,26.529,43838,0
20110309,26.774,27.073,26.308,26.361,28156,0
20110310,26.387,26.985,26.308,26.344,18966,0
20110311,26.37,26.502,26.37,26.493,12629,0
20110314,26.502,26.502,26.361,26.458,15512,0
20110315,25.93,26.308,25.922,25.922,19922,0
20110316,26.282,26.282,25.71,25.71,18493,0
20110317,26.001,26.325,25.887,25.956,20024,0
20110318,25.719,26.177,25.685,25.747,31798,0
20110321,25.826,25.93,25.579,25.93,16925,0
20110322,25.922,25.922,25.826,25.833,7495,0
20110323,25.666,25.93,25.666,25.93,6444,0
20110324,25.93,25.93,25.826,25.913,5723,0
20110325,25.913,26.107,25.842,26.107,14492,0
20110328,26.107,26.221,26.063,26.221,25022,0
20110329,26.15,26.221,26.017,26.017,8372,0
20110330,25.93,26.211,25.71,25.833,15784,0
20110331,25.984,26.221,25.93,26.194,30748,0
20110401,26.202,26.221,26.053,26.221,14375,0
20110404,26.063,26.211,26.063,26.107,20142,0
20110405,26.017,26.202,26.017,26.107,7692,0
20110406,26.107,26.168,26.027,26.045,21796,0
20110407,26.045,26.168,25.93,25.93,26163,0
20110408,26.088,26.132,26.01,26.132,10352,0
20110411,26.186,26.256,26.063,26.098,6304,0
20110412,26.079,26.229,25.887,25.93,22742,0
20110413,25.939,26.186,25.894,26.098,5112,0
20110414,26.177,26.177,25.974,25.974,6426,0
20110415,26.115,26.141,25.93,26.098,42999,0
20110418,26.186,26.186,25.93,25.93,13347,0
20110419,25.887,26.168,25.887,26.107,13284,0
20110420,26.15,26.202,25.974,26.202,19210,0
20110421,26.124,26.282,26.063,26.063,17458,0
20110425,25.939,26.107,25.93,25.956,8403,0
20110426,25.939,26.063,25.842,25.842,16184,0
20110427,25.939,26.107,25.93,26.017,9553,0
20110428,25.904,26.107,25.904,26.079,5019,0
20110429,26.177,26.177,26.027,26.053,3043,0
20110502,26.053,26.186,25.93,26.001,12095,0
20110503,25.939,26.017,25.93,25.949,8596,0
20110504,25.93,25.93,25.842,25.842,14787,0
20110505,25.842,25.93,25.702,25.702,10856,0
20110506,25.922,25.93,25.553,25.657,17269,0
20110509,25.842,25.93,25.666,25.922,42814,0
20110510,25.807,25.956,25.799,25.922,12351,0
20110511,26.027,26.027,25.491,25.508,28885,0
20110512,25.5,25.728,25.5,25.641,18880,0
20110513,25.79,25.833,25.587,25.685,12266,0
20110516,25.826,25.974,25.666,25.842,15379,0
20110517,25.887,25.93,25.755,25.842,8915,0
20110518,25.842,26.017,25.719,25.956,16289,0
20110519,26.017,26.017,25.71,25.764,24266,0
20110520,25.71,26.063,25.71,26.063,14283,0
20110523,25.949,26.177,25.894,26.063,17965,0
20110524,25.974,26.15,25.764,26.107,22671,0
20110525,25.984,26.107,25.79,25.826,16155,0
20110526,25.93,26.063,25.491,25.71,30145,0
20110527,25.755,26.017,25.755,26.01,5574,0
20110531,25.939,26.01,25.771,25.771,8476,0
20110601,25.799,26.017,25.755,25.799,12224,0
20110602,25.894,26.01,25.657,25.702,13723,0
20110603,25.685,25.878,25.605,25.878,5711,0
20110606,25.93,25.93,25.174,25.27,32146,0
20110607,25.666,26.107,25.666,26.107,18744,0
20110608,26.098,26.098,25.693,26.001,7531,0
20110609,26.017,26.017,25.676,26.017,21499,0
20110610,25.799,26.01,25.799,25.93,6513,0
20110613,25.922,26.063,25.666,25.719,22350,0
20110614,25.5,25.922,25.325,25.728,15228,0
20110615,25.57,25.71,25.359,25.5,7877,0
20110616,25.666,25.666,25.412,25.649,13396,0
20110617,25.702,25.816,25.57,25.71,28184,0
20110620,25.534,25.71,25.534,25.676,3216,0
20110621,25.641,25.71,25.202,25.202,21665,0
20110622,25.306,25.386,24.621,25.008,48261,0
20110623,24.963,25.052,24.709,24.894,23935,0
20110624,25.131,25.131,24.664,24.753,16721,0
20110627,24.664,24.664,22.036,23.434,200378,0
20110628,23.671,24.498,23.469,23.971,46097,0
20110629,24.023,24.251,23.864,23.953,11679,0
20110630,24.234,24.251,23.302,23.733,51133,0
20110701,23.987,24.172,23.382,24.172,46114,0
20110705,24.172,24.787,23.829,24.787,21732,0
20110706,24.393,24.99,24.076,24.717,14808,0
20110707,24.894,24.99,24.717,24.725,5829,0
20110708,24.981,25.473,24.771,25.473,23828,0
20110711,25.447,25.447,24.84,25.052,30855,0
20110712,25.254,25.315,24.946,25.227,27612,0
20110713,24.99,25.359,24.99,25.27,19166,0
20110714,25.368,25.368,24.744,24.832,7478,0
20110715,25.043,25.052,24.832,25.033,9797,0
20110718,25.052,25.052,24.832,25.033,11091,0
20110719,24.894,25.052,24.832,25.052,11050,0
20110720,25.052,25.052,24.725,24.902,20787,0
20110721,25.008,25.008,24.84,25.008,9603,0
20110722,25.008,25.033,24.832,24.832,17949,0
20110725,24.946,25.024,24.84,24.867,20426,0
20110726,24.832,25.008,24.787,24.796,17598,0
20110727,24.902,25.008,23.962,24.409,30622,0
20110728,24.295,24.753,24.295,24.516,7815,0
20110729,24.401,24.875,24.076,24.664,15587,0
20110801,24.7,25.052,24.63,25.043,20069,0
20110802,25.052,25.052,24.621,24.621,13146,0
20110803,24.753,25.095,24.647,25.095,12834,0
20110804,24.981,25.06,24.7,25.033,16668,0
20110805,24.682,24.972,24.172,24.937,13537,0
20110808,24.594,25.017,24.26,24.427,20337,0
20110809,24.401,25.122,24.393,24.884,20783,0
20110810,24.955,25.183,24.621,24.84,19894,0
20110811,24.621,25.043,24.621,24.796,11024,0
20110812,24.902,25.095,24.647,25.095,19305,0
20110815,25.183,25.183,24.875,24.963,15124,0
20110816,25.069,25.131,24.7,25.008,10054,0
20110817,25.086,25.086,24.753,24.858,19125,0
20110818,24.902,24.963,24.673,24.787,30207,0
20110819,24.787,25.086,24.673,25.086,16719,0
20110822,25.008,25.183,24.744,24.744,12795,0
20110823,24.779,25.052,24.682,24.875,13814,0
20110824,24.99,24.99,24.744,24.744,6476,0
20110825,24.823,24.91,24.647,24.7,22862,0
20110826,24.849,25.008,24.656,24.963,8273,0
20110829,25.069,25.069,24.832,24.955,15759,0
20110830,24.832,25.024,24.744,24.849,16961,0
20110831,24.832,24.955,24.771,24.787,11281,0
20110901,24.963,25.052,24.7,24.779,25183,0
20110902,24.709,25.033,24.656,24.656,14234,0
20110906,24.761,24.771,24.611,24.611,19018,0
20110907,24.875,24.955,24.647,24.691,10736,0
20110908,24.7,24.902,24.656,24.682,48374,0
20110909,24.832,24.867,24.63,24.691,27008,0
20110912,24.779,24.858,24.673,24.858,12059,0
20110913,24.884,24.894,24.664,24.744,40712,0
20110914,24.602,25.033,24.454,24.937,34776,0
20110915,25.033,25.033,24.709,24.787,28089,0
20110916,24.902,24.902,24.673,24.7,30230,0
20110919,24.884,24.884,24.63,24.63,5557,0
20110920,24.771,24.779,24.532,24.568,36797,0
20110921,24.656,24.753,24.532,24.602,11499,0
20110922,24.542,24.673,24.393,24.393,24213,0
20110923,24.436,24.63,24.393,24.568,9996,0
20110926,24.611,24.647,24.454,24.488,4867,0
20110927,24.656,24.787,24.524,24.761,44011,0
20110928,24.823,24.823,24.63,24.753,7659,0
20110929,24.787,24.787,24.761,24.771,5549,0
20110930,24.796,24.946,24.664,24.946,15990,0
20111003,24.611,24.91,24.471,24.498,40539,0
20111004,24.463,24.849,24.454,24.542,16575,0
20111005,24.55,24.84,24.542,24.7,23006,0
20111006,24.832,24.875,24.691,24.858,27980,0
20111007,24.84,24.981,24.744,24.884,29189,0
20111010,24.963,24.963,24.717,24.963,5642,0
20111011,24.963,25.147,24.919,25.14,19363,0
20111012,25.227,25.482,25.183,25.403,26989,0
20111013,25.491,25.579,25.008,25.147,27066,0
20111014,25.394,25.623,25.227,25.5,17554,0
20111017,25.596,25.596,25.403,25.473,18663,0
20111018,25.57,25.632,25.42,25.526,16877,0
20111019,25.455,25.649,25.28,25.641,14865,0
20111020,25.543,25.649,25.332,25.403,17467,0
20111021,25.632,25.632,25.403,25.632,11190,0
20111024,25.632,25.632,25.455,25.632,14491,0
20111025,25.632,25.632,25.553,25.632,10424,0
20111026,25.632,25.632,25.491,25.534,15841,0
20111027,25.526,25.632,25.508,25.508,15390,0
20111028,25.632,25.693,25.508,25.632,17345,0
20111031,25.702,25.702,25.526,25.693,4112,0
20111101,25.666,25.702,25.526,25.526,9428,0
20111102,25.71,25.71,25.579,25.666,3792,0
20111103,25.702,25.702,25.579,25.702,6544,0
20111104,25.702,25.737,25.666,25.666,5786,0
20111107,25.666,25.747,25.543,25.543,12750,0
20111108,25.666,25.666,25.534,25.543,14696,0
20111109,25.579,25.657,25.534,25.543,17124,0
20111110,25.623,25.623,25.508,25.508,12351,0
20111111,25.508,25.614,25.491,25.534,8231,0
20111114,25.579,25.649,25.42,25.649,21796,0
20111115,25.579,25.649,25.579,25.649,6823,0
20111116,25.649,25.71,25.27,25.394,27482,0
20111117,25.641,26.088,25.403,26.01,38115,0
20111118,25.799,25.939,25.587,25.623,16661,0
20111121,25.623,26.063,25.517,26.063,19114,0
20111122,25.922,26.115,25.816,25.887,9448,0
20111123,26.132,26.132,25.826,25.887,16239,0
20111125,25.974,26.01,25.842,26.01,14101,0
20111128,25.984,26.132,25.869,26.132,20076,0
20111129,26.132,26.194,25.887,26.15,25666,0
20111130,25.974,26.132,25.887,26.107,15237,0
20111201,25.965,26.115,25.93,26.115,4047,0
20111202,26.194,26.194,26.107,26.186,11243,0
20111205,26.186,26.194,26.107,26.194,8452,0
20111206,26.194,26.194,26.15,26.168,6225,0
20111207,26.107,26.107,25.984,26.107,15938,0
20111208,26.017,26.194,26.01,26.168,19908,0
20111209,26.194,26.194,25.974,26.088,22112,0
20111212,26.079,26.107,25.949,25.965,11806,0
20111213,26.107,26.107,26.017,26.098,12877,0
20111214,26.088,26.229,25.956,26.229,12589,0
20111215,25.984,26.238,25.956,26.088,9707,0
20111216,26.017,26.088,25.949,25.956,11353,0
20111219,25.508,25.949,25.508,25.623,24192,0
20111220,25.833,25.93,25.755,25.894,17561,0
20111221,25.833,25.842,25.764,25.816,2413,0
20111222,25.799,25.93,25.666,25.93,7687,0
20111223,25.693,25.93,25.693,25.93,5913,0
20111227,25.826,25.93,25.666,25.676,19166,0
20111228,25.842,25.974,25.676,25.842,3172,0
20111229,26.017,26.027,25.755,25.807,17086,0
20111230,26.001,26.017,25.826,25.93,4765,0
20120103,26.088,26.107,25.93,25.93,17298,0
20120104,26.045,26.071,25.842,25.974,25065,0
20120105,26.017,26.107,25.922,26.098,14099,0
20120106,26.107,26.194,26.036,26.194,6025,0
20120109,26.238,26.238,25.86,26.079,29021,0
20120110,25.869,26.229,25.869,26.079,23733,0
20120111,26.186,26.186,26.053,26.15,7188,0
20120112,26.063,26.194,26.063,26.194,19003,0
20120113,26.194,26.194,25.956,26.159,15975,0
20120117,26.159,26.168,25.956,26.15,6539,0
20120118,26.141,26.177,26.01,26.177,9418,0
20120119,26.168,26.273,26.168,26.273,19344,0
20120120,26.194,26.273,26.168,26.202,9777,0
20120123,26.132,26.344,26.132,26.344,28233,0
20120124,26.159,26.344,26.15,26.264,12803,0
20120125,26.37,26.37,26.159,26.256,17601,0
20120126,26.247,26.264,26.159,26.247,8104,0
20120127,26.186,26.37,26.115,26.132,13041,0
20120130,26.256,26.37,26.238,26.282,10527,0
20120131,26.37,26.37,26.194,26.282,17431,0
20120201,26.282,26.37,26.194,26.194,20344,0
20120202,26.229,26.361,26.15,26.335,15489,0
20120203,26.344,26.352,26.221,26.29,7948,0
20120206,26.29,26.325,26.29,26.317,6537,0
20120207,26.29,26.335,26.194,26.238,12557,0
20120208,26.238,26.325,26.238,26.273,6116,0
20120209,26.308,26.325,26.238,26.238,12204,0
20120210,26.238,26.282,26.194,26.211,10725,0
20120213,26.352,26.352,26.282,26.352,4851,0
20120214,26.37,26.37,26.273,26.282,12772,0
20120215,26.361,26.361,26.273,26.29,15209,0
20120216,26.273,26.325,26.238,26.256,49680,0
20120217,26.256,26.449,26.238,26.449,14311,0
20120221,26.379,26.546,26.379,26.502,20271,0
20120222,26.493,26.59,26.387,26.581,20388,0
20120223,26.546,26.677,26.308,26.325,40130,0
20120224,26.352,26.361,26.211,26.211,23083,0
20120227,26.238,26.484,26.238,26.458,15145,0
20120228,26.37,26.529,26.37,26.396,17133,0
20120229,26.37,26.51,26.211,26.247,19147,0
20120301,26.414,26.51,26.379,26.396,16363,0
20120302,26.458,26.51,26.387,26.458,9463,0
20120305,26.475,26.51,26.387,26.51,9779,0
20120306,26.379,26.51,26.238,26.282,32136,0
20120307,26.317,26.37,26.15,26.221,36574,0
20120308,26.238,26.238,26.079,26.194,20564,0
20120309,26.202,26.51,26.159,26.458,19102,0
20120312,26.335,26.51,26.238,26.51,13204,0
20120313,26.529,26.572,26.107,26.3,22684,0
20120314,26.344,26.572,26.186,26.387,26905,0
20120315,26.221,26.282,26.001,26.202,22339,0
20120316,26.211,26.273,25.93,25.974,21385,0
20120319,26.098,26.264,25.93,26.027,18709,0
20120320,26.036,26.098,25.93,25.93,11797,0
20120321,25.93,26.141,25.93,26.107,19977,0
20120322,26.107,26.107,25.894,25.93,13675,0
20120323,25.904,26.098,25.904,26.017,4541,0
20120326,26.159,26.159,25.974,26.132,7348,0
20120327,25.939,26.098,25.71,25.949,9453,0
20120328,26.088,26.107,25.93,26.107,4019,0
20120329,25.939,26.107,25.939,25.974,6517,0
20120330,26.071,26.15,26.053,26.15,22403,0
20120402,26.194,26.273,26.045,26.273,8780,0
20120403,26.273,26.282,26.107,26.273,26246,0
20120404,26.229,26.256,26.088,26.15,14855,0
20120405,26.194,26.194,26.071,26.194,8322,0
20120409,26.194,26.194,26.107,26.168,9774,0
20120410,26.238,26.238,26.107,26.186,8544,0
20120411,26.194,26.194,26.017,26.017,27307,0
20120412,26.107,26.238,25.842,26.238,57742,0
20120413,26.238,26.238,26.107,26.238,14951,0
20120416,26.238,26.238,26.107,26.177,10963,0
20120417,26.229,26.229,26.115,26.132,13049,0
20120418,26.132,26.177,26.107,26.132,11031,0
20120419,26.238,26.238,26.141,26.141,13515,0
20120420,26.238,26.238,26.098,26.107,34461,0
20120423,26.088,26.098,25.71,26.001,16571,0
20120424,25.93,26.159,25.807,26.079,7114,0
20120425,25.826,26.098,25.826,26.063,6919,0
20120426,25.851,26.107,25.851,25.974,10764,0
20120427,25.974,25.974,25.851,25.974,6724,0
20120430,25.939,25.974,25.93,25.974,6925,0
20120501,25.974,26.124,25.869,26.071,12256,0
20120502,26.045,26.124,25.894,25.894,14486,0
20120503,26.017,26.017,25.755,25.764,23578,0
20120504,25.869,26.017,25.816,25.816,12634,0
20120507,25.833,25.842,25.579,25.676,25424,0
20120508,25.719,25.922,25.543,25.649,12491,0
20120509,25.685,26.107,25.666,25.93,32351,0
20120510,26.053,26.107,25.771,26.088,10983,0
20120511,25.939,26.238,25.939,26.177,19482,0
20120514,26.238,26.317,26.229,26.229,38557,0
20120515,26.141,26.3,26.124,26.229,23636,0
20120516,26.229,26.282,26.229,26.247,2493,0
20120517,26.247,26.37,26.238,26.247,16958,0
20120518,26.15,26.361,26.15,26.15,9597,0
20120521,26.282,26.361,26.15,26.211,7948,0
20120522,26.194,26.352,26.159,26.159,6875,0
20120523,26.159,26.379,26.159,26.379,26805,0
20120524,26.37,26.642,26.317,26.493,8172,0
20120525,26.59,26.59,26.317,26.493,3813,0
20120529,26.59,26.766,26.335,26.721,20769,0
20120530,26.59,26.73,26.414,26.414,13131,0
20120531,26.546,26.668,26.362,26.405,5296,0
20120601,26.458,26.651,26.282,26.361,25958,0
20120604,26.493,26.598,26.344,26.379,13471,0
20120605,26.37,26.721,26.37,26.563,13083,0
20120606,26.712,26.712,26.467,26.546,11207,0
20120607,26.467,26.651,26.467,26.581,7508,0
20120608,26.502,26.677,26.502,26.519,12975,0
20120611,26.704,26.704,26.537,26.66,10983,0
20120612,26.739,26.739,26.607,26.668,3515,0
20120613,26.633,26.739,26.59,26.651,6323,0
20120614,26.651,26.695,26.467,26.581,22559,0
20120615,26.098,26.572,26.098,26.563,30381,0
20120618,26.458,26.712,26.458,26.563,9380,0
20120619,26.51,26.721,26.502,26.546,16334,0
20120620,26.625,26.81,26.625,26.81,14883,0
20120621,26.651,26.933,26.59,26.81,10438,0
20120622,26.66,26.95,26.59,26.835,12108,0
20120625,26.695,26.81,26.519,26.687,10494,0
20120626,27.028,27.028,26.73,26.766,6287,0
20120627,26.818,27.02,26.783,26.801,37477,0
20120628,26.739,26.985,26.739,26.95,12005,0
20120629,26.853,26.976,26.818,26.967,9158,0
20120702,27.028,27.9,26.941,27.706,32345,0
20120703,27.618,27.618,26.81,26.81,23172,0
20120705,26.81,27.213,26.721,27.108,10319,0
20120706,27.038,27.161,26.81,27.161,7100,0
20120709,27.327,27.872,26.766,27.696,40127,0
20120710,27.028,27.672,26.687,26.748,16502,0
20120711,26.897,26.897,26.677,26.721,20418,0
20120712,26.791,27.09,26.677,26.95,10770,0
20120713,27.222,27.539,26.897,26.897,13215,0
20120716,26.889,27.152,26.81,26.941,7053,0
20120717,27.082,27.161,26.985,26.985,9224,0
20120718,26.81,27.241,26.81,27.028,10011,0
20120719,26.818,27.241,26.81,26.81,21797,0
20120720,26.933,27.601,26.81,27.213,10549,0
20120723,27.222,27.68,27.003,27.663,30142,0
20120724,27.539,27.625,27.265,27.302,28661,0
20120725,27.45,27.583,27.249,27.265,6490,0
20120726,27.249,27.672,27.249,27.672,8658,0
20120727,27.549,27.672,27.126,27.302,12251,0
20120730,27.45,27.469,27.249,27.459,14738,0
20120731,27.327,27.583,27.038,27.582,31674,0
20120801,27.592,27.687,27.557,27.61,17628,0
20120802,27.68,27.82,27.665,27.758,6038,0
20120803,27.82,28.04,27.687,27.904,31439,0
20120806,27.952,28.04,27.564,27.733,19969,0
20120807,27.961,28.004,27.687,27.82,21863,0
20120808,27.696,27.991,27.601,27.925,22357,0
20120809,27.696,28.128,27.696,28.128,37464,0
20120810,27.917,28.146,27.706,28.137,31413,0
20120813,28.128,28.128,27.881,27.952,15472,0
20120814,27.909,28.118,27.909,28.084,22266,0
20120815,28.084,28.418,27.921,28.198,21488,0
20120816,28.023,28.198,27.909,28.198,27469,0
20120817,28.216,28.356,27.787,28.208,23594,0
20120820,28.392,28.392,27.987,28.208,14757,0
20120821,28.162,28.409,28.146,28.238,10789,0
20120822,28.118,28.303,28.084,28.226,34126,0
20120823,28.084,28.435,27.995,28.208,26272,0
20120824,28.208,28.435,28.024,28.208,16875,0
20120827,28.216,28.392,28.172,28.338,11818,0
20120828,28.418,28.418,28.224,28.269,7686,0
20120829,28.277,28.425,28.277,28.321,15485,0
20120830,28.312,28.331,27.451,27.733,27702,0
20120831,27.733,27.943,27.311,27.856,14342,0
20120904,28.084,28.101,27.61,27.687,10515,0
20120905,27.687,27.687,27.577,27.601,21143,0
20120906,27.644,27.829,27.599,27.733,24000,0
20120907,27.777,28.391,27.777,28.251,8863,0
20120910,28.251,28.454,27.919,28.128,16877,0
20120911,28.128,28.338,28.118,28.128,5514,0
20120912,28.032,28.383,28.032,28.269,17672,0
20120913,28.172,28.331,27.97,28.18,68306,0
20120914,28.321,28.409,27.934,28.04,43900,0
20120917,27.952,28.172,27.917,28.014,8533,0
20120918,27.934,28.128,27.925,28.075,16408,0
20120919,28.11,28.269,27.979,28.11,3955,0
20120920,28.075,28.075,27.872,27.925,14828,0
20120921,27.925,28.12,27.909,27.925,17987,0
20120924,28.049,28.049,27.925,27.925,17536,0
20120925,28.04,28.04,27.925,27.987,7753,0
20120926,28.032,28.032,27.925,28.023,5270,0
20120927,27.995,28.208,27.995,28.208,6633,0
20120928,28.224,28.224,27.995,28.016,4109,0
20121001,28.101,28.101,27.937,28.084,21066,0
20121002,28.049,28.101,27.995,28.057,7306,0
20121003,28.033,28.047,27.696,27.733,48284,0
20121004,27.97,28.04,27.741,27.856,12220,0
20121005,27.758,28.004,27.733,27.979,9435,0
20121008,27.687,27.943,27.687,27.943,9635,0
20121009,27.838,27.876,27.539,27.573,21850,0
20121010,27.583,27.749,27.557,27.644,5039,0
20121011,27.663,27.767,27.557,27.592,7829,0
20121012,27.557,27.724,27.469,27.503,12911,0
20121015,27.635,27.644,27.398,27.427,6749,0
20121016,27.539,27.539,26.941,27.09,26875,0
20121017,27.245,27.373,27.147,27.265,1790,0
20121018,27.265,27.68,27.265,27.426,18539,0
20121019,27.426,27.68,26.933,27.426,12272,0
20121022,27.302,27.45,27.172,27.179,8339,0
20121023,27.17,27.601,27.073,27.601,3599,0
20121024,27.601,27.601,27.082,27.539,5486,0
20121025,27.601,27.601,27.134,27.134,7910,0
20121026,27.152,27.373,27.09,27.213,9841,0
20121031,27.345,27.68,27.213,27.213,12094,0
20121101,27.319,27.564,27.213,27.422,6902,0
20121102,27.213,27.484,27.204,27.204,4950,0
20121105,27.336,27.603,27.222,27.426,10395,0
20121106,27.426,27.557,27.349,27.407,8981,0
20121107,27.336,27.45,27.204,27.204,13432,0
20121108,27.275,27.336,27.204,27.213,6407,0
20121109,27.592,27.592,27.213,27.213,8563,0
20121112,27.336,27.336,27.213,27.213,6990,0
20121113,27.302,27.539,27.213,27.213,9213,0
20121114,27.204,27.679,27.056,27.319,51952,0
20121115,26.985,27.449,26.985,27.196,25579,0
20121116,27.38,27.38,27.143,27.222,18203,0
20121119,27.249,27.416,27.125,27.241,14586,0
20121120,27.512,27.687,27.204,27.257,21759,0
20121121,27.284,27.302,27.161,27.196,3827,0
20121123,27.192,27.442,27.187,27.187,1935,0
20121126,27.293,27.469,27.161,27.364,14564,0
20121127,27.442,27.687,27.434,27.469,16980,0
20121128,27.61,27.835,27.389,27.795,8125,0
20121129,27.829,27.847,27.578,27.847,9423,0
20121130,27.838,27.995,27.741,27.864,9019,0
20121203,27.952,28.04,27.872,27.881,10468,0
20121204,27.881,28.04,27.881,27.9,7685,0
20121205,27.995,28.066,27.968,27.995,12793,0
20121206,27.952,28.066,27.355,27.442,38845,0
20121207,27.487,27.601,27.38,27.426,22804,0
20121210,27.495,27.672,27.257,27.469,28103,0
20121211,27.469,27.917,27.454,27.61,29001,0
20121212,27.503,27.503,27.293,27.345,9183,0
20121213,27.434,27.581,26.493,27.311,19004,0
20121214,27.152,27.373,26.889,27.373,12103,0
20121217,27.68,27.68,27.211,27.601,7458,0
20121218,27.644,27.644,26.897,27.003,22633,0
20121219,26.985,26.985,26.379,26.414,27472,0
20121220,26.37,26.59,26.37,26.59,13770,0
20121221,26.37,26.59,26.063,26.502,22486,0
20121224,26.37,26.44,26.369,26.44,1559,0
20121226,26.458,26.633,26.245,26.625,26062,0
20121227,26.423,26.625,26.264,26.37,29004,0
20121228,26.361,26.631,26.361,26.606,9229,0
20121231,26.687,27.056,25.57,26.238,101193,0
20130102,26.405,27.152,26.405,26.959,27235,0
20130103,26.967,27.373,26.607,26.607,32955,0
20130104,26.756,27.134,26.756,26.871,16304,0
20130107,26.959,27.204,26.905,27.153,15766,0
20130108,27.241,27.284,27.028,27.284,21861,0
20130109,27.327,27.355,27.108,27.311,9048,0
20130110,27.319,27.355,27.249,27.336,5707,0
20130111,27.364,27.512,27.336,27.38,13492,0
20130114,27.512,27.644,27.38,27.611,9308,0
20130115,27.626,27.635,27.345,27.635,10219,0
20130116,27.469,27.631,27.355,27.512,5714,0
20130117,27.521,27.626,27.249,27.469,35964,0
20130118,27.469,27.469,27.249,27.469,25128,0
20130122,27.45,27.45,27.099,27.275,44229,0
20130123,27.143,27.426,26.986,27.284,42519,0
20130124,27.284,27.45,27.135,27.336,27739,0
20130125,27.442,27.45,27.224,27.224,12189,0
20130128,27.442,27.549,27.336,27.521,23619,0
20130129,27.459,27.687,27.459,27.644,10793,0
20130130,27.696,27.696,27.345,27.626,8554,0
20130131,27.672,27.672,27.539,27.626,4082,0
20130201,27.653,27.847,27.651,27.663,12324,0
20130204,27.601,27.864,27.469,27.58,14418,0
20130205,27.601,27.894,27.601,27.696,15107,0
20130206,28.023,28.04,27.687,27.856,23972,0
20130207,27.9,28.1,27.89,28.049,9268,0
20130208,28.04,28.216,27.97,28.118,11830,0
20130211,28.049,28.198,28.023,28.118,10533,0
20130212,28.18,28.198,27.733,28.084,12372,0
20130213,28.128,28.18,27.864,28.128,7543,0
20130214,28.075,28.216,27.872,28.208,10669,0
20130215,28.208,28.233,27.864,28.023,12262,0
20130219,28.208,28.216,28.139,28.216,15890,0
20130220,28.208,28.216,28.156,28.208,17195,0
20130221,28.208,28.303,28.146,28.303,10936,0
20130222,28.347,28.669,28.321,28.655,17903,0
20130225,28.655,28.655,28.216,28.523,19111,0
20130226,28.611,28.646,28.146,28.629,17745,0
20130227,28.233,28.646,28.04,28.646,20218,0
20130228,28.48,28.655,28.48,28.655,19146,0
20130301,28.629,28.743,28.48,28.655,15102,0
20130304,28.593,28.726,28.568,28.638,16742,0
20130305,28.717,28.986,28.347,28.347,31284,0
20130306,28.934,28.934,28.347,28.911,9532,0
20130307,28.814,29.006,28.743,28.89,7605,0
20130308,28.778,29.006,28.734,28.734,13369,0
20130311,28.584,28.765,28.584,28.638,6487,0
20130312,28.611,29.006,28.611,28.747,16545,0
20130313,28.911,29.006,28.611,28.911,7168,0
20130314,29.355,29.355,28.587,28.739,11605,0
20130315,28.919,28.919,28.57,28.596,14536,0
20130318,28.927,28.927,28.399,28.575,18461,0
20130319,28.392,28.731,28.382,28.578,14603,0
20130320,28.649,28.681,28.346,28.399,17875,0
20130321,28.677,28.927,28.392,28.909,11989,0
20130322,28.828,28.909,28.57,28.623,10287,0
20130325,28.927,28.927,28.399,28.399,16859,0
20130326,28.534,28.607,28.392,28.426,7771,0
20130327,28.471,28.599,28.213,28.221,15921,0
20130328,28.177,28.927,27.722,28.731,35620,0
20130401,28.927,29.275,28.388,28.944,21479,0
20130402,29.043,29.043,28.346,28.498,46968,0
20130403,28.454,29.016,28.454,28.712,17500,0
20130404,28.881,28.881,28.614,28.819,13254,0
20130405,28.668,28.881,28.498,28.659,20905,0
20130408,28.587,28.864,28.587,28.856,5856,0
20130409,28.874,29.006,28.675,28.793,22761,0
20130410,28.837,29.06,28.66,28.828,34388,0
20130411,28.9,28.909,28.426,28.551,12952,0
20130412,28.57,28.739,28.57,28.659,5944,0
20130415,28.757,28.972,28.659,28.953,15654,0
20130416,28.802,28.972,28.578,28.881,16598,0
20130417,28.815,28.92,28.712,28.919,13214,0
20130418,28.944,29.006,28.944,29.006,9379,0
20130419,28.668,29.016,28.48,28.48,43909,0
20130422,28.551,28.83,28.239,28.436,46062,0
20130423,28.596,28.596,28.392,28.454,10390,0
20130424,28.712,28.712,28.392,28.534,13053,0
20130425,28.543,28.543,28.423,28.436,7425,0
20130426,28.488,28.488,28.462,28.48,2251,0
20130429,28.543,28.57,28.48,28.57,14159,0
20130430,28.57,28.927,28.57,28.927,21580,0
20130501,29.069,29.069,28.578,28.623,12348,0
20130502,28.793,29.285,28.757,29.285,17113,0
20130503,29.285,29.372,28.793,28.856,9202,0
20130506,29.239,29.247,28.793,28.953,11292,0
20130507,29.097,29.239,29.006,29.222,10044,0
20130508,29.382,29.417,29.247,29.372,15874,0
20130509,29.176,29.338,29.168,29.247,9902,0
20130510,29.196,29.319,29.181,29.293,12132,0
20130513,29.275,29.372,29.194,29.275,5884,0
20130514,29.372,29.463,29.329,29.463,27315,0
20130515,29.463,29.463,29.285,29.285,29718,0
20130516,29.444,29.463,29.372,29.463,5520,0
20130517,29.463,29.463,29.293,29.338,27387,0
20130520,29.342,29.463,29.338,29.454,6008,0
20130521,29.372,29.829,29.372,29.48,23964,0
20130522,29.685,29.838,29.163,29.829,43540,0
20130523,29.642,29.695,29.141,29.685,21106,0
20130524,29.597,29.82,29.247,29.473,11473,0
20130528,29.551,29.685,29.467,29.526,4334,0
20130529,29.667,29.667,29.417,29.488,16027,0
20130530,29.417,29.642,29.417,29.498,6564,0
20130531,29.516,29.748,29.473,29.676,13080,0
20130603,29.729,29.729,29.382,29.52,15951,0
20130604,29.463,29.729,29.417,29.676,34417,0
20130605,29.56,29.596,29.355,29.355,17875,0
20130606,29.329,29.383,29.285,29.329,7112,0
20130607,29.355,29.551,29.355,29.417,4890,0
20130610,29.82,29.82,29.372,29.372,11746,0
20130611,29.57,29.57,28.811,28.811,23029,0
20130612,28.847,29.58,28.591,28.659,22154,0
20130613,29.02,29.656,28.812,29.048,18544,0
20130614,29.711,29.711,29.093,29.129,19374,0
20130617,29.221,29.681,29.085,29.437,20691,0
20130618,29.711,29.746,29.348,29.412,8863,0
20130619,29.275,30.019,29.175,29.482,24871,0
20130620,29.3,29.883,29.256,29.348,27653,0
20130621,29.348,29.79,29.256,29.3,11169,0
20130624,29.256,29.482,29.256,29.256,14469,0
20130625,29.256,29.393,29.256,29.265,16397,0
20130626,29.374,29.79,29.374,29.711,5676,0
20130627,29.8,29.8,29.736,29.779,4894,0
20130628,30.172,30.264,29.803,29.849,19073,0
20130701,29.791,29.8,29.491,29.701,8933,0
20130702,29.456,29.662,29.348,29.348,15539,0
20130703,29.638,29.638,29.31,29.482,5317,0
20130705,29.584,29.736,29.256,29.256,17820,0
20130708,29.256,29.404,29.112,29.119,7056,0
20130709,29.256,29.256,28.93,28.972,14415,0
20130710,29.084,29.339,28.167,28.939,21552,0
20130711,29.211,29.474,29.104,29.3,7303,0
20130712,29.319,29.437,29.039,29.065,7191,0
20130715,29.148,29.529,29.119,29.319,9996,0
20130716,29.546,29.573,29.3,29.31,7511,0
20130717,29.501,29.573,29.31,29.377,7844,0
20130718,29.3,29.482,29.3,29.356,8137,0
20130719,29.736,29.8,29.482,29.8,29988,0
20130722,29.8,29.8,29.555,29.663,8779,0
20130723,29.8,29.892,29.656,29.692,11958,0
20130724,29.927,29.927,29.584,29.873,12477,0
20130725,29.927,30.064,29.574,29.574,16276,0
20130726,29.393,29.755,29.393,29.663,14244,0
20130729,29.663,29.791,29.402,29.482,22010,0
20130730,29.719,29.755,29.482,29.491,7428,0
20130731,29.51,29.727,29.51,29.727,4838,0
20130801,29.663,30.035,29.501,29.501,23824,0
20130802,29.574,29.782,29.574,29.774,1448,0
20130805,29.538,29.782,29.501,29.601,23238,0
20130806,29.755,29.927,29.692,29.774,14390,0
20130807,29.909,30.055,29.579,29.854,8468,0
20130808,29.755,30.045,29.755,29.791,9753,0
20130809,29.854,30.064,29.765,30.045,10656,0
20130812,29.883,30.073,29.864,30.073,13393,0
20130813,30.073,30.073,29.967,30.045,7066,0
20130814,30.045,30.163,29.963,30.154,12894,0
20130815,30.001,30.154,29.584,30.055,23569,0
20130816,30.163,30.163,29.765,29.864,9552,0
20130819,30.019,30.153,29.755,29.819,22621,0
20130820,30.154,30.163,29.81,29.81,9634,0
20130821,29.982,29.982,29.663,29.682,17518,0
20130822,29.727,30.027,29.727,29.819,9529,0
20130823,29.864,30.027,29.8,29.909,11174,0
20130826,29.982,29.982,29.846,29.854,9825,0
20130827,29.864,29.982,29.846,29.864,12283,0
20130828,29.918,29.927,29.873,29.918,3683,0
20130829,29.892,29.982,29.873,29.955,5461,0
20130830,30.421,30.494,30.356,30.439,6760,0
20130903,30.128,30.128,29.892,30.082,15396,0
20130904,30.145,30.154,29.972,30.027,9986,0
20130905,30.073,30.154,29.955,30.145,14796,0
20130906,30.128,30.128,29.909,29.963,20657,0
20130909,29.982,30.126,29.982,30.103,16393,0
20130910,30.128,30.2,29.918,30.001,41430,0
20130911,29.991,30.2,29.991,30.118,8664,0
20130912,30.494,30.632,30.31,30.403,6711,0
20130913,30.31,30.762,30.31,30.375,19535,0
20130916,30.338,30.715,30.338,30.513,18737,0
20130917,30.403,30.697,30.403,30.504,11139,0
20130918,30.421,30.632,30.421,30.513,6428,0
20130919,30.549,30.586,28.791,29.416,268844,0
20130920,28.956,29.315,25.17,25.612,280431,0
20130923,25.612,28.043,25.612,26.948,148078,0
20130924,26.717,27.712,26.717,26.763,49496,0
20130925,26.726,27.261,26.726,27.159,19764,0
20130926,27.076,27.638,27.076,27.638,19429,0
20130927,27.279,27.758,27.039,27.076,50313,0
20130930,27.039,27.547,26.901,27.408,28878,0
20131001,27.316,27.732,27.114,27.712,24640,0
20131002,27.732,28.007,27.463,27.547,40270,0
20131003,27.454,27.473,27.179,27.269,16173,0
20131004,27.179,27.509,27.003,27.011,20624,0
20131007,27.159,27.373,26.763,26.79,18561,0
20131008,26.939,27.444,26.79,26.845,4776,0
20131009,26.865,27.076,26.818,26.845,10157,0
20131010,26.837,27.538,26.837,27.179,6759,0
20131011,27.179,27.308,26.902,26.994,16464,0
20131014,26.948,27.62,26.948,27.224,9009,0
20131015,27.454,27.547,27.169,27.196,27802,0
20131016,27.324,27.324,27.132,27.132,6514,0
20131017,27.234,27.243,27.132,27.132,7598,0
20131018,27.224,27.408,27.196,27.316,14436,0
20131021,27.538,27.573,27.179,27.269,17910,0
20131022,27.593,27.593,27.15,27.269,20515,0
20131023,27.132,27.454,27.132,27.316,16173,0
20131024,27.509,27.547,27.104,27.104,20406,0
20131025,27.316,27.538,27.179,27.324,11289,0
20131028,27.324,27.528,27.243,27.279,8358,0
20131029,27.187,27.483,27.179,27.279,5536,0
20131030,27.408,27.492,27.224,27.316,9227,0
20131031,27.573,27.573,27.224,27.267,4116,0
20131101,27.324,27.363,27.269,27.269,8900,0
20131104,27.308,27.397,27.179,27.179,11899,0
20131105,27.399,27.399,27.159,27.224,16608,0
20131106,27.308,27.316,26.92,26.929,21926,0
20131107,26.939,27.269,26.92,27.243,6729,0
20131108,27.334,27.389,26.994,27.039,5319,0
20131111,27.205,27.399,27.085,27.353,11127,0
20131112,27.279,27.399,27.141,27.159,12049,0
20131113,27.179,27.353,27.085,27.15,9334,0
20131114,27.085,27.389,26.994,27.104,12591,0
20131115,27.179,27.389,26.956,27.214,15848,0
20131118,27.179,27.353,27.179,27.252,6079,0
20131119,27.363,27.363,27.187,27.261,5082,0
20131120,27.298,27.353,27.179,27.252,4342,0
20131121,27.15,27.224,26.994,27.169,8467,0
20131122,27.224,27.373,27.039,27.132,18453,0
20131125,27.205,27.363,27.179,27.179,7381,0
20131126,27.334,27.363,27.179,27.269,10420,0
20131127,27.252,27.334,27.179,27.279,19429,0
20131129,27.114,27.353,27.114,27.353,720,0
20131202,27.169,27.316,27.132,27.269,13785,0
20131203,27.224,27.224,27.085,27.224,11506,0
20131204,27.353,27.363,27.095,27.289,31478,0
20131205,27.363,27.363,27.279,27.279,4342,0
20131206,27.363,27.363,27.095,27.324,8793,0
20131209,27.363,27.399,27.179,27.38,20949,0
20131210,27.179,27.399,27.179,27.399,14328,0
20131211,27.363,27.399,27.214,27.399,9878,0
20131212,27.718,27.718,26.987,27.127,31605,0
20131213,27.801,27.867,27.099,27.867,27640,0
20131216,27.662,27.784,27.389,27.784,15688,0
20131217,27.867,27.867,27.258,27.267,13233,0
20131218,27.231,27.408,27.08,27.08,14514,0
20131219,27.175,27.801,27.145,27.192,4909,0
20131220,27.267,27.267,27.089,27.099,6300,0
20131223,27.071,27.408,26.977,27.099,24120,0
20131224,26.977,27.58,26.771,26.789,20628,0
20131226,26.771,27.071,26.771,26.818,21345,0
20131227,26.845,27.033,26.799,26.799,13660,0
20131230,26.771,26.987,26.771,26.799,18356,0
20131231,27.165,27.55,26.892,27.379,28922,0
20140102,27.408,27.867,27.372,27.582,10606,0
20140103,27.436,27.642,27.408,27.428,12059,0
20140106,27.408,27.408,27.175,27.175,53574,0
20140107,27.352,27.53,27.175,27.175,11942,0
20140108,27.175,27.389,27.175,27.192,7364,0
20140109,27.615,27.615,27.175,27.287,7257,0
20140110,27.474,27.53,27.287,27.408,13660,0
20140113,27.567,27.567,27.296,27.314,10352,0
20140114,27.314,27.586,27.296,27.389,14407,0
20140115,27.323,27.596,27.323,27.323,7684,0
20140116,27.54,27.586,27.353,27.455,3592,0
20140117,27.408,27.586,27.249,27.249,37672,0
20140121,27.184,27.267,27.175,27.175,15474,0
20140122,27.296,27.455,27.267,27.287,10458,0
20140123,27.372,27.408,27.287,27.314,4482,0
20140124,27.277,27.445,27.175,27.276,11262,0
20140127,27.267,27.445,27.267,27.418,13660,0
20140128,27.267,27.556,27.202,27.372,9097,0
20140129,27.314,27.314,27.267,27.267,3948,0
20140130,27.267,27.408,27.267,27.362,4162,0
20140131,27.343,27.428,27.277,27.428,6660,0
20140203,27.428,27.502,27.287,27.333,15187,0
20140204,27.314,27.436,27.277,27.418,5771,0
20140205,27.314,27.502,27.287,27.494,14330,0
20140206,27.343,27.502,27.343,27.494,4092,0
20140207,27.436,27.455,27.418,27.455,3240,0
20140210,27.445,27.445,27.418,27.423,2301,0
20140211,27.455,27.596,27.455,27.53,7688,0
20140212,27.445,27.55,27.323,27.445,19122,0
20140213,27.362,27.455,27.323,27.362,10890,0
20140214,27.412,27.454,27.314,27.323,11209,0
20140218,27.323,27.352,27.267,27.267,24314,0
20140219,27.267,27.296,26.958,27.053,24265,0
20140220,26.958,27.296,26.799,27.127,13334,0
20140221,26.931,27.08,26.809,26.845,15761,0
20140224,26.94,26.94,26.237,26.368,45503,0
20140225,26.33,26.65,26.237,26.413,12968,0
20140226,26.33,26.603,26.266,26.368,31554,0
20140227,26.603,26.875,26.33,26.799,15515,0
20140228,26.696,26.968,26.481,26.658,18394,0
20140303,26.818,26.98,26.621,26.789,14397,0
20140304,26.65,27.071,26.603,26.999,29365,0
20140305,27.08,27.145,26.893,27.145,10923,0
20140306,27.155,27.436,27.155,27.436,27805,0
20140307,27.445,27.445,27.184,27.389,12722,0
20140310,27.642,27.737,27.445,27.737,20537,0
20140311,27.606,27.98,27.606,27.98,24237,0
20140312,27.906,28.338,27.642,28.279,16287,0
20140313,28.946,29.043,28.443,28.785,18540,0
20140314,28.822,28.919,28.08,28.919,25545,0
20140317,28.919,29.033,28.639,28.735,13469,0
20140318,28.06,29.023,28.06,28.261,16428,0
20140319,28.423,28.804,28.423,28.657,5232,0
20140320,28.489,28.814,28.355,28.661,8321,0
20140321,28.819,29.487,28.499,29.09,19967,0
20140324,29.271,29.271,28.537,29.052,18622,0
20140325,29.08,29.224,29.08,29.167,8887,0
20140326,29.318,29.365,28.718,29.299,14064,0
20140327,29.348,29.348,28.698,28.822,10756,0
20140328,29.023,29.194,28.966,28.976,6761,0
20140331,29.299,29.338,28.594,29.167,16159,0
20140401,29.338,29.442,29.07,29.365,19516,0
20140402,29.422,29.422,29.191,29.422,5873,0
20140403,29.251,29.442,29.225,29.442,21903,0
20140404,29.405,29.442,29.261,29.442,7793,0
20140407,29.442,30.728,29.348,29.48,30752,0
20140408,29.9,29.9,29.543,29.595,11741,0
20140409,29.576,29.69,29.538,29.546,10521,0
20140410,29.538,29.861,29.538,29.767,12109,0
20140411,29.67,29.918,29.633,29.881,12435,0
20140414,29.538,29.966,29.538,29.595,11848,0
20140415,30.014,30.014,29.389,29.442,16004,0
20140416,29.719,29.719,29.07,29.414,14303,0
20140417,29.595,29.595,28.734,28.785,44931,0
20140421,29.052,29.163,28.832,28.832,15899,0
20140422,29.051,29.051,28.861,28.946,13261,0
20140423,28.879,29.002,28.871,28.871,5220,0
20140424,28.995,29.059,28.775,29.059,13741,0
20140425,29.06,29.452,28.966,29.452,38885,0
20140428,29.442,29.653,29.328,29.405,13078,0
20140429,29.647,29.731,29.118,29.462,8890,0
20140430,29.499,29.985,29.499,29.985,7947,0
20140501,29.794,30.157,29.613,30.062,21843,0
20140502,29.909,29.909,29.589,29.871,9401,0
20140505,29.596,29.727,29.596,29.719,6429,0
20140506,29.719,29.727,29.623,29.635,6201,0
20140507,29.576,29.9,29.299,29.356,28333,0
20140508,29.727,29.727,29.432,29.662,4684,0
20140509,29.462,29.643,29.462,29.603,8657,0
20140512,29.719,29.909,29.529,29.891,7284,0
20140513,29.785,30.014,29.71,30.005,28880,0
20140514,30.014,30.31,29.918,30.31,19834,0
20140515,30.204,30.404,29.881,30.166,10894,0
20140516,30.262,30.481,29.957,30.29,16041,0
20140519,30.214,30.719,30.214,30.576,20182,0
20140520,30.385,30.881,30.223,30.519,13682,0
20140521,30.385,30.86,30.385,30.528,3527,0
20140522,30.606,30.801,30.31,30.31,8163,0
20140523,30.328,30.652,30.262,30.347,11058,0
20140527,30.424,30.623,30.395,30.5,2364,0
20140528,30.424,30.5,30.28,30.49,1950,0
20140529,30.49,30.681,30.406,30.681,4274,0
20140530,30.424,30.583,30.262,30.576,4658,0
20140602,30.586,30.586,30.3,30.452,10879,0
20140603,30.49,30.586,30.49,30.49,6785,0
20140604,30.347,30.347,29.662,29.9,17279,0
20140605,30.005,30.49,29.785,30.09,16378,0
20140606,30.119,30.338,29.758,30.12,11355,0
20140609,30.225,30.738,29.975,30.318,11372,0
20140610,30.462,30.462,29.918,29.918,6822,0
20140611,30.071,30.071,29.804,29.861,9080,0
20140612,30.113,30.617,29.929,30.345,13226,0
20140613,30.201,30.355,30.065,30.097,4280,0
20140616,30.259,30.259,29.961,29.977,4882,0
20140617,29.871,30.248,29.871,30.084,7295,0
20140618,30.239,30.259,29.919,29.974,9446,0
20140619,29.949,30.829,29.949,30.171,1542,0
20140620,30.21,30.443,29.939,30.133,12277,0
20140623,30.103,30.462,29.881,30.394,11231,0
20140624,30.219,30.501,30.219,30.278,11987,0
20140625,30.404,30.557,30.379,30.443,5832,0
20140626,30.675,30.713,30.568,30.607,6068,0
20140627,30.781,30.859,30.549,30.762,7408,0
20140630,30.607,30.839,30.559,30.568,10006,0
20140701,30.471,30.839,30.347,30.507,19034,0
20140702,30.588,30.83,30.481,30.752,6919,0
20140703,30.752,30.781,30.617,30.646,3000,0
20140707,30.752,30.752,30.26,30.68,13673,0
20140708,30.413,30.655,30.404,30.404,7342,0
20140709,30.404,30.704,30.404,30.462,2978,0
20140710,30.481,30.501,30.268,30.268,5439,0
20140711,30.21,30.685,30.21,30.675,20518,0
20140714,30.51,30.839,30.51,30.839,6016,0
20140715,30.588,30.83,30.51,30.702,6218,0
20140716,30.694,30.694,30.53,30.539,4156,0
20140717,30.597,30.597,30.259,30.259,9033,0
20140718,30.413,30.743,30.404,30.743,12886,0
20140721,30.704,30.71,30.501,30.53,4085,0
20140722,30.549,30.665,30.529,30.559,5523,0
20140723,30.549,30.626,30.503,30.578,5939,0
20140724,30.535,30.588,30.535,30.588,4179,0
20140725,30.588,30.588,30.529,30.588,8539,0
20140728,30.588,30.588,30.52,30.549,2615,0
20140729,30.588,30.743,30.568,30.694,5667,0
20140730,30.713,30.713,30.568,30.568,5801,0
20140731,30.491,30.704,30.21,30.21,6626,0
20140801,30.219,30.481,30.219,30.443,6184,0
20140804,30.287,30.471,30.229,30.268,8541,0
20140805,30.259,30.268,29.891,29.919,17611,0
20140806,29.784,30.143,29.745,30.017,12590,0
20140807,29.987,30.501,29.775,30.443,15681,0
20140808,29.868,30.423,29.868,30.423,3178,0
20140811,30.355,30.49,30.035,30.365,12793,0
20140812,30.433,30.491,30.157,30.468,3966,0
20140813,30.481,30.501,30.153,30.501,4651,0
20140814,30.501,30.588,30.376,30.501,4118,0
20140815,30.268,30.578,30.268,30.51,4786,0
20140818,30.781,30.791,30.588,30.791,17382,0
20140819,30.51,30.791,30.51,30.713,3012,0
20140820,30.713,30.713,30.471,30.471,9615,0
20140821,29.784,30.713,29.561,30.578,6240,0
20140822,30.685,30.685,30.065,30.307,2608,0
20140825,30.471,30.674,29.807,30.646,7485,0
20140826,30.491,30.732,30.491,30.732,9879,0
20140827,30.723,30.723,30.653,30.723,3642,0
20140828,30.539,30.694,30.171,30.685,7867,0
20140829,30.694,30.694,30.444,30.549,11683,0
20140902,30.636,30.762,29.735,29.823,19040,0
20140903,30.055,30.685,29.6,29.649,25584,0
20140904,29.775,30.133,29.019,29.019,24039,0
20140905,29.291,29.716,29.193,29.339,12794,0
20140908,29.213,29.509,29.155,29.261,6625,0
20140909,29.435,29.677,29.097,29.358,26567,0
20140910,29.241,30.249,29.241,29.667,17818,0
20140911,29.3,30.201,29.194,30.113,19096,0
20140912,30.349,30.351,29.729,29.798,15096,0
20140915,29.926,30.143,29.857,29.966,9140,0
20140916,30.143,30.497,30.034,30.034,19162,0
20140917,30.182,30.182,29.769,29.818,19505,0
20140918,29.686,30.015,29.686,29.985,8783,0
20140919,30.015,30.192,29.67,30.018,14768,0
20140922,29.818,30.235,29.601,29.67,6325,0
20140923,29.926,29.926,29.326,29.542,9875,0
20140924,29.621,29.621,29.287,29.434,8990,0
20140925,29.67,29.749,29.434,29.7,7696,0
20140926,29.788,29.966,29.454,29.67,6387,0
20140929,29.661,29.955,29.661,29.67,6705,0
20140930,29.916,30.231,29.592,29.635,34271,0
20141001,29.926,30.192,29.651,30.094,12662,0
20141002,29.995,30.283,29.975,30.162,8522,0
20141003,30.084,30.399,29.835,30.362,8315,0
20141006,30.221,30.645,30.221,30.279,13010,0
20141007,30.221,30.223,29.975,30.212,4165,0
20141008,30.192,30.266,29.596,30.261,18849,0
20141009,30.054,30.408,29.769,29.769,6616,0
20141010,29.759,30.296,29.523,29.621,5831,0
20141013,29.533,30.005,29.523,29.601,8339,0
20141014,29.572,29.966,29.552,29.552,9202,0
20141015,29.661,29.769,29.326,29.57,18476,0
20141016,29.395,29.956,29.326,29.956,18651,0
20141017,29.788,29.966,29.306,29.306,25900,0
20141020,29.267,29.503,29.188,29.237,29535,0
20141021,29.326,29.621,29.267,29.493,17648,0
20141022,29.523,29.523,29.257,29.483,7956,0
20141023,29.523,29.523,29.316,29.49,13767,0
20141024,29.542,29.738,29.424,29.601,23726,0
20141027,29.523,29.67,29.523,29.653,6402,0
20141028,29.582,29.818,29.582,29.68,11736,0
20141029,29.601,29.808,29.583,29.808,1656,0
20141030,29.779,29.961,29.631,29.67,4600,0
20141031,29.523,29.926,29.365,29.631,18122,0
20141103,29.907,30.113,29.709,30.034,8977,0
20141104,30.113,30.113,29.552,29.798,9277,0
20141105,29.966,29.975,29.759,29.892,3694,0
20141106,29.887,29.946,29.788,29.907,6055,0
20141107,29.749,29.897,29.729,29.77,13382,0
20141110,29.867,29.905,29.779,29.779,9705,0
20141111,29.69,29.918,29.69,29.838,12503,0
20141112,29.975,30.084,29.72,29.847,6731,0
20141113,29.798,29.838,29.67,29.72,8275,0
20141114,29.645,29.924,29.645,29.769,12647,0
20141117,29.7,29.916,29.7,29.897,12762,0
20141118,29.966,30.113,29.857,30.015,10201,0
20141119,30.064,30.251,29.998,30.198,15457,0
20141120,29.936,30.615,29.759,30.595,19943,0
20141121,30.625,30.635,30.409,30.586,6672,0
20141124,30.419,30.704,30.236,30.694,7160,0
20141125,30.704,30.704,30.369,30.605,7146,0
20141126,30.497,30.979,30.182,30.861,15041,0
20141128,30.851,31.127,30.67,30.822,4412,0
20141201,30.832,30.871,30.779,30.841,6831,0
20141202,30.654,31.009,30.54,31.009,7921,0
20141203,31.009,31.147,30.851,30.91,5739,0
20141204,31.284,31.284,30.576,30.664,15947,0
20141205,30.822,31.235,30.595,30.694,1774,0
20141208,31.019,31.176,30.527,30.527,13624,0
20141209,30.713,30.999,30.527,30.915,6356,0
20141210,30.586,31.245,30.556,30.782,14372,0
20141211,30.861,30.969,30.701,30.861,3389,0
20141212,30.918,30.968,30.753,30.93,3391,0
20141215,31.3,31.49,30.75,30.787,16330,0
20141216,30.61,31.18,30.61,30.82,3025,0
20141217,31.2,31.2,30.813,31.17,3084,0
20141218,31.2,31.2,30.76,30.957,7751,0
20141219,30.816,31.19,30.78,31.19,4399,0
20141222,31.1,31.1,30.891,31.04,3511,0
20141223,31.05,31.19,30.61,31.19,8291,0
20141224,30.83,30.99,30.73,30.85,4853,0
20141226,31.02,31.13,30.888,31.13,3090,0
20141229,31.27,31.27,30.62,31.02,14402,0
20141230,30.634,31.02,30.634,31.009,7665,0
20141231,31.42,31.42,31.11,31.16,17556,0
20150102,31.36,31.4,31.151,31.27,12146,0
20150105,31.3,31.4,31,31.067,2615,0
20150106,31.045,31.364,31.02,31.29,5482,0
20150107,31.4,31.4,31.036,31.29,3556,0
20150108,31.37,31.37,31.15,31.33,8844,0
20150109,31.4,31.4,31.2,31.37,10179,0
20150112,31.24,31.4,31.23,31.26,7574,0
20150113,31.25,31.4,30.66,30.73,25851,0
20150114,30.38,30.53,29.85,30.24,38990,0
20150115,30.07,30.79,29.98,30.79,15831,0
20150116,30.46,31.4,30.46,31.4,19333,0
