Date,Open,High,Low,Close,Volume,OpenInt
20130118,19.663,20.693,19.344,19.85,13602035,0
20130122,19.794,20.739,19.223,20.71,1823607,0
20130123,20.412,21.16,20.373,21.16,1198860,0
20130124,21.442,21.525,20.253,20.607,502889,0
20130125,20.636,21.067,20.365,20.467,368123,0
20130128,20.748,20.748,19.916,20.131,575415,0
20130129,19.943,20.309,19.709,20.037,616403,0
20130130,19.897,20.589,19.559,19.738,239449,0
20130131,19.418,20.44,19.288,19.821,567909,0
20130201,19.775,20.458,19.775,20.309,523582,0
20130204,20.178,20.477,19.803,20.431,232052,0
20130205,20.402,21.151,20.168,20.823,356428,0
20130206,20.646,21.067,20.646,21.067,295478,0
20130207,21.067,21.085,20.636,20.777,195499,0
20130208,20.88,21.291,20.88,21.16,187352,0
20130211,21.301,21.535,21.114,21.226,126427,0
20130212,21.067,21.16,20.135,20.327,367542,0
20130213,20.458,20.71,19.99,20.206,481568,0
20130214,20.393,21.057,20.131,20.701,329134,0
20130215,20.622,21.32,20.486,20.963,1114216,0
20130219,20.927,21.002,20.553,20.87,914793,0
20130220,20.758,20.758,20.458,20.607,622164,0
20130221,20.655,20.851,20.318,20.383,562044,0
20130222,20.477,20.851,20.412,20.534,166318,0
20130225,20.561,20.683,20.318,20.44,359596,0
20130226,20.448,20.467,19.69,20.346,324210,0
20130227,20.214,21.067,19.494,19.84,1112824,0
20130228,19.738,20.206,19.69,19.952,526747,0
20130301,19.869,20.617,19.709,20.186,531153,0
20130304,20.186,20.768,20.065,20.701,188243,0
20130305,20.636,22.199,20.636,21.564,359423,0
20130306,21.535,21.759,21.394,21.535,327755,0
20130307,21.535,21.564,20.758,21.33,235501,0
20130308,21.432,21.54,21.048,21.179,146993,0
20130311,21.085,21.114,20.467,20.88,146010,0
20130312,20.815,20.889,20.598,20.739,88508,0
20130313,20.927,21.011,20.477,20.543,375198,0
20130314,20.598,20.777,20.373,20.458,204211,0
20130315,20.365,20.397,20.084,20.121,315574,0
20130318,19.999,20.402,19.952,20.355,309295,0
20130319,20.355,20.57,20.159,20.45,154569,0
20130320,20.505,20.973,20.346,20.665,552254,0
20130321,20.505,21.002,20.477,20.71,369140,0
20130322,20.973,21.731,20.72,21.497,369034,0
20130325,21.535,21.618,21.264,21.423,194216,0
20130326,21.455,21.737,21.191,21.568,215879,0
20130327,21.351,21.691,21.153,21.219,229571,0
20130328,21.304,21.614,21.03,21.539,2910939,0
20130401,21.624,22.001,21.369,21.851,466317,0
20130402,22.115,23.095,21.832,22.284,355457,0
20130403,22.266,22.341,21.898,21.973,108797,0
20130404,22.077,22.247,21.992,22.162,159398,0
20130405,22.04,22.671,21.756,22.312,247613,0
20130408,22.351,22.379,22.021,22.086,163038,0
20130409,22.096,22.275,22.011,22.058,72931,0
20130410,22.058,22.587,21.936,22.379,176784,0
20130411,22.425,22.729,22.18,22.361,89490,0
20130412,22.416,22.729,22.406,22.567,99269,0
20130415,22.567,22.823,21.785,21.983,158191,0
20130416,22.04,22.756,22.04,22.523,320066,0
20130417,22.474,22.632,21.879,22.238,81148,0
20130418,22.746,22.774,22.379,22.616,221935,0
20130419,22.642,22.756,22.351,22.567,158299,0
20130422,22.756,22.756,22.04,22.587,176362,0
20130423,22.681,22.813,22.19,22.71,153806,0
20130424,22.741,22.926,22.401,22.681,125086,0
20130425,22.746,22.905,22.199,22.303,114495,0
20130426,22.341,22.558,21.973,22.493,98952,0
20130429,22.746,23.424,22.69,22.85,263140,0
20130430,22.888,23.02,22.389,22.625,331645,0
20130501,22.529,22.616,22.322,22.341,212552,0
20130502,22.51,22.974,22.332,22.729,182324,0
20130503,23.011,23.011,22.632,22.729,275094,0
20130506,22.823,22.847,22.406,22.464,163341,0
20130507,22.538,22.642,22.256,22.361,220695,0
20130508,22.361,22.435,22.067,22.303,239777,0
20130509,22.293,22.548,20.983,21.446,609838,0
20130510,21.446,21.737,21.238,21.369,411591,0
20130513,21.397,21.728,21.134,21.36,285459,0
20130514,21.36,21.446,20.747,21.115,355054,0
20130515,21.691,21.691,20.831,21.219,415146,0
20130516,21.539,21.539,21.012,21.134,395732,0
20130517,21.125,21.238,20.663,20.964,490228,0
20130520,21.171,21.191,20.709,20.804,369109,0
20130521,20.747,20.927,20.521,20.682,315424,0
20130522,20.663,20.87,20.078,20.21,297800,0
20130523,20.106,20.682,19.852,20.615,279552,0
20130524,20.454,20.776,20.454,20.654,177979,0
20130528,21.323,21.417,20.776,20.851,908982,0
20130529,20.831,21.162,20.323,20.625,315142,0
20130530,20.634,20.87,20.285,20.691,119535,0
20130531,20.512,20.753,20.266,20.445,323016,0
20130603,20.587,20.738,19.899,20.058,234293,0
20130604,20.04,20.04,19.163,19.597,613772,0
20130605,19.597,20.172,19.569,19.993,488284,0
20130606,20.313,20.313,19.616,20.143,203459,0
20130607,20.276,20.521,20.04,20.078,150901,0
20130610,20.482,20.7,20.238,20.492,299131,0
20130611,20.313,20.502,20.115,20.351,137935,0
20130612,20.559,20.682,19.889,19.899,190279,0
20130613,19.945,20.427,19.71,20.427,173231,0
20130614,20.454,20.492,20.05,20.087,93986,0
20130617,20.256,20.305,19.823,19.899,111988,0
20130618,19.993,20.181,19.87,19.899,118599,0
20130619,19.955,20.125,19.587,19.672,100931,0
20130620,19.465,19.465,18.334,18.334,393653,0
20130621,18.371,18.437,17.927,18.295,335020,0
20130624,18.069,18.398,17.966,18.108,263943,0
20130625,18.266,18.266,17.927,18.059,211088,0
20130626,18.259,18.292,17.975,18.05,592763,0
20130627,18.079,18.839,18.054,18.744,491947,0
20130628,18.754,20.066,18.563,19.724,807220,0
20130701,19.828,20.009,19.506,19.828,258868,0
20130702,19.753,19.823,19.629,19.772,160433,0
20130703,19.658,19.828,19.562,19.791,59340,0
20130705,20.161,20.161,19.557,19.818,176765,0
20130708,19.915,20.085,19.552,19.867,202193,0
20130709,20.275,20.275,19.886,20.161,601316,0
20130710,20.247,20.627,20.115,20.552,335049,0
20130711,20.865,20.989,20.552,20.969,155126,0
20130712,21.008,21.131,20.782,20.855,118665,0
20130715,20.675,20.951,20.561,20.836,185991,0
20130716,20.884,20.884,20.598,20.656,117034,0
20130717,20.826,21.017,20.542,20.656,294982,0
20130718,20.741,20.808,20.446,20.656,118943,0
20130719,20.598,20.808,20.419,20.579,125100,0
20130722,20.617,20.789,20.342,20.419,129432,0
20130723,20.399,20.647,20.171,20.256,242685,0
20130724,20.389,20.818,20.019,20.114,122822,0
20130725,20.142,20.399,19.344,19.981,336907,0
20130726,19.818,19.952,19.684,19.743,429103,0
20130729,19.781,19.781,19.392,19.6,68538,0
20130730,19.704,19.704,19.467,19.534,250421,0
20130731,19.572,19.818,19.164,19.353,221882,0
20130801,19.486,20.076,19.258,19.62,105704,0
20130802,19.572,19.704,19.02,19.324,75657,0
20130805,19.334,19.545,19.068,19.324,52909,0
20130806,19.344,19.66,19.344,19.506,101092,0
20130807,19.791,19.791,18.896,19.02,169005,0
20130808,19.153,19.322,18.297,18.554,497820,0
20130809,18.554,18.773,18.278,18.697,185875,0
20130812,18.716,18.754,18.364,18.478,135091,0
20130813,18.449,18.535,18.04,18.326,137234,0
20130814,18.336,18.336,17.898,17.965,246073,0
20130815,18.059,18.297,17.451,17.488,178261,0
20130816,17.384,17.651,17.118,17.27,356603,0
20130819,17.156,17.451,17.09,17.099,145307,0
20130820,17.176,17.698,17.057,17.575,267756,0
20130821,17.575,17.869,17.355,17.831,170348,0
20130822,17.641,18.212,17.641,17.993,141860,0
20130823,17.993,18.108,17.812,18.012,69843,0
20130826,18.059,18.326,18.04,18.183,87731,0
20130827,18.069,18.212,17.841,18.154,167912,0
20130828,18.183,18.241,17.975,18.117,95623,0
20130829,18.126,18.392,18.079,18.307,132621,0
20130830,18.317,18.488,18.121,18.126,178443,0
20130903,18.259,18.43,18.126,18.326,82584,0
20130904,18.363,18.391,18.056,18.315,156118,0
20130905,18.401,18.65,18.247,18.516,278360,0
20130906,18.668,18.706,18.287,18.317,108527,0
20130909,18.431,18.639,18.212,18.525,80014,0
20130910,18.488,18.592,18.117,18.164,95766,0
20130911,18.164,18.345,17.945,18.287,137369,0
20130912,18.592,18.773,18.193,18.573,171528,0
20130913,18.659,18.659,18.145,18.411,71298,0
20130916,18.611,18.686,18.421,18.478,69936,0
20130917,18.497,18.639,18.449,18.497,58897,0
20130918,18.411,18.744,17.851,18.687,336153,0
20130919,18.677,18.982,18.677,18.801,73442,0
20130920,18.801,18.915,18.526,18.545,366971,0
20130923,18.583,18.763,17.918,18.525,74341,0
20130924,18.545,18.63,18.307,18.488,140483,0
20130925,18.434,18.67,18.426,18.488,92049,0
20130926,18.603,18.612,18.123,18.257,232559,0
20130927,18.181,18.266,17.874,18.114,111045,0
20130930,18.22,18.247,17.605,18.22,111997,0
20131001,18.22,18.315,17.799,18.095,267775,0
20131002,18.027,18.276,17.864,18.152,50787,0
20131003,18.056,18.276,17.73,17.787,368443,0
20131004,17.749,18.171,17.682,17.759,148817,0
20131007,17.672,17.998,17.614,17.624,80406,0
20131008,17.874,18.181,17.319,17.319,136093,0
20131009,17.355,17.644,16.695,17.394,380854,0
20131010,17.539,17.96,17.519,17.721,159420,0
20131011,17.739,18.22,17.73,17.97,176631,0
20131014,17.864,18.114,17.787,17.855,146064,0
20131015,17.864,18.075,17.797,17.826,129070,0
20131016,18.67,19.158,17.739,17.797,619736,0
20131017,17.797,19.053,17.452,18.967,468976,0
20131018,19.14,19.37,18.747,19.322,375952,0
20131021,19.38,20.137,19.14,19.878,334865,0
20131022,19.897,20.146,19.878,20.146,287414,0
20131023,20.127,20.53,19.878,20.118,242570,0
20131024,20.78,20.78,19.514,19.658,240068,0
20131025,19.715,20.003,19.6,19.82,112629,0
20131028,19.801,19.83,19.59,19.82,80717,0
20131029,19.839,20.146,19.667,19.734,182501,0
20131030,19.705,19.792,18.804,19.168,246533,0
20131031,19.236,19.317,18.679,18.689,259199,0
20131101,18.65,19.293,18.516,18.957,218794,0
20131104,19.063,19.14,18.123,18.478,278671,0
20131105,18.335,18.765,18.085,18.239,397018,0
20131106,18.391,18.391,17.289,17.404,378769,0
20131107,17.902,19.236,17.836,18.66,864222,0
20131108,18.756,19.686,18.555,18.842,415059,0
20131111,18.871,19.101,18.555,18.737,289169,0
20131112,18.756,19.168,18.516,18.65,286371,0
20131113,18.593,19.667,18.593,19.542,215194,0
20131114,19.485,20.443,19.187,20.281,189592,0
20131115,20.242,20.626,19.561,20.06,172699,0
20131118,20.012,20.76,19.964,20.55,180833,0
20131119,20.521,20.789,19.849,20.328,243241,0
20131120,20.415,20.914,19.734,20.481,144228,0
20131121,20.511,20.721,20.176,20.501,142248,0
20131122,20.521,20.665,19.964,20.051,139744,0
20131125,19.954,20.606,19.58,19.849,213058,0
20131126,19.82,20.137,19.158,19.283,1986969,0
20131127,19.265,19.792,18.996,19.561,250600,0
20131129,19.658,19.82,19.27,19.59,71173,0
20131202,19.6,19.974,19.465,19.83,245282,0
20131203,19.686,19.897,19.648,19.734,126499,0
20131204,19.639,19.715,19.37,19.58,143497,0
20131205,19.648,20.041,19.456,19.888,106581,0
20131206,20.099,20.31,19.839,19.984,90207,0
20131209,20.099,20.3,18.852,19.907,110647,0
20131210,19.954,20.233,19.744,19.907,191574,0
20131211,19.878,20.367,19.61,19.82,266766,0
20131212,19.773,19.902,19.667,19.773,484079,0
20131213,19.81,20.214,19.514,20.137,171865,0
20131216,20.184,20.511,20.108,20.453,252895,0
20131217,20.415,21.182,20.3,20.99,186255,0
20131218,20.924,20.99,20.568,20.932,212119,0
20131219,20.866,21.01,20.665,20.76,109293,0
20131220,20.76,21.374,20.587,21.307,259362,0
20131223,21.326,21.835,21.22,21.345,124832,0
20131224,21.383,21.568,21.336,21.499,57384,0
20131226,21.49,22.157,21.442,21.644,147747,0
20131227,21.606,21.73,21.036,21.49,138739,0
20131230,21.432,21.614,21.075,21.538,109335,0
20131231,21.442,21.703,21.152,21.568,133976,0
20140102,21.722,21.722,20.689,21.104,314140,0
20140103,21.104,21.307,20.832,21.142,148995,0
20140106,21.248,21.614,20.93,21.104,203968,0
20140107,21.104,21.393,20.905,21.248,246674,0
20140108,21.297,21.442,21.016,21.201,208005,0
20140109,21.287,21.287,20.736,20.958,152406,0
20140110,21.016,21.229,20.62,20.93,88627,0
20140113,20.93,20.93,20.466,20.736,211526,0
20140114,20.842,20.958,20.736,20.862,135944,0
20140115,20.93,21.142,20.736,21.055,256047,0
20140116,21.094,21.384,20.939,21.161,178283,0
20140117,21.201,21.21,20.823,21.055,295701,0
20140121,21.181,21.412,21.113,21.248,154891,0
20140122,21.336,21.403,21.055,21.326,157169,0
20140123,21.258,21.588,21.201,21.403,126729,0
20140124,21.326,21.49,21.191,21.219,169308,0
20140127,21.364,21.703,21.084,21.113,180983,0
20140128,21.181,21.364,20.872,21.21,123734,0
20140129,21.181,21.239,20.485,20.746,352853,0
20140130,20.978,21.229,20.544,20.766,106953,0
20140131,20.554,20.978,20.254,20.872,144244,0
20140203,20.92,21.06,20.167,20.379,165889,0
20140204,20.505,20.716,20.128,20.35,192552,0
20140205,20.186,20.399,19.868,20.157,156725,0
20140206,20.273,20.288,19.52,19.742,185293,0
20140207,19.974,20.33,19.636,19.944,175594,0
20140210,20.003,20.186,19.558,20.118,120012,0
20140211,20.224,20.615,20.157,20.428,178660,0
20140212,20.138,20.601,19.924,20.244,112685,0
20140213,20.214,20.62,20.109,20.554,84042,0
20140214,20.61,20.61,20.147,20.36,61121,0
20140218,20.592,20.62,20.456,20.554,78807,0
20140219,20.592,21.152,20.379,21.104,197600,0
20140220,21.345,22.214,21.036,21.268,249441,0
20140221,21.412,22.021,21.113,21.132,253795,0
20140224,21.442,21.896,20.62,20.988,427712,0
20140225,20.823,21.606,20.823,21.055,216071,0
20140226,20.91,21.364,20.814,20.842,186161,0
20140227,20.862,20.892,20.601,20.698,186602,0
20140228,21.133,21.587,20.795,21.462,515020,0
20140303,20.95,21.712,20.95,21.654,161443,0
20140304,22.069,22.195,21.809,21.896,246407,0
20140305,21.809,22.35,21.809,22.205,227886,0
20140306,22.099,22.552,22.089,22.291,163897,0
20140307,22.638,22.638,21.828,21.925,135267,0
20140310,21.953,22.157,21.684,21.896,202151,0
20140311,21.973,22.043,21.74,21.837,122347,0
20140312,21.809,22.021,21.674,21.925,125478,0
20140313,22.002,22.166,21.756,21.857,223639,0
20140314,21.896,22.35,21.307,21.442,126606,0
20140317,21.518,21.78,21.508,21.684,219826,0
20140318,21.722,21.75,21.528,21.606,142956,0
20140319,21.644,21.65,21.094,21.171,105546,0
20140320,21.219,21.239,20.91,21.113,115159,0
20140321,21.355,21.393,20.864,21.016,306052,0
20140324,20.852,21.055,20.776,20.939,112611,0
20140325,20.949,21.307,20.726,20.958,126309,0
20140326,21.095,21.213,20.714,20.793,143447,0
20140327,20.871,20.978,20.188,20.51,264143,0
20140328,20.578,20.762,19.974,20.14,204531,0
20140331,20.286,20.52,19.876,20.315,286943,0
20140401,20.393,21.359,20.334,21.305,327328,0
20140402,21.232,21.544,21.125,21.29,143923,0
20140403,21.397,21.768,21.066,21.651,589569,0
20140404,22.09,22.11,21.631,21.701,365957,0
20140407,21.681,21.885,20.998,21.027,197909,0
20140408,21.095,21.251,20.578,21.037,178425,0
20140409,21.027,21.34,20.91,21.232,98727,0
20140410,21.29,21.447,20.433,20.461,149668,0
20140411,20.12,20.334,19.906,20.003,165338,0
20140414,19.993,20.13,19.574,19.7,229787,0
20140415,19.71,19.71,19.126,19.35,179262,0
20140416,19.652,19.652,19.213,19.506,269485,0
20140417,19.408,19.642,19.037,19.544,332294,0
20140421,19.769,20.14,19.33,19.867,434144,0
20140422,19.924,20.091,19.564,20.013,369109,0
20140423,19.613,20.071,19.613,19.72,172892,0
20140424,19.73,19.876,19.437,19.574,240804,0
20140425,19.447,19.712,19.106,19.408,241368,0
20140428,19.671,19.944,19.389,19.506,143654,0
20140429,19.876,19.876,19.3,19.476,187880,0
20140430,19.496,19.554,19.33,19.506,164990,0
20140501,19.535,19.535,19.067,19.506,150467,0
20140502,19.623,19.69,19.447,19.603,119163,0
20140505,19.526,19.769,19.291,19.564,94345,0
20140506,19.535,19.75,19.34,19.408,149963,0
20140507,19.526,19.642,19.252,19.564,178021,0
20140508,20.383,21.251,19.805,20.48,284701,0
20140509,20.53,21.066,20.325,21.046,116662,0
20140512,21.183,21.554,21.046,21.29,133430,0
20140513,21.3,21.602,21.203,21.387,161300,0
20140514,21.3,21.564,21.115,21.349,106868,0
20140515,21.261,21.593,20.881,21.32,171572,0
20140516,21.27,21.671,20.998,21.534,245797,0
20140519,21.467,21.827,21.32,21.407,108799,0
20140520,21.681,21.944,21.105,21.222,129936,0
20140521,21.261,21.554,21.076,21.407,136397,0
20140522,21.602,21.681,21.28,21.31,181951,0
20140523,21.397,22.119,21.163,21.359,192718,0
20140527,21.588,22.319,21.32,22.139,328633,0
20140528,22.042,22.398,21.87,22.207,250773,0
20140529,22.177,22.304,21.827,22.237,205542,0
20140530,22.129,22.431,21.987,22.314,175820,0
20140602,22.334,22.441,22.11,22.383,211273,0
20140603,22.246,22.431,22.032,22.168,94375,0
20140604,21.963,22.324,21.925,22.09,56081,0
20140605,22.129,22.568,21.925,22.451,120728,0
20140606,22.598,22.608,22.222,22.383,141336,0
20140609,22.177,22.471,21.992,22.207,87025,0
20140610,22.177,22.334,22.002,22.187,71261,0
20140611,22.344,22.392,22.07,22.168,132064,0
20140612,22.139,22.294,22.002,22.129,147597,0
20140613,22.237,22.344,21.856,21.953,86042,0
20140616,22.266,22.461,22.227,22.304,250966,0
20140617,22.314,22.645,21.808,22.501,256094,0
20140618,22.256,23.183,21.437,22.86,891441,0
20140619,22.812,23.388,22.598,22.919,433848,0
20140620,23.241,23.749,23.158,23.505,6530421,0
20140623,23.582,24.265,23.271,24.041,864089,0
20140624,23.894,24.337,23.505,24.05,950494,0
20140625,24.159,24.282,23.676,24.139,707672,0
20140626,24.129,24.483,23.686,24.415,437054,0
20140627,24.385,24.493,24.08,24.345,790934,0
20140630,24.227,24.591,23.952,24.493,467509,0
20140701,24.493,25.054,24.316,24.857,961607,0
20140702,24.729,24.827,24.335,24.513,443245,0
20140703,24.483,24.69,24.267,24.503,213810,0
20140707,24.493,24.699,24.001,24.08,275655,0
20140708,23.972,24.415,23.847,24.129,487951,0
20140709,24.129,24.188,23.716,24.031,503587,0
20140710,23.746,24.552,23.608,24.375,852023,0
20140711,24.473,24.518,23.913,24.385,291964,0
20140714,24.493,24.719,24.473,24.611,400322,0
20140715,24.591,25.024,24.119,24.975,545835,0
20140716,25.014,25.24,24.768,25.122,485049,0
20140717,24.955,25.447,24.857,24.936,413312,0
20140718,24.936,25.408,24.749,25.31,314893,0
20140721,25.004,25.462,25.004,25.378,393803,0
20140722,25.575,25.899,25.211,25.762,562799,0
20140723,25.772,26.091,25.762,26.037,540471,0
20140724,25.929,26.145,25.791,25.939,324278,0
20140725,25.752,26.027,25.556,25.732,519751,0
20140728,25.723,25.742,25.447,25.595,293630,0
20140729,25.693,25.909,25.29,25.408,460925,0
20140730,25.575,25.644,25.024,25.348,514068,0
20140731,25.202,25.32,24.365,24.443,2283274,0
20140801,24.463,25.034,24.099,24.316,686290,0
20140804,24.345,24.513,24.099,24.375,323027,0
20140805,24.385,24.955,24.08,24.877,482959,0
20140806,23.608,25.438,23.254,25.25,694697,0
20140807,25.26,25.28,24.129,24.621,627817,0
20140808,24.601,25.122,24.353,24.778,208121,0
20140811,24.896,25.152,24.749,24.896,194274,0
20140812,24.847,25.118,24.66,24.916,239444,0
20140813,24.955,25.184,24.768,25.054,274993,0
20140814,25.162,25.575,25.132,25.546,203614,0
20140815,25.919,25.929,25.298,25.496,502774,0
20140818,25.723,25.909,25.438,25.693,271557,0
20140819,25.742,26.017,25.476,25.939,144512,0
20140820,25.831,25.969,25.476,25.88,182192,0
20140821,26.037,26.253,25.757,26.008,240733,0
20140822,25.988,26.253,25.476,25.919,310126,0
20140825,26.047,26.107,25.536,25.821,238860,0
20140826,25.821,25.899,25.526,25.604,180102,0
20140827,25.506,25.659,24.719,25.172,550024,0
20140828,25.142,25.27,24.847,25.112,176893,0
20140829,25.24,25.673,24.857,25.614,434024,0
20140902,25.644,25.899,25.32,25.368,352817,0
20140903,25.467,26.175,24.818,25.673,344561,0
20140904,25.752,26.047,24.994,25.634,121185,0
20140905,25.575,25.979,25.476,25.821,156193,0
20140908,25.693,26.362,25.693,26.303,224870,0
20140909,26.235,26.263,25.876,26.017,251883,0
20140910,25.89,26.441,25.24,25.644,331596,0
20140911,25.575,25.949,25.28,25.723,189095,0
20140912,25.673,25.683,24.985,25.024,314858,0
20140915,24.916,25.112,24.05,24.257,613346,0
20140916,24.188,24.543,24.129,24.345,145063,0
20140917,24.355,25.211,24.119,24.493,263008,0
20140918,24.788,25.447,24.543,24.591,361510,0
20140919,24.581,24.768,23.962,24.493,620360,0
20140922,24.345,24.491,23.932,24.217,266331,0
20140923,24.139,24.149,23.666,23.696,264292,0
20140924,23.716,24.182,23.607,24.182,220201,0
20140925,23.944,24.143,23.657,24.024,251679,0
20140926,24.044,24.369,23.994,24.232,247438,0
20140929,24.361,24.639,24.034,24.182,307519,0
20140930,24.252,24.311,23.795,23.855,384462,0
20141001,23.855,24.202,23.408,24.034,514988,0
20141002,23.954,24.252,23.587,23.805,204290,0
20141003,24.063,24.182,23.617,23.974,335356,0
20141006,23.984,24.212,23.855,23.885,209662,0
20141007,23.776,23.915,23.647,23.756,315996,0
20141008,23.716,24.556,23.666,24.361,252255,0
20141009,24.262,24.45,23.964,24.311,341396,0
20141010,23.786,24.55,23.776,24.063,410957,0
20141013,24.163,24.416,23.89,23.944,248234,0
20141014,24.262,24.569,24.093,24.232,375974,0
20141015,24.143,24.589,23.915,24.49,290168,0
20141016,24.202,24.827,24.202,24.51,182697,0
20141017,24.818,24.915,24.411,24.579,204792,0
20141020,24.52,24.964,24.52,24.917,202818,0
20141021,25.036,25.49,24.758,24.976,168753,0
20141022,25.155,25.262,24.837,24.847,151361,0
20141023,25.006,25.324,24.808,25.195,113699,0
20141024,25.304,25.73,24.897,25.601,173636,0
20141027,25.502,26.058,25.314,25.909,183222,0
20141028,25.949,26.485,25.879,26.465,192301,0
20141029,26.445,26.445,25.522,25.929,211881,0
20141030,25.988,26.723,25.73,26.594,292121,0
20141031,27.001,27.11,26.495,27.1,314314,0
20141103,27.199,27.417,26.485,26.643,509859,0
20141104,25.939,27.904,25.939,26.246,250934,0
20141105,26.594,26.594,25.909,26.068,136095,0
20141106,26.147,26.336,25.919,26.207,158856,0
20141107,26.336,26.981,26.266,26.772,295538,0
20141110,26.723,27.05,26.346,27.02,227445,0
20141111,26.931,26.931,26.594,26.802,163032,0
20141112,26.703,26.852,26.524,26.663,117211,0
20141113,26.782,27.011,26.524,26.683,91544,0
20141114,26.584,26.832,26.296,26.425,229871,0
20141117,27.136,27.288,26.207,26.316,260866,0
20141118,26.624,26.891,26.026,26.753,170171,0
20141119,26.723,27.07,26.554,26.594,353414,0
20141120,26.594,27.269,26.441,27.179,190939,0
20141121,27.398,27.487,27.07,27.179,408919,0
20141124,27.13,27.427,26.792,27.12,353100,0
20141125,27.239,27.388,26.901,27.308,536083,0
20141126,27.298,27.566,27.179,27.269,272271,0
20141128,27.407,27.536,27.14,27.239,180678,0
20141201,27.169,27.249,26.633,26.673,207498,0
20141202,26.743,26.842,26.435,26.633,217559,0
20141203,26.743,26.743,26.271,26.604,347137,0
20141204,26.495,26.643,26.197,26.485,314923,0
20141205,26.445,26.743,25.8,25.929,326702,0
20141208,25.85,26.147,25.745,26.008,731416,0
20141209,25.81,26.733,25.76,26.594,261414,0
20141210,26.564,26.782,26.127,26.137,249300,0
20141211,26.356,26.534,25.959,25.969,227809,0
20141212,25.512,26.271,25.512,26.028,314895,0
20141215,26.197,26.574,25.631,25.8,251291,0
20141216,25.83,26.504,25.78,25.889,268533,0
20141217,25.84,26.336,25.651,26.296,441631,0
20141218,26.524,26.822,26.028,26.375,289640,0
20141219,26.504,27.08,26.445,26.624,448146,0
20141222,26.981,27.09,26.554,27.08,374817,0
20141223,27.14,27.85,26.805,27.81,364863,0
20141224,27.78,28.085,27.44,27.48,125225,0
20141226,27.58,27.9,27.54,27.87,84910,0
20141229,27.96,28.08,27.64,27.86,108096,0
20141230,27.75,28.2,27.7,28.16,199454,0
20141231,28.16,28.37,27.47,27.55,221512,0
20150102,27.71,27.79,27.027,27.45,156502,0
20150105,27.26,27.64,27.08,27.49,283291,0
20150106,27.5,27.66,27.11,27.29,345958,0
20150107,27.35,27.61,27.11,27.55,394569,0
20150108,27.65,28.05,27.34,28,347792,0
20150109,28.07,28.39,27.73,28.3,245012,0
20150112,28.2,28.69,27.65,28.37,270910,0
20150113,28.53,28.97,28.1,28.31,232852,0
20150114,27.98,29.4,27.98,28.95,521055,0
20150115,29.07,29.18,28.5,28.7,275064,0
20150116,28.66,29.06,28.51,28.8,316934,0
