Date,Open,High,Low,Close,Volume,OpenInt
20050225,11.778,11.788,11.778,11.778,4293,0
20050228,11.778,11.927,11.778,11.927,2503,0
20050302,11.927,12.026,11.838,11.838,11470,0
20050303,11.828,11.868,11.778,11.778,6037,0
20050304,12.106,12.206,11.778,11.908,3535,0
20050307,12.006,12.006,11.878,11.918,805,0
20050308,12.056,12.116,12.056,12.076,4326,0
20050309,12.226,12.226,12.006,12.076,9508,0
20050310,12.066,12.226,11.977,12.226,4989,0
20050311,12.176,12.176,12.106,12.176,1821,0
20050314,12.026,12.126,12.026,12.126,7043,0
20050315,12.176,12.176,12.026,12.026,29138,0
20050316,12.036,12.176,12.026,12.176,38855,0
20050317,12.026,12.176,12.026,12.176,2072,0
20050318,12.176,12.176,12.176,12.176,352,0
20050321,12.176,12.176,12.176,12.176,302,0
20050322,12.026,12.026,12.026,12.026,1509,0
20050323,12.026,12.136,12.026,12.076,5533,0
20050324,12.026,12.056,12.026,12.026,2711,0
20050328,12.026,12.026,12.026,12.026,3994,0
20050330,12.026,12.066,12.026,12.026,2111,0
20050331,12.026,12.136,12.026,12.126,12778,0
20050401,12.026,12.026,12.026,12.026,1509,0
20050404,12.126,12.126,12.026,12.026,2817,0
20050405,12.026,12.106,12.026,12.036,64180,0
20050406,12.026,12.166,11.927,12.166,12631,0
20050407,12.126,12.176,12.126,12.176,19519,0
20050408,12.026,12.176,12.026,12.076,7244,0
20050411,12.076,12.116,12.076,12.116,4035,0
20050412,12.076,12.226,12.046,12.226,30683,0
20050413,12.226,12.314,12.226,12.226,503,0
20050414,12.226,12.574,12.226,12.574,1831,0
20050415,12.574,13.268,12.574,13.22,2961,0
20050418,12.176,12.642,12.176,12.176,6205,0
20050419,12.712,13.418,12.712,13.388,2036,0
20050420,12.226,12.603,12.226,12.265,856,0
20050421,12.275,12.334,12.186,12.275,1106,0
20050422,12.304,12.304,12.176,12.176,1472,0
20050425,12.314,12.712,12.176,12.176,4427,0
20050426,12.076,12.086,12.076,12.076,7098,0
20050427,12.076,12.076,12.076,12.076,3085,0
20050428,12.076,12.076,12.076,12.076,202,0
20050429,12.126,12.156,12.126,12.126,2314,0
20050502,12.076,12.076,12.076,12.076,5333,0
20050503,12.076,12.076,12.076,12.076,1610,0
20050504,12.076,12.086,12.076,12.076,1308,0
20050505,12.176,12.176,12.126,12.126,1710,0
20050506,12.126,12.176,12.126,12.126,28347,0
20050509,12.146,12.146,12.026,12.026,18613,0
20050510,12.176,12.176,12.026,12.026,358,0
20050511,12.176,12.226,12.076,12.076,7238,0
20050513,12.434,12.434,12.046,12.275,3185,0
20050516,12.076,12.275,12.076,12.275,1735,0
20050517,12.275,12.275,12.275,12.275,1006,0
20050519,12.255,12.275,12.255,12.275,604,0
20050520,12.236,12.236,12.236,12.236,870,0
20050523,12.076,12.246,12.076,12.246,3230,0
20050524,12.076,12.146,12.076,12.146,5770,0
20050525,12.146,12.196,12.146,12.176,4867,0
20050527,12.275,12.275,12.275,12.275,1408,0
20050531,12.275,12.275,12.076,12.106,41803,0
20050601,12.076,12.076,12.076,12.076,3622,0
20050603,12.275,12.275,12.275,12.275,202,0
20050607,12.116,12.116,12.076,12.076,1106,0
20050608,12.076,12.076,12.076,12.076,1106,0
20050609,12.275,12.275,12.275,12.275,402,0
20050613,12.076,12.076,12.076,12.076,1006,0
20050615,12.285,12.285,12.176,12.226,1408,0
20050616,12.176,12.176,12.176,12.176,1006,0
20050617,12.076,12.076,12.076,12.076,503,0
20050621,12.176,12.176,12.176,12.176,1006,0
20050622,12.176,12.176,12.176,12.176,302,0
20050623,12.126,12.126,12.126,12.126,402,0
20050624,12.166,12.166,12.156,12.156,569,0
20050627,12.304,12.304,12.126,12.126,2568,0
20050628,12.126,12.126,12.126,12.126,202,0
20050630,12.176,12.324,12.076,12.126,3723,0
20050705,12.304,12.354,12.176,12.176,8149,0
20050706,12.176,12.176,12.176,12.176,100,0
20050707,12.176,12.176,12.176,12.176,2939,0
20050712,12.444,12.444,12.176,12.176,2042,0
20050719,12.176,12.176,12.176,12.176,398,0
20050722,12.176,12.176,12.136,12.176,2817,0
20050725,12.295,12.295,12.295,12.295,302,0
20050726,12.176,12.176,12.136,12.176,3421,0
20050727,12.176,12.304,12.176,12.304,604,0
20050729,12.226,12.324,12.226,12.324,785,0
20050801,12.226,12.226,12.226,12.226,705,0
20050802,12.226,12.226,12.226,12.226,202,0
20050803,12.324,12.474,12.226,12.226,5839,0
20050808,12.226,12.226,12.226,12.226,606,0
20050809,12.275,12.275,12.226,12.226,302,0
20050810,12.226,12.226,12.226,12.226,604,0
20050815,12.236,12.236,12.226,12.236,2315,0
20050816,12.275,12.275,12.226,12.226,2113,0
20050818,12.226,12.275,12.226,12.275,2135,0
20050819,12.275,12.275,12.275,12.275,202,0
20050822,12.324,12.324,12.324,12.324,100,0
20050825,12.226,12.275,12.226,12.275,259,0
20050829,12.275,12.474,12.236,12.275,4227,0
20050830,12.295,12.295,12.295,12.295,1007,0
20050831,12.226,12.275,12.226,12.275,204,0
20050901,12.324,12.324,12.324,12.324,100,0
20050902,12.295,12.295,12.275,12.275,584,0
20050907,12.304,12.304,12.275,12.275,503,0
20050908,12.275,12.275,12.275,12.275,404,0
20050913,12.275,12.494,12.275,12.275,402,0
20050914,12.275,12.275,12.275,12.275,302,0
20050916,12.275,12.275,12.275,12.275,908,0
20050919,12.275,12.275,12.275,12.275,1217,0
20050922,12.226,12.226,12.226,12.226,3824,0
20050927,12.275,12.275,12.275,12.275,3018,0
20050929,12.275,12.285,12.226,12.226,12117,0
20050930,12.275,12.324,12.275,12.324,3622,0
20051003,12.226,12.226,12.226,12.226,1509,0
20051004,12.275,12.275,12.226,12.226,2415,0
20051005,12.265,12.265,12.226,12.226,2113,0
20051007,12.324,12.324,12.324,12.324,1106,0
20051010,12.324,12.324,12.275,12.275,2573,0
20051011,12.226,12.226,12.226,12.226,704,0
20051012,12.275,12.275,12.275,12.275,1710,0
20051013,12.593,12.593,12.246,12.246,604,0
20051014,12.414,12.424,12.414,12.424,516,0
20051018,12.226,12.304,12.226,12.304,222,0
20051026,12.374,12.374,12.374,12.374,951,0
20051103,12.574,12.652,12.574,12.574,302,0
20051104,12.574,12.593,12.574,12.574,886,0
20051109,12.622,12.722,12.574,12.722,6237,0
20051110,12.374,12.424,12.176,12.424,13704,0
20051111,12.285,12.374,12.285,12.374,547,0
20051114,12.374,12.414,12.374,12.414,1308,0
20051115,12.324,12.324,12.324,12.324,800,0
20051116,12.384,12.474,12.374,12.474,6630,0
20051117,12.712,12.722,12.712,12.722,1052,0
20051118,12.892,13.17,12.772,13.17,87495,0
20051121,12.931,12.931,12.931,12.931,100,0
20051123,13.17,13.17,13.17,13.17,100,0
20051125,13.17,13.22,13.17,13.22,6954,0
20051128,13.706,13.706,13.706,13.706,302,0
20051129,13.796,14.114,13.796,14.114,38816,0
20051130,14.114,14.312,14.054,14.054,36069,0
20051201,14.014,14.014,14.014,14.014,30269,0
20051202,13.766,14.214,13.418,14.214,5336,0
20051205,14.214,14.214,13.676,13.896,15000,0
20051206,14.084,14.084,13.746,13.766,1408,0
20051208,13.716,13.716,13.716,13.716,565,0
20051209,13.856,13.856,13.856,13.856,402,0
20051212,13.786,13.786,13.786,13.786,100,0
20051214,13.866,13.866,13.866,13.866,202,0
20051215,13.856,13.856,13.418,13.726,8093,0
20051216,13.666,13.716,13.626,13.716,23655,0
20051220,13.896,13.915,13.896,13.905,852,0
20051221,13.964,13.964,13.964,13.964,25152,0
20051222,14.214,14.214,14.164,14.164,302,0
20051228,13.915,13.974,13.886,13.974,30603,0
20051229,14.164,14.164,14.014,14.014,202,0
20060103,13.766,13.786,13.766,13.786,1710,0
20060105,13.866,14.064,13.866,13.876,302,0
20060106,14.114,14.114,14.114,14.114,202,0
20060110,13.954,13.954,13.915,13.915,1270,0
20060111,13.984,14.114,13.984,14.104,9079,0
20060112,14.024,14.094,14.014,14.094,604,0
20060113,14.154,14.164,14.154,14.164,906,0
20060117,13.915,13.915,13.915,13.915,202,0
20060120,13.964,13.964,13.964,13.964,503,0
20060123,13.776,13.776,13.776,13.776,252,0
20060124,13.964,13.964,13.964,13.964,805,0
20060125,13.964,14.114,13.964,14.014,15796,0
20060126,14.214,14.214,14.014,14.014,472,0
20060127,14.014,14.014,14.014,14.014,704,0
20060130,13.954,14.184,13.954,14.174,2566,0
20060131,14.104,14.114,14.104,14.114,3119,0
20060201,14.014,14.194,14.014,14.114,5508,0
20060202,14.114,14.114,14.014,14.114,24549,0
20060206,14.352,14.352,14.352,14.352,100,0
20060207,13.964,14.094,13.964,14.094,2364,0
20060208,14.263,14.263,13.964,14.064,4528,0
20060209,14.263,14.263,14.064,14.064,1006,0
20060210,14.174,14.174,14.174,14.174,100,0
20060213,14.164,14.164,14.074,14.084,3320,0
20060214,14.243,14.263,14.074,14.074,2314,0
20060215,14.074,14.253,14.064,14.114,22170,0
20060216,14.253,14.253,14.214,14.214,1106,0
20060217,14.214,14.214,14.164,14.164,503,0
20060221,13.984,14.074,13.984,14.074,1107,0
20060222,14.064,14.064,14.064,14.064,1408,0
20060223,14.024,14.253,14.014,14.253,856,0
20060224,13.964,13.964,13.964,13.964,1408,0
20060227,14.164,14.164,14.014,14.144,1615,0
20060301,14.154,14.154,14.064,14.074,1308,0
20060303,13.974,14.024,13.974,14.024,2166,0
20060306,14.114,14.114,14.084,14.084,2671,0
20060307,14.064,14.164,14.064,14.164,4930,0
20060308,14.114,14.184,14.114,14.184,597,0
20060309,14.134,14.134,14.134,14.134,100,0
20060310,14.114,14.164,14.114,14.164,9921,0
20060313,14.064,14.114,14.064,14.114,1509,0
20060314,14.094,14.094,14.084,14.084,3622,0
20060320,14.243,14.253,14.014,14.014,2024,0
20060321,14.094,14.094,14.094,14.094,1006,0
20060322,14.154,14.164,14.114,14.164,1328,0
20060323,14.134,14.164,14.114,14.164,12718,0
20060324,14.084,14.084,14.074,14.074,352,0
20060327,14.074,14.094,14.074,14.094,604,0
20060328,14.164,14.164,14.084,14.084,302,0
20060329,14.164,14.164,14.164,14.164,100,0
20060330,14.124,14.124,14.114,14.114,1610,0
20060331,14.044,14.094,14.044,14.084,704,0
20060403,14.214,14.253,14.114,14.243,2214,0
20060404,14.074,14.114,14.074,14.114,299,0
20060405,14.204,14.253,14.204,14.253,202,0
20060410,14.164,14.164,14.164,14.164,37070,0
20060412,14.014,14.014,14.014,14.014,2324,0
20060413,14.164,14.164,14.064,14.104,11670,0
20060417,13.964,14.412,13.964,14.382,20992,0
20060421,14.064,14.064,14.064,14.064,206,0
20060424,14.144,14.174,14.144,14.174,1308,0
20060425,14.412,14.412,14.412,14.412,805,0
20060426,14.412,14.412,14.362,14.362,402,0
20060427,14.312,14.312,14.214,14.214,1106,0
20060428,14.412,14.899,14.412,14.899,4558,0
20060501,14.909,14.909,14.909,14.909,906,0
20060502,14.909,14.909,14.909,14.909,1106,0
20060503,15.158,15.158,15.158,15.158,1912,0
20060504,15.207,15.207,15.068,15.207,402,0
20060505,14.988,15.207,14.909,15.207,14428,0
20060508,15.058,15.158,15.058,15.158,1537,0
20060509,15.158,15.207,15.108,15.168,3018,0
20060510,15.406,15.406,15.406,15.406,2515,0
20060511,15.555,15.654,15.456,15.456,1604,0
20060512,15.386,15.734,15.306,15.306,31031,0
20060515,15.286,15.386,15.286,15.386,604,0
20060516,15.247,15.247,15.247,15.247,252,0
20060517,15.555,15.555,15.505,15.555,5913,0
20060518,15.903,15.903,15.416,15.416,3845,0
20060519,15.406,15.555,15.406,15.555,430,0
20060522,15.476,15.476,15.476,15.476,1106,0
20060523,15.535,15.535,15.535,15.535,100,0
20060524,15.406,15.456,15.406,15.456,2113,0
20060526,15.456,15.456,15.456,15.456,302,0
20060530,15.416,15.416,15.416,15.416,1006,0
20060601,15.406,15.883,15.406,15.883,1458,0
20060602,15.644,15.853,15.644,15.654,805,0
20060605,15.595,15.595,15.585,15.585,202,0
20060606,15.595,15.654,15.406,15.505,1208,0
20060607,15.406,15.595,15.406,15.595,1428,0
20060608,15.406,15.644,15.406,15.644,2012,0
20060609,15.496,15.555,15.406,15.406,30585,0
20060612,15.406,15.406,15.406,15.406,2922,0
20060613,15.744,15.744,15.555,15.555,202,0
20060616,15.853,15.853,15.853,15.853,3018,0
20060619,15.595,15.595,15.595,15.595,202,0
20060620,15.654,15.893,15.654,15.843,2716,0
20060621,15.505,15.843,15.505,15.843,5131,0
20060623,15.843,15.843,15.843,15.843,347,0
20060626,15.545,15.545,15.545,15.545,100,0
20060627,15.505,15.505,15.505,15.505,144,0
20060628,15.505,15.505,15.505,15.505,147,0
20060630,15.535,15.555,15.535,15.555,702,0
20060703,15.416,15.416,15.416,15.416,130,0
20060705,15.406,15.406,15.406,15.406,704,0
20060706,15.406,15.406,15.406,15.406,595,0
20060710,15.476,15.476,15.476,15.476,168,0
20060711,15.903,15.903,15.406,15.555,46709,0
20060712,15.406,15.406,15.406,15.406,100,0
20060713,15.496,15.496,15.496,15.496,100,0
20060714,15.595,15.595,15.505,15.505,499,0
20060717,15.406,15.406,15.406,15.406,100,0
20060718,15.406,15.406,15.406,15.406,18411,0
20060721,15.336,15.336,15.158,15.257,2011,0
20060724,15.207,15.416,15.158,15.416,13892,0
20060725,15.078,15.356,15.078,15.257,1562,0
20060726,15.207,15.207,15.207,15.207,100,0
20060728,15.356,15.356,15.356,15.356,100,0
20060801,15.406,15.515,15.406,15.515,784,0
20060803,15.296,15.624,15.207,15.624,1517,0
20060804,15.624,15.624,15.356,15.356,2309,0
20060807,15.426,15.426,15.406,15.406,604,0
20060808,15.406,15.436,15.406,15.406,671,0
20060809,15.406,15.406,15.406,15.406,503,0
20060814,15.406,15.486,15.406,15.486,362,0
20060816,15.406,15.406,15.227,15.227,906,0
20060817,15.346,15.505,15.346,15.406,51594,0
20060818,15.406,15.406,15.406,15.406,304,0
20060828,15.346,15.346,15.316,15.316,413,0
20060901,15.654,15.654,15.654,15.654,110,0
20060905,15.654,15.654,15.654,15.654,100,0
20060906,15.406,15.406,15.406,15.406,302,0
20060908,15.257,15.406,15.257,15.406,1208,0
20060911,15.316,15.316,15.316,15.316,916,0
20060912,15.257,15.843,15.257,15.356,3022,0
20060913,15.356,15.426,15.356,15.426,302,0
20060921,15.903,15.903,15.903,15.903,503,0
20060922,15.575,15.575,15.356,15.356,1610,0
20060925,15.406,15.903,15.396,15.903,1861,0
20060926,15.843,15.843,15.704,15.704,1106,0
20060928,15.426,15.426,15.426,15.426,202,0
20061002,15.306,15.306,15.306,15.306,1702,0
20061004,15.356,15.634,15.356,15.634,503,0
20061006,15.406,15.406,15.406,15.406,5031,0
20061009,15.306,15.306,15.306,15.306,798,0
20061010,15.306,15.306,15.257,15.257,1066,0
20061019,15.257,15.694,15.257,15.267,340,0
20061023,15.257,15.684,15.257,15.306,3119,0
20061024,15.207,15.257,15.207,15.257,1107,0
20061026,15.893,15.893,15.893,15.893,100,0
20061027,15.605,15.605,15.605,15.605,100,0
20061030,15.605,15.605,15.605,15.605,3698,0
20061031,15.605,15.605,15.605,15.605,100,0
20061102,15.654,15.654,15.654,15.654,100,0
20061103,15.605,15.605,15.555,15.555,8552,0
20061106,14.909,14.909,14.909,14.909,202,0
20061108,15.853,15.853,15.605,15.605,602,0
20061109,15.605,15.605,15.605,15.605,1006,0
20061115,15.555,15.893,15.555,15.654,1912,0
20061117,15.555,15.654,15.555,15.654,1006,0
20061121,15.654,15.654,15.654,15.654,2113,0
20061128,15.605,15.605,15.605,15.605,1006,0
20061205,15.496,15.624,15.416,15.605,1582,0
20061206,15.605,15.654,15.605,15.654,9055,0
20061207,15.555,15.565,15.555,15.555,1731,0
20061208,15.555,15.555,15.555,15.555,4023,0
20061214,15.555,15.555,15.555,15.555,1080,0
20061218,15.555,15.555,15.555,15.555,1408,0
20061219,15.555,15.605,15.555,15.555,11472,0
20061220,15.505,15.605,15.505,15.605,624,0
20061228,15.893,15.893,15.893,15.893,128,0
20061229,15.555,15.555,15.555,15.555,202,0
20070103,15.893,15.893,15.605,15.605,5818,0
20070105,15.555,15.555,15.555,15.555,352,0
20070111,15.555,15.555,15.555,15.555,5333,0
20070112,15.704,15.704,15.654,15.654,10308,0
20070116,15.555,15.555,15.555,15.555,150,0
20070118,15.893,15.903,15.893,15.903,629,0
20070119,15.903,15.903,15.893,15.903,538,0
20070122,15.505,15.505,15.505,15.505,4221,0
20070125,15.555,15.694,15.555,15.555,6184,0
20070126,15.585,15.624,15.555,15.605,805,0
20070130,15.585,15.654,15.555,15.605,5735,0
20070131,15.605,15.804,15.406,15.614,9077,0
20070201,15.575,15.575,15.555,15.555,1937,0
20070205,15.555,15.774,15.505,15.555,7513,0
20070206,15.555,15.654,15.555,15.555,17306,0
20070208,15.555,15.555,15.555,15.555,202,0
20070209,15.555,15.555,15.555,15.555,723,0
20070212,15.555,15.555,15.555,15.555,100,0
20070213,15.555,15.555,15.555,15.555,4053,0
20070214,15.555,15.555,15.555,15.555,202,0
20070215,15.654,15.654,15.555,15.555,5240,0
20070216,15.555,15.555,15.555,15.555,986,0
20070220,15.555,15.555,15.505,15.505,6011,0
20070221,15.605,15.654,15.555,15.654,6741,0
20070227,15.585,15.694,15.585,15.694,202,0
20070228,15.585,15.595,15.555,15.585,1811,0
20070301,15.614,15.614,15.515,15.515,10262,0
20070302,15.614,15.754,15.555,15.654,34911,0
20070305,15.565,15.565,15.555,15.555,2329,0
20070306,15.605,15.654,15.555,15.565,18844,0
20070312,15.575,15.903,15.575,15.605,4680,0
20070313,15.605,15.654,15.555,15.555,23254,0
20070315,15.654,15.654,15.605,15.605,5231,0
20070316,15.624,15.624,15.605,15.605,202,0
20070319,15.605,15.774,15.605,15.605,1508,0
20070320,15.704,15.704,15.575,15.654,21344,0
20070322,15.605,15.654,15.605,15.654,14490,0
20070326,15.605,15.704,15.605,15.605,4125,0
20070328,15.624,15.624,15.614,15.614,202,0
20070330,15.804,15.893,15.605,15.614,25943,0
20070402,15.614,15.614,15.605,15.605,2476,0
20070405,15.605,15.605,15.605,15.605,704,0
20070411,15.634,15.634,15.605,15.605,1007,0
20070412,15.634,15.634,15.605,15.614,1006,0
20070417,15.605,15.654,15.605,15.654,2062,0
20070423,15.704,15.704,15.654,15.654,604,0
20070424,15.754,15.754,15.605,15.605,1006,0
20070425,15.704,15.704,15.704,15.704,114,0
20070426,15.605,15.605,15.605,15.605,825,0
20070430,15.634,15.634,15.605,15.605,3048,0
20070501,15.654,15.744,15.654,15.744,5261,0
20070503,15.744,15.744,15.605,15.605,1006,0
20070504,15.605,15.634,15.605,15.614,1509,0
20070507,15.406,15.605,15.406,15.605,1106,0
20070509,15.605,15.654,15.605,15.654,13080,0
20070510,15.605,15.634,15.605,15.605,956,0
20070511,15.654,15.654,15.654,15.654,7546,0
20070514,15.605,15.605,15.605,15.605,503,0
20070515,15.605,15.605,15.605,15.605,604,0
20070516,15.605,15.605,15.605,15.605,202,0
20070517,15.605,15.605,15.605,15.605,7948,0
20070518,15.605,15.614,15.605,15.605,503,0
20070521,15.416,15.654,15.416,15.654,2214,0
20070522,15.614,15.654,15.605,15.654,17063,0
20070523,15.605,15.704,15.605,15.704,805,0
20070525,15.605,15.605,15.605,15.605,916,0
20070529,15.605,15.654,15.605,15.654,38735,0
20070531,15.605,15.644,15.406,15.605,23772,0
20070601,15.406,15.406,15.406,15.406,906,0
20070605,15.406,15.416,15.306,15.306,1811,0
20070606,15.306,15.306,15.306,15.306,4797,0
20070607,15.257,15.257,15.257,15.257,3119,0
20070608,15.257,15.257,15.158,15.158,1106,0
20070611,15.158,15.158,14.114,15.058,13174,0
20070612,14.958,14.958,14.412,14.412,11072,0
20070613,14.094,14.412,13.915,14.014,14050,0
20070614,13.925,14.372,13.925,14.372,4638,0
20070615,14.223,14.412,14.223,14.412,2407,0
20070618,14.054,14.054,13.974,13.974,1610,0
20070619,13.915,13.944,13.766,13.766,1794,0
20070620,13.796,13.796,13.766,13.766,302,0
20070621,13.766,13.766,13.706,13.706,4628,0
20070622,13.428,13.428,12.652,12.822,20725,0
20070625,12.534,12.534,11.678,11.678,6708,0
20070626,11.848,11.937,11.848,11.888,7885,0
20070627,11.927,12.026,11.927,12.026,1208,0
20070628,11.927,11.927,11.927,11.927,1208,0
20070629,11.957,12.176,11.918,11.927,22216,0
20070702,11.878,12.176,11.878,12.176,1739,0
20070703,12.354,12.812,12.176,12.812,2998,0
20070705,13.02,13.518,13.02,13.518,2616,0
20070706,13.666,13.666,13.666,13.666,302,0
20070709,13.666,13.666,13.666,13.666,100,0
20070711,13.666,13.666,13.17,13.17,704,0
20070712,13.22,13.23,13.07,13.07,604,0
20070716,12.922,12.95,12.672,12.672,805,0
20070717,12.156,12.285,11.629,12.275,6909,0
20070718,12.334,12.912,12.334,12.912,906,0
20070723,12.95,12.95,12.95,12.95,100,0
20070726,12.564,12.564,12.424,12.424,546,0
20070727,12.424,12.424,11.967,12.176,1002,0
20070730,12.275,12.275,12.226,12.226,2284,0
20070731,12.226,12.226,12.226,12.226,1509,0
20070801,12.186,12.424,12.186,12.226,503,0
20070802,12.186,12.186,11.927,11.977,906,0
20070806,11.977,11.986,11.977,11.977,1611,0
20070807,11.937,11.947,11.937,11.947,202,0
20070808,11.927,11.927,11.927,11.927,100,0
20070809,12.036,12.036,12.036,12.036,101,0
20070810,12.166,12.166,12.166,12.166,704,0
20070813,11.937,12.255,11.937,11.957,1308,0
20070814,12.226,12.226,12.026,12.026,302,0
20070815,12.026,12.374,11.937,12.374,704,0
20070816,11.937,11.937,11.927,11.937,1106,0
20070817,11.927,11.927,11.46,11.46,202,0
20070821,11.728,11.728,11.728,11.728,104,0
20070822,11.778,11.778,11.728,11.728,9732,0
20070824,11.758,11.878,11.738,11.878,1786,0
20070828,11.888,11.888,11.888,11.888,503,0
20070829,11.927,11.927,11.927,11.927,402,0
20070830,11.927,11.927,11.878,11.878,632,0
20070905,11.878,11.878,11.878,11.878,118,0
20070907,11.878,11.878,11.878,11.878,342,0
20070910,11.927,11.927,11.927,11.927,1006,0
20070911,12.414,12.424,12.414,12.414,904,0
20070914,12.026,12.026,11.818,11.927,3220,0
20070924,11.878,11.986,11.45,11.986,1507,0
20070925,11.878,11.878,10.983,11.042,3118,0
20070926,10.983,10.983,10.198,10.287,6514,0
20070927,10.625,10.724,10.625,10.685,1320,0
20070928,10.585,10.585,10.585,10.585,469,0
20071002,10.635,11.56,10.536,11.42,2214,0
20071004,11.341,11.341,11.331,11.331,512,0
20071012,11.43,11.43,11.43,11.43,202,0
20071015,11.41,11.41,11.41,11.41,100,0
20071016,11.301,11.331,11.281,11.301,2946,0
20071017,11.311,11.311,11.281,11.291,637,0
20071018,12.026,12.026,11.678,11.678,604,0
20071019,11.728,11.728,11.728,11.728,100,0
20071023,11.708,11.708,11.678,11.678,202,0
20071031,11.678,11.678,11.678,11.678,503,0
20071101,11.678,11.678,11.678,11.678,293,0
20071106,11.678,11.678,11.678,11.678,604,0
20071107,11.678,11.678,11.668,11.678,8610,0
20071120,10.784,11.918,10.784,11.688,402,0
20071123,12.166,12.166,12.166,12.166,100,0
20071126,11.43,11.43,10.685,11.331,684,0
20071129,11.032,11.042,11.032,11.042,805,0
20071203,11.032,11.45,11.032,11.032,1106,0
20071206,11.032,11.032,11.032,11.032,471,0
20071212,11.032,11.032,10.695,10.695,1830,0
20071213,11.032,11.032,10.695,10.695,1861,0
20071214,10.724,11.38,10.675,11.38,1509,0
20071218,10.665,10.665,10.665,10.665,302,0
20071220,10.685,10.685,10.685,10.685,202,0
20071221,10.675,10.675,10.486,10.486,302,0
20071226,10.386,10.386,9.89,9.89,906,0
20071227,9.79,9.79,9.4423,9.4423,906,0
20071228,9.4923,9.4923,9.4423,9.4423,604,0
20071231,9.2236,9.4423,9.2038,9.2038,1610,0
20080104,9.2336,9.2336,8.9851,9.005,1106,0
20080107,8.9553,8.9553,8.5477,8.5477,604,0
20080108,8.6273,8.6273,8.5975,8.6273,604,0
20080109,8.4484,8.4484,8.0012,8.0012,503,0
20080110,8.0012,8.1104,7.4247,7.9514,3524,0
20080111,7.872,7.9912,7.5041,7.9514,2666,0
20080114,7.7526,7.9514,7.7526,7.852,2918,0
20080115,7.7824,7.7824,7.7824,7.7824,100,0
20080116,8.4385,8.4385,7.7626,7.7626,302,0
20080118,7.7526,7.7526,7.6036,7.6036,1011,0
20080122,7.6036,7.6036,7.0072,7.0072,1043,0
20080123,8.8161,9.1342,8.0408,8.9454,4673,0
20080124,10.088,10.188,9.1938,9.2932,2364,0
20080125,8.9752,9.0448,8.9454,9.0448,2214,0
20080130,8.6969,8.6969,8.4186,8.6969,503,0
20080201,8.7665,8.9752,8.6969,8.6969,3101,0
20080204,8.6969,8.6969,8.6969,8.6969,1912,0
20080206,9.0845,9.0944,8.6969,8.6969,466,0
20080212,9.1938,9.611,8.7665,9.1342,1784,0
20080213,8.9851,9.0249,8.9851,8.995,4870,0
20080214,8.9652,8.9652,8.9652,8.9652,100,0
20080215,8.995,8.995,8.4583,8.995,2305,0
20080219,8.995,8.995,8.995,8.995,365,0
20080220,8.9752,8.9752,8.9752,8.9752,100,0
20080221,8.6471,8.8261,8.6471,8.8261,42759,0
20080222,8.7963,8.7963,8.7963,8.7963,100,0
20080225,8.5975,8.5975,8.5975,8.5975,1660,0
20080229,8.7963,8.7963,8.7963,8.7963,100,0
20080304,8.8459,8.8459,8.7963,8.8459,5835,0
20080305,8.9454,8.9454,8.8459,8.8459,12822,0
20080306,9.0448,9.0448,9.0448,9.0448,103,0
20080310,9.2236,9.2236,9.0448,9.0944,589,0
20080311,8.2098,8.6471,8.2098,8.6471,352,0
20080312,9.581,9.581,8.6571,9.4724,1308,0
20080313,9.681,9.681,8.6471,8.6969,4151,0
20080314,8.6471,9.2436,8.6471,8.9454,3656,0
20080317,8.9056,8.9056,8.9056,8.9056,100,0
20080318,9.502,9.502,9.1839,9.1839,402,0
20080319,9.4622,9.571,8.6075,8.9155,4026,0
20080320,9.1938,9.1938,8.8957,8.8957,3763,0
20080324,8.6969,8.6969,8.5477,8.6373,7396,0
20080325,8.7764,8.7764,8.7764,8.7764,100,0
20080326,8.4484,9.631,8.1502,8.9454,2314,0
20080327,8.0906,8.5477,8.0906,8.4484,1660,0
20080328,8.4484,8.9056,8.4484,8.7565,402,0
20080401,8.4484,8.4484,8.4484,8.4484,100,0
20080402,8.5081,8.5081,8.5081,8.5081,6830,0
20080403,8.4484,8.4881,8.4484,8.4881,314,0
20080407,8.4782,8.4782,8.4782,8.4782,307,0
20080408,8.4484,8.4782,8.4484,8.4782,2288,0
20080409,8.4583,8.4583,8.4583,8.4583,100,0
20080410,8.4981,8.6869,8.4981,8.5179,704,0
20080411,8.5776,8.7764,8.4981,8.5477,2415,0
20080414,8.5279,8.5279,8.4981,8.4981,402,0
20080415,8.4583,8.4583,8.4583,8.4583,202,0
20080416,8.4583,8.4583,8.4583,8.4583,202,0
20080417,8.4583,8.4583,8.4583,8.4583,202,0
20080418,8.4583,8.836,8.4583,8.836,830,0
20080421,8.4484,8.4583,8.4484,8.4484,604,0
20080422,8.4583,8.5477,8.4583,8.5477,340,0
20080425,8.5477,8.6969,8.5477,8.6969,2253,0
20080428,8.4583,8.4583,8.4484,8.4484,503,0
20080429,8.6671,9.4622,8.4583,8.4881,3037,0
20080430,8.6969,8.9354,8.6969,8.9354,7345,0
20080501,8.6471,8.6471,8.4484,8.4981,604,0
20080502,8.4881,8.4881,8.4881,8.4881,213,0
20080505,8.4484,8.4782,8.4484,8.4782,4324,0
20080506,8.8758,8.8957,8.4484,8.8957,7168,0
20080507,8.8957,8.8957,8.4683,8.4683,28834,0
20080508,8.5477,8.5477,8.4484,8.4484,4729,0
20080509,8.5477,8.5477,8.5477,8.5477,1006,0
20080512,8.3987,8.4683,8.3987,8.4683,1308,0
20080513,8.2397,8.2993,8.2198,8.2198,1535,0
20080515,8.3887,8.5477,8.3887,8.5477,1143,0
20080516,8.6969,8.6969,8.6969,8.6969,149,0
20080519,8.5477,8.6969,8.2198,8.2198,1653,0
20080523,8.4484,8.4484,8.4484,8.4484,1006,0
20080527,8.3788,8.3788,8.1403,8.349,3913,0
20080528,8.6869,8.6969,7.9216,8.2496,8491,0
20080529,8.4484,8.4484,8.4484,8.4484,272,0
20080530,7.9514,8.6869,7.9514,8.6869,503,0
20080604,8.0508,8.1999,8.0508,8.1999,964,0
20080606,8.1999,8.1999,8.1999,8.1999,202,0
20080610,8.0806,8.1602,8.0806,8.1602,2415,0
20080612,8.0806,8.0806,8.0806,8.0806,643,0
20080613,8.6373,8.6471,8.6373,8.6471,1105,0
20080619,7.9714,7.9714,7.9514,7.9514,1006,0
20080623,8.0408,8.0508,8.0408,8.0508,1106,0
20080624,7.8918,7.8918,6.4606,6.4704,4273,0
20080625,6.4606,6.4704,6.4506,6.4704,1466,0
20080701,6.56,7.6036,6.56,7.6036,12559,0
20080702,6.56,6.56,6.3612,6.3612,1610,0
20080707,6.3413,6.3413,5.8443,5.9635,3607,0
20080709,5.8443,5.9139,5.5958,5.5958,574,0
20080710,5.9337,5.9337,5.566,5.566,1610,0
20080711,5.9139,5.9139,5.9139,5.9139,2314,0
20080714,5.9139,5.9139,5.9139,5.9139,2716,0
20080715,5.8641,5.8641,5.8641,5.8641,100,0
20080716,5.6256,5.9735,4.8205,4.9696,6014,0
20080717,4.5125,4.7211,4.5125,4.7211,604,0
20080718,4.9696,5.1684,4.8205,4.8205,5131,0
20080722,5.2182,5.4666,4.9199,4.9696,8158,0
20080723,5.4566,5.4666,4.9696,4.9696,2015,0
20080724,4.6417,4.6417,4.0254,4.1248,30936,0
20080725,4.0552,4.0552,3.936,3.936,15796,0
20080728,3.9758,3.9758,3.916,3.9758,3976,0
20080729,4.3137,4.6217,3.8366,3.9758,7522,0
20080730,4.9498,4.9597,3.9758,3.9758,5635,0
20080731,3.9758,3.9758,3.8167,3.8167,9741,0
20080801,3.8764,3.8962,3.8664,3.8962,1586,0
20080804,4.9199,4.9199,3.8962,3.8962,3714,0
20080807,3.8962,4.8703,3.8962,3.8962,1835,0
20080808,3.4787,4.2441,3.4787,3.8266,2009,0
20080813,3.9758,4.0452,3.8962,3.9758,10866,0
20080814,3.8962,3.8962,3.4787,3.5881,5166,0
20080815,3.8167,3.9758,3.8167,3.9758,1468,0
20080819,3.926,3.9758,3.926,3.9758,2230,0
20080820,4.91,4.91,4.4727,4.4727,4211,0
20080822,3.9758,3.9758,3.9758,3.9758,100,0
20080827,3.9758,3.9758,3.9758,3.9758,1755,0
20080828,3.916,3.9758,3.7769,3.9558,2239,0
20080829,3.9758,4.3931,3.9658,4.3435,2872,0
20080902,4.8007,4.8007,4.4031,4.4031,503,0
20080904,4.0354,4.0354,4.0254,4.0254,202,0
20080905,4.1248,4.1248,4.0751,4.0751,1111,0
20080908,3.6775,3.7272,3.6775,3.7272,805,0
20080910,4.1447,4.1447,4.1447,4.1447,100,0
20080911,4.1944,4.1944,3.8764,3.8764,302,0
20080912,4.105,4.105,3.7968,3.8266,503,0
20080915,3.9758,3.9758,3.9758,3.9758,100,0
20080918,3.8366,4.2242,3.8266,3.9062,1712,0
20080919,4.2242,4.2242,4.2242,4.2242,1208,0
20080922,4.1348,4.1348,4.1348,4.1348,302,0
20080923,4.1348,4.1348,4.1348,4.1348,1106,0
20080924,4.1745,4.3733,4.1348,4.1348,5587,0
20080925,4.5025,4.5025,4.5025,4.5025,150,0
20080926,4.9498,4.9696,4.9498,4.9696,1509,0
20080929,5.2082,5.2082,4.9696,4.9696,302,0
20080930,4.9696,5.4666,4.9696,5.4666,1509,0
20081001,5.4666,5.4666,5.4666,5.4666,503,0
20081002,5.2182,5.2182,5.0492,5.1784,1494,0
20081003,4.9597,4.9597,4.9597,4.9597,120,0
20081006,4.2739,4.2739,4.2739,4.2739,302,0
20081007,4.2242,4.2242,4.2242,4.2242,302,0
20081008,4.6715,4.6715,4.2938,4.2938,554,0
20081009,4.0254,4.0254,4.0254,4.0254,176,0
20081014,4.0751,4.2242,4.0751,4.2242,1811,0
20081015,4.0751,4.0751,4.0751,4.0751,100,0
20081016,4.0254,4.0254,3.7769,3.7769,4655,0
20081022,4.2242,4.9696,4.2242,4.9696,1308,0
20081023,4.9696,4.9696,4.9696,4.9696,100,0
20081024,4.9597,4.9696,4.9597,4.9696,1006,0
20081028,4.8305,4.8305,4.4727,4.4727,704,0
20081029,4.2242,4.4727,4.2242,4.4727,1610,0
20081030,4.1248,4.1248,3.2303,3.3297,22245,0
20081031,4.4627,4.4727,3.4091,3.9758,3260,0
20081103,4.4727,4.4727,4.4727,4.4727,100,0
20081104,3.4787,3.7272,3.4787,3.6974,2314,0
20081111,3.7769,3.7769,3.4787,3.4787,4940,0
20081112,3.3297,3.3297,3.3297,3.3297,1208,0
20081114,3.3396,3.3396,2.9818,2.9818,7805,0
20081117,3.0215,3.0414,2.9818,2.9818,906,0
20081118,3.2701,3.2899,3.2701,3.2899,503,0
20081119,3.4291,3.4887,3.2799,3.4787,17264,0
20081120,3.3297,3.4291,3.3297,3.4291,6347,0
20081121,3.2799,3.5781,3.2799,3.4787,1595,0
20081125,3.7968,3.7968,3.7968,3.7968,100,0
20081128,3.8266,3.8266,3.8266,3.8266,503,0
20081202,3.8266,4.3534,3.5185,3.5384,2012,0
20081204,3.4986,3.4986,3.4887,3.4887,906,0
20081208,4.095,4.095,3.4887,3.4887,3521,0
20081209,3.4887,3.7272,3.4787,3.7272,12058,0
20081210,3.7272,4.1447,3.7272,4.1447,301,0
20081212,3.5285,3.5285,3.5285,3.5285,302,0
20081215,3.7471,3.7769,3.4887,3.6278,6037,0
20081216,3.7769,4.3733,3.7769,4.3733,1809,0
20081217,3.7769,3.8167,3.7769,3.8167,1982,0
20081219,4.264,4.264,3.7868,3.7868,2739,0
20081222,4.3435,4.3435,4.3335,4.3335,202,0
20081223,3.8764,3.8764,3.8764,3.8764,102,0
20081224,3.8167,3.9758,3.7868,3.9758,302,0
20081226,3.8266,3.9758,3.8266,3.9758,1288,0
20081230,3.8266,3.9758,3.2303,3.3097,3111,0
20081231,3.8962,3.9758,3.5682,3.5682,7302,0
20090107,3.9956,3.9956,3.7968,3.7968,1577,0
20090112,3.916,3.916,3.916,3.916,402,0
20090114,3.757,3.757,3.757,3.757,100,0
20090116,3.6378,3.926,3.6378,3.7968,402,0
20090120,3.6577,3.7272,2.9818,2.9818,26290,0
20090121,3.1408,3.3396,3.1408,3.3396,9558,0
20090122,3.2999,3.2999,3.1507,3.1507,705,0
20090123,3.4787,3.4787,3.4787,3.4787,252,0
20090126,3.7272,3.7272,3.3097,3.4688,5274,0
20090128,3.4787,3.5384,3.4787,3.5384,1208,0
20090129,3.6179,3.926,3.6179,3.6278,2839,0
20090130,3.7272,3.7272,3.6179,3.6179,930,0
20090202,3.4191,3.4191,3.4191,3.4191,100,0
20090203,3.3097,3.6775,3.3097,3.6775,3079,0
20090204,3.5781,3.5781,3.5781,3.5781,503,0
20090205,3.3993,3.439,3.3793,3.439,302,0
20090206,3.0812,3.0812,3.0812,3.0812,503,0
20090209,3.2303,3.2501,3.2303,3.2303,804,0
20090210,3.1011,3.1011,2.9917,2.9917,1208,0
20090211,2.9818,2.9818,2.9818,2.9818,482,0
20090213,3.0315,3.0315,2.7432,2.9023,3884,0
20090218,2.9718,2.9718,2.9718,2.9718,252,0
20090220,2.9818,2.9818,2.8824,2.9818,1208,0
20090223,1.9879,2.9818,1.9879,2.9818,17946,0
20090224,2.634,2.634,2.634,2.634,100,0
20090225,2.3954,2.9122,2.3954,2.9122,2918,0
20090227,2.8923,2.9818,2.8923,2.9818,1205,0
20090302,2.634,2.6538,2.634,2.634,15176,0
20090303,2.3854,2.614,1.9879,2.614,2767,0
20090304,2.2363,2.2661,2.2363,2.2661,304,0
20090305,2.5444,2.5644,2.3854,2.5644,402,0
20090306,2.3854,2.5047,2.3854,2.5047,1710,0
20090309,2.2363,2.5047,1.9879,2.0077,3823,0
20090310,2.127,2.127,2.0873,2.0873,302,0
20090312,2.4053,2.4053,1.5804,1.8885,86928,0
20090313,1.6002,1.9283,1.6002,1.9283,4442,0
20090317,2.9718,2.9718,2.3854,2.4848,1408,0
20090319,2.465,2.4848,2.1071,2.1071,805,0
20090325,2.3357,2.3357,2.3357,2.3357,202,0
20090326,2.0375,2.3059,2.0375,2.3059,306,0
20090331,2.624,2.634,2.624,2.624,1912,0
20090406,2.3159,2.4848,2.3059,2.4848,302,0
20090407,2.4053,2.4053,2.0773,2.0773,5205,0
20090408,2.614,2.7632,2.0475,2.0773,3491,0
20090409,2.1171,2.6638,2.1171,2.6638,987,0
20090413,2.1369,2.5942,2.1369,2.5942,242,0
20090414,2.4848,2.4848,2.4848,2.4848,1157,0
20090415,2.6538,2.6538,2.465,2.5942,850,0
20090420,2.4848,2.4848,2.4848,2.4848,1006,0
20090421,2.634,2.634,2.634,2.634,100,0
20090422,2.4848,2.4848,2.4848,2.4848,1968,0
20090428,2.3457,2.3457,2.3457,2.3457,100,0
20090430,2.634,2.634,2.634,2.634,2012,0
20090501,2.6638,3.1011,2.6638,2.8824,2377,0
20090504,1.9879,2.6836,1.9879,2.6836,302,0
20090505,3.1309,3.1309,2.7234,2.7234,6034,0
20090506,2.793,2.793,2.7234,2.7234,302,0
20090507,2.3854,2.3854,2.3854,2.3854,2012,0
20090508,2.4848,2.634,2.4848,2.634,2372,0
20090511,2.7333,2.8824,2.7333,2.8824,3385,0
20090513,2.8128,2.8128,2.7432,2.7432,4429,0
20090515,2.7432,2.783,1.9879,2.783,2495,0
20090527,2.5942,2.5942,2.4848,2.4848,2012,0
20090528,2.4749,2.4749,2.4749,2.4749,805,0
20090529,2.5842,2.7432,2.4848,2.5346,2514,0
20090602,2.5346,2.5346,2.5246,2.5346,2112,0
20090603,2.4252,2.4252,2.4252,2.4252,402,0
20090608,2.4848,2.4848,2.0873,2.0873,2141,0
20090609,2.5544,2.634,2.4252,2.634,6137,0
20090610,2.2065,2.4351,1.9879,2.4351,7106,0
20090624,2.0873,2.0873,2.0873,2.0873,136,0
20090625,2.0773,2.1171,2.0773,2.1171,629,0
20090629,2.0773,2.0873,2.0773,2.0873,282,0
20090701,2.0873,2.0873,2.0773,2.0773,1006,0
20090709,2.0773,2.0773,2.0773,2.0773,302,0
20090710,1.9879,1.9879,1.481,1.64,17820,0
20090713,1.4909,1.6698,1.4909,1.6698,202,0
20090715,1.8885,2.0773,1.8885,1.9977,22183,0
20090716,2.0773,2.1171,2.0475,2.1171,2124,0
20090717,2.1369,2.3357,2.1369,2.3357,4427,0
20090720,2.286,2.286,2.286,2.286,100,0
20090721,2.286,2.3357,2.2363,2.3357,3836,0
20090723,2.3357,2.3357,2.3357,2.3357,1726,0
20090724,2.2363,2.286,2.2363,2.286,28155,0
20090727,2.3854,2.4848,2.286,2.3854,11972,0
20090728,2.3854,2.4848,2.296,2.296,19703,0
20090729,2.3854,2.7333,2.3854,2.7333,35897,0
20090730,2.7333,2.7333,2.7234,2.7234,4965,0
20090731,2.7333,2.8128,2.5444,2.5444,9948,0
20090803,2.7134,2.7234,2.7134,2.7234,2616,0
20090804,2.6936,2.6936,2.6936,2.6936,503,0
20090805,2.2463,2.7234,2.2463,2.7234,3572,0
20090806,2.7234,2.7234,2.7234,2.7234,0,0
20090807,2.624,2.7333,2.624,2.7333,594,0
20090810,2.7333,2.7333,2.4252,2.445,15290,0
20090811,2.3854,2.3854,2.3854,2.3854,238,0
20090812,2.7134,2.7134,2.624,2.624,664,0
20090813,2.6836,2.6836,2.6836,2.6836,5533,0
20090814,2.6836,2.6836,2.6836,2.6836,3119,0
20090818,2.4252,2.4252,2.3854,2.3854,203,0
20090824,2.3854,2.3854,2.3854,2.3854,0,0
20090825,2.3854,2.3854,2.3854,2.3854,0,0
20090826,2.634,2.634,2.604,2.634,503,0
20090831,2.5346,2.5346,2.5346,2.5346,605,0
20090901,2.3357,2.3357,2.3357,2.3357,5031,0
20090903,2.286,2.286,2.286,2.286,503,0
20090909,2.286,2.296,2.286,2.286,1509,0
20090910,2.3357,2.3357,2.3357,2.3357,1006,0
20090914,2.4749,2.4848,2.4749,2.4848,1810,0
20090915,2.4848,2.4848,2.2562,2.2761,6385,0
20090921,2.4948,2.4948,2.4948,2.4948,100,0
20090922,2.286,2.286,2.2562,2.2562,1006,0
20090923,2.286,2.286,2.286,2.286,7043,0
20090929,2.2562,2.2562,2.2562,2.2562,1509,0
20091001,2.2661,2.2661,2.2562,2.2562,1006,0
20091002,2.2562,2.286,2.2562,2.286,5635,0
20091008,2.286,2.3854,2.2562,2.286,2314,0
20091009,2.3854,2.4948,2.3854,2.4948,1710,0
20091012,2.5346,2.5346,2.5346,2.5346,100,0
20091014,2.2661,2.2661,2.2463,2.2463,752,0
20091015,2.2463,2.2463,2.2463,2.2463,1509,0
20091019,2.5246,2.5444,2.5246,2.5444,1912,0
20091020,2.5047,2.5047,2.2562,2.2562,202,0
20091021,2.4948,2.4948,2.4848,2.4848,1006,0
20091022,2.5842,2.5942,2.5842,2.5942,503,0
20091023,2.4848,2.4848,2.4848,2.4848,100,0
20091026,2.4749,2.4948,2.4749,2.4948,5967,0
20091027,2.4948,2.4948,2.4948,2.4948,1006,0
20091028,2.7034,2.9818,2.7034,2.7333,7568,0
20091029,2.7432,2.7432,2.7432,2.7432,790,0
20091102,2.6538,2.6538,2.634,2.634,401,0
20091103,2.7234,2.9718,2.7234,2.9718,5471,0
20091105,2.6638,2.6638,2.6638,2.6638,402,0
20091113,2.9718,2.9917,2.9718,2.9917,15660,0
20091116,2.6936,2.9917,2.6836,2.9917,2616,0
20091117,3.0315,3.0315,3.0315,3.0315,503,0
20091118,3.2303,3.2303,3.0315,3.0315,8230,0
20091119,3.0017,3.0215,3.0017,3.0215,302,0
20091120,3.0315,3.0315,2.9917,3.0315,3823,0
20091123,2.9818,2.9818,2.9818,2.9818,352,0
20091124,3.0315,3.0315,3.0315,3.0315,1088,0
20091208,3.0116,3.0116,2.9818,2.9818,503,0
20091210,3.1309,3.1309,3.1309,3.1309,6137,0
20091214,3.1309,3.1309,2.9818,2.9818,10363,0
20091215,2.9321,3.1309,2.9321,3.1309,6237,0
20091216,3.1209,3.1209,3.0812,3.0812,7244,0
20091217,3.1309,3.1309,3.1309,3.1309,172,0
20091218,2.9818,2.9818,2.9321,2.9321,917,0
20091221,3.1309,3.1309,3.1309,3.1309,472,0
20091222,2.942,2.9818,2.9321,2.9321,1308,0
20091224,2.9321,3.1309,2.286,2.783,5223,0
20091229,2.7333,2.7333,2.7333,2.7333,906,0
20091230,2.7333,2.7333,2.7333,2.7333,202,0
20100104,3.111,3.111,2.773,2.773,503,0
20100105,2.783,2.783,2.7333,2.7333,1610,0
20100108,3.1011,3.1309,3.1011,3.1309,503,0
20100121,2.9818,2.9818,2.9818,2.9818,1259,0
20100127,3.1309,3.1309,3.1309,3.1309,14287,0
20100128,3.0812,3.1309,3.0116,3.0315,2032,0
20100129,3.0116,3.0116,2.9818,2.9818,1014,0
20100202,2.8923,2.8923,2.8923,2.8923,122,0
20100205,3.1309,3.1309,3.1309,3.1309,100,0
20100208,2.9818,2.9818,2.9818,2.9818,202,0
20100209,2.8923,2.8923,2.8923,2.8923,1811,0
20100212,2.9023,2.9023,2.8923,2.8923,503,0
20100217,2.8923,2.8923,2.8923,2.8923,100,0
20100222,3.0812,3.0812,3.0812,3.0812,100,0
20100302,3.0812,3.0812,2.9818,2.9818,1006,0
20100304,2.8824,3.1309,2.783,3.1309,1278,0
20100311,2.8824,2.9321,2.8824,2.9321,6942,0
20100312,3.0215,3.0215,3.0215,3.0215,462,0
20100315,3.0215,3.0215,3.0215,3.0215,202,0
20100316,3.0315,3.0315,3.0315,3.0315,202,0
20100318,3.0315,3.0315,3.0315,3.0315,503,0
20100323,3.0315,3.0315,3.0315,3.0315,503,0
20100324,3.0315,3.0315,3.0315,3.0315,100,0
20100325,3.0315,3.0315,3.0315,3.0315,3912,0
20100329,2.9321,2.942,2.9321,2.9321,2918,0
20100405,2.9619,2.9619,2.9619,2.9619,1006,0
20100406,2.9619,2.9619,2.9619,2.9619,202,0
20100408,2.8327,2.8327,2.6936,2.7134,604,0
20100415,2.8824,2.952,2.8824,2.952,202,0
20100420,2.8724,2.9917,2.8724,2.9917,14727,0
20100421,3.2303,3.2303,2.9321,2.9321,1937,0
20100423,3.1309,3.1309,2.9917,2.9917,4025,0
20100426,3.1309,3.6278,3.1209,3.1309,57371,0
20100427,3.1905,3.1905,2.9818,3.0315,6157,0
20100428,3.1309,3.1309,2.9818,3.0215,2973,0
20100429,3.1011,3.1408,2.9917,3.0215,6519,0
20100430,3.1905,3.4291,3.0713,3.1011,7767,0
20100503,3.439,3.4787,3.3297,3.4091,8366,0
20100504,3.2203,3.608,3.0812,3.3993,7727,0
20100505,3.2402,3.2402,3.2303,3.2303,2820,0
20100506,3.1408,3.1408,3.0812,3.0812,2515,0
20100510,2.9917,3.0215,2.9818,3.0215,2716,0
20100511,3.111,3.1607,2.9818,3.1607,5333,0
20100513,2.9917,2.9917,2.9818,2.9818,4729,0
20100514,2.9718,2.9718,2.9718,2.9718,1106,0
20100518,2.8824,2.8824,2.8228,2.8327,2515,0
20100519,2.8327,2.8426,2.8228,2.8327,7847,0
20100520,2.783,2.783,2.6736,2.7333,2113,0
20100521,2.8327,2.8327,2.8327,2.8327,1710,0
20100524,2.7333,2.7333,2.634,2.634,6821,0
20100525,2.5346,2.5346,2.3457,2.4848,6162,0
20100527,2.8228,2.8228,2.5842,2.5842,3052,0
20100528,2.634,2.634,2.5842,2.634,3421,0
20100601,2.6438,2.6538,2.3854,2.6538,16108,0
20100602,2.5842,2.604,2.4351,2.5842,5252,0
20100603,2.5842,2.5942,2.3954,2.5842,46387,0
20100607,2.4848,2.4848,2.4749,2.4848,27115,0
20100608,2.4848,2.4848,2.4848,2.4848,5031,0
20100609,2.5346,2.5346,2.5346,2.5346,100,0
20100610,2.5346,2.6836,2.5346,2.6836,21490,0
20100611,2.6836,2.7234,2.6836,2.7234,14186,0
20100614,2.6736,2.7234,2.6736,2.7234,302,0
20100616,2.634,2.6438,2.634,2.6438,202,0
20100618,2.9718,2.9718,2.9718,2.9718,111,0
20100621,2.7333,2.8824,2.7333,2.7432,3517,0
20100623,2.634,2.634,2.634,2.634,402,0
20100624,2.634,2.793,2.634,2.783,1931,0
20100625,2.634,2.634,2.5942,2.5942,1086,0
20100629,2.455,2.5346,2.4152,2.5146,3334,0
20100630,2.4848,2.4848,2.4848,2.4848,8109,0
20100701,2.445,2.4848,2.445,2.4848,346,0
20100702,2.4948,2.4948,2.4948,2.4948,100,0
20100706,2.4848,2.4848,2.4848,2.4848,1006,0
20100707,2.4848,2.5146,2.4152,2.5146,3572,0
20100708,2.7333,2.7333,2.6936,2.6936,202,0
20100712,2.4848,2.4948,2.4351,2.4351,2103,0
20100714,2.4948,2.4948,2.4848,2.4848,906,0
20100719,2.614,2.614,2.4848,2.4848,302,0
20100720,2.4848,2.4848,2.3258,2.3457,26383,0
20100721,2.3854,2.3854,2.3854,2.3854,13582,0
20100722,2.3954,2.3954,2.3954,2.3954,2302,0
20100723,2.6638,2.6638,2.4351,2.4351,202,0
20100727,2.4351,2.4351,2.3954,2.3954,1973,0
20100729,2.3954,2.3954,2.3556,2.3556,1006,0
20100730,2.624,2.624,2.624,2.624,805,0
20100802,2.634,2.634,2.634,2.634,402,0
20100805,2.6638,2.6638,2.6638,2.6638,285,0
20100806,2.6836,2.6836,2.6538,2.6538,212,0
20100811,2.6836,2.6836,2.624,2.624,1391,0
20100812,2.6836,2.6836,2.6438,2.6538,704,0
20100816,2.5346,2.5346,2.5346,2.5346,352,0
20100818,2.6836,2.6836,2.6836,2.6836,302,0
20100819,2.6836,2.6836,2.6836,2.6836,179,0
20100824,2.5346,2.5942,2.4848,2.5842,4840,0
20100825,2.5246,2.634,2.5246,2.624,1056,0
20100826,2.6836,2.6836,2.6836,2.6836,1915,0
20100827,2.6836,2.6836,2.5842,2.5842,1408,0
20100831,2.4948,2.4948,2.4948,2.4948,223,0
20100901,2.6836,2.6836,2.4848,2.4848,8229,0
20100903,2.634,2.634,2.5842,2.5842,302,0
20100907,2.634,2.634,2.3258,2.4848,23762,0
20100908,2.4848,2.4848,2.4848,2.4848,247,0
20100909,2.5444,2.5444,2.5444,2.5444,100,0
20100910,2.6836,2.6836,2.6836,2.6836,866,0
20100913,2.4948,2.6836,2.4848,2.6836,6842,0
20100914,2.6836,2.9718,2.6836,2.8327,16249,0
20100915,2.9818,3.1309,2.9122,2.9818,37939,0
20100916,3.1805,3.2799,2.9122,3.1905,2837,0
20100917,3.3793,3.4291,3.3793,3.4291,2011,0
20100920,3.6676,3.6775,3.4091,3.4291,4302,0
20100923,3.3396,3.3396,3.0812,3.0812,6244,0
20100924,3.0812,3.0812,3.0812,3.0812,470,0
20100930,2.9917,2.9917,2.9122,2.9122,3905,0
20101001,2.9122,2.9122,2.9122,2.9122,171,0
20101005,2.9917,3.2303,2.9917,3.1905,6841,0
20101007,3.0414,3.0513,3.0315,3.0315,503,0
20101008,2.9917,3.0315,2.9718,2.9917,108880,0
20101011,2.9917,2.9917,2.9321,2.9321,22184,0
20101012,2.9818,2.9818,2.9122,2.9122,4930,0
20101013,2.9917,3.0315,2.9619,2.9917,234905,0
20101014,3.0116,3.0315,2.9818,2.9818,60870,0
20101015,3.0315,3.0315,3.0315,3.0315,100,0
20101018,3.0315,3.0315,2.9917,2.9917,9860,0
20101019,2.952,3.0315,2.952,3.0315,2489,0
20101020,2.9917,2.9917,2.9917,2.9917,116,0
20101021,2.9818,3.0215,2.8526,2.9718,712058,0
20101022,2.9818,3.0713,2.9818,3.0414,16299,0
20101025,3.2203,3.2203,3.0215,3.0613,8652,0
20101026,3.1309,3.1309,3.1309,3.1309,304,0
20101027,3.1309,3.1707,3.1309,3.1707,707,0
20101028,3.0513,3.1507,2.9818,3.0812,4628,0
20101029,3.1707,3.3893,3.1707,3.3793,40547,0
20101101,3.2799,3.3297,3.0315,3.1011,16379,0
20101102,3.2501,3.2601,3.2501,3.2501,1710,0
20101103,3.2501,3.2501,3.1607,3.1607,4109,0
20101104,3.3595,3.3595,3.2701,3.2799,805,0
20101105,3.2799,3.2799,3.2799,3.2799,3119,0
20101108,3.2799,3.2799,3.2203,3.2203,704,0
20101110,3.2303,3.2303,3.2303,3.2303,202,0
20101111,3.2203,3.2303,3.2203,3.2303,1408,0
20101116,3.2899,3.4589,3.1805,3.4589,1671,0
20101117,3.2899,3.4589,3.2899,3.4589,604,0
20101118,3.3297,3.4589,3.3297,3.4589,2088,0
20101119,3.3495,3.4589,3.3495,3.4589,503,0
20101123,3.2701,3.3893,3.2701,3.3396,1067,0
20101124,3.4291,3.4291,3.3396,3.3396,402,0
20101126,3.1805,3.1805,3.1805,3.1805,503,0
20101129,3.3893,3.3893,3.2899,3.3197,604,0
20101130,3.2303,3.4589,3.2303,3.4589,248,0
20101201,3.4688,3.4688,3.3396,3.3793,1312,0
20101202,3.4787,3.4787,3.4787,3.4787,503,0
20101203,3.4688,3.608,3.4489,3.608,10292,0
20101206,3.608,3.608,3.2701,3.4787,4035,0
20101207,3.4787,3.4787,3.4787,3.4787,100,0
20101208,3.4787,3.6676,3.3993,3.4787,2636,0
20101209,3.4787,3.6676,3.4291,3.4589,4527,0
20101210,3.4787,3.5781,3.4787,3.5781,3337,0
20101213,3.5781,3.5781,3.5185,3.5185,503,0
20101214,3.4787,3.4787,3.4489,3.4489,2416,0
20101215,3.5781,3.5781,3.3893,3.5285,3521,0
20101216,3.5781,3.5781,3.4787,3.4787,2055,0
20101217,3.6775,3.6775,3.4291,3.4787,3521,0
20101221,3.4787,3.7769,3.3793,3.4787,1006,0
20101222,3.4688,3.5384,3.4191,3.5285,7621,0
20101223,3.5285,3.6775,3.5285,3.6775,6439,0
20101227,3.5781,3.6775,3.3793,3.6775,1954,0
20101228,3.5781,3.7272,3.5781,3.6278,4224,0
20101229,3.5781,3.5781,3.5781,3.5781,604,0
20101230,3.6577,3.6577,3.4986,3.6179,11773,0
20101231,3.5682,3.5781,3.5682,3.5781,906,0
20110103,3.5682,3.7471,3.5682,3.7471,926,0
20110104,3.6775,3.7868,3.6775,3.7769,31836,0
20110105,3.7769,3.7769,3.7769,3.7769,402,0
20110106,3.8664,3.8664,3.7769,3.8068,18491,0
20110107,3.8068,3.8465,3.7272,3.8465,704,0
20110110,3.8664,3.8764,3.7769,3.8764,31863,0
20110111,3.8664,3.9758,3.8664,3.9758,8191,0
20110112,3.9658,4.0652,3.9658,4.0354,2128,0
20110113,3.9956,4.2142,3.9956,4.2142,6841,0
20110114,4.1745,4.2043,4.1745,4.2043,906,0
20110118,4.2142,4.2142,4.2142,4.2142,1308,0
20110119,4.2043,4.2043,4.0751,4.1745,2314,0
20110120,4.2739,4.4727,4.2242,4.4727,81462,0
20110121,4.4528,4.9199,4.4528,4.8205,26702,0
20110124,4.6715,4.7211,4.4528,4.6715,24392,0
20110125,4.4826,4.6715,4.4826,4.5721,9938,0
20110126,4.6615,4.6715,4.6119,4.6615,1509,0
20110127,4.6119,4.6715,4.4329,4.4627,29543,0
20110128,4.4727,4.6515,4.3137,4.3931,5937,0
20110131,4.423,4.4826,4.2242,4.3534,18806,0
20110201,4.4727,4.6715,4.4727,4.4727,6237,0
20110202,4.4329,4.6715,4.3733,4.3733,6010,0
20110203,4.3037,4.423,4.2838,4.423,1509,0
20110204,4.3733,4.6715,4.3733,4.5223,2113,0
20110207,4.4727,4.4727,4.3733,4.3733,5489,0
20110208,4.4727,4.4727,4.3733,4.3733,604,0
20110209,4.3733,4.3733,4.2739,4.2739,3444,0
20110210,4.3633,4.5721,4.3633,4.5721,28780,0
20110211,4.4925,4.6515,4.4727,4.5621,1811,0
20110214,4.4727,4.4826,4.4727,4.4826,503,0
20110215,4.5423,4.5423,4.5423,4.5423,604,0
20110216,4.5423,4.5423,4.5323,4.5323,1710,0
20110217,4.5821,4.5821,4.5821,4.5821,202,0
20110218,4.5919,4.6317,4.5323,4.5323,36162,0
20110222,4.5423,4.5423,4.5323,4.5323,503,0
20110223,4.5323,4.5323,4.3733,4.3733,539,0
20110224,4.4031,4.4131,4.3733,4.4131,2012,0
20110225,4.5919,4.6217,4.3832,4.4131,2415,0
20110228,4.5025,4.6515,4.4925,4.4925,4804,0
20110301,4.4826,4.4826,4.4826,4.4826,1208,0
20110302,4.5522,4.5821,4.5125,4.5125,1308,0
20110304,4.4727,4.5522,4.4727,4.4727,2716,0
20110307,4.3733,4.4727,4.3733,4.4429,1610,0
20110308,4.2938,4.5621,4.2938,4.5621,2917,0
20110309,4.5721,4.5721,4.5423,4.5721,752,0
20110310,4.4826,4.4826,4.4826,4.4826,202,0
20110311,4.5621,4.5721,4.5621,4.5721,2936,0
20110315,4.3832,4.6417,4.3733,4.6417,1408,0
20110317,4.4727,4.4727,4.423,4.423,7163,0
20110318,4.5621,4.5621,4.3335,4.4727,2183,0
20110321,4.4727,4.5223,4.3832,4.5223,968,0
20110322,4.3733,4.4429,4.3733,4.4429,1509,0
20110323,4.3832,4.3832,4.3733,4.3733,284,0
20110324,4.3832,4.3832,4.3733,4.3733,1106,0
20110325,4.4429,4.5223,4.4329,4.5223,3016,0
20110328,4.4727,4.4727,4.4727,4.4727,644,0
20110329,4.4727,4.4826,4.4727,4.4727,1459,0
20110330,4.4727,4.6417,4.4727,4.6417,1006,0
20110401,4.6217,4.6317,4.4727,4.5223,1258,0
20110404,4.5223,4.5323,4.5223,4.5223,1127,0
20110411,4.5323,4.5323,4.4727,4.4727,674,0
20110412,4.3733,4.4627,4.3733,4.4627,402,0
20110415,4.4627,4.4727,4.4627,4.4627,805,0
20110418,4.4727,4.4727,4.423,4.423,2840,0
20110419,4.4131,4.4131,4.3733,4.3733,820,0
20110420,4.423,4.423,4.4131,4.423,402,0
20110421,4.4131,4.423,4.3236,4.3236,1389,0
20110426,4.4329,4.4329,4.3236,4.3236,1308,0
20110427,4.3236,4.3236,4.2242,4.3236,1023,0
20110428,4.2242,4.2242,4.0254,4.1447,19317,0
20110429,4.1844,4.2938,4.1745,4.2739,3529,0
20110502,4.1546,4.2242,4.1248,4.2242,5853,0
20110503,4.3236,4.3236,4.1745,4.2242,4125,0
20110504,4.1248,4.3236,4.1248,4.3236,1552,0
20110505,4.2242,4.2242,4.1745,4.2242,11670,0
20110506,4.2242,4.3733,4.2242,4.3733,8552,0
20110509,4.2341,4.3633,4.1745,4.3137,2314,0
20110510,4.2341,4.3137,4.2341,4.2441,302,0
20110511,4.2341,4.2341,4.2242,4.2242,4125,0
20110512,4.2242,4.2242,4.2242,4.2242,1106,0
20110513,4.1348,4.2242,4.1248,4.2242,14812,0
20110516,4.2341,4.3236,4.2242,4.3236,1208,0
20110517,4.264,4.264,4.264,4.264,604,0
20110519,4.2341,4.2341,4.2341,4.2341,100,0
20110520,4.1745,4.2341,4.1745,4.1745,1208,0
20110523,4.0254,4.1447,3.9956,4.1447,302,0
20110524,4.1447,4.1447,4.0751,4.0751,2037,0
20110525,4.1248,4.1248,4.1248,4.1248,100,0
20110526,4.1745,4.1745,4.1248,4.1248,1578,0
20110527,4.1248,4.1248,4.1248,4.1248,402,0
20110601,4.1745,4.1745,4.1745,4.1745,100,0
20110602,4.085,4.085,4.0254,4.0751,12023,0
20110603,4.0254,4.0751,4.0254,4.0751,1006,0
20110606,4.0254,4.0254,3.7272,3.7272,44341,0
20110607,3.6775,3.6775,3.5781,3.5781,19474,0
20110608,3.3595,3.9758,3.3595,3.9758,10202,0
20110609,3.8167,3.9658,3.4787,3.8764,3723,0
20110610,3.7272,3.9458,3.6577,3.8167,2415,0
20110613,3.6577,3.7471,3.4787,3.4787,20122,0
20110614,3.608,3.608,3.4986,3.598,2415,0
20110615,3.608,3.608,3.4291,3.5781,907,0
20110617,3.608,3.608,3.608,3.608,422,0
20110620,3.6676,3.6676,3.5881,3.6278,302,0
20110621,3.5781,3.5781,3.4489,3.5781,1106,0
20110622,3.4887,3.608,3.4291,3.4291,2113,0
20110623,3.5185,3.5185,3.4787,3.4787,202,0
20110624,3.4688,3.4787,3.4688,3.4787,5763,0
20110706,3.6477,3.8366,3.6477,3.8266,4930,0
20110711,3.6477,3.6477,3.6477,3.6477,202,0
20110712,3.757,3.8764,3.6974,3.6974,1760,0
20110713,3.6775,3.6775,3.6775,3.6775,251,0
20110714,3.4887,3.4986,3.4787,3.4787,1912,0
20110715,3.4787,3.5781,3.4787,3.5285,4899,0
20110718,3.5285,3.5483,3.5285,3.5483,352,0
20110719,3.598,3.598,3.5781,3.5881,3346,0
20110720,3.6775,3.6775,3.6775,3.6775,100,0
20110722,3.5881,3.7272,3.5881,3.6676,302,0
20110725,3.5781,3.608,3.5285,3.608,993,0
20110726,3.4787,3.5483,3.3097,3.4291,9504,0
20110727,3.4291,3.4291,2.9917,3.3396,1811,0
20110728,3.2501,3.4091,3.2303,3.4091,1006,0
20110801,3.2402,3.3595,3.2402,3.3595,202,0
20110802,3.2303,3.2303,3.0017,3.2203,1509,0
20110803,3.2203,3.2203,3.2203,3.2203,100,0
20110804,3.0116,3.1309,2.9917,3.0315,13499,0
20110805,3.2303,3.2303,3.0116,3.0116,1811,0
20110808,2.9321,2.9818,2.8228,2.8824,20687,0
20110809,2.9321,2.9321,2.9023,2.9023,1259,0
20110810,2.8327,2.8824,2.8128,2.8128,503,0
20110811,2.8327,2.8327,2.5842,2.5842,2817,0
20110812,2.5544,2.7333,2.5544,2.7333,2616,0
20110815,2.8128,2.8327,2.634,2.8327,5172,0
20110817,2.6936,2.8327,2.6836,2.8327,4225,0
20110818,2.8327,2.8327,2.634,2.8327,4125,0
20110819,2.8327,2.8327,2.8327,2.8327,100,0
20110823,2.7333,2.7333,2.6836,2.6836,10061,0
20110829,2.6736,2.6736,2.6438,2.6438,2012,0
20110830,2.634,2.634,2.5742,2.5742,2314,0
20110831,2.5742,2.6836,2.5544,2.5544,8653,0
20110901,2.5544,2.5544,2.5544,2.5544,100,0
20110906,2.4948,2.5047,2.3159,2.465,4150,0
20110907,2.5842,2.5842,2.465,2.5842,202,0
20110912,2.6836,2.7333,2.6836,2.7333,402,0
20110913,2.7234,2.7234,2.6836,2.6936,302,0
20110914,2.634,2.634,2.634,2.634,2136,0
20110915,2.6836,2.6836,2.6836,2.6836,604,0
20110916,2.6836,2.6836,2.5842,2.5842,704,0
20110919,2.5842,2.604,2.4749,2.4848,4897,0
20110921,2.5047,2.5047,2.3357,2.3357,1811,0
20110922,2.4948,2.5047,2.286,2.286,1006,0
20110923,2.2363,2.2463,2.2363,2.2363,2692,0
20110926,2.2264,2.2363,2.2264,2.2363,2032,0
20110927,2.0873,2.2065,1.8686,2.1867,11470,0
20110928,2.1767,2.2463,2.1767,2.2463,402,0
20110929,2.2463,2.3457,2.2463,2.3457,1106,0
20111003,2.2761,2.2761,1.9879,2.0972,6120,0
20111004,2.0475,2.0475,2.0475,2.0475,202,0
20111006,2.5644,2.5842,2.2562,2.2562,1208,0
20111007,2.1469,2.1767,2.1369,2.1767,503,0
20111010,2.3854,2.3854,2.3854,2.3854,100,0
20111014,2.1667,2.1667,2.1469,2.1469,202,0
20111018,2.3854,2.3854,2.2363,2.3159,604,0
20111019,2.1966,2.2463,1.7593,2.1071,8356,0
20111020,2.286,2.286,2.0972,2.0972,202,0
20111021,2.2165,2.2165,2.1369,2.1369,906,0
20111024,2.1071,2.1469,2.1071,2.1469,352,0
20111026,2.2761,2.286,2.2761,2.286,237,0
20111027,2.3755,2.3854,2.3755,2.3854,19267,0
20111028,2.3854,2.3854,2.3854,2.3854,629,0
20111031,2.3854,2.4351,2.3854,2.3854,5333,0
20111101,2.3854,2.3854,2.1867,2.286,23397,0
20111102,2.1667,2.1966,1.9381,1.9381,9358,0
20111103,1.8984,1.9679,1.8587,1.9679,5937,0
20111104,1.9879,1.9879,1.6599,1.6797,88336,0
20111107,1.9779,1.9779,1.7294,1.7791,23942,0
20111108,1.799,1.799,1.7791,1.7791,3220,0
20111109,1.7692,1.9183,1.7195,1.7294,168110,0
20111114,1.7095,1.9381,1.7095,1.7394,1006,0
20111115,1.8387,1.8487,1.799,1.8487,1408,0
20111116,1.8387,1.9083,1.6897,1.7394,13663,0
20111117,1.7394,1.7394,1.5406,1.6002,24952,0
20111118,1.7394,1.7394,1.6996,1.6996,202,0
20111121,1.6897,1.6897,1.6897,1.6897,202,0
20111128,1.6897,1.6897,1.6499,1.6897,704,0
20111129,1.6698,1.6698,1.4909,1.4909,18391,0
20111130,1.6201,1.6201,1.3518,1.5406,6717,0
20111201,1.5903,1.5903,1.4909,1.4909,1408,0
20111202,1.6897,1.6897,1.5903,1.5903,2616,0
20111205,1.7394,1.7394,1.4909,1.4909,4025,0
20111206,1.6897,1.6897,1.4909,1.6897,4017,0
20111207,1.6897,1.6897,1.4909,1.5605,4889,0
20111208,1.5903,1.5903,1.5406,1.5406,1016,0
20111209,1.4909,1.5903,1.4909,1.5406,503,0
20111212,1.63,1.63,1.5903,1.5903,402,0
20111213,1.63,1.6897,1.63,1.64,1006,0
20111215,1.6897,1.6897,1.4909,1.4909,26058,0
20111216,1.64,1.64,1.4909,1.4909,906,0
20111219,1.5406,1.5406,1.5406,1.5406,1006,0
20111220,1.5406,1.64,1.5406,1.64,2445,0
20111221,1.64,1.64,1.64,1.64,202,0
20111222,1.6002,1.6002,1.3915,1.471,7046,0
20111223,1.4412,1.5505,1.3816,1.471,5427,0
20111227,1.5406,1.5505,1.4909,1.5108,3584,0
20111228,1.5406,1.5406,1.5008,1.5008,402,0
20111229,1.5406,1.5605,1.4909,1.4909,3816,0
20111230,1.471,1.4809,1.3518,1.4809,8653,0
20120103,1.4412,1.6599,1.4412,1.5804,8552,0
20120104,1.5903,1.6897,1.5108,1.64,1932,0
20120106,1.63,1.6499,1.5406,1.6499,805,0
20120109,1.63,1.6897,1.63,1.6698,3320,0
20120110,1.6499,1.6897,1.5903,1.6797,11826,0
20120111,1.6599,1.6599,1.5108,1.63,3392,0
20120112,1.63,1.63,1.5406,1.63,1106,0
20120117,1.4909,1.64,1.4909,1.64,13827,0
20120118,1.6201,1.63,1.4909,1.6002,4211,0
20120119,1.6201,1.63,1.6002,1.63,302,0
20120120,1.4909,1.6797,1.4909,1.6797,15675,0
20120123,1.6797,1.8387,1.6797,1.8387,16804,0
20120124,1.8487,1.8587,1.8387,1.8387,402,0
20120125,1.8189,1.8189,1.8089,1.8189,2012,0
20120126,1.8189,1.8487,1.7195,1.7891,6882,0
20120127,1.7891,1.8089,1.7891,1.7891,1156,0
20120130,1.7891,1.7891,1.6897,1.7891,4125,0
20120131,1.7891,1.7891,1.7891,1.7891,100,0
20120201,1.7394,1.7593,1.5406,1.64,20323,0
20120202,1.5406,1.5406,1.2622,1.3418,59418,0
20120203,1.3915,1.3915,1.2822,1.3418,35005,0
20120206,1.4312,1.4909,1.3816,1.481,89675,0
20120207,1.5903,1.5903,1.4909,1.5804,36317,0
20120208,1.5903,1.6499,1.5505,1.64,3622,0
20120209,1.64,1.6599,1.6002,1.64,9545,0
20120210,1.6698,1.7692,1.64,1.6897,44656,0
20120213,1.7692,1.7692,1.7294,1.7394,13498,0
20120214,1.7294,1.7394,1.7195,1.7294,12561,0
20120215,1.7095,1.7791,1.7095,1.7394,2012,0
20120216,1.7692,1.8686,1.7593,1.8686,37518,0
20120217,1.9381,1.9679,1.8885,1.8984,14536,0
20120221,1.9283,1.9283,1.7891,1.8089,9860,0
20120222,1.9481,1.9679,1.8785,1.9481,13416,0
20120223,1.9581,2.1171,1.9581,2.1171,11967,0
20120224,2.1171,2.1867,2.0375,2.0375,6460,0
20120227,2.0873,2.0873,2.0375,2.0375,1155,0
20120228,1.9977,1.9977,1.9879,1.9879,1236,0
20120301,2.0673,2.0773,2.0475,2.0475,2113,0
20120307,2.0673,2.0873,2.0475,2.0773,11280,0
20120308,2.127,2.2363,2.0972,2.1171,8721,0
20120309,1.9977,2.1568,1.9977,2.1568,3662,0
20120313,2.1568,2.4848,2.1369,2.465,16163,0
20120314,2.286,2.4351,1.7791,2.1867,32445,0
20120315,2.1867,2.286,2.1867,2.286,12182,0
20120316,2.2264,2.4252,2.2264,2.4252,6287,0
20120319,2.4351,2.5346,2.4351,2.5246,7729,0
20120320,2.5346,2.7034,2.5346,2.7034,1922,0
20120321,2.6736,2.6836,2.634,2.634,11812,0
20120323,2.6438,2.6438,2.5842,2.5842,1610,0
20120327,2.5346,2.5544,2.5346,2.5346,2515,0
20120328,2.5047,2.5842,2.5047,2.5842,1274,0
20120329,2.5842,2.5842,2.5346,2.5346,805,0
20120330,2.5346,2.5842,2.5346,2.5346,1524,0
20120403,2.5644,2.5742,2.5346,2.5346,2415,0
20120404,2.5146,2.5644,2.3755,2.5644,11363,0
20120410,2.4053,2.5544,2.4053,2.5544,604,0
20120412,2.4351,2.4848,2.2363,2.4252,2928,0
20120413,2.4848,2.5047,2.4848,2.4848,1513,0
20120416,2.3854,2.3854,2.3854,2.3854,1006,0
20120417,2.3854,2.4848,2.3854,2.4848,15923,0
20120419,2.3854,2.3854,2.2363,2.2363,1006,0
20120420,2.3357,2.5047,2.3357,2.4848,1778,0
20120423,2.4848,2.4948,2.3457,2.3854,4560,0
20120424,2.3854,2.3954,2.2363,2.2363,18057,0
20120425,2.286,2.286,2.286,2.286,503,0
20120426,2.286,2.286,2.286,2.286,533,0
20120427,2.286,2.286,2.286,2.286,1509,0
20120430,2.2776,2.2776,2.2776,2.2776,302,0
20120501,2.3059,2.3954,2.286,2.286,3119,0
20120502,2.286,2.286,2.286,2.286,202,0
20120503,2.2661,2.2661,2.2363,2.2363,3421,0
20120507,2.2363,2.3258,2.2363,2.286,9739,0
20120508,2.2165,2.2264,2.0873,2.0873,3446,0
20120509,2.2363,2.286,2.1071,2.1071,6641,0
20120510,2.1667,2.2165,2.0375,2.2165,17499,0
20120511,2.2264,2.2264,2.1867,2.1867,10725,0
20120514,2.1867,2.2363,2.1867,2.1966,1062,0
20120515,2.1966,2.3258,2.1966,2.3258,2714,0
20120516,2.4351,2.4948,2.4351,2.4948,1710,0
20120517,2.445,2.445,2.1966,2.1966,7647,0
20120518,2.2463,2.5047,2.2065,2.2065,16970,0
20120521,2.2264,2.3854,2.2264,2.3854,6806,0
20120522,2.3954,2.3954,2.3954,2.3954,100,0
20120524,2.4848,2.5047,2.4848,2.5047,1645,0
20120530,2.5047,2.8327,2.3457,2.3457,5282,0
20120531,2.455,2.455,2.455,2.455,302,0
20120604,2.4848,2.4848,2.4749,2.4749,4777,0
20120605,2.3159,2.3357,2.286,2.286,21883,0
20120606,2.286,2.3357,2.286,2.286,7112,0
20120607,2.5346,2.5346,2.296,2.296,13180,0
20120608,2.3258,2.3258,2.3258,2.3258,322,0
20120611,2.3755,2.4848,2.296,2.296,4898,0
20120612,2.445,2.445,2.3357,2.3357,604,0
20120613,2.3159,2.3357,2.3159,2.3357,1006,0
20120615,2.3755,2.773,2.3159,2.773,23554,0
20120618,2.7632,2.7632,2.3159,2.3159,5919,0
20120619,2.3159,2.3159,2.3159,2.3159,489,0
20120621,2.3159,2.4848,2.2065,2.2065,9947,0
20120622,2.2065,2.2463,2.1966,2.2363,1328,0
20120625,2.2363,2.286,2.1867,2.1867,11872,0
20120626,2.1867,2.1867,2.1867,2.1867,1509,0
20120627,2.1867,2.1867,2.1867,2.1867,2012,0
20120629,2.296,2.4847,2.296,2.4847,504,0
20120702,2.4848,2.4848,2.1867,2.3357,1067,0
20120705,2.2463,2.286,2.1867,2.286,1873,0
20120706,2.296,2.3357,2.286,2.286,503,0
20120709,2.3755,2.3755,2.3755,2.3755,184,0
20120710,2.3755,2.3854,2.3755,2.3854,1006,0
20120711,2.3854,2.3854,2.286,2.286,2036,0
20120712,2.3755,2.3755,2.1867,2.1966,5533,0
20120716,2.1966,2.286,2.1966,2.286,1208,0
20120718,2.286,2.296,2.286,2.296,406,0
20120719,2.3755,2.3854,2.3755,2.3854,503,0
20120720,2.286,2.286,2.286,2.286,302,0
20120724,2.286,2.286,2.286,2.286,302,0
20120725,2.2562,2.3755,2.2562,2.3755,352,0
20120726,2.3854,2.3854,2.1966,2.2165,503,0
20120730,2.1867,2.3854,2.1867,2.3854,2214,0
20120731,2.3258,2.3755,2.2065,2.3755,2716,0
20120802,2.3357,2.4053,2.3357,2.3954,24986,0
20120803,2.5346,2.5346,2.465,2.465,10988,0
20120806,2.4053,2.5346,2.3954,2.5346,4829,0
20120807,2.5346,2.5346,2.5346,2.5346,4988,0
20120808,2.5942,2.5942,2.5942,2.5942,302,0
20120809,2.78,2.78,2.5842,2.6936,1610,0
20120810,2.9619,2.9619,2.5644,2.6836,9206,0
20120813,2.5842,2.8824,2.5346,2.5346,4922,0
20120814,2.5742,2.6836,2.5742,2.5942,5937,0
20120815,2.5842,2.8426,2.5346,2.5346,1006,0
20120817,2.614,2.9023,2.614,2.6836,604,0
20120821,2.7034,2.7035,2.7034,2.7035,503,0
20120823,2.7034,2.7432,2.7034,2.7333,1509,0
20120827,2.9817,2.9817,2.7234,2.7234,2716,0
20120828,2.7333,2.9023,2.7333,2.8824,402,0
20120829,2.7432,2.7432,2.7034,2.7034,16098,0
20120831,2.942,2.9818,2.8824,2.8824,10564,0
20120904,2.8824,2.8824,2.8824,2.8824,100,0
20120905,2.8526,2.8526,2.634,2.6341,5131,0
20120906,2.7532,2.8824,2.7532,2.8724,6641,0
20120910,2.8724,2.9818,2.8675,2.9818,4552,0
20120912,2.9718,2.9718,2.8824,2.8825,2433,0
20120914,2.9818,2.9818,2.9817,2.9818,6942,0
20120917,2.9718,2.9818,2.9619,2.9818,2515,0
20120918,3.0513,3.0513,2.6736,2.8426,2214,0
20120919,2.952,2.952,2.793,2.8426,604,0
20120921,2.9321,2.9321,2.9321,2.9321,852,0
20120924,2.9222,2.9222,2.6736,2.6736,704,0
20120926,2.6936,2.8327,2.6936,2.8327,805,0
20120928,2.6638,2.6638,2.6638,2.6638,302,0
20121001,2.634,2.6438,2.634,2.6438,3018,0
20121002,2.7632,2.9718,2.7632,2.9718,4603,0
20121003,2.9222,2.9321,2.8327,2.8526,4000,0
20121005,2.9222,2.9222,2.8327,2.9222,4399,0
20121009,2.9122,2.9718,2.9122,2.9718,391,0
20121010,2.9023,2.9619,2.9023,2.9619,2142,0
20121012,2.9619,2.9619,2.9321,2.9321,302,0
20121015,2.9651,2.9651,2.9651,2.9651,202,0
20121017,2.9122,2.9818,2.9122,2.9818,1229,0
20121018,2.942,2.942,2.942,2.942,100,0
20121031,2.7532,2.7632,2.7432,2.7432,2141,0
20121101,2.9122,2.9122,2.9122,2.9122,1006,0
20121105,2.9321,2.9619,2.7507,2.9619,3556,0
20121106,2.9569,2.9619,2.942,2.9602,3794,0
20121107,2.8923,2.8923,2.7632,2.8228,1106,0
20121109,2.8228,2.8228,2.7432,2.7432,4628,0
20121112,2.7134,2.7134,2.4849,2.6836,9161,0
20121113,2.5246,2.5346,2.5047,2.5047,6841,0
20121114,2.5742,2.5742,2.5742,2.5742,100,0
20121116,2.614,2.783,2.5644,2.5644,5131,0
20121119,2.5246,2.783,2.5047,2.6438,2415,0
20121120,2.604,2.7632,2.604,2.614,6993,0
20121121,2.6836,2.7234,2.6836,2.7234,1006,0
20121126,2.9023,2.9023,2.793,2.8724,1308,0
20121127,2.6639,2.7632,2.6639,2.6836,1006,0
20121128,2.8526,2.8526,2.793,2.793,906,0
20121129,2.7134,2.7332,2.7134,2.7134,1408,0
20121203,2.793,2.8824,2.783,2.8824,10716,0
20121204,2.9321,2.9321,2.9321,2.9321,339,0
20121205,2.9321,2.9321,2.9222,2.9321,4786,0
20121206,3.1805,3.4787,3.131,3.4291,13973,0
20121207,3.439,3.439,3.439,3.439,100,0
20121210,3.439,3.439,3.439,3.439,805,0
20121211,3.2501,3.4291,3.2451,3.4291,3823,0
20121212,3.4291,3.4291,3.3595,3.3793,25491,0
20121213,3.3893,3.3893,3.2303,3.2303,5679,0
20121214,3.3297,3.3793,3.0891,3.3396,19362,0
20121218,3.3297,3.3297,3.2303,3.2303,604,0
20121219,3.3197,3.3793,3.2799,3.3595,2559,0
20121220,3.3097,3.3495,3.3097,3.3396,503,0
20121221,3.3297,3.3297,3.28,3.28,1106,0
20121224,3.3793,3.3793,3.0813,3.3297,3447,0
20121226,3.2402,3.2501,3.1806,3.2501,5131,0
20121227,3.1905,3.2701,3.1805,3.2501,1308,0
20121228,3.3695,3.3695,3.2701,3.3297,2998,0
20130102,3.3793,3.3793,2.783,2.8526,7143,0
20130103,3.0017,3.0703,2.9818,3.0613,1860,0
20130104,3.0513,3.1607,3.0513,3.0812,1771,0
20130107,3.0812,3.2303,3.0812,3.2303,906,0
20130108,3.2701,3.3792,3.2701,3.3792,604,0
20130109,3.3595,3.3793,3.3495,3.3793,3535,0
20130110,3.106,3.1408,3.106,3.1408,1610,0
20130114,3.1607,3.1707,3.1607,3.1607,202,0
20130115,3.1209,3.3793,3.1209,3.3792,956,0
20130116,3.3695,3.3695,3.3695,3.3695,100,0
20130118,3.2999,3.3297,3.0812,3.3297,11647,0
20130122,3.2402,3.2402,3.0812,3.1805,1710,0
20130123,3.1011,3.1209,3.0812,3.0911,3521,0
20130124,3.0911,3.9758,3.0911,3.7272,76927,0
20130125,3.7471,3.8266,3.3397,3.5384,4453,0
20130128,3.5682,3.6179,3.5185,3.5185,554,0
20130130,3.7769,4.4627,3.7272,4.3137,103565,0
20130131,4.3335,4.3335,4.095,4.2739,20138,0
20130201,4.2739,4.8047,4.2739,4.7709,92983,0
20130204,4.8007,5.069,4.8007,4.8305,15517,0
20130205,4.8603,4.938,4.7709,4.8703,3544,0
20130206,4.7808,4.9696,4.7808,4.9199,10425,0
20130207,4.9696,4.9696,4.7509,4.7609,8475,0
20130208,4.7709,4.8703,4.7609,4.8703,5154,0
20130211,4.9199,4.9199,4.6217,4.8703,13177,0
20130212,4.8106,4.9199,4.7709,4.8703,9685,0
20130213,4.9199,4.9398,4.8703,4.9398,4122,0
20130214,4.9398,4.9696,4.4826,4.9199,24200,0
20130215,4.8703,4.9199,4.6217,4.9199,3481,0
20130219,4.8842,4.9199,4.8842,4.8901,3371,0
20130220,4.8504,4.8504,4.7509,4.7524,2476,0
20130222,4.7509,4.8205,4.6715,4.8205,12994,0
20130225,4.8901,4.91,4.6218,4.7808,10989,0
20130226,4.91,4.91,4.7113,4.7113,1326,0
20130227,4.6317,4.8205,4.6218,4.8205,5785,0
20130228,4.8504,4.8702,4.6318,4.8205,8048,0
20130301,4.6218,4.8205,4.6218,4.8204,1597,0
20130304,4.8205,4.8205,4.771,4.8205,2371,0
20130305,4.8007,4.8007,4.8007,4.8007,402,0
20130306,4.8205,4.8901,4.8205,4.8901,2446,0
20130307,4.8703,4.8703,4.8205,4.8205,1912,0
20130308,4.7609,4.863,4.7609,4.8245,3584,0
20130311,4.8404,4.9199,4.8206,4.91,20430,0
20130312,4.8603,4.91,4.8205,4.8404,3586,0
20130313,4.7709,4.7709,4.7709,4.7709,100,0
20130314,4.9199,4.9696,4.7312,4.9696,12703,0
20130315,4.7809,4.9696,4.7809,4.9696,6664,0
20130318,4.7808,4.8703,4.7709,4.7808,3895,0
20130319,4.7709,4.8659,4.7709,4.8205,735,0
20130320,4.8205,4.9846,4.8205,4.9298,5231,0
20130321,4.9596,4.9596,4.9299,4.9299,3825,0
20130322,4.7907,4.7907,4.7509,4.7509,1610,0
20130325,4.7709,4.7709,4.7211,4.7212,3622,0
20130326,4.7211,4.7709,4.5323,4.721,7244,0
20130327,4.6217,4.7211,4.6217,4.7211,6137,0
20130328,4.6217,4.7311,4.6217,4.7211,10644,0
20130401,4.7509,4.8205,4.7211,4.8205,20323,0
20130402,4.8205,4.8205,4.8205,4.8205,503,0
20130403,4.7311,4.8603,4.7211,4.8338,3627,0
20130404,4.8703,4.8703,4.7709,4.8305,2098,0
20130405,4.8404,4.9696,4.8205,4.9597,7579,0
20130408,4.9597,4.9696,4.9597,4.9696,2411,0
20130409,4.9498,4.9498,4.7529,4.9199,3708,0
20130410,4.9199,4.9199,4.8171,4.9199,2225,0
20130411,4.9199,4.9498,4.6715,4.6715,3221,0
20130415,4.8106,4.9498,4.6217,4.6417,10198,0
20130416,4.7808,4.9398,4.6417,4.6417,3083,0
20130417,4.9198,4.9198,4.9198,4.9198,1006,0
20130418,4.6715,4.7907,4.6615,4.7907,10564,0
20130419,4.8802,4.8901,4.7709,4.7709,1106,0
20130422,4.8204,4.8204,4.7211,4.7211,2364,0
20130423,4.7212,4.8603,4.7212,4.8603,2113,0
20130424,4.91,4.91,4.8205,4.8205,3622,0
20130425,4.2142,4.8603,3.9758,4.6615,31039,0
20130426,4.6615,4.6615,4.5522,4.5621,3528,0
20130429,4.5223,4.7509,4.5223,4.736,7665,0
20130430,4.7609,4.7609,4.7609,4.7609,2113,0
20130501,4.7411,4.7411,4.5721,4.7211,3421,0
20130502,4.8504,4.8602,4.8404,4.8602,528,0
20130503,4.7609,4.7709,4.7609,4.7609,1006,0
20130506,4.7609,4.7609,4.6019,4.7599,2012,0
20130507,4.6515,4.6715,4.6515,4.6615,1106,0
20130508,4.6217,4.6715,4.6217,4.6715,1565,0
20130509,4.6913,4.7709,4.6913,4.7709,3834,0
20130510,4.7709,4.7709,4.7211,4.7211,1619,0
20130513,4.8106,4.8106,4.7709,4.7709,1308,0
20130515,4.8007,4.8007,4.8007,4.8007,202,0
20130516,4.6515,4.7709,4.6515,4.7709,5920,0
20130520,4.6814,4.7709,4.6715,4.7281,6942,0
20130521,4.7609,4.7709,4.7609,4.7709,4628,0
20130522,4.7113,4.7211,4.7113,4.7211,1006,0
20130523,4.6913,4.7211,4.6615,4.6615,2817,0
20130524,4.6417,4.6615,4.6417,4.6615,2214,0
20130528,4.6615,4.6615,4.6217,4.6615,7196,0
20130529,4.6615,4.6615,4.6615,4.6615,353,0
20130603,4.5721,4.6162,4.4826,4.5919,5661,0
20130604,4.5821,4.5821,4.4925,4.4925,503,0
20130605,4.5125,4.6555,4.5125,4.6555,302,0
20130606,4.6019,4.6019,4.5915,4.6018,1710,0
20130607,4.5522,4.5522,4.4925,4.4925,544,0
20130610,4.4826,4.6119,4.4826,4.5821,5238,0
20130611,4.5223,4.6118,4.5223,4.6118,2817,0
20130612,4.6119,4.6119,4.6119,4.6119,704,0
20130613,4.6118,4.6119,4.6118,4.6119,4025,0
20130617,4.6119,4.6119,4.6119,4.6119,644,0
20130618,4.6615,4.6715,4.6515,4.6715,2415,0
20130619,4.6833,4.6913,4.6833,4.6913,629,0
20130620,4.5722,4.6913,4.5722,4.5722,3962,0
20130621,4.6217,4.6715,4.6217,4.6715,1533,0
20130624,4.6795,4.6912,4.6795,4.6912,1308,0
20130625,4.6913,4.6913,4.5721,4.6715,7724,0
20130626,4.6715,4.6735,4.4836,4.4836,16494,0
20130627,4.6814,4.6814,4.6814,4.6814,202,0
20130628,4.6913,4.6913,4.6913,4.6913,302,0
20130701,4.7211,4.7211,4.4728,4.7113,1308,0
20130702,4.7211,4.8603,4.6973,4.8106,46160,0
20130703,4.6913,4.7466,4.6715,4.7466,8753,0
20130705,4.6725,4.6725,4.6715,4.6715,302,0
20130708,4.6715,4.6913,4.6417,4.6814,5959,0
20130709,4.7013,4.7455,4.6615,4.7455,36332,0
20130710,4.7709,4.9199,4.6715,4.91,17535,0
20130711,4.9696,4.9696,4.7699,4.7709,3622,0
20130712,4.7709,4.7709,4.7709,4.7709,302,0
20130715,4.7609,4.7609,4.7113,4.7211,13596,0
20130717,4.6814,4.6814,4.6814,4.6814,100,0
20130718,4.7708,4.7708,4.7211,4.7211,12778,0
20130719,4.7211,4.7709,4.7211,4.7676,32699,0
20130722,4.7211,4.9001,4.6715,4.7709,17757,0
20130723,4.7709,4.7709,4.7708,4.7709,9558,0
20130724,4.7709,4.8305,4.7709,4.8205,21128,0
20130725,4.9696,5.3076,4.9001,5.248,53163,0
20130726,5.7946,5.7946,5.3871,5.4666,30831,0
20130729,5.4666,5.9337,5.4666,5.6157,14143,0
20130730,5.4964,5.6952,5.4964,5.6555,1912,0
20130801,5.6654,5.7151,5.4964,5.6654,6834,0
20130802,5.5065,5.5065,5.5065,5.5065,202,0
20130805,5.566,5.7151,5.556,5.7141,4330,0
20130806,5.6654,5.7151,5.6455,5.6555,4025,0
20130808,5.5262,5.7051,5.5262,5.7051,1811,0
20130809,5.6952,5.7151,5.5362,5.5958,7000,0
20130812,5.6256,5.6654,5.4666,5.4666,10074,0
20130813,5.566,5.566,5.566,5.566,267,0
20130814,5.4666,5.4964,5.4666,5.4964,1378,0
20130815,5.566,5.566,5.5362,5.5362,3570,0
20130820,5.4766,5.6853,5.4666,5.6853,10327,0
20130821,5.6952,5.6952,5.5362,5.5362,4930,0
20130822,5.6058,5.6058,5.4766,5.4766,302,0
20130823,5.4865,5.4865,5.4666,5.4666,3397,0
20130826,5.4964,5.566,5.4964,5.566,405,0
20130827,5.4179,5.6057,5.4179,5.6057,704,0
20130829,5.5412,5.5412,5.5412,5.5412,503,0
20130830,5.4676,5.4676,5.4676,5.4676,503,0
20130903,5.6058,5.6058,5.4666,5.5262,5550,0
20130904,5.4766,5.6455,5.3772,5.6058,16250,0
20130905,5.566,5.6455,5.566,5.6256,566,0
20130906,5.6356,5.6356,5.4368,5.4368,950,0
20130909,5.7051,5.7151,5.566,5.5859,17901,0
20130910,5.5759,5.7847,5.5759,5.7847,9136,0
20130911,5.7847,5.7847,5.7847,5.7847,1208,0
20130912,5.6167,5.7847,5.6167,5.7847,2010,0
20130913,5.7847,5.8145,5.7847,5.8145,5579,0
20130916,5.8641,5.8641,5.6654,5.6654,2113,0
20130918,5.7449,5.7449,5.7449,5.7449,604,0
20130920,5.6654,5.6654,5.6654,5.6654,503,0
20130923,5.7648,5.7648,5.6853,5.6853,804,0
20130924,5.6654,5.6654,5.4766,5.4766,1106,0
20130926,5.5163,5.5163,5.5163,5.5163,100,0
20130930,5.4865,5.5461,5.4666,5.4964,4131,0
20131001,5.4865,5.8045,5.4766,5.7151,1710,0
20131002,5.8045,5.8045,5.7151,5.7151,503,0
20131003,5.6952,5.6952,5.3572,5.4666,15393,0
20131004,5.5859,5.7549,5.4964,5.5163,2415,0
20131007,5.3176,5.6256,5.3176,5.4566,4025,0
20131008,5.4666,5.6555,5.3176,5.3176,9759,0
20131009,5.5362,5.5362,5.5163,5.5163,202,0
20131010,5.5163,5.7449,5.3672,5.4964,4225,0
20131011,5.5163,5.5163,5.4666,5.4666,2415,0
20131014,5.4964,5.7051,5.4964,5.7051,1610,0
20131015,5.566,5.5759,5.566,5.566,4648,0
20131016,5.6654,5.6654,5.566,5.566,1833,0
20131017,5.8741,5.8741,5.7051,5.725,3622,0
20131018,5.725,5.8741,5.725,5.8741,2012,0
20131021,5.8641,5.8741,5.6455,5.6455,1912,0
20131022,5.5958,5.6455,5.566,5.6455,4930,0
20131023,5.5958,5.8045,5.5859,5.6555,7445,0
20131024,5.7648,5.8641,5.566,5.7747,8149,0
20131025,5.7648,5.8741,5.7648,5.8741,1811,0
20131028,5.8244,5.8741,5.725,5.725,1308,0
20131029,5.7151,5.8443,5.7151,5.8443,7948,0
20131030,5.8343,5.8641,5.8343,5.8543,604,0
20131031,5.7847,5.864,5.7847,5.864,1308,0
20131101,5.8543,5.8641,5.8543,5.8641,2817,0
20131104,5.8543,5.8544,5.8543,5.8544,1710,0
20131105,5.8543,5.8641,5.8543,5.8543,1610,0
20131106,5.8741,5.8741,5.8145,5.8145,503,0
20131107,5.9139,5.9139,5.9139,5.9139,100,0
20131108,5.9635,5.9635,5.9635,5.9635,503,0
20131111,5.9635,5.9635,5.9635,5.9635,100,0
20131112,5.9635,5.9635,5.8145,5.8145,6841,0
20131113,5.819,5.819,5.8145,5.8145,2716,0
20131114,5.8145,5.8145,5.8145,5.8145,100,0
20131115,5.894,5.894,5.8841,5.8841,604,0
20131118,5.894,5.9635,5.8145,5.8145,2314,0
20131119,5.8641,5.8641,5.7747,5.7747,1610,0
20131120,5.7648,5.7648,5.4666,5.566,6641,0
20131121,5.6555,5.6654,5.6455,5.6654,3622,0
20131125,5.6356,5.7151,5.6356,5.7151,1408,0
20131129,5.7051,5.7151,5.7051,5.7151,1610,0
20131202,5.725,5.7648,5.7151,5.7648,4125,0
20131203,5.7549,5.7648,5.6455,5.6455,5635,0
20131204,5.6455,5.7151,5.6455,5.7151,2314,0
20131205,5.7051,5.7648,5.7051,5.7648,5031,0
20131206,5.7648,5.7648,5.7051,5.7051,2817,0
20131209,5.7648,5.9139,5.7151,5.894,6741,0
20131210,5.8641,5.9635,5.7648,5.9635,8753,0
20131212,5.9537,5.9735,5.9437,5.9735,10066,0
20131213,5.9735,5.9735,5.9735,5.9735,1610,0
20131216,6.0133,6.1127,5.9635,6.1127,37025,0
20131217,6.0769,6.1131,5.6654,5.7051,31821,0
20131218,5.7648,6.0629,5.6853,5.9635,5735,0
20131219,5.9635,5.9635,5.7946,5.9437,5333,0
20131220,5.6455,6.0331,5.6455,5.894,43766,0
20131223,5.7946,6.1027,5.7946,5.9635,3119,0
20131224,6.0829,6.2121,6.0629,6.1325,9761,0
20131226,6.1922,6.2121,6.0829,6.2121,9860,0
20131227,6.2121,6.3114,6.1127,6.3114,3622,0
20131230,6.3512,6.6792,6.0133,6.55,17809,0
20131231,6.4904,6.5202,6.2319,6.5202,8854,0
20140102,6.9973,7.0122,6.2423,6.7786,11930,0
20140103,6.7786,6.7786,6.5798,6.7587,4543,0
20140106,6.7388,7.1165,6.6594,6.9376,22034,0
20140107,6.9973,7.4545,6.7289,6.9277,28875,0
20140108,6.8879,7.3053,6.868,7.1761,26863,0
20140109,6.8979,7.2457,6.7686,7.1663,22638,0
20140110,7.1364,7.2557,6.8581,7.2457,13683,0
20140113,7.3153,7.4147,7.1663,7.3551,19418,0
20140114,7.3551,7.5737,7.1563,7.3551,12376,0
20140115,7.4047,7.4247,7.2457,7.2457,2716,0
20140116,7.2457,7.4047,7.2259,7.2557,4584,0
20140117,7.2358,7.2358,7.0668,7.2059,6539,0
20140121,7.2059,8.2496,7.1761,7.3053,11369,0
20140122,7.2657,7.852,7.2657,7.7924,1509,0
20140123,7.7924,7.7924,7.6632,7.6831,1208,0
20140124,7.6831,7.6831,7.4545,7.4545,708,0
20140127,7.1066,7.2259,6.9674,7.2259,5735,0
20140128,7.2557,7.347,7.2557,7.2755,712,0
20140129,7.3053,7.4545,7.3053,7.365,4729,0
20140130,7.2059,7.2657,7.2059,7.2657,1408,0
20140131,7.2657,7.2755,7.1265,7.1265,3729,0
20140203,7.1265,7.2557,6.8581,6.9078,17513,0
20140204,6.8681,7.037,6.8681,6.9476,2746,0
20140205,6.9575,6.9575,6.9078,6.9476,2483,0
20140206,6.9078,6.9655,6.8581,6.9575,4811,0
20140207,7.017,7.017,6.9575,6.9873,2101,0
20140210,7.0171,7.4445,6.8581,7.0271,40569,0
20140211,7.0271,7.4047,7.0271,7.3551,63364,0
20140212,7.0768,7.3551,7.0768,7.2059,15064,0
20140213,7.1165,7.2059,6.9675,7.0768,2102,0
20140214,6.7686,7.1463,6.6394,7.1066,23747,0
20140218,7.1066,7.1066,7.0565,7.0569,4781,0
20140219,7.0613,7.0613,7.0569,7.0569,2554,0
20140220,6.9873,7.0469,6.9675,7.0469,1775,0
20140221,7.1911,7.1911,7.0606,7.1165,2254,0
20140224,7.1265,7.1563,7.0668,7.1463,7475,0
20140225,7.1961,7.1961,7.0569,7.0777,805,0
20140226,7.057,7.0669,7.057,7.0669,729,0
20140227,7.2059,7.2059,7.0569,7.1463,1346,0
20140228,7.0569,7.2059,7.0052,7.2058,2559,0
20140303,7.0668,7.1961,6.9277,7.1364,2854,0
20140304,7.0668,7.1463,7.0668,7.1463,1337,0
20140305,7.0271,7.0758,7.0271,7.0758,1025,0
20140306,6.9873,7.0867,6.9873,7.0867,669,0
20140307,7.0678,7.124,7.0569,7.0967,4771,0
20140310,7.1463,7.1463,6.9675,7.1265,3469,0
20140311,7.2855,7.2855,6.9674,7.1563,5543,0
20140312,7.0768,7.1265,7.0768,7.1265,500,0
20140313,7.0967,7.0967,6.9775,7.0171,561,0
20140314,7.0569,7.0569,6.9873,6.9873,2607,0
20140317,6.9774,7.1563,6.9774,7.1165,6697,0
20140318,7.1563,7.1563,6.9078,6.9674,7580,0
20140319,6.9277,7.1364,6.9277,7.1265,1013,0
20140320,7.1265,7.1364,6.9674,7.1265,656,0
20140321,7.1463,7.1563,7.0271,7.1563,4427,0
20140324,7.1563,7.1563,6.868,7.0768,7205,0
20140326,6.878,6.9376,6.878,6.9376,1408,0
20140327,7.0072,7.0072,6.9774,6.9774,1201,0
20140331,6.868,6.9476,6.6494,6.9078,7938,0
20140401,6.9177,6.9476,6.8581,6.868,1399,0
20140402,6.709,6.9475,6.709,6.868,4735,0
20140403,6.7488,6.9078,6.7289,6.9078,1283,0
20140408,6.709,6.7984,6.4506,6.6892,5944,0
20140409,6.868,6.8879,6.8184,6.8581,4278,0
20140410,6.9369,6.9369,6.7388,6.7388,1641,0
20140411,6.56,6.9476,6.56,6.9476,9587,0
20140414,6.9078,7.1563,6.56,7.1364,8930,0
20140415,7.1453,7.1453,6.7289,6.7856,925,0
20140416,6.8979,7.1066,6.8979,7.1066,604,0
20140417,7.0867,7.0867,7.0867,7.0867,106,0
20140422,7.0569,7.0569,7.0569,7.0569,571,0
20140423,6.7796,6.7796,6.7796,6.7796,239,0
20140424,6.8482,7.0559,6.7886,6.8283,3723,0
20140428,6.868,6.868,6.7786,6.8034,6015,0
20140429,6.7686,6.9277,6.6394,6.9277,6246,0
20140430,6.8978,6.8978,6.8878,6.8878,925,0
20140501,6.7388,6.8084,6.6692,6.7686,4107,0
20140502,6.7786,6.9197,6.5898,6.7587,3548,0
20140505,6.9336,6.9475,6.7984,6.8084,2943,0
20140506,6.8541,6.8541,6.6494,6.8084,1068,0
20140507,6.8283,6.8283,6.7438,6.8283,1428,0
20140508,6.7191,6.8581,6.7191,6.8581,2338,0
20140509,6.7587,6.8084,6.4616,6.7488,25259,0
20140512,6.6792,6.709,6.5202,6.709,1285,0
20140513,6.5102,6.709,6.5102,6.6965,1833,0
20140514,6.5003,6.7488,6.5003,6.6176,3304,0
20140515,6.6892,6.717,6.6692,6.717,973,0
20140516,6.6692,6.6692,6.54,6.5698,8930,0
20140519,6.6096,6.7538,6.6096,6.6296,2066,0
20140520,6.56,6.8184,6.56,6.8184,1912,0
20140521,6.7587,6.7587,6.5698,6.5886,503,0
20140522,6.5798,6.6196,6.5798,6.6196,576,0
20140523,6.5699,6.5996,6.5699,6.5996,1091,0
20140527,6.6097,6.6394,6.6097,6.6394,1076,0
20140528,6.6594,6.6594,6.6594,6.6594,503,0
20140529,6.5698,6.6296,6.5698,6.5698,2868,0
20140530,6.6096,6.6494,6.6096,6.6394,1566,0
20140602,6.6594,6.7587,6.6494,6.7587,5436,0
20140603,6.7587,6.7588,6.7587,6.7588,805,0
20140604,6.7587,6.8285,6.7587,6.7826,1739,0
20140605,6.709,6.719,6.709,6.709,1163,0
20140606,6.7488,6.7588,6.699,6.709,15796,0
20140609,6.7984,6.7984,6.7686,6.7786,1016,0
20140610,6.6394,6.8084,6.6096,6.7886,7847,0
20140611,6.6514,6.699,6.6197,6.699,1481,0
20140612,6.8184,6.8184,6.6793,6.8084,2577,0
20140613,6.6598,6.719,6.6296,6.719,1581,0
20140616,6.6692,6.9575,6.6296,6.9476,4333,0
20140617,6.7984,6.9476,6.7785,6.9476,3240,0
20140618,6.9575,6.9575,6.7686,6.9575,3015,0
20140619,6.8581,6.9575,6.6394,6.6394,5812,0
20140620,6.6394,6.8382,6.56,6.56,22125,0
20140623,6.6096,6.7587,6.5698,6.5798,4033,0
20140624,6.6096,6.6594,6.56,6.56,1275,0
20140625,6.55,6.7587,6.4904,6.5748,3434,0
20140626,6.5698,6.5698,6.5698,6.5698,406,0
20140627,6.5798,6.709,6.5698,6.5698,1385,0
20140630,6.5698,6.714,6.5698,6.6096,1415,0
20140701,6.6792,6.6792,6.56,6.6544,2233,0
20140702,6.5798,6.6394,6.3313,6.6394,18110,0
20140703,6.2617,6.6892,6.2617,6.5996,6383,0
20140707,6.8084,6.8084,6.56,6.56,1603,0
20140708,6.4506,6.56,6.4486,6.5301,17388,0
20140709,6.6096,6.6096,6.5996,6.5996,240,0
20140710,6.5996,6.6096,6.5996,6.6096,218,0
20140711,6.56,6.56,6.4208,6.55,5276,0
20140714,6.4904,6.4904,6.3214,6.4606,2128,0
20140715,6.3313,6.4208,6.2319,6.4208,858,0
20140716,6.4208,6.4208,6.2617,6.2617,1313,0
20140717,6.2617,6.4606,6.222,6.3612,4909,0
20140718,6.3313,6.4606,6.2717,6.3114,2104,0
20140721,6.4406,6.7686,6.2816,6.7686,6290,0
20140722,6.3215,6.6792,6.3215,6.5102,4233,0
20140723,6.5102,6.6792,6.4406,6.4606,17817,0
20140724,6.56,6.7587,6.55,6.7587,14672,0
20140725,6.709,6.7587,6.6594,6.6594,5553,0
20140728,6.6494,6.7587,6.6494,6.709,1594,0
20140729,6.7587,6.8581,6.709,6.7984,67913,0
20140730,6.709,6.9574,6.709,6.714,2742,0
20140731,6.9483,6.9782,6.729,6.729,1466,0
20140801,6.7489,6.7627,6.7289,6.7627,1681,0
20140804,6.5993,6.5993,6.5794,6.5794,1483,0
20140805,6.7389,6.7389,6.708,6.708,1487,0
20140806,6.8585,6.8594,6.7439,6.856,753,0
20140807,6.9183,6.9183,6.9183,6.9183,149,0
20140808,6.7289,6.7489,6.6791,6.719,15094,0
20140811,6.9383,6.9383,6.4099,6.5694,23350,0
20140812,6.7588,6.7588,6.6193,6.6592,12253,0
20140813,6.6791,6.6791,6.5296,6.5385,1705,0
20140814,6.6193,6.7788,6.4099,6.5944,10448,0
20140815,6.5595,6.7788,6.4997,6.7788,13342,0
20140818,6.7588,6.7787,6.4797,6.5993,14842,0
20140819,6.4997,6.6691,6.4398,6.6193,6019,0
20140820,6.5804,6.6293,6.4448,6.4448,1505,0
20140821,6.4299,6.6293,6.4299,6.6293,2379,0
20140822,6.679,6.679,6.5794,6.5794,1182,0
20140825,6.6791,6.6791,6.669,6.669,1455,0
20140826,6.6791,6.6791,6.5794,6.6392,11321,0
20140827,6.5744,6.6047,6.4897,6.6047,512,0
20140828,6.5793,6.5794,6.5019,6.5694,1416,0
20140829,6.5794,6.5794,6.5794,6.5794,737,0
20140902,6.6592,6.6791,6.6592,6.6592,804,0
20140903,6.5794,6.699,6.5794,6.6791,5871,0
20140904,6.5196,6.6841,6.5196,6.6293,3070,0
20140908,6.6193,6.6293,6.4398,6.4398,8164,0
20140909,6.4498,6.6392,6.4099,6.4199,13003,0
20140910,6.5495,6.5794,6.3601,6.3601,9629,0
20140911,6.4598,6.5794,6.3601,6.4797,14096,0
20140912,6.39,6.4398,6.3701,6.4398,1733,0
20140915,6.6392,6.6691,6.3701,6.39,3359,0
20140916,6.4,6.4797,6.3701,6.39,10472,0
20140917,6.4099,6.6093,6.4099,6.4797,4103,0
20140918,6.4897,6.4897,6.4897,6.4897,389,0
20140919,6.39,6.6193,6.3701,6.6193,4573,0
20140922,6.6193,6.6691,6.3601,6.6392,7427,0
20140923,6.39,6.5296,6.39,6.4398,1597,0
20140925,6.39,6.4498,6.3219,6.4498,5831,0
20140926,6.3402,6.4259,6.2405,6.39,10056,0
20140929,6.4199,6.4199,6.38,6.38,1522,0
20140930,6.0411,6.2205,5.9813,6.0311,43052,0
20141001,6.081,6.2106,6.081,6.0909,2050,0
20141002,6.0311,6.081,5.9912,5.9912,8351,0
20141003,5.9912,6.1706,5.9912,6.081,8107,0
20141006,6.0909,6.0909,5.9813,5.9813,2715,0
20141007,6.061,6.061,6.0172,6.0172,285,0
20141008,5.9912,6.0311,5.9813,6.0212,2454,0
20141010,5.9813,6.0411,5.9813,6.0361,3741,0
20141013,6.0092,6.0092,6.0092,6.0092,219,0
20141014,5.9813,5.9813,5.9813,5.9813,895,0
20141015,5.9813,6.0092,5.9813,5.9903,1806,0
20141016,6.051,6.051,6.051,6.051,1003,0
20141017,6.0012,6.081,6.0012,6.081,401,0
20141021,6.081,6.1009,6.081,6.0909,1204,0
20141023,6.1308,6.1507,6.081,6.1507,7404,0
20141024,6.2106,6.4398,6.2106,6.2405,11771,0
20141029,6.2904,6.3302,6.2904,6.3302,1380,0
20141030,6.3701,6.38,6.3701,6.38,5718,0
20141031,6.3202,6.38,6.2904,6.38,5248,0
20141103,6.4299,6.4698,6.3501,6.4698,4414,0
20141104,6.4598,6.5694,6.4,6.4,1994,0
20141105,6.38,6.4398,6.38,6.39,45743,0
20141106,6.5,6.61,6.43,6.5,47792,0
20141107,6.07,6.599,6.07,6.4,28982,0
20141110,6.4,6.54,6.4,6.47,8100,0
20141111,6.55,6.55,6.47,6.5,800,0
20141112,6.54,6.55,6.49,6.54,3200,0
20141113,6.54,6.5899,6.5,6.51,5886,0
20141114,6.59,6.59,6.44,6.5899,4000,0
20141117,6.5,6.6,6.5,6.5505,6542,0
20141118,6.6,6.6,6.5,6.6,8515,0
20141119,6.7,6.7,6.5,6.5,6836,0
20141120,6.51,6.58,6.46,6.55,22500,0
20141121,6.5,6.58,6.47,6.58,27438,0
20141124,6.51,6.55,6.5,6.55,1140,0
20141125,6.58,6.58,6.58,6.58,190,0
20141126,6.54,6.54,6.47,6.5,9828,0
20141201,6.5,6.5,6.41,6.419,4097,0
20141202,6.51,6.51,6.51,6.51,572,0
20141203,6.537,6.64,6.5101,6.64,2415,0
20141204,6.7,6.9,6.45,6.56,82526,0
20141205,6.86,6.9,6.66,6.7,1499,0
20141208,6.74,6.86,6.74,6.75,10652,0
20141209,6.61,6.61,6.61,6.61,200,0
20141210,6.66,6.87,6.6,6.87,61741,0
20141211,6.8,6.85,6.7601,6.85,12943,0
20141212,6.79,6.81,6.7,6.7,5381,0
20141216,6.76,6.76,6.43,6.5,53002,0
20141217,6.6,6.6,6.45,6.51,6727,0
20141218,6.6,6.8,6.58,6.62,23702,0
20141219,6.6,6.64,6.6,6.6,2946,0
20141222,6.61,6.61,6.56,6.6,871,0
20141223,6.6,6.61,6.595,6.595,717,0
20141226,6.5401,6.5512,6.53,6.5512,9200,0
20141229,6.5,6.6,6.5,6.6,4985,0
20141230,6.5599,6.57,6.5599,6.5599,200,0
20141231,6.55,6.61,6.55,6.56,2217,0
20150105,6.56,6.65,6.53,6.65,9000,0
20150106,6.64,6.65,6.64,6.65,8400,0
20150109,6.75,6.85,6.71,6.76,6900,0
20150112,6.7,6.85,6.7,6.83,1550,0
20150113,6.75,6.845,6.75,6.84,510,0
20150114,6.711,6.711,6.711,6.711,300,0
20150116,6.73,6.733,6.71,6.733,1100,0
