Date,Open,High,Low,Close,Volume,OpenInt
20050301,22.51,22.51,22.337,22.337,1344,0
20050302,22.51,22.632,22.424,22.424,20406,0
20050303,22.424,22.424,22.424,22.424,131,0
20050304,22.707,22.707,22.51,22.707,947,0
20050307,22.51,22.707,22.51,22.707,3696,0
20050309,22.584,22.584,22.584,22.584,1220,0
20050310,22.584,22.669,22.51,22.669,24220,0
20050315,22.669,22.669,22.669,22.669,1220,0
20050316,22.632,22.632,22.632,22.632,1481,0
20050318,22.707,22.707,22.707,22.707,977,0
20050328,22.632,22.632,22.632,22.632,115,0
20050329,22.632,22.632,22.632,22.632,854,0
20050330,22.916,23.162,22.916,23.116,3377,0
20050331,22.916,22.916,22.916,22.916,247,0
20050407,22.916,23.116,22.916,23.116,13807,0
20050412,23.116,23.116,23.116,23.116,217,0
20050418,23.116,23.116,22.916,22.992,977,0
20050421,23.162,23.162,23.162,23.162,647,0
20050422,22.707,22.707,22.707,22.707,363,0
20050427,22.707,22.707,22.707,22.707,147,0
20050502,23.162,23.162,23.162,23.162,1220,0
20050503,22.707,22.707,22.707,22.707,259,0
20050506,22.707,22.707,22.707,22.707,194,0
20050519,22.707,22.707,22.707,22.707,763,0
20050520,22.707,22.707,22.707,22.707,3052,0
20050525,22.424,22.452,22.424,22.452,3785,0
20050527,22.424,22.424,22.424,22.424,115,0
20050531,22.424,22.424,22.424,22.424,1220,0
20050602,22.424,22.424,22.424,22.424,777,0
20050603,22.707,22.707,22.707,22.707,116,0
20050613,22.424,22.424,22.424,22.424,382,0
20050614,22.424,22.424,22.262,22.262,1465,0
20050615,22.092,22.092,22.092,22.092,336,0
20050616,22.092,22.092,22.092,22.092,2305,0
20050622,22.092,22.092,22.092,22.092,247,0
20050623,22.054,22.054,22.054,22.054,564,0
20050624,21.722,21.722,21.722,21.722,247,0
20050628,22.092,22.092,21.969,21.969,2813,0
20050629,22.092,22.092,22.092,22.092,3420,0
20050630,21.846,21.846,21.846,21.846,1509,0
20050705,21.846,21.846,21.486,21.486,2425,0
20050708,21.277,21.277,21.277,21.277,733,0
20050712,21.154,21.154,21.154,21.154,7957,0
20050713,21.154,21.154,21.154,21.154,2445,0
20050714,21.069,21.069,21.069,21.069,247,0
20050715,21.277,21.277,21.277,21.277,610,0
20050718,21.277,21.277,21.277,21.277,610,0
20050719,21.069,21.069,21.031,21.069,4350,0
20050722,20.946,20.946,20.538,20.538,2734,0
20050727,20.538,20.538,20.538,20.538,256,0
20050729,20.538,20.662,20.538,20.662,1465,0
20050803,20.538,20.538,20.462,20.462,1220,0
20050805,20.662,20.662,20.662,20.662,425,0
20050808,20.462,20.462,20.291,20.462,1602,0
20050809,20.462,20.462,20.462,20.462,635,0
20050816,20.131,20.131,20.131,20.131,247,0
20050817,20.131,20.131,19.686,19.686,1161,0
20050819,20.046,20.046,19.686,19.686,1220,0
20050825,19.686,19.686,19.638,19.638,5814,0
20050826,19.562,19.562,19.44,19.44,363,0
20050830,19.44,19.44,19.44,19.44,247,0
20050902,19.44,19.44,19.44,19.44,247,0
20050906,19.44,19.562,19.44,19.44,1098,0
20050908,19.316,19.316,19.316,19.316,215,0
20050912,19.354,19.638,19.354,19.638,1021,0
20050913,19.316,19.354,19.316,19.354,4886,0
20050927,19.354,19.354,19.354,19.354,247,0
20050928,19.316,19.316,19.316,19.316,610,0
20050929,19.354,19.354,19.23,19.23,1029,0
20051003,19.022,19.022,19.022,19.022,276,0
20051004,19.022,19.022,18.824,18.824,1465,0
20051005,19.022,19.022,18.615,18.615,489,0
20051012,18.824,18.824,17.184,17.184,4691,0
20051013,16.977,16.977,16.407,16.407,1220,0
20051014,16.407,17.184,16.407,17.184,854,0
20051017,17.184,17.999,16.777,17.184,2481,0
20051018,16.977,17.223,16.977,17.223,1344,0
20051024,17.184,17.184,17.184,17.184,174,0
20051026,16.777,16.777,16.777,16.777,247,0
20051027,16.777,17.8,16.777,17.8,1619,0
20051028,16.777,16.777,16.777,16.777,1220,0
20051101,16.777,16.777,16.777,16.777,733,0
20051104,16.777,16.777,16.569,16.617,2718,0
20051107,16.777,16.777,16.199,16.285,9241,0
20051108,16.777,16.777,16.777,16.777,4583,0
20051109,16.777,16.777,16.777,16.777,2749,0
20051110,17.099,18.824,17.099,17.223,3249,0
20051111,17.393,17.393,17.393,17.393,200,0
20051114,17.393,17.593,17.393,17.593,1527,0
20051115,18.615,18.615,17.393,17.393,270,0
20051116,17.393,17.593,17.223,17.593,4935,0
20051117,17.593,17.593,17.593,17.593,489,0
20051130,17.393,17.393,17.271,17.271,610,0
20051201,17.271,17.271,17.184,17.184,670,0
20051202,17.184,17.43,17.184,17.43,4778,0
20051205,17.393,17.593,17.393,17.393,1645,0
20051209,17.223,17.223,17.08,17.08,1770,0
20051212,17.08,17.08,17.08,17.08,420,0
20051214,16.968,16.968,16.323,16.323,837,0
20051216,17.184,17.184,16.492,16.492,1629,0
20051219,16.492,16.492,16.492,16.492,387,0
20051220,16.492,16.492,16.492,16.492,696,0
20051222,16.588,16.758,16.588,16.758,3957,0
20051223,17.184,17.184,16.54,16.54,422,0
20051227,16.54,16.54,16.54,16.54,667,0
20051228,16.54,16.626,16.54,16.626,6476,0
20051229,16.54,16.54,16.54,16.54,620,0
20051230,16.674,16.968,16.54,16.968,4014,0
20060104,16.968,16.968,16.674,16.674,537,0
20060105,16.968,17.184,16.968,17.184,2909,0
20060109,16.929,16.929,16.929,16.929,583,0
20060111,17.052,17.052,17.052,17.052,583,0
20060112,17.146,17.146,17.146,17.146,652,0
20060113,16.968,16.968,16.968,16.968,2278,0
20060117,17.015,17.015,17.015,17.015,308,0
20060118,17.052,17.052,17.052,17.052,111,0
20060123,17.015,17.015,17.015,17.015,524,0
20060124,17.146,17.146,17.015,17.015,1327,0
20060125,17.184,17.184,17.184,17.184,5497,0
20060127,17.612,17.612,17.184,17.184,740,0
20060130,17.184,17.184,17.184,17.184,217,0
20060131,17.184,17.184,17.184,17.184,395,0
20060201,17.184,17.184,17.184,17.184,2864,0
20060202,17.184,17.184,17.184,17.184,418,0
20060208,17.271,17.271,17.271,17.271,497,0
20060209,17.488,17.488,17.318,17.318,1620,0
20060210,17.318,17.318,17.318,17.318,456,0
20060215,17.829,17.915,17.829,17.915,728,0
20060216,17.318,17.318,17.318,17.318,261,0
20060221,17.318,17.999,17.184,17.401,6928,0
20060222,17.401,17.401,17.401,17.401,511,0
20060223,18.046,18.046,17.401,17.612,1609,0
20060224,17.612,17.612,17.612,17.612,443,0
20060301,18.046,18.046,18.046,18.046,258,0
20060302,18.046,18.046,18.046,18.046,423,0
20060306,18.473,18.473,18.473,18.473,236,0
20060308,19.335,19.335,19.335,19.335,696,0
20060310,18.559,18.559,18.559,18.559,236,0
20060314,18.9,18.9,18.559,18.559,1443,0
20060315,18.559,18.559,18.435,18.435,696,0
20060320,19.335,19.335,19.335,19.335,1745,0
20060321,18.69,18.69,18.569,18.569,2885,0
20060323,18.559,18.559,18.559,18.559,1747,0
20060327,18.559,18.559,18.559,18.559,236,0
20060328,18.559,18.9,18.559,18.9,853,0
20060403,18.559,18.559,18.046,18.473,9248,0
20060404,18.256,18.256,18.046,18.046,552,0
20060405,18.046,18.046,18.046,18.046,5919,0
20060406,18.303,18.303,18.303,18.303,1164,0
20060407,18.046,18.046,18.046,18.046,3005,0
20060410,18.256,18.256,18.256,18.256,872,0
20060419,18.303,18.303,18.046,18.046,1505,0
20060420,18.046,18.046,18.046,18.046,393,0
20060421,18.303,18.303,18.303,18.303,346,0
20060424,18.303,18.32,18.303,18.303,1912,0
20060425,18.303,18.32,18.218,18.303,6462,0
20060426,18.218,18.218,18.218,18.218,297,0
20060427,18.303,18.303,18.303,18.303,236,0
20060501,18.084,18.084,18.084,18.084,255,0
20060502,18.084,18.435,18.084,18.435,955,0
20060503,18.132,18.132,18.084,18.084,2052,0
20060504,18.084,18.084,18.084,18.084,236,0
20060510,18.084,18.084,18.084,18.084,330,0
20060511,18.084,18.084,18.084,18.084,330,0
20060512,18.084,18.084,18.084,18.084,540,0
20060517,18.387,18.387,18.387,18.387,1164,0
20060518,18.132,18.132,18.132,18.132,4761,0
20060522,18.084,18.084,18.084,18.084,583,0
20060523,18.084,18.084,18.084,18.084,1588,0
20060605,18.084,18.084,18.084,18.084,516,0
20060606,18.17,18.17,18.17,18.17,466,0
20060612,18.084,18.084,18.046,18.046,1117,0
20060613,18.046,18.046,18.046,18.046,1672,0
20060619,18.046,18.046,18.046,18.046,466,0
20060620,18.387,18.387,18.387,18.387,1168,0
20060626,18.046,18.046,18.046,18.046,346,0
20060628,18.046,18.046,18.046,18.046,696,0
20060705,18.132,18.132,18.046,18.046,16875,0
20060707,18.132,18.132,18.132,18.132,2326,0
20060710,18.046,18.046,18.046,18.046,4071,0
20060714,18.046,18.046,18.046,18.046,883,0
20060717,18.046,18.046,18.046,18.046,854,0
20060718,18.303,18.303,18.303,18.303,7449,0
20060724,18.046,18.256,18.046,18.256,4306,0
20060725,18.046,18.046,18.046,18.046,2326,0
20060726,18.046,18.046,18.046,18.046,3305,0
20060727,18.046,18.046,18.046,18.046,346,0
20060728,18.17,18.17,18.17,18.17,583,0
20060731,18.046,18.046,18.046,18.046,6070,0
20060803,18.046,18.046,18.046,18.046,346,0
20060807,18.046,18.046,18.046,18.046,376,0
20060808,18.17,18.17,18.046,18.046,3532,0
20060809,18.046,18.046,18.046,18.046,136,0
20060821,18.046,18.046,18.046,18.046,813,0
20060823,18.046,18.17,18.046,18.17,503,0
20060829,18.046,18.046,18.046,18.046,122,0
20060831,18.046,18.046,18.046,18.046,5863,0
20060905,18.046,18.046,18.046,18.046,236,0
20060906,17.915,17.915,17.915,17.915,255,0
20060908,18.17,18.17,18.17,18.17,236,0
20060912,17.915,17.915,17.915,17.915,583,0
20060913,17.915,17.915,17.915,17.915,144,0
20060914,17.915,17.915,17.915,17.915,125,0
20060918,18.046,18.046,17.915,17.915,6854,0
20060919,18.17,18.17,17.915,17.915,813,0
20060920,17.962,18.69,17.962,18.69,2558,0
20060927,18.256,18.256,18.046,18.046,2110,0
20060928,18.435,18.435,18.435,18.435,1164,0
20061003,18.046,18.387,18.046,18.218,1717,0
20061004,18.349,18.387,18.349,18.387,482,0
20061009,18.046,18.132,18.046,18.046,932,0
20061010,18.132,18.387,18.132,18.132,1164,0
20061011,18.435,18.435,18.435,18.435,755,0
20061012,18.435,18.435,18.435,18.435,236,0
20061013,18.046,18.046,18.046,18.046,466,0
20061018,18.046,18.046,18.046,18.046,583,0
20061023,18.046,18.046,18.046,18.046,1082,0
20061027,18.046,18.046,18.046,18.046,1878,0
20061030,18.046,18.046,18.046,18.046,236,0
20061031,18.046,18.046,18.046,18.046,733,0
20061103,18.046,18.046,18.046,18.046,110,0
20061107,18.046,18.046,18.046,18.046,1385,0
20061108,18.17,18.17,18.17,18.17,1164,0
20061109,18.046,18.046,18.046,18.046,346,0
20061110,18.046,18.046,17.934,17.934,5474,0
20061113,17.934,17.934,17.934,17.934,5746,0
20061114,17.962,17.962,17.934,17.934,1398,0
20061121,17.934,17.934,17.934,17.934,1573,0
20061122,17.934,17.934,17.934,17.934,1279,0
20061201,17.934,17.934,17.934,17.934,583,0
20061204,17.934,17.934,17.934,17.934,564,0
20061206,18.046,18.046,18.046,18.046,346,0
20061207,18.046,18.046,18.046,18.046,110,0
20061212,18.046,18.046,18.046,18.046,1398,0
20061214,18.671,18.671,18.274,18.274,5930,0
20061219,18.046,18.046,18.046,18.046,105,0
20061220,18.54,18.54,17.867,18.046,10103,0
20061221,17.867,17.867,17.867,17.867,2532,0
20061222,17.867,18.046,17.867,18.046,998,0
20061227,17.867,17.867,17.867,17.867,443,0
20061228,17.867,17.867,17.867,17.867,216,0
20061229,17.867,18.046,17.867,18.046,844,0
20070103,17.867,17.867,17.867,17.867,202,0
20070104,18.046,18.046,17.867,17.867,3427,0
20070105,17.867,18.046,17.867,18.046,5830,0
20070108,17.867,17.867,17.867,17.867,2843,0
20070109,17.867,17.867,17.867,17.867,1480,0
20070110,18.046,18.046,18.046,18.046,226,0
20070112,17.867,17.867,17.867,17.867,443,0
20070116,17.867,17.867,17.867,17.867,1803,0
20070118,17.867,17.867,17.867,17.867,5076,0
20070119,17.886,17.886,17.886,17.886,3326,0
20070122,17.953,17.953,17.953,17.953,194,0
20070125,17.867,17.867,17.867,17.867,116,0
20070131,17.906,17.906,17.886,17.886,1331,0
20070201,17.886,17.886,17.886,17.886,226,0
20070206,17.867,17.867,17.867,17.867,815,0
20070208,17.953,17.953,17.953,17.953,240,0
20070209,17.867,17.953,17.867,17.953,2395,0
20070213,17.953,17.953,17.953,17.953,105,0
20070216,17.867,17.867,17.867,17.867,656,0
20070221,17.364,17.364,17.364,17.364,1335,0
20070222,17.364,17.696,17.232,17.696,12319,0
20070227,17.696,17.772,17.696,17.772,578,0
20070228,17.953,18.492,17.953,18.492,1932,0
20070305,17.696,17.696,17.696,17.696,965,0
20070306,17.906,17.999,17.906,17.953,3606,0
20070307,18.046,18.046,18.046,18.046,1164,0
20070309,18.228,18.228,18.228,18.228,500,0
20070312,18.046,18.046,18.046,18.046,903,0
20070313,18.046,18.046,18.046,18.046,121,0
20070314,18.228,18.311,18.228,18.274,2290,0
20070315,18.274,18.274,18.274,18.274,331,0
20070320,18.406,18.473,17.819,17.819,24334,0
20070322,17.819,17.819,17.819,17.819,1167,0
20070323,17.906,17.906,17.906,17.906,542,0
20070326,17.906,17.906,17.906,17.906,226,0
20070327,17.906,18.094,17.906,18.094,2273,0
20070330,18.492,18.492,18.046,18.046,3975,0
20070405,18.132,18.132,18.132,18.132,962,0
20070409,18.132,18.132,18.132,18.132,115,0
20070410,18.492,18.492,18.492,18.492,331,0
20070412,18.492,18.492,18.132,18.132,1996,0
20070413,18.132,18.311,18.132,18.311,664,0
20070416,18.094,18.094,18.094,18.094,105,0
20070418,18.274,18.274,18.274,18.274,331,0
20070419,18.132,18.132,18.132,18.132,488,0
20070420,18.311,18.311,18.311,18.311,331,0
20070424,18.132,18.274,18.055,18.274,1772,0
20070425,18.055,18.132,18.055,18.055,5568,0
20070426,18.055,18.055,18.055,18.055,634,0
20070430,18.055,18.065,18.055,18.055,3006,0
20070501,18.358,18.358,18.358,18.358,4323,0
20070502,18.094,18.358,18.094,18.358,11768,0
20070508,18.094,18.094,18.094,18.094,255,0
20070509,18.094,18.094,18.094,18.094,165,0
20070510,18.18,18.358,18.18,18.358,4549,0
20070514,18.094,18.094,18.094,18.094,443,0
20070515,18.151,18.151,18.151,18.151,13300,0
20070516,18.151,18.151,18.151,18.151,226,0
20070518,18.18,18.18,18.18,18.18,226,0
20070522,18.151,18.18,18.046,18.18,3473,0
20070523,18.274,18.274,18.046,18.046,2709,0
20070524,18.046,18.046,18.046,18.046,3092,0
20070529,18.046,18.046,18.046,18.046,1452,0
20070530,18.046,18.274,18.046,18.274,486,0
20070531,18.274,18.274,18.274,18.274,239,0
20070601,18.046,18.046,18.046,18.046,556,0
20070611,18.046,18.046,18.046,18.046,23175,0
20070612,17.953,17.953,17.819,17.819,3844,0
20070618,17.819,17.819,17.819,17.819,1218,0
20070619,17.819,17.819,17.819,17.819,1167,0
20070620,17.819,17.819,17.714,17.714,8307,0
20070621,17.772,17.906,17.772,17.772,21769,0
20070622,17.819,17.819,17.819,17.819,556,0
20070625,17.906,17.906,17.906,17.906,609,0
20070626,17.819,17.819,17.819,17.819,1551,0
20070627,17.819,17.819,17.819,17.819,226,0
20070629,18.046,18.046,18.046,18.046,747,0
20070709,17.829,17.829,17.829,17.829,140,0
20070710,17.829,18.008,17.829,18.008,24573,0
20070711,17.981,17.999,17.981,17.999,1109,0
20070718,17.906,17.906,17.906,17.906,807,0
20070724,17.906,17.906,17.819,17.819,15191,0
20070725,17.819,17.819,17.819,17.819,776,0
20070727,17.819,17.819,17.772,17.772,7171,0
20070730,17.819,17.819,17.819,17.819,1551,0
20070731,17.999,17.999,17.819,17.819,369,0
20070801,17.999,17.999,17.999,17.999,776,0
20070802,17.999,17.999,17.999,17.999,1109,0
20070803,17.819,17.819,17.819,17.819,6522,0
20070807,17.772,17.772,17.772,17.772,443,0
20070809,17.772,17.772,17.772,17.772,226,0
20070813,17.593,17.593,17.593,17.593,331,0
20070814,17.819,17.819,17.819,17.819,443,0
20070817,17.724,17.81,17.724,17.81,11084,0
20070820,17.593,17.593,17.593,17.593,1551,0
20070821,17.459,17.724,17.459,17.724,1452,0
20070822,17.411,17.411,16.607,16.607,4066,0
20070823,17.507,17.507,17.146,17.355,1447,0
20070827,16.692,16.692,15.442,15.442,9235,0
20070828,15.347,17.146,15.338,17.146,7330,0
20070829,16.237,16.247,16.237,16.237,2000,0
20070831,16.237,16.237,16.237,16.237,365,0
20070905,16.058,16.058,16.058,16.058,325,0
20070906,16.058,16.152,15.792,16.152,2440,0
20070907,15.792,16.039,15.792,16.02,888,0
20070910,16.02,16.02,16.01,16.01,998,0
20070912,17.137,17.137,17.137,17.137,226,0
20070914,17.137,17.137,17.137,17.137,389,0
20070918,17.146,17.146,17.146,17.146,226,0
20070926,17.146,17.146,17.146,17.146,578,0
20070928,17.146,17.593,17.146,17.593,4742,0
20071003,17.146,17.146,17.146,17.146,583,0
20071004,17.146,17.146,17.146,17.146,1015,0
20071015,16.692,17.006,16.692,17.006,5984,0
20071016,17.146,17.146,17.146,17.146,226,0
20071017,17.146,17.146,17.146,17.146,443,0
20071018,17.146,17.146,17.146,17.146,1443,0
20071023,16.333,16.92,16.333,16.92,609,0
20071031,16.92,17.146,16.92,17.146,450,0
20071102,16.333,16.333,16.333,16.333,1057,0
20071116,16.058,16.058,16.058,16.058,244,0
20071121,17.184,17.184,17.184,17.184,226,0
20071128,16.058,16.152,15.338,15.338,4999,0
20071129,15.252,15.338,15.252,15.338,2449,0
20071130,14.93,15.338,14.93,15.338,948,0
20071203,14.93,14.93,14.93,14.93,118,0
20071204,15.338,15.338,15.338,15.338,226,0
20071205,15.338,15.792,15.338,15.792,1267,0
20071206,16.237,16.237,16.237,16.237,226,0
20071207,16.237,16.237,16.237,16.237,226,0
20071210,15.792,15.792,15.792,15.792,226,0
20071212,14.93,15.469,14.93,15.469,1836,0
20071213,16.815,16.815,16.815,16.815,216,0
20071217,14.969,16.815,14.969,16.815,1797,0
20071218,14.969,15.025,14.969,15.025,530,0
20071219,15.015,15.157,14.921,15.157,3897,0
20071220,15.157,15.394,15.157,15.394,2052,0
20071221,15.157,15.157,15.157,15.157,530,0
20071224,14.921,15.157,14.921,15.157,936,0
20071226,14.305,14.353,13.737,14.209,4865,0
20071227,15.157,15.157,14.021,14.446,2579,0
20071228,14.257,15.157,14.257,15.157,2892,0
20071231,15.157,15.157,15.157,15.157,316,0
20080107,14.541,15.157,14.353,15.157,7494,0
20080108,14.209,15.394,14.209,15.394,758,0
20080109,14.209,15.915,14.209,15.915,432,0
20080110,15.915,15.915,15.915,15.915,408,0
20080111,16.104,16.104,15.157,15.157,844,0
20080114,17.81,17.81,17.052,17.052,1477,0
20080116,15.868,17.052,15.157,15.157,2159,0
20080117,17.052,17.052,17.052,17.052,216,0
20080118,15.157,15.157,15.157,15.157,253,0
20080123,15.386,15.386,15.386,15.386,530,0
20080124,15.347,15.347,15.347,15.347,216,0
20080125,15.11,15.11,15.11,15.11,318,0
20080128,14.257,14.257,14.209,14.209,634,0
20080129,14.209,14.209,13.263,13.263,4742,0
20080130,13.737,13.737,13.737,13.737,3167,0
20080131,13.737,13.737,13.737,13.737,231,0
20080201,13.737,13.737,13.737,13.737,125,0
20080204,13.973,13.973,13.973,13.973,216,0
20080206,14.446,14.446,14.446,14.446,216,0
20080211,14.446,14.684,14.446,14.684,906,0
20080212,15.11,15.11,15.11,15.11,216,0
20080213,14.446,14.778,14.446,14.778,216,0
20080214,14.446,14.446,14.021,14.446,1139,0
20080219,14.209,14.446,14.209,14.446,1777,0
20080222,14.446,14.446,14.446,14.446,216,0
20080227,14.209,14.209,14.209,14.209,1183,0
20080228,14.021,14.021,13.831,13.831,1477,0
20080229,14.209,14.209,13.831,13.831,3269,0
20080303,14.209,14.209,14.209,14.209,216,0
20080310,13.831,13.831,13.499,13.499,2850,0
20080311,13.499,13.499,12.553,12.609,7352,0
20080312,13.263,13.489,13.263,13.263,1793,0
20080313,13.074,13.074,13.074,13.074,216,0
20080314,13.074,13.074,13.074,13.074,216,0
20080317,13.074,13.121,13.074,13.121,4494,0
20080318,13.783,13.783,13.783,13.783,216,0
20080326,13.499,13.499,13.499,13.499,216,0
20080328,13.263,13.499,13.121,13.499,6127,0
20080331,13.499,13.499,13.121,13.121,2726,0
20080401,13.121,13.263,13.121,13.263,331,0
20080402,13.263,13.263,13.263,13.263,987,0
20080404,13.074,13.263,13.074,13.263,1150,0
20080407,13.074,13.074,13.074,13.074,316,0
20080408,13.074,13.074,13.074,13.074,634,0
20080410,13.074,13.263,12.931,13.263,1926,0
20080411,13.263,13.499,13.121,13.121,2153,0
20080414,13.499,13.499,13.499,13.499,216,0
20080416,14.201,14.201,14.201,14.201,216,0
20080417,14.201,14.201,14.201,14.201,216,0
20080421,13.594,13.594,13.547,13.594,1064,0
20080422,13.737,13.737,13.737,13.737,216,0
20080423,14.201,14.201,13.026,13.026,634,0
20080424,14.201,14.201,14.201,14.201,216,0
20080425,14.201,14.201,14.201,14.201,216,0
20080428,13.026,14.201,13.026,14.201,480,0
20080429,14.201,14.201,13.737,14.021,8433,0
20080430,13.499,14.021,13.026,14.021,1076,0
20080501,13.263,14.021,13.263,14.021,385,0
20080502,14.115,14.115,14.115,14.115,1373,0
20080507,13.263,13.263,13.263,13.263,216,0
20080513,13.263,13.263,13.263,13.263,9708,0
20080514,13.31,13.31,13.31,13.31,201,0
20080519,13.31,13.31,13.263,13.263,1162,0
20080522,13.263,13.263,13.263,13.263,828,0
20080530,13.594,13.594,13.594,13.594,213,0
20080606,13.263,13.263,13.263,13.263,315,0
20080609,13.263,13.263,13.263,13.263,738,0
20080611,13.263,13.263,13.263,13.263,640,0
20080612,13.425,13.425,13.425,13.425,127,0
20080613,13.263,13.263,13.263,13.263,1935,0
20080618,13.263,13.263,13.263,13.263,1055,0
20080619,13.263,13.263,13.263,13.263,1055,0
20080620,13.263,14.209,13.263,14.209,5154,0
20080624,13.499,13.499,13.499,13.499,114,0
20080625,13.737,13.737,13.737,13.737,2320,0
20080626,13.263,13.263,13.263,13.263,1120,0
20080627,13.263,13.263,13.263,13.263,5089,0
20080630,13.263,13.263,13.263,13.263,475,0
20080701,13.074,13.074,13.074,13.074,274,0
20080707,13.121,13.594,13.121,13.594,3250,0
20080708,12.836,12.836,12.79,12.79,419,0
20080709,12.553,12.553,12.553,12.553,322,0
20080710,12.316,12.316,12.316,12.316,216,0
20080715,12.316,12.316,12.316,12.316,1404,0
20080722,12.316,12.316,12.316,12.316,115,0
20080723,12.316,12.316,12.316,12.316,698,0
20080729,12.316,12.316,12.316,12.316,817,0
20080805,12.316,12.316,12.316,12.316,228,0
20080807,12.316,12.316,12.078,12.078,571,0
20080811,12.078,12.742,11.841,12.742,1228,0
20080813,11.937,11.937,11.131,11.131,3897,0
20080814,11.131,11.368,11.131,11.368,2207,0
20080819,11.368,11.368,11.368,11.368,419,0
20080820,11.605,12.078,11.605,12.078,634,0
20080821,12.078,12.79,12.078,12.79,3961,0
20080822,12.79,13.263,12.79,13.263,2354,0
20080825,13.737,14.021,13.737,13.737,2055,0
20080826,13.026,13.026,13.026,13.026,216,0
20080827,12.078,12.078,12.078,12.078,216,0
20080828,11.415,12.79,11.131,12.79,2002,0
20080829,11.605,11.605,11.605,11.605,290,0
20080902,12.79,12.79,12.79,12.79,216,0
20080905,12.79,12.79,12.79,12.79,121,0
20080908,11.605,11.605,11.605,11.605,266,0
20080909,12.58,12.58,12.58,12.58,739,0
20080911,11.7,11.841,11.131,11.841,3650,0
20080912,11.841,11.841,11.841,11.841,306,0
20080915,10.942,10.942,10.894,10.894,634,0
20080916,10.894,10.894,10.422,10.658,4481,0
20080917,10.184,10.658,10.184,10.658,331,0
20080918,10.658,10.658,9.994,9.994,595,0
20080922,10.184,10.658,10.184,10.658,733,0
20080923,10.184,13.026,10.184,13.026,1012,0
20080924,13.689,13.689,10.23,10.23,930,0
20080926,10.23,11.841,10.23,11.841,3120,0
20080929,10.23,10.23,10.23,10.23,357,0
20081001,10.894,10.894,10.422,10.422,2231,0
20081006,10.23,10.23,10.23,10.23,634,0
20081008,10.23,10.23,10.184,10.184,1058,0
20081009,10.184,10.184,10.184,10.184,643,0
20081010,10.658,10.658,10.658,10.658,3008,0
20081013,10.658,10.658,10.184,10.184,804,0
20081016,10.658,10.658,10.648,10.648,216,0
20081017,10.184,10.184,10.184,10.184,2326,0
20081020,10.61,10.658,10.184,10.193,1240,0
20081023,10.648,10.648,10.648,10.648,438,0
20081027,9.947,9.947,9.947,9.947,100,0
20081029,9.947,9.947,9.947,9.947,259,0
20081030,9.947,9.947,9.947,9.947,234,0
20081107,9.947,9.947,9.947,9.947,105,0
20081113,9.947,9.947,9.947,9.947,316,0
20081114,9.947,9.947,9.947,9.947,301,0
20081117,9.758,9.758,9.522,9.522,1271,0
20081118,9.947,9.947,9.947,9.947,530,0
20081119,9.947,10.249,9.947,10.249,6392,0
20081124,9.806,9.806,9.522,9.522,1349,0
20081126,9.522,9.522,9.4737,9.4737,1569,0
20081202,9.4737,9.4737,9.4737,9.4737,100,0
20081203,9.4737,9.4737,9.4737,9.4737,378,0
20081208,8.5638,9.758,8.5638,9.758,1788,0
20081209,10.374,10.374,8.5638,8.5638,1945,0
20081210,8.7629,8.7629,8.7629,8.7629,553,0
20081212,10.374,10.374,10.374,10.374,134,0
20081217,8.7629,8.7629,8.7629,8.7629,859,0
20081218,8.5735,8.5735,8.5735,8.5735,100,0
20081219,8.526,8.526,8.526,8.526,238,0
20081223,8.526,8.7818,8.0997,8.7818,4069,0
20081224,9.4737,9.4737,9.4644,9.4737,866,0
20081226,7.6735,7.6735,7.5787,7.5787,3006,0
20081229,7.5787,7.5787,7.5787,7.5787,582,0
20081230,8.0523,8.0523,7.6262,8.0523,1827,0
20081231,7.6262,8.7154,7.6262,8.7154,5047,0
20090102,7.6262,7.6262,7.6262,7.6262,1178,0
20090105,7.6262,8.0523,7.6262,8.0523,1570,0
20090106,7.6262,7.6262,7.6262,7.6262,316,0
20090107,7.6262,7.6262,7.6262,7.6262,115,0
20090108,7.9575,7.9575,7.9575,7.9575,556,0
20090109,7.6262,7.9575,7.3891,7.3891,8603,0
20090112,7.5315,7.5315,7.5315,7.5315,530,0
20090115,6.8682,6.8682,6.8682,6.8682,614,0
20090116,7.484,7.484,7.484,7.484,100,0
20090121,5.2199,6.8682,5.2199,6.4892,1166,0
20090122,5.6842,5.9967,5.6842,5.9967,316,0
20090123,5.4567,6.4797,5.4567,6.4797,598,0
20090126,6.4419,6.4513,6.4419,6.4513,739,0
20090127,6.3946,6.3946,5.6842,6.1577,2816,0
20090128,6.3946,6.3946,6.3946,6.3946,612,0
20090129,5.7693,5.7693,5.4567,5.4944,2959,0
20090130,6.1577,6.1577,4.8314,5.6744,5066,0
20090202,5.6366,5.6366,5.2577,5.2577,3064,0
20090203,5.5325,5.5325,5.4944,5.4944,634,0
20090204,5.4378,5.4378,5.4378,5.4378,216,0
20090205,5.3524,5.3999,5.3524,5.3903,644,0
20090206,5.4944,5.4944,5.4944,5.4944,216,0
20090210,4.8789,5.3999,4.8789,5.3809,3060,0
20090211,5.3809,5.3809,5.3809,5.3809,100,0
20090212,5.4093,5.5135,5.4093,5.4852,1045,0
20090213,5.4567,5.4567,5.4567,5.4567,3902,0
20090217,5.4567,5.466,4.8789,4.8789,2972,0
20090218,4.8789,5.2768,4.8789,5.2768,2217,0
20090219,4.8789,4.8789,4.8789,4.8789,282,0
20090220,4.9738,4.9738,3.9312,3.9312,3901,0
20090223,5.0112,5.0112,4.9358,4.9358,316,0
20090224,4.4999,4.4999,4.4999,4.4999,316,0
20090225,4.7745,4.7745,4.4809,4.7745,530,0
20090227,4.4999,4.4999,4.4999,4.4999,1162,0
20090302,4.9738,4.9738,4.4999,4.5663,749,0
20090303,4.5663,4.5663,4.5663,4.5663,100,0
20090304,4.5945,4.7272,4.4999,4.7272,5948,0
20090305,5.0209,6.3187,5.0209,6.0156,5700,0
20090306,4.9452,6.2714,4.4999,4.4999,3631,0
20090310,7.5123,7.7778,4.8125,5.0871,7135,0
20090311,5.1628,5.4944,5.1628,5.4944,593,0
20090312,6.4705,7.5692,6.4705,7.5692,1055,0
20090313,7.5692,7.5787,7.5692,7.5787,1340,0
20090316,7.3419,7.3419,6.4513,7.2566,1775,0
20090317,7.5598,7.5787,6.6786,6.6786,661,0
20090318,7.1525,7.1525,6.404,6.4135,1093,0
20090323,6.4892,6.4892,6.4892,6.4892,100,0
20090324,7.2661,7.2661,6.4892,6.5556,1967,0
20090326,6.5366,6.5366,6.5366,6.5366,527,0
20090327,7.124,7.124,7.124,7.124,148,0
20090403,7.3228,7.3228,6.8966,6.8966,216,0
20090406,7.4083,7.4083,7.4083,7.4083,216,0
20090408,6.6313,6.6313,6.6313,6.6313,100,0
20090413,7.5787,7.6262,7.5692,7.6262,4772,0
20090414,7.5787,7.5787,7.5787,7.5787,100,0
20090415,7.6262,8.0429,7.6262,8.0429,467,0
20090416,7.5692,8.526,7.5692,8.526,844,0
20090417,8.1188,9.4737,8.1188,9.4737,1369,0
20090420,8.9996,8.9996,8.9996,8.9996,216,0
20090421,8.0903,8.2605,8.0714,8.2605,1005,0
20090427,8.0619,8.0619,6.404,6.404,316,0
20090504,8.0997,8.2891,8.0997,8.2891,1005,0
20090505,6.6313,6.6313,6.6313,6.6313,1255,0
20090507,7.6166,7.6166,7.5503,7.5787,366,0
20090508,8.9996,8.9996,8.9996,8.9996,100,0
20090512,7.3609,7.3703,7.3609,7.3703,230,0
20090518,8.5166,9.4737,8.5166,9.4737,5083,0
20090519,8.0619,9.4255,7.3419,9.4255,1522,0
20090520,9.4255,9.4255,9.4255,9.4255,100,0
20090526,8.9996,9.3788,8.9996,9.3788,1256,0
20090527,9.2366,9.2366,9.2366,9.2366,216,0
20090529,9.3314,9.3788,7.1049,7.1049,5397,0
20090601,8.2605,8.2988,7.124,7.948,3427,0
20090603,6.8779,6.8779,6.8682,6.8682,881,0
20090605,6.8682,7.9103,6.8682,7.9103,5220,0
20090608,7.5787,7.5787,7.5787,7.5787,418,0
20090609,7.5787,7.5787,7.5787,7.5787,582,0
20090610,8.0523,8.0523,7.5787,7.6735,3080,0
20090616,7.8532,7.8532,7.1049,7.1049,704,0
20090617,7.7399,7.7399,7.6166,7.6166,236,0
20090622,7.1525,7.1525,7.1525,7.1525,216,0
20090623,7.7682,7.7682,7.1049,7.1049,2364,0
20090624,7.1525,7.1525,7.1049,7.1049,679,0
20090625,7.6262,8.0523,7.6262,8.0523,2392,0
20090626,8.1473,8.1473,8.1473,8.1473,100,0
20090630,7.1525,7.1525,7.1525,7.1525,216,0
20090702,7.1049,7.1049,7.1049,7.1049,117,0
20090706,8.0523,8.0523,8.0523,8.0523,100,0
20090723,7.5787,8.0523,7.1049,7.1049,1899,0
20090724,7.1144,7.1144,7.1049,7.1049,739,0
20090727,7.1049,7.1049,7.1049,7.1049,0,0
20090728,7.1049,7.1049,7.1049,7.1049,0,0
20090729,7.1049,7.1049,7.1049,7.1049,0,0
20090730,7.1049,7.1049,7.1049,7.1049,0,0
20090731,7.1049,7.1049,7.1049,7.1049,0,0
20090803,7.1334,7.1334,7.1334,7.1334,127,0
20090804,7.1334,7.1334,7.1334,7.1334,0,0
20090805,7.1334,7.1334,7.1334,7.1334,0,0
20090806,7.1525,7.1525,7.1525,7.1525,122,0
20090807,7.1525,7.1525,7.1525,7.1525,0,0
20090810,7.1525,7.1525,7.1525,7.1525,0,0
20090811,6.963,6.963,6.963,6.963,228,0
20090812,6.963,6.963,6.963,6.963,0,0
20090813,6.8682,6.8682,6.7923,6.8209,4699,0
20090814,6.8209,6.8209,6.8209,6.8209,0,0
20090818,6.7734,6.7734,6.7734,6.7734,2622,0
20090820,6.7734,6.7734,6.7734,6.7734,2640,0
20090824,6.7734,6.7734,6.7734,6.7734,208,0
20090825,7.4366,7.4366,6.963,6.963,216,0
20090831,6.7734,6.7734,6.7734,6.7734,107,0
20090901,6.8682,7.4366,6.8682,7.4366,1567,0
20090902,7.1619,7.1619,6.7734,6.7734,1909,0
20090903,6.8115,6.8209,6.6313,6.6313,529,0
20090904,6.7261,6.7261,6.6313,6.6313,9127,0
20090915,6.8682,6.8682,5.4472,5.4944,6457,0
20090916,6.1103,6.1577,5.7125,5.7218,834,0
20090918,5.6842,6.1577,5.6842,6.1577,1055,0
20090921,5.6935,5.6935,5.6935,5.6935,100,0
20090922,5.7314,6.5839,5.4944,6.5839,1886,0
20090925,6.5366,6.5366,6.5366,6.5366,2773,0
20090928,5.5419,6.4419,5.4944,6.4419,950,0
20090929,5.5515,6.3851,5.5229,6.1009,1055,0
20090930,6.1103,6.1577,6.1103,6.1577,3022,0
20091001,6.1483,6.1483,6.1483,6.1483,100,0
20091002,6.1483,6.1577,6.1483,6.1577,419,0
20091005,6.1577,6.1577,6.1577,6.1577,419,0
20091008,6.1577,7.1049,6.1577,6.6313,7740,0
20091009,7.086,7.086,7.086,7.086,316,0
20091014,5.9492,5.9492,5.7409,5.7409,844,0
20091015,6.4419,6.4419,6.4419,6.4419,316,0
20091019,5.9399,5.9399,5.9399,5.9399,271,0
20091026,5.9209,5.9684,5.9209,5.9209,1265,0
20091027,5.9492,5.9492,5.9209,5.9209,251,0
20091028,5.9209,5.9492,5.9209,5.9492,530,0
20091029,5.9684,5.9684,5.9209,5.9209,216,0
20091103,5.9209,5.9209,5.5989,5.5989,577,0
20091104,5.7788,5.9302,5.7693,5.7883,3654,0
20091105,5.6461,5.6461,5.5989,5.5989,326,0
20091106,6.5745,6.5745,5.5989,5.5989,266,0
20091110,5.8259,5.8259,5.7976,5.7976,216,0
20091111,5.7883,5.8167,5.7883,5.7883,4416,0
20091112,6.5556,6.603,6.3946,6.3946,739,0
20091113,6.3,6.3,6.2525,6.2525,543,0
20091116,6.6123,6.6313,6.6123,6.6313,530,0
20091117,6.6123,6.6407,6.6123,6.6407,634,0
20091119,6.3946,6.3946,5.9209,5.9492,530,0
20091120,5.8259,6.9064,5.7883,6.2335,1875,0
20091123,5.8925,6.1577,5.7883,5.7883,3419,0
20091124,5.9209,5.9209,5.7883,5.7883,302,0
20091127,6.6692,7.3325,6.6692,7.3325,1441,0
20091130,6.8966,6.8966,6.8966,6.8966,100,0
20091203,6.6313,6.6313,6.6313,6.6313,100,0
20091204,6.1577,6.1577,6.1577,6.1577,2745,0
20091207,6.1577,6.1577,6.1577,6.1577,100,0
20091208,6.1577,6.1577,6.1577,6.1577,228,0
20091214,6.1483,6.6313,6.1483,6.6313,590,0
20091217,6.6313,6.6313,6.6313,6.6313,216,0
20091221,6.6313,6.6313,6.6313,6.6313,1461,0
20091222,5.8545,6.2335,5.7314,5.7883,22356,0
20091223,5.8072,6.0819,5.6461,5.7125,9814,0
20091224,6.1577,6.1577,6.1577,6.1577,316,0
20091228,5.7314,6.0156,5.6935,5.6935,1265,0
20091229,5.7031,6.0631,5.6935,5.7693,1902,0
20091230,5.6935,6.006,5.6935,6.006,4569,0
20091231,5.7409,5.8259,5.6935,5.8259,1223,0
20100104,5.7314,6.0156,5.6935,6.0156,639,0
20100105,5.7599,5.7599,5.7599,5.7599,264,0
20100107,5.7693,5.7693,5.7599,5.7693,1243,0
20100108,6.0439,6.0535,6.0439,6.0535,530,0
20100112,5.6935,6.0439,5.5609,5.6177,1255,0
20100119,5.9776,5.9776,5.5609,5.5609,701,0
20100120,5.5893,5.5893,5.4472,5.4944,1296,0
20100125,5.9399,5.9967,5.9399,5.9967,244,0
20100126,5.9871,6.1577,5.9871,6.1577,3085,0
20100127,6.1577,6.1577,6.1577,6.1577,316,0
20100129,6.1387,6.1577,5.9684,6.1577,1477,0
20100201,5.504,6.1483,5.2103,6.1483,2004,0
20100202,6.0914,6.1577,6.0914,6.1577,1162,0
20100204,5.4852,5.6842,5.3999,5.6842,2440,0
20100209,5.6842,5.6842,5.2103,5.2199,3156,0
20100210,4.9738,4.9738,4.282,4.4431,2054,0
20100211,5.6556,5.6651,5.6556,5.6651,739,0
20100212,6.0156,6.0156,4.8597,5.2103,739,0
20100217,5.8451,5.8451,5.8451,5.8451,109,0
20100219,5.6842,5.6842,5.6842,5.6842,159,0
20100222,5.4472,5.4472,5.4472,5.4472,2657,0
20100224,5.2199,5.2199,5.2103,5.2103,316,0
20100302,5.3148,5.3148,5.2577,5.2577,7961,0
20100305,5.4472,5.4472,5.4472,5.4472,653,0
20100308,5.4472,5.466,5.3999,5.3999,1144,0
20100311,5.3999,5.3999,5.3999,5.3999,354,0
20100312,5.2577,5.2577,4.5473,5.1536,13606,0
20100315,4.9829,5.5135,4.9829,5.1155,3483,0
20100316,5.4378,5.4378,4.9738,4.9738,3074,0
20100317,5.2768,5.3051,5.0209,5.0209,1089,0
20100318,5.0209,5.1536,5.0209,5.0682,1188,0
20100322,5.0682,5.3051,5.0493,5.1628,6465,0
20100323,5.4093,5.9018,5.4093,5.4472,891,0
20100324,5.864,5.8734,5.7883,5.7883,1823,0
20100325,5.7314,5.8259,5.7314,5.7788,3403,0
20100326,5.3051,5.3051,5.2671,5.2671,316,0
20100330,5.2956,5.2956,4.8789,4.9544,4548,0
20100331,4.9738,4.9738,4.8597,4.8789,4770,0
20100401,5.7409,5.7409,5.2103,5.2103,2078,0
20100405,5.0304,5.1155,4.9829,5.0969,1793,0
20100407,5.7599,5.7788,5.0493,5.0493,2078,0
20100409,5.7218,6.4513,5.0112,6.2808,53453,0
20100412,6.1577,6.1577,6.1577,6.1577,246,0
20100413,6.4229,6.4229,6.3755,6.3755,266,0
20100415,6.3755,6.3755,6.3755,6.3755,632,0
20100416,6.4892,6.4892,6.4229,6.4892,1619,0
20100419,6.6218,6.6218,6.6218,6.6218,316,0
20100420,6.3946,6.5556,6.3946,6.5556,530,0
20100423,6.2607,6.2607,6.2607,6.2607,100,0
20100426,6.2429,6.5839,6.2429,6.4324,1097,0
20100428,6.6597,7.1049,6.6597,7.0197,3532,0
20100429,6.8682,6.8682,6.8682,6.8682,5235,0
20100430,7.0575,7.0575,6.8682,6.8682,1601,0
20100503,6.6692,6.6692,6.6313,6.6313,1426,0
20100504,6.4513,6.7355,6.4513,6.6883,18727,0
20100505,6.6123,6.6313,6.5366,6.6313,3303,0
20100506,6.6313,6.6597,6.5366,6.5366,5976,0
20100510,6.8868,7.0101,6.6692,6.6977,1015,0
20100511,7.1049,7.1049,7.1049,7.1049,100,0
20100514,6.3566,6.6313,6.3566,6.6313,9736,0
20100517,6.4609,6.6313,6.4419,6.5745,5424,0
20100518,6.5462,6.8209,6.5462,6.8209,238,0
20100519,6.2525,6.3,6.2525,6.2525,1316,0
20100520,6.2525,6.2525,6.2525,6.2525,100,0
20100521,6.1577,6.1577,6.1577,6.1577,1403,0
20100524,6.6123,7.0197,6.2808,6.3,7315,0
20100525,6.1671,6.2902,6.1197,6.2239,686,0
20100527,6.3946,6.7734,6.3946,6.6786,1129,0
20100528,6.745,6.7638,6.0631,6.2714,3001,0
20100601,6.8682,6.963,6.8682,6.9157,844,0
20100603,6.8586,6.963,6.8586,6.963,751,0
20100604,6.3283,6.3283,6.2714,6.3283,1584,0
20100607,6.3,6.3,6.2618,6.2618,216,0
20100609,6.2335,6.2335,6.2335,6.2335,305,0
20100610,6.4324,6.8966,6.4324,6.8966,736,0
20100616,6.6313,6.6313,6.6313,6.6313,811,0
20100617,6.6313,6.6313,6.3472,6.3472,1107,0
20100618,6.603,6.603,6.3566,6.4513,694,0
20100621,6.404,6.404,6.404,6.404,100,0
20100622,6.6123,6.6218,6.3472,6.3472,1943,0
20100623,6.3946,6.4609,6.3946,6.4609,869,0
20100624,6.4892,6.4892,6.4892,6.4892,950,0
20100625,6.4892,6.4892,6.4892,6.4892,296,0
20100628,6.4892,6.6218,6.3187,6.6218,2329,0
20100629,6.5839,6.6123,6.5839,6.6123,634,0
20100701,6.3946,6.3946,6.3946,6.3946,707,0
20100702,6.404,6.4892,6.3946,6.4892,2942,0
20100708,6.5366,6.5366,6.5366,6.5366,770,0
20100712,6.5839,6.6218,6.4892,6.6218,3113,0
20100713,6.6313,6.6597,6.6313,6.6597,216,0
20100714,6.6597,6.6597,6.4892,6.4892,1080,0
20100719,6.4892,6.8682,6.4892,6.8682,634,0
20100721,6.8209,7.1049,6.8209,7.0765,4603,0
20100723,6.4324,6.4324,6.404,6.404,562,0
20100726,6.4513,6.4513,6.4513,6.4513,106,0
20100802,6.5651,6.5651,6.5556,6.5556,476,0
20100803,6.5839,6.5839,6.5839,6.5839,1247,0
20100804,6.5936,6.5936,6.5936,6.5936,237,0
20100805,6.5839,6.5839,6.5839,6.5839,851,0
20100809,6.5556,6.5556,6.4609,6.5556,1761,0
20100810,6.4419,6.4419,6.4419,6.4419,100,0
20100811,6.5651,6.5651,6.5366,6.5366,1584,0
20100812,6.5177,6.5177,6.5177,6.5177,6954,0
20100813,6.5651,6.6313,6.5651,6.6313,1124,0
20100816,6.6313,6.6313,6.6313,6.6313,100,0
20100817,6.6313,6.6313,6.6313,6.6313,2217,0
20100819,6.6407,6.6407,6.6313,6.6313,2731,0
20100820,6.6313,6.6313,6.6313,6.6313,318,0
20100823,6.6597,6.6597,6.6597,6.6597,100,0
20100824,6.6407,6.9441,6.6313,6.6883,5155,0
20100825,6.6883,6.6883,6.6883,6.6883,182,0
20100826,6.6503,6.6786,6.6313,6.6786,664,0
20100827,6.6786,6.6786,6.6313,6.6786,4157,0
20100830,6.7261,6.7546,6.6786,6.6786,382,0
20100831,6.68,6.68,6.6324,6.6324,550,0
20100901,6.6786,7.2377,6.6313,6.6313,871,0
20100902,6.9533,6.9533,6.9533,6.9533,100,0
20100903,6.9157,6.9157,6.6313,6.6313,739,0
20100909,6.6313,6.6313,6.6313,6.6313,1514,0
20100910,6.6313,6.8682,6.6313,6.8494,2001,0
20100913,6.6313,6.6313,6.6313,6.6313,1055,0
20100914,6.6313,6.6313,6.6313,6.6313,348,0
20100916,6.8682,6.8682,6.8682,6.8682,316,0
20100917,6.8682,6.8682,6.8018,6.8018,1528,0
20100920,7.2377,7.2377,7.2377,7.2377,1543,0
20100921,7.1049,7.2377,6.6786,7.2377,1237,0
20100924,7.2377,7.2377,7.2377,7.2377,520,0
20100928,6.8779,6.8779,6.7261,6.7261,695,0
20100930,6.7737,6.7737,6.7451,6.7641,727,0
20101001,7.086,7.086,7.086,7.086,200,0
20101005,6.7832,6.8018,6.745,6.7734,2197,0
20101006,6.7734,6.7734,6.7734,6.7734,760,0
20101008,7.0956,8.3365,7.0956,8.3365,4217,0
20101011,7.8248,8.2323,7.6166,7.6166,979,0
20101018,7.5787,7.683,7.4366,7.4366,788,0
20101019,7.4366,7.4366,7.4366,7.4366,109,0
20101021,7.5977,7.6071,7.5977,7.6071,216,0
20101022,7.1049,7.1049,7.1049,7.1049,1690,0
20101026,7.3986,7.3986,7.3986,7.3986,844,0
20101028,7.5881,7.5881,7.3419,7.3419,7515,0
20101029,7.3405,7.3405,7.3405,7.3405,3081,0
20101101,7.6166,7.7492,7.6166,7.7492,3061,0
20101104,8.2323,8.9618,8.2323,8.6206,7168,0
20101105,8.4313,8.4313,7.6071,7.7302,3747,0
20101108,8.0523,8.0523,7.7207,7.8155,3111,0
20101109,7.8062,7.8155,7.8062,7.8155,1421,0
20101110,7.8723,8.4029,7.6735,7.948,1523,0
20101116,7.7492,7.8155,7.7492,7.8155,216,0
20101117,7.7399,7.7399,7.7399,7.7399,216,0
20101118,8.1849,8.1849,7.7682,7.7682,530,0
20101119,7.7778,7.7778,7.7588,7.7682,2187,0
20101122,7.683,7.683,7.683,7.683,310,0
20101123,7.683,7.683,7.5787,7.5787,3738,0
20101129,7.6735,7.6735,7.6735,7.6735,216,0
20101130,7.7238,7.7238,7.7238,7.7238,1452,0
20101201,7.8439,7.8439,7.8439,7.8439,530,0
20101202,7.863,7.9008,7.8439,7.8439,2745,0
20101203,7.8439,7.8439,7.6735,7.7682,739,0
20101206,7.7872,7.7872,7.7682,7.7682,831,0
20101207,7.7872,7.7872,7.7778,7.7778,844,0
20101209,7.8155,7.8155,7.8155,7.8155,530,0
20101214,7.863,7.8723,7.7872,7.8723,5777,0
20101215,7.8155,7.8155,7.8155,7.8155,172,0
20101217,7.9575,8.4313,7.9575,8.4313,2343,0
20101220,8.526,8.526,8.0523,8.0523,1248,0
20101221,8.0523,8.526,8.0523,8.0523,677,0
20101222,8.0997,8.0997,8.0523,8.0523,462,0
20101223,8.0523,8.526,8.0523,8.5166,634,0
20101227,8.0523,8.0523,8.0523,8.0523,2116,0
20101228,8.2988,8.2988,8.2988,8.2988,1626,0
20101229,8.3192,8.3192,8.3192,8.3192,248,0
20101231,8.5212,8.5212,8.5212,8.5212,370,0
20110103,8.9808,8.9996,8.9808,8.9996,288,0
20110104,8.8576,8.8861,8.8576,8.8861,1800,0
20110105,9.4355,9.947,9.407,9.947,1690,0
20110110,9.947,9.947,8.9996,8.9996,1635,0
20110111,9.701,10.725,9.701,10.422,3534,0
20110113,9.908,10.297,9.522,10.297,419,0
20110114,10.288,10.288,10.288,10.288,100,0
20110118,9.4916,10.602,9.4916,10.423,2903,0
20110119,9.994,9.994,9.994,9.994,100,0
20110124,10.023,10.023,9.4926,9.522,1190,0
20110127,9.567,9.758,9.567,9.758,634,0
20110128,9.815,9.842,9.815,9.842,530,0
20110131,10.15,10.15,10.15,10.15,100,0
20110201,10.23,10.326,10.23,10.297,787,0
20110202,9.947,9.947,9.4737,9.4737,1217,0
20110203,9.946,9.946,9.946,9.946,6424,0
20110207,10.184,10.383,9.701,10.355,2530,0
20110208,10.137,10.137,10.137,10.137,100,0
20110209,10.137,10.431,10.137,10.431,2004,0
20110210,9.985,9.985,9.985,9.985,100,0
20110211,9.985,9.985,9.956,9.956,216,0
20110214,10.042,10.052,10.042,10.042,1045,0
20110215,9.749,10.042,9.71,9.71,1167,0
20110216,10.364,10.383,10.364,10.383,316,0
20110217,10.706,10.706,10.374,10.61,1858,0
20110222,10.61,10.61,10.422,10.422,551,0
20110223,9.768,10.221,9.758,10.221,472,0
20110224,10.61,10.61,10.422,10.562,2139,0
20110225,9.777,10.241,9.777,10.241,1787,0
20110228,10.243,10.243,10.243,10.243,316,0
20110301,10.165,10.184,10.137,10.137,1285,0
20110304,10.023,10.023,10.004,10.004,216,0
20110308,9.975,9.975,9.975,9.975,315,0
20110310,9.851,9.851,9.851,9.851,315,0
20110314,9.975,9.975,9.88,9.88,806,0
20110315,9.719,9.719,9.4146,9.7,1841,0
20110316,9.69,9.729,9.69,9.729,842,0
20110317,9.682,10.539,9.682,10.539,1195,0
20110318,9.2058,9.4246,9.2058,9.4246,722,0
20110321,9.4436,9.4436,9.3104,9.4436,1539,0
20110322,9.595,9.595,9.595,9.595,459,0
20110323,9.595,9.595,9.595,9.595,441,0
20110324,9.3104,9.3198,9.0728,9.0728,700,0
20110325,9.547,9.547,9.547,9.547,1484,0
20110328,9.1297,9.547,9.1297,9.547,632,0
20110330,9.2343,9.2343,9.2343,9.2343,1278,0
20110331,9.221,9.2592,9.2116,9.2116,832,0
20110401,9.2154,9.2154,8.5694,8.5979,1295,0
20110404,8.6167,8.6453,8.5883,8.5979,1196,0
20110405,8.5407,8.5501,8.5407,8.5501,737,0
20110406,8.6453,8.6453,8.6453,8.6453,580,0
20110408,8.7401,8.7401,8.7401,8.7401,947,0
20110411,8.3603,8.3603,8.3603,8.3603,618,0
20110412,8.5478,8.5478,8.3572,8.5478,1263,0
20110413,8.5407,8.8068,8.3603,8.56,3574,0
20110414,8.3603,8.56,8.3603,8.5501,5599,0
20110418,8.3887,8.8734,8.2653,8.6929,18193,0
20110420,8.56,8.6264,8.56,8.5789,2737,0
20110421,8.8163,8.8354,8.7784,8.7784,1052,0
20110425,8.9684,9.4246,8.7879,9.2533,4933,0
20110426,9.738,9.738,9.1489,9.4054,1285,0
20110427,9.4054,9.4054,9.1678,9.2343,889,0
20110428,9.1774,9.2821,9.1678,9.2821,954,0
20110429,9.3074,9.3074,9.3074,9.3074,100,0
20110502,9.529,9.547,9.529,9.547,1159,0
20110503,9.778,10.436,9.548,9.548,7365,0
20110504,10.231,10.451,10.165,10.212,8127,0
20110505,10.006,10.006,9.835,9.835,632,0
20110506,10.032,10.032,10.032,10.032,100,0
20110509,10.09,10.09,10.09,10.09,100,0
20110510,10.109,10.289,10.109,10.119,1473,0
20110512,9.975,9.975,9.975,9.975,104,0
20110513,10.432,10.545,9.975,9.975,1801,0
20110517,9.975,10.023,9.975,10.023,431,0
20110518,9.796,9.985,9.796,9.985,315,0
20110519,9.825,9.898,9.796,9.898,729,0
20110523,10.337,10.337,9.834,9.834,947,0
20110526,9.834,9.834,9.834,9.834,100,0
20110531,9.882,9.882,9.863,9.882,632,0
20110602,9.643,9.691,9.614,9.691,686,0
20110606,9.691,9.691,9.691,9.691,1052,0
20110607,9.3577,9.3577,9.3577,9.3577,10867,0
20110608,9.3197,9.3197,8.9101,8.9101,3673,0
20110609,9.653,9.691,8.8814,9.1483,2577,0
20110610,8.9194,8.9194,8.9194,8.9194,417,0
20110613,9.72,9.72,8.9577,9.072,2435,0
20110614,8.9101,8.9481,8.9101,8.9101,1993,0
20110615,8.9577,9.4535,8.9577,9.4345,1258,0
20110616,9.405,9.405,9.147,9.147,1258,0
20110617,9.0052,9.3293,8.9956,9.3197,875,0
20110621,9.396,9.672,9.3674,9.396,1942,0
20110622,9.538,9.538,9.538,9.538,116,0
20110623,9.1576,9.1576,8.9004,9.129,1854,0
20110624,9.521,9.521,9.0529,9.1198,1097,0
20110627,9.53,9.53,9.53,9.53,454,0
20110628,9.253,9.3577,9.253,9.3577,2869,0
20110629,9.0529,9.0816,9.0529,9.0816,412,0
20110630,9.0771,9.528,8.9718,9.528,1048,0
20110705,9.566,9.566,9.502,9.502,417,0
20110708,9.3863,9.3863,9.3863,9.3863,2094,0
20110711,9.2909,9.2909,9.2909,9.2909,100,0
20110713,9.2909,9.2909,9.2909,9.2909,630,0
20110714,9.129,9.2339,9.129,9.2339,214,0
20110718,9.1387,9.1387,9.1387,9.1387,101,0
20110719,9.1756,9.1756,9.1756,9.1756,709,0
20110721,9.512,10.112,9.512,10.102,3153,0
20110722,9.595,9.863,9.595,9.72,7345,0
20110725,9.72,9.816,9.72,9.72,4195,0
20110726,9.911,10.103,9.911,10.103,1928,0
20110727,10.044,10.054,9.958,9.958,1364,0
20110729,9.911,9.911,9.911,9.911,5246,0
20110802,10.084,10.485,9.798,9.92,1678,0
20110804,9.835,9.835,9.835,9.835,314,0
20110805,9.835,9.958,9.835,9.958,5981,0
20110808,9.576,9.614,9.4827,9.53,6986,0
20110809,9.53,9.53,9.521,9.53,6611,0
20110811,9.253,9.53,9.253,9.53,1456,0
20110812,9.3197,9.53,9.2436,9.53,350,0
20110816,9.3103,9.53,9.2909,9.53,8024,0
20110817,9.739,9.739,9.739,9.739,100,0
20110818,9.53,9.624,9.53,9.53,5773,0
20110819,9.558,9.558,9.2425,9.2425,1000,0
20110824,9.566,9.595,9.2909,9.4246,1156,0
20110825,9.2909,9.502,9.2909,9.502,214,0
20110826,9.502,9.502,9.502,9.502,253,0
20110829,9.502,9.53,9.3863,9.3863,3380,0
20110831,9.91,9.959,9.91,9.959,417,0
20110901,9.817,9.817,9.817,9.817,738,0
20110902,9.72,9.72,9.72,9.72,3149,0
20110906,9.643,9.643,9.586,9.586,9423,0
20110908,9.2712,9.2712,9.2712,9.2712,628,0
20110909,9.2425,9.2712,9.2425,9.2712,2450,0
20110914,8.8412,8.8888,8.8412,8.8888,683,0
20110915,9.08,9.558,9.08,9.558,5295,0
20110916,8.9174,8.9461,8.8983,8.8983,483,0
20110919,9.1087,9.1756,9.1087,9.1756,990,0
20110920,9.1277,9.1277,9.1277,9.1277,1165,0
20110921,9.511,9.511,9.2712,9.2712,838,0
20110922,9.2234,9.2234,9.2234,9.2234,1046,0
20110926,9.147,9.147,9.147,9.147,111,0
20111004,9.502,9.502,9.147,9.4624,1859,0
20111006,9.3667,9.3667,9.3667,9.3667,2300,0
20111012,9.3478,9.3667,9.3478,9.3667,1777,0
20111013,9.1851,9.3189,9.1087,9.2712,12759,0
20111014,9.3189,9.4624,9.3189,9.4624,213,0
20111018,9.3954,9.4146,9.3954,9.4146,2300,0
20111019,9.338,9.338,9.338,9.338,313,0
20111020,9.338,9.338,9.3189,9.3189,788,0
20111021,9.502,9.653,9.502,9.653,5637,0
20111024,9.586,9.586,9.548,9.548,416,0
20111025,9.546,9.546,9.4604,9.546,2677,0
20111026,9.4146,9.4146,9.405,9.4146,401,0
20111027,9.548,10.648,9.53,9.643,2335,0
20111028,9.4436,9.4436,9.4436,9.4436,416,0
20111031,9.581,9.581,9.581,9.581,100,0
20111101,9.51,9.51,9.51,9.51,416,0
20111102,9.538,10.753,9.511,9.558,4830,0
20111104,9.3647,9.3647,9.3647,9.3647,525,0
20111107,10.706,10.706,10.274,10.284,733,0
20111108,10.284,10.504,10.198,10.198,554,0
20111110,10.745,10.745,10.007,10.036,3197,0
20111111,10.371,10.38,10.179,10.274,20958,0
20111114,10.342,10.342,10.342,10.342,125,0
20111115,10.274,10.294,10.274,10.274,619,0
20111116,10.284,10.284,10.274,10.274,733,0
20111117,10.419,10.419,10.419,10.419,100,0
20111122,10.123,10.123,9.701,9.701,416,0
20111123,9.4624,9.4624,9.4624,9.4624,3349,0
20111128,9.511,9.511,9.511,9.511,606,0
20111129,9.939,9.939,9.556,9.604,1565,0
20111130,9.617,9.617,9.617,9.617,100,0
20111202,9.556,9.652,9.556,9.652,300,0
20111206,10.017,10.036,10.017,10.036,1818,0
20111207,10.017,10.017,9.949,9.949,625,0
20111212,9.863,10.246,6.8343,10.036,10562,0
20111214,9.633,9.968,9.633,9.968,5216,0
20111215,9.968,9.968,9.826,9.826,1573,0
20111216,9.826,9.968,9.816,9.826,17384,0
20111219,9.681,9.959,9.681,9.681,212,0
20111220,10.084,10.084,9.92,10.065,3441,0
20111221,9.882,10.17,9.882,9.901,8345,0
20111222,10.104,10.104,9.968,9.968,373,0
20111223,10.084,10.285,10.084,10.285,3502,0
20111227,10.285,10.285,10.285,10.285,100,0
20111228,10.285,10.285,9.826,9.826,6330,0
20111229,10.114,10.448,10.084,10.448,8798,0
20111230,10.236,10.236,10.236,10.236,312,0
20120103,10.448,10.448,10.256,10.256,5696,0
20120104,10.304,10.304,10.304,10.304,252,0
20120105,10.448,10.448,10.448,10.448,524,0
20120106,10.64,10.64,10.64,10.64,447,0
20120110,10.236,10.236,10.236,10.236,312,0
20120113,10.755,10.755,10.304,10.304,413,0
20120117,10.303,10.303,10.303,10.303,100,0
20120118,10.543,10.543,10.543,10.543,524,0
20120123,10.688,11.043,10.688,11.024,6739,0
20120125,10.879,11.024,10.831,11.024,2280,0
20120127,11.503,11.503,11.503,11.503,415,0
20120130,11.503,11.982,11.024,11.982,8134,0
20120201,11.934,11.982,11.934,11.934,312,0
20120202,11.982,11.982,11.952,11.982,971,0
20120208,11.362,11.968,11.362,11.968,555,0
20120210,11.751,11.751,11.751,11.751,125,0
20120213,11.694,11.694,11.119,11.589,3653,0
20120214,11.713,11.742,11.713,11.742,212,0
20120216,11.934,11.934,11.934,11.934,212,0
20120217,11.968,11.977,11.968,11.977,212,0
20120222,11.977,12.459,11.977,12.459,539,0
20120223,12.106,12.95,11.952,12.95,1254,0
20120224,13.421,13.565,13.382,13.382,731,0
20120227,12.011,12.011,11.628,11.742,1251,0
20120228,12.41,13.392,12.41,13.285,1013,0
20120229,12.563,13.316,11.54,13.307,5212,0
20120301,11.842,13.314,11.842,13.036,1338,0
20120302,13.267,13.267,13.267,13.267,212,0
20120305,13.285,13.285,13.179,13.267,5927,0
20120306,13.17,13.17,12.939,13.132,2772,0
20120307,13.468,13.468,13.468,13.468,407,0
20120308,13.161,13.228,13.132,13.179,4055,0
20120309,13.468,13.468,12.506,12.583,2868,0
20120313,13.459,13.459,13.411,13.449,2286,0
20120314,13.228,13.468,13.228,13.468,750,0
20120319,13.104,13.104,13.094,13.094,833,0
20120320,13.132,13.431,13.132,13.431,1608,0
20120326,13.372,13.612,13.334,13.334,3267,0
20120327,13.372,13.372,13.334,13.334,1042,0
20120329,13.69,13.69,13.69,13.69,100,0
20120402,13.382,13.71,13.382,13.71,1192,0
20120403,13.392,13.392,13.392,13.392,100,0
20120405,13.431,13.71,13.431,13.487,7721,0
20120409,13.402,13.402,13.382,13.382,1177,0
20120410,13.314,13.314,12.891,13.113,1725,0
20120412,13.257,13.468,13.189,13.314,3220,0
20120413,13.104,13.651,13.075,13.421,1085,0
20120418,13.421,13.468,13.421,13.468,2327,0
20120419,13.449,13.449,13.421,13.421,728,0
20120423,13.421,13.421,13.421,13.421,784,0
20120425,13.421,13.421,13.421,13.421,589,0
20120427,13.641,13.641,13.468,13.468,405,0
20120501,13.191,13.191,13.191,13.191,211,0
20120504,13.179,13.228,13.179,13.228,5555,0
20120511,13.084,13.468,13.084,13.468,2172,0
20120514,13.449,13.468,13.449,13.468,680,0
20120515,12.824,12.824,12.796,12.796,833,0
20120516,13.247,13.247,13.247,13.247,211,0
20120517,13.045,13.045,13.036,13.036,311,0
20120521,13.372,13.372,12.747,12.958,1144,0
20120522,13.016,13.016,13.016,13.016,100,0
20120523,12.92,12.939,12.506,12.699,11186,0
20120524,12.796,12.796,12.747,12.767,948,0
20120525,12.796,12.814,12.796,12.814,414,0
20120530,12.786,13.23,12.786,13.23,396,0
20120531,12.767,13.132,12.728,13.132,815,0
20120601,13.162,13.162,13.162,13.162,311,0
20120604,12.978,13.21,12.796,12.796,5173,0
20120605,12.796,12.796,12.796,12.796,100,0
20120611,13.007,13.007,13.007,13.007,103,0
20120614,13.355,13.355,12.94,12.94,398,0
20120615,13.316,13.375,13.124,13.277,1242,0
20120621,12.988,13.277,12.988,13.277,1141,0
20120622,13.269,13.269,12.805,12.844,1537,0
20120625,12.95,12.968,12.95,12.968,1737,0
20120626,12.805,12.805,12.796,12.796,572,0
20120628,13.017,13.037,13.017,13.037,1755,0
20120629,13.037,13.037,13.027,13.037,1389,0
20120702,13.037,13.037,13.037,13.037,1035,0
20120703,12.891,12.891,12.891,12.891,100,0
20120705,12.757,12.757,12.757,12.757,100,0
20120711,12.767,12.796,12.747,12.767,2316,0
20120713,13.017,13.017,13.017,13.017,100,0
20120720,13.277,13.277,13.277,13.277,210,0
20120724,13.277,13.277,13.277,13.277,310,0
20120725,12.978,13.277,12.563,13.277,5539,0
20120727,13.037,13.277,12.844,13.277,6624,0
20120730,13.424,13.424,13.424,13.424,215,0
20120731,13.277,13.277,13.277,13.277,520,0
20120801,13.326,13.326,13.326,13.326,200,0
20120803,13.326,13.365,13.326,13.355,887,0
20120806,13.239,13.239,13.239,13.239,588,0
20120808,13.414,13.519,13.414,13.519,1021,0
20120810,13.519,13.568,13.519,13.539,764,0
20120813,13.596,13.694,13.596,13.694,297,0
20120814,13.124,13.124,13.124,13.124,100,0
20120815,13.297,13.297,13.277,13.287,1709,0
20120816,13.519,13.762,13.519,13.752,10838,0
20120817,13.713,13.762,13.713,13.762,1657,0
20120820,13.762,14.003,13.762,14.003,3936,0
20120824,14.07,14.07,14.012,14.051,3377,0
20120827,14.127,14.127,13.983,14.098,6627,0
20120828,14.022,14.022,14.003,14.003,3106,0
20120829,14.456,14.485,13.877,14.157,1941,0
20120830,14.003,14.003,14.003,14.003,100,0
20120831,14.032,14.032,14.003,14.003,3329,0
20120904,14.446,14.485,14.446,14.485,412,0
20120905,14.37,14.485,14.37,14.485,2432,0
20120906,14.631,14.631,13.176,14.631,411,0
20120912,14.775,14.775,14.533,14.728,5161,0
20120913,14.533,14.533,14.533,14.533,100,0
20120914,14.543,14.543,14.543,14.543,100,0
20120917,14.533,14.728,14.533,14.728,411,0
20120918,14.708,15.405,14.708,15.405,2239,0
20120919,15.502,16.219,15.502,15.502,10991,0
20120920,15.697,15.697,15.697,15.697,100,0
20120921,15.52,15.938,15.52,15.938,1920,0
20120925,15.764,15.793,15.745,15.745,2113,0
20121001,15.745,15.745,14.941,15.018,8876,0
20121002,15.028,15.261,15.028,15.261,411,0
20121003,14.892,15.261,14.872,15.261,1652,0
20121004,15.299,15.357,15.261,15.308,2295,0
20121005,15.357,15.357,15.357,15.357,100,0
20121008,15.473,15.502,15.454,15.502,1042,0
20121009,14.533,16.229,14.533,15.502,1732,0
20121010,15.405,15.454,15.405,15.454,518,0
20121011,15.415,15.415,15.415,15.415,209,0
20121019,14.582,15.115,14.097,15.115,4857,0
20121022,15.153,15.153,15.047,15.047,356,0
20121023,15.105,15.105,15.105,15.105,209,0
20121024,15.192,15.192,15.192,15.192,100,0
20121031,15.018,15.018,14.66,15.018,4330,0
20121101,15.173,15.522,15.173,15.522,597,0
20121113,15.745,15.793,15.502,15.502,1961,0
20121115,14.543,15.502,14.543,15.502,585,0
20121119,14.862,15.085,14.756,15.085,1228,0
20121120,15.261,15.405,15.212,15.405,1579,0
20121121,14.952,14.952,14.952,14.952,247,0
20121127,14.737,14.737,14.533,14.679,3302,0
20121128,14.631,14.921,14.631,14.824,5662,0
20121130,15.435,15.502,14.641,14.97,3560,0
20121203,15.105,15.473,15.105,15.405,1082,0
20121204,15.338,15.502,15.338,15.415,1652,0
20121205,15.454,15.745,15.405,15.405,4303,0
20121206,15.357,15.357,15.357,15.357,333,0
20121207,14.841,15.454,14.841,15.26,1337,0
20121210,16.215,16.215,16.215,16.215,100,0
20121211,14.676,15.969,14.676,15.357,8363,0
20121212,14.92,15.211,14.823,14.997,6174,0
20121213,16.047,16.047,15.162,15.162,208,0
20121214,14.978,15.182,14.978,15.182,1733,0
20121217,15.143,15.221,14.92,14.92,2162,0
20121218,15.162,15.454,15.104,15.124,7820,0
20121220,14.89,15.483,14.823,14.88,2571,0
20121221,15.454,15.483,15.075,15.075,1034,0
20121227,14.88,14.88,14.569,14.579,4963,0
20121228,14.453,15.066,14.453,14.648,6099,0
20121231,15.066,15.066,15.066,15.066,843,0
20130102,15.454,15.532,14.803,15.357,6567,0
20130103,15.338,15.473,14.735,15.473,2274,0
20130107,15.056,15.056,14.764,14.764,410,0
20130108,14.764,15.27,14.764,14.997,2040,0
20130109,15.483,15.483,15.007,15.405,1749,0
20130110,15.415,15.415,15.415,15.415,100,0
20130111,15.552,16.134,15.522,16.134,1234,0
20130114,16.085,16.28,16.085,16.28,414,0
20130115,16.271,16.28,15.59,15.94,1337,0
20130116,16.156,16.156,16.156,16.156,127,0
20130117,15.794,15.811,15.794,15.811,208,0
20130122,16.231,16.231,16.231,16.231,10289,0
20130123,14.929,16.212,14.929,15.114,410,0
20130124,15.308,15.454,15.308,15.454,1060,0
20130125,15.454,15.736,15.454,15.736,8700,0
20130128,15.746,15.746,15.6,15.6,4836,0
20130129,15.726,15.964,15.726,15.756,308,0
20130130,15.756,15.989,15.756,15.989,1410,0
20130131,15.989,15.989,15.989,15.989,100,0
20130204,15.901,16.28,15.901,15.94,2726,0
20130205,16.038,16.038,15.96,16.019,2571,0
20130207,16.134,16.134,16.134,16.134,292,0
20130208,16.202,16.202,16.134,16.134,1683,0
20130212,16.134,16.28,16.134,16.134,855,0
20130215,16.28,16.523,16.28,16.523,1345,0
20130219,16.164,16.329,16.164,16.329,308,0
20130220,16.502,16.502,16.502,16.502,308,0
20130221,16.192,16.192,16.192,16.192,308,0
20130222,16.241,16.28,16.241,16.28,1348,0
20130225,16.241,16.261,16.231,16.261,441,0
20130227,16.197,16.256,16.183,16.183,411,0
20130228,16.144,16.329,16.038,16.329,424,0
20130301,16.31,16.31,16.31,16.31,308,0
20130307,16.211,16.211,16.211,16.211,307,0
20130308,16.202,16.3,16.202,16.202,1284,0
20130312,16.251,16.251,16.251,16.251,120,0
20130313,16.349,16.349,16.3,16.339,1025,0
20130314,16.396,16.396,16.396,16.396,170,0
20130315,16.378,16.378,16.251,16.251,207,0
20130318,16.275,16.275,16.202,16.202,990,0
20130319,16.202,16.202,16.202,16.202,1025,0
20130322,16.396,16.396,16.202,16.349,4266,0
20130327,16.202,16.351,16.037,16.349,3689,0
20130328,16.396,16.396,16.396,16.396,171,0
20130401,16.396,16.593,16.396,16.494,10618,0
20130402,16.494,16.524,16.494,16.494,1406,0
20130403,16.349,16.536,16.349,16.504,614,0
20130405,16.251,16.836,16.251,16.836,1666,0
20130409,16.806,16.806,16.806,16.806,100,0
20130410,16.836,16.934,16.806,16.885,2484,0
20130411,16.806,16.934,16.466,16.934,2555,0
20130412,16.905,16.934,16.593,16.593,8607,0
20130415,16.622,16.622,16.593,16.593,1033,0
20130419,16.593,16.593,16.593,16.593,187,0
20130423,16.494,16.494,16.494,16.494,100,0
20130424,16.593,16.603,16.494,16.495,13441,0
20130425,16.652,16.652,16.642,16.642,396,0
20130426,16.593,16.594,16.007,16.494,2237,0
20130429,16.593,16.934,16.543,16.934,2097,0
20130430,16.494,16.934,16.494,16.494,1844,0
20130501,16.738,16.738,16.514,16.514,238,0
20130502,16.494,16.494,16.494,16.494,408,0
20130503,16.563,16.593,16.475,16.593,2593,0
20130509,16.593,16.593,16.593,16.593,100,0
20130510,16.593,16.593,16.593,16.593,922,0
20130513,16.593,16.934,16.593,16.934,408,0
20130514,16.594,16.627,16.593,16.627,5668,0
20130515,16.934,16.934,16.934,16.934,153,0
20130516,16.856,16.934,16.856,16.934,445,0
20130520,16.934,16.934,16.895,16.934,1426,0
20130521,16.553,16.553,16.553,16.553,307,0
20130522,16.622,16.622,16.593,16.593,676,0
20130523,16.836,16.964,16.836,16.964,1359,0
20130524,16.836,16.836,16.593,16.593,418,0
20130529,16.846,17.08,16.836,16.836,1648,0
20130531,17.053,17.082,17.053,17.082,2153,0
20130603,17.168,17.168,16.494,16.494,537,0
20130604,17.099,17.099,16.836,16.836,408,0
20130605,16.816,16.836,16.593,16.816,1867,0
20130606,16.816,16.816,16.718,16.718,2449,0
20130607,16.806,16.806,16.806,16.806,1530,0
20130610,16.856,16.856,16.856,16.856,100,0
20130611,16.681,16.905,16.661,16.905,918,0
20130612,16.915,16.915,16.905,16.905,206,0
20130613,16.905,16.905,16.876,16.895,918,0
20130614,16.955,17.179,16.562,16.925,1514,0
20130617,17.004,17.004,16.905,16.905,323,0
20130618,16.984,16.984,16.783,16.905,3231,0
20130619,16.905,17.004,16.905,16.955,565,0
20130620,17.179,17.179,16.17,16.793,16050,0
20130621,16.758,17.328,16.748,17.328,9782,0
20130624,17.308,17.395,16.199,16.796,3873,0
20130625,16.69,16.69,16.69,16.69,306,0
20130627,16.806,17.042,16.806,17.032,817,0
20130628,17.3,17.417,17.3,17.417,574,0
20130701,16.905,17.052,16.905,17.052,316,0
20130702,16.876,16.876,16.876,16.876,100,0
20130703,16.17,16.955,16.17,16.621,2085,0
20130705,16.718,16.846,16.718,16.846,383,0
20130708,16.778,16.856,16.778,16.856,406,0
20130710,16.796,16.796,16.796,16.796,100,0
20130711,16.905,17.004,16.681,16.905,6431,0
20130712,17.355,17.355,17.355,17.355,110,0
20130715,17.346,17.346,17.346,17.346,365,0
20130718,17.189,17.189,17.189,17.189,100,0
20130719,17.15,17.15,17.15,17.15,1633,0
20130722,17.258,17.346,17.229,17.346,2143,0
20130723,17.395,17.807,17.395,17.443,2640,0
20130724,17.493,17.493,17.493,17.493,306,0
20130725,17.463,17.641,17.463,17.641,1250,0
20130726,17.641,18.424,17.169,17.689,2875,0
20130729,17.866,17.866,17.866,17.866,256,0
20130730,18.609,18.609,17.641,17.641,1818,0
20130731,17.582,17.582,17.582,17.582,100,0
20130802,17.612,17.612,17.612,17.612,206,0
20130806,17.689,17.689,17.328,17.443,1433,0
20130807,17.612,17.612,17.592,17.592,460,0
20130808,17.533,18.13,17.533,18.13,867,0
20130809,17.062,17.641,17.004,17.443,918,0
20130813,17.641,17.641,17.641,17.641,612,0
20130814,17.298,17.866,17.298,17.453,2794,0
20130815,17.609,17.609,17.609,17.609,381,0
20130816,17.641,17.925,17.641,17.925,1837,0
20130821,17.641,17.641,17.641,17.641,2218,0
20130822,17.737,17.737,17.737,17.737,197,0
20130823,17.866,17.866,17.866,17.866,100,0
20130829,17.846,18.62,17.846,18.62,327,0
20130830,18.646,18.68,15.766,18.225,1361,0
20130903,18.616,18.616,17.9,17.9,612,0
20130904,17.987,17.987,17.987,17.987,196,0
20130905,17.958,19.58,17.84,19.58,2373,0
20130906,19.443,19.443,19.178,19.178,610,0
20130910,19.178,19.178,19.119,19.119,640,0
20130911,19.109,19.178,17.949,19.129,7829,0
20130912,19.639,23.042,19.381,20.653,12562,0
20130913,20.8,22.609,20.79,22.265,15532,0
20130916,22.413,22.413,20.22,20.849,3566,0
20130917,20.957,20.957,20.957,20.957,100,0
20130918,20.948,20.948,20.948,20.948,251,0
20130919,18.685,20.083,18.685,20.083,510,0
20130920,20.063,20.063,20.063,20.063,305,0
20130923,20.731,20.731,20.731,20.731,400,0
20130924,21.518,21.518,21.518,21.518,405,0
20130925,21.587,21.587,21.439,21.439,405,0
20130926,21.449,21.449,19.609,21.409,510,0
20130927,19.364,19.364,19.364,19.364,103,0
20130930,19.531,20.726,19.531,20.687,1738,0
20131001,20.485,20.485,20.485,20.485,100,0
20131003,19.561,20.643,19.561,20.603,3152,0
20131004,20.426,20.426,20.426,20.426,205,0
20131008,19.669,19.699,19.669,19.669,814,0
20131009,19.718,19.718,18.921,19.178,610,0
20131010,19.226,19.669,19.029,19.669,11897,0
20131016,19.079,19.669,19.079,19.669,1487,0
20131018,19.619,21.636,19.619,21.636,9355,0
20131022,19.285,19.285,19.285,19.285,100,0
20131023,19.689,19.689,19.689,19.689,100,0
20131024,19.689,19.689,19.689,19.689,915,0
20131029,19.718,19.718,19.718,19.718,205,0
20131030,19.679,20.23,19.669,19.669,1831,0
20131031,19.739,19.739,19.739,19.739,100,0
20131106,20.653,20.653,20.653,20.653,305,0
20131111,19.865,19.865,19.698,19.698,510,0
20131112,19.875,19.875,19.778,19.778,246,0
20131120,20.623,20.899,20.623,20.849,3356,0
20131121,20.653,20.653,20.613,20.653,4271,0
20131126,20.653,20.653,19.216,19.216,305,0
20131127,19.551,19.551,19.551,19.551,405,0
20131129,19.384,19.384,19.384,19.384,100,0
20131202,19.276,19.483,19.276,19.483,1220,0
20131205,19.374,19.541,19.374,19.541,304,0
20131213,18.307,20.134,18.269,20.134,508,0
20131216,19.739,19.749,19.739,19.739,1216,0
20131220,18.802,18.802,18.802,18.802,304,0
20131223,20.479,20.479,20.479,20.479,404,0
20131227,19.739,20.479,19.739,20.479,404,0
20140109,20.43,20.43,20.43,20.43,1520,0
20140113,20.232,20.232,20.232,20.232,100,0
20140114,20.232,20.381,20.232,20.381,912,0
20140115,19.739,19.739,19.739,19.739,204,0
20140116,19.985,19.985,19.985,19.985,1423,0
20140117,19.837,19.985,19.837,19.985,1013,0
20140121,19.837,19.995,19.837,19.995,608,0
20140122,20.232,20.381,20.232,20.381,5573,0
20140123,20.381,20.43,19.789,20.43,4661,0
20140124,20.232,20.232,19.739,19.769,1807,0
20140127,20.045,20.163,20.045,20.134,2229,0
20140128,20.134,20.429,20.134,20.429,488,0
20140129,20.232,20.381,20.232,20.381,15602,0
20140130,20.391,20.391,20.391,20.391,100,0
20140131,20.232,20.232,20.232,20.232,9930,0
20140203,20.345,20.345,20.345,20.345,676,0
20140204,20.391,20.391,20.203,20.232,3087,0
20140206,20.281,20.391,20.281,20.361,6602,0
20140207,20.381,20.391,20.331,20.331,4527,0
20140211,20.381,20.381,20.381,20.381,304,0
20140212,20.391,20.391,20.391,20.391,206,0
20140213,20.39,20.39,20.39,20.39,149,0
20140219,18.812,18.822,18.288,18.752,1276,0
20140220,18.891,18.891,18.556,18.752,5421,0
20140221,18.752,19.167,18.752,19.167,1711,0
20140224,18.822,18.822,18.752,18.752,533,0
20140225,19.147,19.245,18.803,18.803,1367,0
20140226,20.182,20.182,19.709,19.709,254,0
20140227,18.604,18.604,18.604,18.604,114,0
20140303,18.803,18.803,18.803,18.803,245,0
20140305,19.245,19.245,19.245,19.245,242,0
20140306,19.701,19.701,19.701,19.701,100,0
20140310,18.79,18.957,18.79,18.918,1169,0
20140311,19.791,19.801,18.861,19.414,8735,0
20140312,19.801,19.801,19.801,19.801,157,0
20140314,18.87,18.87,18.87,18.87,260,0
20140317,19.801,19.801,19.801,19.801,122,0
20140318,19.245,19.811,19.215,19.811,2183,0
20140319,19.958,20.083,19.514,19.514,9321,0
20140321,19.711,19.711,19.711,19.711,254,0
20140324,20.304,20.304,20.294,20.294,961,0
20140326,20.305,20.305,20.305,20.305,808,0
20140327,19.767,20.305,19.767,20.305,745,0
20140331,19.424,19.424,19.334,19.334,748,0
20140402,19.811,20.033,19.761,19.859,12125,0
20140404,19.938,19.938,19.859,19.859,203,0
20140407,20.008,20.008,20.008,20.008,100,0
20140408,19.968,19.968,19.968,19.968,100,0
20140409,19.414,19.414,19.414,19.414,303,0
20140410,19.988,19.988,19.988,19.988,100,0
20140411,20.008,20.008,19.998,20.008,381,0
20140414,20.088,20.305,19.938,20.305,2429,0
20140416,19.811,19.811,19.611,19.611,606,0
20140417,19.611,19.741,19.592,19.641,949,0
20140421,20.156,20.156,19.899,19.956,841,0
20140422,19.899,19.909,19.899,19.909,203,0
20140423,19.562,19.563,19.562,19.563,593,0
20140424,20.305,20.305,19.811,20.058,3929,0
20140425,19.324,19.562,19.314,19.505,7169,0
20140428,19.504,19.504,19.504,19.504,218,0
20140429,19.562,19.811,19.562,19.811,1367,0
20140501,19.771,20.285,19.771,20.048,2927,0
20140505,19.484,19.811,19.484,19.811,1109,0
20140506,19.811,19.811,19.811,19.811,1982,0
20140507,20.255,20.255,20.108,20.108,661,0
20140508,20.008,20.265,20.008,20.265,1312,0
20140509,19.097,20.275,19.097,20.275,3884,0
20140512,20.305,20.305,20.305,20.305,447,0
20140514,20.305,20.305,20.305,20.305,606,0
20140515,20.405,20.502,20.305,20.502,2684,0
20140516,20.493,20.493,20.493,20.493,100,0
20140519,20.503,20.503,20.503,20.503,552,0
20140520,20.503,20.503,20.503,20.503,403,0
20140521,20.553,20.602,20.503,20.602,2694,0
20140522,20.77,22.534,20.503,20.602,5127,0
20140523,20.503,20.8,20.503,20.8,9952,0
20140528,20.8,21.147,20.8,21.147,807,0
20140530,21.276,21.296,21.276,21.296,443,0
20140602,21.048,21.048,21.048,21.048,253,0
20140603,22.682,22.682,22.682,22.682,136,0
20140606,20.298,20.298,20.298,20.298,704,0
20140612,21.112,21.112,21.112,21.112,750,0
20140616,21.112,21.112,21.112,21.112,202,0
20140617,22.603,22.603,20.427,22.603,1044,0
20140619,22.553,22.603,22.553,22.603,1919,0
20140624,21.063,21.063,21.063,21.063,235,0
20140625,21.858,22.752,21.858,22.752,1103,0
20140627,20.864,21.112,20.864,21.082,2895,0
20140630,20.914,21.112,20.914,21.112,1503,0
20140702,20.466,21.808,20.368,20.864,6039,0
20140703,21.212,21.222,21.112,21.112,1037,0
20140707,20.43,21.162,20.43,21.112,1308,0
20140709,20.914,21.112,20.914,21.112,1272,0
20140710,20.418,21.196,20.418,21.112,2136,0
20140711,21.112,21.112,21.112,21.112,100,0
20140714,20.526,20.864,20.44,20.864,2460,0
20140715,21.659,21.659,20.864,21.361,2468,0
20140716,21.778,21.848,21.172,21.361,3788,0
20140717,20.864,21.848,20.864,21.778,2742,0
20140718,21.738,21.738,21.361,21.52,591,0
20140722,21.758,21.758,20.914,20.914,202,0
20140724,20.924,20.924,20.924,20.924,118,0
20140725,21.162,21.162,20.914,20.914,22506,0
20140728,20.884,21.024,20.864,20.895,18494,0
20140731,21.063,21.063,20.626,20.626,1065,0
20140801,21.858,21.858,21.858,21.858,159,0
20140804,21.292,21.292,20.814,21.202,9657,0
20140805,21.142,21.162,21.142,21.162,2358,0
20140806,21.162,21.162,21.162,21.162,363,0
20140811,21.112,21.262,21.112,21.187,2864,0
20140812,21.172,21.361,21.162,21.361,428,0
20140814,21.6,21.808,21.6,21.808,956,0
20140815,21.54,21.56,21.49,21.5,2648,0
20140818,21.847,21.847,21.847,21.847,186,0
20140819,21.758,21.858,21.758,21.858,5234,0
20140820,21.858,21.858,21.61,21.61,402,0
20140825,21.758,21.858,21.758,21.858,1510,0
20140826,21.838,21.858,21.838,21.858,1510,0
20140827,21.858,21.858,21.808,21.808,604,0
20140828,21.858,21.858,21.212,21.277,686,0
20140829,21.361,21.361,21.361,21.361,202,0
20140902,21.858,21.858,21.763,21.808,2391,0
20140903,21.758,21.808,21.659,21.808,1409,0
20140904,21.659,21.659,21.659,21.659,1128,0
20140905,21.858,21.858,21.858,21.858,704,0
20140908,21.868,21.868,21.678,21.808,3014,0
20140909,21.678,21.678,21.678,21.678,537,0
20140915,21.23,21.23,21.23,21.23,171,0
20140916,21.828,21.928,21.728,21.928,398,0
20140918,21.28,21.28,21.28,21.28,100,0
20140919,21.339,21.339,21.339,21.339,138,0
20140922,21.928,21.928,21.928,21.928,374,0
20140923,21.898,21.928,21.778,21.928,1266,0
20140926,21.728,21.728,21.33,21.33,1754,0
20140930,21.379,21.379,21.33,21.379,2016,0
20141001,21.379,21.379,21.379,21.379,304,0
20141002,21.379,21.379,21.369,21.379,6672,0
20141003,21.379,21.459,21.369,21.379,6088,0
20141006,21.021,21.379,21.001,21.19,6613,0
20141007,21.429,21.728,21.429,21.53,5719,0
20141008,21.928,21.928,21.281,21.281,443,0
20141009,21.33,21.33,21.33,21.33,120,0
20141020,20.992,20.992,20.992,20.992,923,0
20141021,21.18,21.18,21.18,21.18,817,0
20141022,20.981,20.981,20.931,20.931,304,0
20141023,21.011,21.33,21.011,21.2,4939,0
20141024,21.19,21.19,21.19,21.19,2713,0
20141027,21.18,21.23,21.18,21.23,1104,0
20141029,21.828,21.828,21.828,21.828,398,0
20141030,21.868,21.928,21.868,21.878,2766,0
20141031,21.828,21.828,21.519,21.828,301,0
20141103,21.828,21.977,21.828,21.977,2210,0
20141105,21.928,21.928,21.928,21.928,1450,0
20141107,21.928,21.928,21.928,21.928,1104,0
20141110,21.928,21.928,21.928,21.928,276,0
20141111,21.469,21.678,21.429,21.678,363,0
20141112,21.928,21.928,21.928,21.928,181,0
20141114,21.231,21.231,21.231,21.231,128,0
20141117,21.997,22.127,21.688,21.848,6158,0
20141118,22.127,22.127,21.848,22.067,2957,0
20141119,21.28,21.28,21.28,21.28,173,0
20141120,22.097,22.127,21.24,21.479,1866,0
20141121,21.29,21.29,21.29,21.29,652,0
20141125,21.409,21.409,21.409,21.409,172,0
20141126,21.409,21.409,21.23,21.23,1022,0
20141128,21.074,21.08,21.074,21.08,1210,0
20141201,21.15,21.15,20.941,20.967,2119,0
20141202,20.941,21.001,20.941,20.951,485,0
20141205,21.18,21.18,21.18,21.18,601,0
20141209,21.18,21.18,21.18,21.18,400,0
20141211,21.15,21.72,21.15,21.72,1000,0
20141217,22.06,22.06,22.06,22.06,121,0
20141222,21.55,22.2,21.41,21.41,1120,0
20141223,21.96,21.96,21.4,21.4,686,0
20141226,21.35,21.75,21.35,21.35,2739,0
20141229,21.35,21.36,21.35,21.36,2034,0
20141230,21.36,21.36,21.36,21.36,363,0
20141231,21.6,21.6,21.6,21.6,300,0
20150105,21.35,21.358,21.35,21.358,800,0
20150106,21.36,21.45,21.351,21.45,2411,0
20150107,21.36,21.45,21.36,21.45,645,0
20150108,21.45,21.45,21.35,21.45,2055,0
20150109,21.45,21.45,21.45,21.45,500,0
20150112,21.718,21.718,21.718,21.718,421,0
20150113,21.71,21.71,21.71,21.71,100,0
20150114,21.4,23,21.35,21.83,30902,0
20150115,21.9,21.9,21.35,21.65,7470,0
20150116,22.3,22.3,21.86,21.91,2768,0
