Date,Open,High,Low,Close,Volume,OpenInt
20111221,20.76,21,20.17,20.3,3922009,0
20111222,20.3,20.49,20.01,20.3,3468649,0
20111223,20.4,20.72,20.17,20.71,2235414,0
20111227,20.81,21.25,20.66,21.01,5774208,0
20111228,21.03,21.27,20.49,20.54,3363155,0
20111229,20.63,20.91,20.37,20.86,2296642,0
20111230,20.84,20.96,20.58,20.6,2027126,0
20120103,21.05,21.45,21.02,21.3,4859443,0
20120104,21.19,21.19,20.26,20.29,7479339,0
20120105,20.4,20.81,20.16,20.53,5057677,0
20120106,20.47,20.59,19.64,19.67,7231292,0
20120109,19.91,19.97,19.08,19.42,11974502,0
20120110,19.58,19.76,19.38,19.46,6737771,0
20120111,19.37,19.52,19.19,19.38,6786337,0
20120112,19.56,19.83,19.33,19.51,5889681,0
20120113,19.27,19.34,17.95,18.04,18690375,0
20120117,18.16,18.23,17.56,17.74,16483417,0
20120118,17.77,18.28,17.7,18.26,7761965,0
20120119,18.25,18.4,16.85,17.54,19893972,0
20120120,18.01,18.24,17.63,17.93,11216570,0
20120123,18,18.18,17.89,17.98,8974131,0
20120124,17.98,18.19,17.5,17.94,9789448,0
20120125,17.78,18.14,17.54,18.04,6058804,0
20120126,18.13,18.43,17.59,17.66,6248106,0
20120127,17.51,18.34,17.5,18.14,6775553,0
20120130,18,18.08,17.8,18.03,5827927,0
20120131,18.15,18.81,18.06,18.58,10793989,0
20120201,18.67,18.7,18.1,18.44,9540127,0
20120202,19.77,20.64,19.4,19.57,25830148,0
20120203,19.77,19.96,19.15,19.24,11070385,0
20120206,19.11,19.31,18.92,19,9440798,0
20120207,18.97,19.01,18.41,18.49,10034752,0
20120208,18.6,18.76,18.21,18.24,10336355,0
20120209,17.9,18.19,17.52,17.87,16375666,0
20120210,17.16,17.5,16.73,17.42,15862189,0
20120213,17.48,17.74,17.31,17.49,6975354,0
20120214,17.38,17.67,17.36,17.66,6294970,0
20120215,17.6,18,17.44,17.75,6724384,0
20120216,17.85,17.96,17.5,17.77,5611966,0
20120217,17.75,17.86,17.28,17.47,8171674,0
20120221,17.56,17.63,17.13,17.22,5185764,0
20120222,17.25,17.36,17.09,17.13,4524184,0
20120223,17.16,17.31,17.07,17.19,3253946,0
20120224,17.2,17.33,16.83,16.93,7956589,0
20120227,16.83,17.12,16.61,16.81,5664949,0
20120228,16.83,16.9,16.64,16.71,5609470,0
20120229,16.68,16.75,16.28,16.33,8730143,0
20120301,16.34,16.71,16.05,16.69,12828208,0
20120302,16.65,17.02,16.61,16.78,9665413,0
20120305,16.72,16.85,16.31,16.49,5933885,0
20120306,16.28,16.51,16.19,16.44,6873309,0
20120307,16.42,16.57,16.24,16.51,4569854,0
20120308,16.64,17.7,16.36,17.4,19118192,0
20120309,17.43,17.66,17,17.26,9313317,0
20120312,17.27,17.41,16.62,16.84,7917967,0
20120313,16.95,17.29,16.76,17.28,5749354,0
20120314,17.19,17.27,16.46,16.5,10552496,0
20120315,16.48,16.87,16.46,16.71,6072434,0
20120316,16.78,17.5,16.65,17.46,10160912,0
20120319,17.36,17.4,17.11,17.17,6390636,0
20120320,17.03,17.1,16.68,17.01,4776424,0
20120321,17.01,17.18,16.89,16.92,4448087,0
20120322,16.8,17.12,16.74,16.96,4744565,0
20120323,17.02,17.15,16.81,16.86,2905417,0
20120326,17.03,17.05,16.81,17,3315809,0
20120327,17.25,17.64,16.99,17.02,4394432,0
20120328,16.98,17.1,16.49,16.79,6392278,0
20120329,16.67,16.88,16.29,16.49,6694469,0
20120330,16.56,16.78,16.43,16.49,4034994,0
20120402,16.48,16.79,16.27,16.71,4286702,0
20120403,16.77,16.87,16.59,16.65,5752780,0
20120404,16.51,16.65,16.23,16.26,3841361,0
20120405,16.21,16.43,16.15,16.2,2566032,0
20120409,16.07,16.15,15.9,15.9,4146638,0
20120410,15.81,15.97,15.36,15.55,9477076,0
20120411,15.66,15.98,15.59,15.89,4622730,0
20120412,15.88,16.54,15.8,16.52,5970913,0
20120413,16.39,16.53,16.12,16.18,3581959,0
20120416,16.21,16.3,15.18,15.21,9772289,0
20120417,15.38,15.63,15.26,15.28,6945593,0
20120418,15.21,15.36,14.87,15.07,5783402,0
20120419,15.02,15.31,14.7,14.76,5767127,0
20120420,14.82,15.07,14.65,14.93,7463684,0
20120423,14.7,15,14.48,14.87,5675717,0
20120424,14.88,14.93,14.72,14.88,6192087,0
20120425,14.97,15.08,14.8,15.01,4335618,0
20120426,15.76,16.1,15.34,15.93,12914487,0
20120427,15.92,16.03,15.25,15.32,7755194,0
20120430,15.24,15.55,15.16,15.38,3630833,0
20120501,15.35,15.65,15.24,15.54,4507629,0
20120502,15.49,16.02,15.25,15.87,8072385,0
20120503,15.83,16.06,15.6,15.67,8903077,0
20120504,15.48,15.61,15.06,15.12,6822873,0
20120507,15.37,15.38,14.74,15.13,10397702,0
20120508,14.25,14.69,13.83,14.48,21560780,0
20120509,14.32,14.33,14.01,14.12,12559209,0
20120510,14.29,14.77,14.23,14.71,10676630,0
20120511,14.62,15,14.55,14.57,7984073,0
20120514,14.42,14.56,14.33,14.38,5167441,0
20120515,14.51,14.7,14.24,14.31,5273280,0
20120516,14.44,14.75,14.35,14.41,7166748,0
20120517,14.39,14.59,14.22,14.24,4801432,0
20120518,14.24,14.41,14,14.1,7627588,0
20120521,14.1,14.43,13.95,14.38,6837361,0
20120522,14.36,14.59,14.16,14.26,5576397,0
20120523,14.11,14.73,14,14.69,5140556,0
20120524,14.65,14.67,14.11,14.22,3577372,0
20120525,14.2,14.36,14.08,14.22,2696969,0
20120529,14.32,14.63,14.25,14.38,3477595,0
20120530,14.22,14.27,13.97,14.15,3935434,0
20120531,14.14,14.15,13.61,13.62,7312557,0
20120601,13.37,13.48,13.05,13.12,7443325,0
20120604,13.13,13.33,12.86,13.07,3585715,0
20120605,12.99,13.36,12.96,13.14,4150362,0
20120606,13.28,13.75,13.22,13.71,4502891,0
20120607,13.83,13.89,13.31,13.42,5191638,0
20120608,13.41,13.59,13.28,13.47,3073949,0
20120611,13.54,13.59,12.79,12.82,6166922,0
20120612,12.91,13.01,12.7,12.79,6286022,0
20120613,12.75,12.82,12.2,12.29,8654103,0
20120614,12.34,12.46,12.24,12.32,5411122,0
20120615,12.31,12.49,12.22,12.44,9771020,0
20120618,12.27,12.54,12.22,12.43,3297837,0
20120619,12.49,12.71,12.4,12.67,4005185,0
20120620,12.64,12.79,12.54,12.66,3287946,0
20120621,12.66,12.68,11.98,12,4727796,0
20120622,11.67,12.36,11.67,12.26,14252866,0
20120625,12.07,12.19,11.79,12.12,4755143,0
20120626,12.09,12.2,11.93,11.97,3426937,0
20120627,12,12.18,11.88,12.11,3131331,0
20120628,12.01,12.1,11.74,11.89,2644012,0
20120629,12.12,12.37,11.93,12.35,6509410,0
20120702,12.36,12.38,12.05,12.28,3262831,0
20120703,12.26,12.6,12.255,12.59,1484495,0
20120705,12.54,12.6,12.37,12.39,2069418,0
20120706,12.27,12.34,11.84,12.02,2495318,0
20120709,12.02,12.08,11.69,11.94,3667181,0
20120710,12.03,12.14,11.5,11.59,2989385,0
20120711,11.62,11.75,11.52,11.68,2752804,0
20120712,11.72,11.9,11.35,11.59,4703100,0
20120713,11.62,11.76,11.6,11.71,2580091,0
20120716,11.67,11.69,11.49,11.53,3752300,0
20120717,11.59,11.62,11.28,11.36,3137442,0
20120718,11.34,11.61,11.312,11.5,6397671,0
20120719,11.55,12.39,11.53,12.27,6431076,0
20120720,12.22,12.23,11.93,11.98,4306455,0
20120723,11.72,11.96,11.6,11.82,4126995,0
20120724,11.78,11.96,11.46,11.54,3013965,0
20120725,11.52,11.57,11.29,11.51,3414406,0
20120726,11.6,11.76,10.86,10.95,10637812,0
20120727,11.04,11.48,10.93,11.41,11198467,0
20120730,11.29,11.4,11.11,11.23,5408620,0
20120731,11.1,11.33,10.77,11.02,8570213,0
20120801,11.5,11.88,10.81,11.68,15327881,0
20120802,11.4,11.75,11.27,11.37,7875350,0
20120803,11.54,12.06,11.51,11.97,7498595,0
20120806,12.02,12.29,12.01,12.2,4564802,0
20120807,12.24,12.87,12.24,12.79,9081666,0
20120808,12.72,12.96,12.69,12.94,7959666,0
20120809,12.91,13.16,12.86,13.12,7442881,0
20120810,13.11,13.13,12.95,13.08,3851764,0
20120813,13.11,13.115,12.74,12.87,4047511,0
20120814,13.02,13.06,12.65,12.71,3288387,0
20120815,12.71,13.15,12.63,13.09,4252320,0
20120816,14.31,14.39,13.62,13.81,19948295,0
20120817,13.95,14,13.69,13.77,5952561,0
20120820,13.69,13.73,13.3,13.56,4627657,0
20120821,13.62,13.645,13.37,13.56,5315484,0
20120822,13.48,13.73,13.39,13.44,4132264,0
20120823,13.37,13.39,13.08,13.25,4641976,0
20120824,13.25,13.44,13.12,13.33,3884212,0
20120827,13.33,13.35,12.9,12.93,4121834,0
20120828,13.02,13.09,12.79,12.83,4088421,0
20120829,12.9,13.01,12.64,12.85,2781181,0
20120830,12.8,13.12,12.7,13,4421538,0
20120831,12.72,13.53,12.57,13.33,8415877,0
20120904,13.22,13.29,12.72,13.03,5392355,0
20120905,12.91,13.2,12.87,13.14,3669795,0
20120906,13.33,13.94,13.23,13.63,8820865,0
20120907,13.65,14.05,13.54,14.04,6337693,0
20120910,13.96,14.02,13.7,13.84,5765865,0
20120911,13.75,13.91,13.75,13.81,6299095,0
20120912,13.91,14.18,13.73,13.99,9692802,0
20120913,13.99,14.33,13.87,14.24,5249161,0
20120914,14.21,14.64,14.21,14.5,8742981,0
20120917,14.5,14.51,14.07,14.21,3596100,0
20120918,14.26,14.26,13.88,14,3780135,0
20120919,14.1,14.1,13.86,13.93,3838228,0
20120920,13.89,13.96,13.35,13.48,7351419,0
20120921,13.59,13.68,13.1,13.24,6691248,0
20120924,13.11,13.36,13.01,13.31,7611176,0
20120925,13.34,13.4,12.67,12.68,6871877,0
20120926,12.42,12.85,12.125,12.6,7146100,0
20120927,12.67,12.93,12.67,12.78,6531857,0
20120928,12.69,12.72,12.45,12.69,4994331,0
20121001,12.73,12.855,12.33,12.35,4965063,0
20121002,12.41,12.69,12.35,12.65,4877539,0
20121003,12.7,12.89,12.61,12.85,5393926,0
20121004,12.81,13.05,12.66,13.03,5454537,0
20121005,13.05,13.17,12.862,12.95,4357268,0
20121008,12.86,13.07,12.85,12.98,3074264,0
20121009,13.01,13.12,12.92,13.005,4680771,0
20121010,12.98,13.045,12.82,12.89,5503222,0
20121011,12.92,13.11,12.85,13.05,4548452,0
20121012,13.14,13.43,13.03,13.41,5363549,0
20121015,13.51,13.72,13.27,13.69,4213411,0
20121016,13.73,13.98,13.67,13.98,4279232,0
20121017,13.61,13.98,13.61,13.87,4174846,0
20121018,13.83,13.93,13.67,13.83,3522850,0
20121019,13.75,13.79,13,13.08,6062300,0
20121022,13.14,13.3,12.89,13.05,5551599,0
20121023,12.88,13.1,12.68,12.77,4982122,0
20121024,12.84,12.94,12.35,12.42,7540258,0
20121025,12.52,12.64,12.08,12.21,6965431,0
20121026,11.97,12.12,11.8,11.91,5942884,0
20121031,11.91,12.4,11.9,12.35,7836431,0
20121101,12.35,13.03,12.28,13,6895800,0
20121102,13.04,13.1,12.88,12.986,6571964,0
20121105,12.96,13.2,12.95,13.2,5539201,0
20121106,13.28,13.88,13.2,13.76,7097046,0
20121107,13.57,13.65,13.37,13.441,7272974,0
20121108,13.31,13.5,12.91,12.91,4731533,0
20121109,12.93,13.14,12.88,12.89,4648881,0
20121112,12.98,13.105,12.85,13.02,2176651,0
20121113,12.91,13.05,12.89,12.98,3266328,0
20121114,13.01,13.11,12.73,12.75,3457850,0
20121115,12.78,13.1,12.72,13.05,5084587,0
20121116,13.15,13.21,12.92,13.05,5742000,0
20121119,13.22,13.79,13.11,13.71,5432357,0
20121120,13.63,13.88,13.59,13.86,4626887,0
20121121,13.77,14.12,13.72,13.97,5011091,0
20121123,13.99,14.45,13.955,14.37,2694538,0
20121126,14.27,14.67,14.26,14.6,5662549,0
20121127,14.56,14.87,14.37,14.735,5594951,0
20121128,14.78,15.05,14.51,15.03,5355237,0
20121129,15.23,15.32,14.97,15.03,6655628,0
20121130,15.06,15.1,14.77,14.81,4638029,0
20121203,14.87,14.94,14.49,14.53,4944912,0
20121204,14.53,14.57,14.24,14.44,3894558,0
20121205,14.58,14.83,14.5,14.63,4915256,0
20121206,14.66,14.83,14.58,14.82,3917935,0
20121207,14.83,14.95,14.65,14.84,3678066,0
20121210,14.72,15.05,14.72,14.82,3514091,0
20121211,14.9,15.21,14.88,15.15,8978370,0
20121212,15.17,15.41,15.17,15.33,5259882,0
20121213,15.36,15.47,15.18,15.25,2907300,0
20121214,15.18,15.41,15.09,15.3,3272435,0
20121217,15.32,15.47,15.21,15.42,4600457,0
20121218,15.37,15.5,14.77,14.91,6966889,0
20121219,15,15.08,14.36,14.4,5953140,0
20121220,14.46,14.46,13.76,13.94,8262666,0
20121221,13.74,13.97,13.405,13.89,24121106,0
20121224,13.88,14.2,13.87,14.11,2927982,0
20121226,14.13,14.26,14.06,14.16,3511941,0
20121227,14.09,14.25,13.78,14.02,4006231,0
20121228,13.88,14.03,13.79,13.92,2164218,0
20121231,13.89,14.55,13.83,14.52,7190777,0
20130102,14.77,14.93,14.38,14.55,7063781,0
20130103,14.6,14.81,14.51,14.74,3664575,0
20130104,14.76,14.95,14.7,14.88,3348415,0
20130107,14.26,14.6,14.26,14.45,3863290,0
20130108,14.24,14.3,13.77,13.77,5110089,0
20130109,13.78,13.85,13.57,13.7,3892445,0
20130110,13.8,14.01,13.75,14,3207848,0
20130111,13.7,14.33,13.29,14.24,6496774,0
20130114,14.23,14.495,14.15,14.43,4188688,0
20130115,14.3,14.62,14.17,14.61,2535339,0
20130116,14.59,14.77,14.405,14.6,2529832,0
20130117,14.66,14.8,14.47,14.51,3157309,0
20130118,14.55,14.72,14.4,14.46,3183653,0
20130122,14.46,14.49,14.31,14.43,3284757,0
20130123,14.52,14.61,13.99,14.05,4998400,0
20130124,14.06,14.36,14.02,14.26,4638480,0
20130125,14.31,14.92,14.31,14.77,3965939,0
20130128,14.98,15.095,14.65,15.04,8397011,0
20130129,15,15.18,14.82,14.95,5391504,0
20130130,14.94,15.48,14.94,15.08,8508648,0
20130131,14.63,16.18,14.62,15.73,12873009,0
20130201,15.45,16.25,15.44,16.19,9353695,0
20130204,16.02,16.19,15.939,16,3720122,0
20130205,16.25,17.25,16.16,16.89,11243991,0
20130206,17.17,17.18,16.8,16.88,5423868,0
20130207,16.91,17.03,16.72,16.87,3101000,0
20130208,17.05,17.505,16.86,17.37,4846238,0
20130211,17.3,17.6,17.13,17.41,4414898,0
20130212,17.38,17.58,17.28,17.54,4443470,0
20130213,17.39,17.55,17.06,17.17,5300187,0
20130214,17.13,17.36,16.98,17.15,5670436,0
20130215,17.15,17.18,16.83,16.97,5481025,0
20130219,17.06,17.75,17,17.585,4936238,0
20130220,17.51,17.75,17.45,17.48,5319875,0
20130221,17.65,17.92,17.16,17.64,10889853,0
20130222,17.67,17.87,17.67,17.81,3526120,0
20130225,17.84,18.03,17.69,17.7,5689852,0
20130226,17.76,17.82,17.45,17.69,4559987,0
20130227,17.65,18.2,17.41,18.12,5373351,0
20130228,17.59,18,17.52,17.53,7160430,0
20130301,17.53,18.08,17.42,18.04,5916742,0
20130304,17.97,18.3,17.93,18.2,4846642,0
20130305,18.34,18.9,18.3,18.51,4899017,0
20130306,18.63,18.87,18.448,18.62,3182505,0
20130307,18.56,18.94,18.44,18.71,4026345,0
20130308,18.75,18.82,18.48,18.58,3831286,0
20130311,18.58,19.51,18.58,19.13,7736128,0
20130312,19.06,19.25,18.99,19.25,3947990,0
20130313,19.04,19.15,18.79,18.94,5548000,0
20130314,19.07,19.36,18.95,19.34,3483409,0
20130315,19.33,19.34,18.87,18.88,5657897,0
20130318,18.7,18.76,18.42,18.71,5077729,0
20130319,18.71,18.85,16.93,17.15,20064668,0
20130320,17.18,17.41,17.08,17.34,5451115,0
20130321,17.58,17.99,17.54,17.7,5885839,0
20130322,17.68,18.03,17.68,17.97,4712394,0
20130325,18.12,18.14,17.51,17.56,4829193,0
20130326,18.11,18.15,17.69,17.77,4608114,0
20130327,17.76,17.83,17.47,17.79,2673531,0
20130328,17.63,17.73,17.39,17.7,6487310,0
20130401,17.7,18.02,17.61,17.915,4288548,0
20130402,17.75,17.94,17.43,17.545,3959783,0
20130403,17.55,17.59,17.19,17.24,4527809,0
20130404,17.33,17.39,17.11,17.25,4305693,0
20130405,17.12,17.37,17,17.35,2641027,0
20130408,17.34,17.38,16.98,17.27,2771316,0
20130409,17.36,17.51,17.24,17.45,1778421,0
20130410,17.42,17.84,17.28,17.8,4119422,0
20130411,17.96,17.96,17.6,17.63,3190211,0
20130412,17.53,17.61,17.34,17.58,2168739,0
20130415,17.5,17.6,16.9,16.91,4217961,0
20130416,17.1,17.47,16.87,17.37,4365903,0
20130417,17.16,17.31,16.84,17.01,4159696,0
20130418,17,17.1,16.75,16.94,2282306,0
20130419,16.88,17.145,16.645,17.09,2654259,0
20130422,17.1,17.37,16.76,17.28,3144539,0
20130423,17.35,17.59,17.14,17.42,1983835,0
20130424,17.46,17.86,17.42,17.8,2526264,0
20130425,17.86,18.06,17.79,17.94,3347249,0
20130426,17.96,18.12,17.855,17.88,3222285,0
20130429,17.9,18,17.71,17.77,2115964,0
20130430,17.77,17.79,17.36,17.61,2694286,0
20130501,17.59,17.65,17.16,17.3,2412031,0
20130502,17.39,17.54,17.15,17.54,2446045,0
20130503,17.69,18.13,17.675,17.955,6220540,0
20130506,17.67,18.31,17.62,18.29,4308583,0
20130507,18.85,18.85,18.05,18.41,8060189,0
20130508,19.8,21.68,19.8,21.56,22314428,0
20130509,21.04,21.89,20.95,21.64,11089051,0
20130510,21.5,22.57,21.45,22.48,9279180,0
20130513,22.27,22.48,21.45,21.74,7215037,0
20130514,21.8,22.43,21.78,22.41,4407575,0
20130515,22.04,22.84,22.02,22.64,4810135,0
20130516,22.6,22.7,22,22.02,4394143,0
20130517,21.75,22.35,21.5,22.21,5621004,0
20130520,22,22.33,21.765,21.79,4693441,0
20130521,21.63,22.59,21.58,21.97,6469854,0
20130522,22.13,22.77,21.68,21.75,6620496,0
20130523,21.59,22.7,21.5,22.65,5806021,0
20130524,22.27,22.98,22.26,22.77,6060983,0
20130528,22.99,23.53,22.77,23.26,6106347,0
20130529,23.24,23.48,22.96,23.155,4520888,0
20130530,23.04,23.54,23.03,23.35,3288222,0
20130531,23.19,23.59,22.99,22.99,4525907,0
20130603,23.01,23.11,22.51,22.99,3861696,0
20130604,22.85,23.13,22.54,22.72,4815387,0
20130605,22.76,23,22.565,22.88,3446720,0
20130606,22.83,23.28,22.71,23.28,3555911,0
20130607,23.5,23.66,23.23,23.61,3476129,0
20130610,23.6,23.66,22.8,22.87,3780531,0
20130611,22.74,23.31,22.54,22.6,3851872,0
20130612,22.79,22.91,21.43,21.54,6642906,0
20130613,21.53,21.65,20.95,21.49,7727634,0
20130614,21.49,22.03,21.45,21.81,3587820,0
20130617,21.84,22.75,21.84,22.43,4715583,0
20130618,22.42,23.09,22.42,23.03,4485502,0
20130619,22.96,23.21,22.83,22.84,3879101,0
20130620,22.61,22.77,22.14,22.15,3922831,0
20130621,22.15,22.66,21.75,21.975,5704209,0
20130624,21.89,21.94,21.33,21.61,3102549,0
20130625,21.85,22.02,21.56,21.78,2307022,0
20130626,22.08,22.11,21.65,21.79,2625821,0
20130627,21.96,22.59,21.941,22.21,2949034,0
20130628,21.93,23.12,21.93,22.99,7366852,0
20130701,22.89,23.39,22.87,23.18,3606588,0
20130702,23.2,23.54,22.99,23.52,3334654,0
20130703,23.28,23.56,23.19,23.306,2066138,0
20130705,23.5,23.88,23.318,23.83,1894248,0
20130708,23.88,23.99,23.17,23.54,3816703,0
20130709,23.73,23.86,23.4,23.565,2352505,0
20130710,23.51,23.91,23.34,23.9,3339726,0
20130711,24.1,24.3,23.65,24.27,3735628,0
20130712,24.25,24.49,23.98,24.32,2703000,0
20130715,24.25,24.36,23.98,24.19,4182490,0
20130716,24.1,24.385,24.059,24.19,2719789,0
20130717,24.3,24.3,23.39,23.81,4703358,0
20130718,23.9,24.45,23.85,24.16,2215989,0
20130719,24.17,24.35,23.75,24.265,1881646,0
20130722,24.46,24.46,23.9,24.01,3073018,0
20130723,24.43,24.43,23.8,23.83,3743862,0
20130724,25.22,26.98,25.21,25.41,15658127,0
20130725,25.26,25.45,24.51,24.64,5763908,0
20130726,24.38,25.94,24.35,25.82,6656004,0
20130729,25.41,25.86,25.35,25.48,3011211,0
20130730,25.77,26.53,25.54,26.07,7516190,0
20130731,26,26.42,25.93,26.12,4137048,0
20130801,26.33,26.67,26.07,26.53,4938567,0
20130802,26.65,26.65,26.14,26.57,3641446,0
20130805,26.41,26.89,26.16,26.53,2610056,0
20130806,26.5,26.76,26.22,26.44,2271209,0
20130807,26.24,26.52,26.04,26.34,2016396,0
20130808,26.49,26.86,26.4,26.64,2816984,0
20130809,26.49,26.85,26.49,26.65,1502078,0
20130812,26.4,26.85,26.375,26.68,1554367,0
20130813,26.7,26.77,26.42,26.55,1733132,0
20130814,26.13,26.8,26.12,26.66,3318284,0
20130815,26.61,26.75,26.441,26.48,3814732,0
20130816,26.36,26.96,26.33,26.885,4219388,0
20130819,26.74,27.07,26.52,26.57,3308688,0
20130820,26.52,27.92,26.503,26.75,6261828,0
20130821,26.58,26.88,26.32,26.66,3303694,0
20130822,27,27.94,26.95,27.78,2959082,0
20130823,27.97,28.13,27.83,27.97,3759264,0
20130826,28.07,28.11,27.62,27.86,2932116,0
20130827,27.49,27.77,26.96,26.99,4283709,0
20130828,26.84,27.25,26.66,27.13,2145916,0
20130829,27.13,27.7,27.04,27.57,2784850,0
20130830,26.98,27.2,26.56,26.64,2997310,0
20130903,27.03,27.64,27.03,27.36,3014145,0
20130904,27.49,28,27.1,27.99,3311968,0
20130905,27.77,28,27.64,27.68,1692026,0
20130906,27.37,27.41,26.46,26.76,5234875,0
20130909,26.93,27.37,26.64,27.11,3585366,0
20130910,27.32,27.44,26.83,26.95,3072527,0
20130911,26.91,27.05,26.26,26.71,4093107,0
20130912,26.71,26.76,26.23,26.39,3597517,0
20130913,26.54,27.18,26.52,26.67,3537299,0
20130916,27.04,27.32,26.85,26.96,3677889,0
20130917,26.87,27.75,26.64,27.6,4402677,0
20130918,27.5,27.58,26.57,26.86,5299595,0
20130919,27.06,27.24,26.73,26.975,2569627,0
20130920,27.02,27.07,26.43,26.54,4580959,0
20130923,26.43,26.7,26.18,26.19,3160012,0
20130924,26.27,26.68,26.22,26.55,3311147,0
20130925,26.54,26.89,26.26,26.6,1695600,0
20130926,26.7,26.88,26.13,26.15,2884770,0
20130927,26.07,26.24,25.55,25.95,4746776,0
20130930,25.59,25.76,25.16,25.55,5139819,0
20131001,25.69,26.54,25.55,26.42,5934184,0
20131002,25.82,25.99,25.06,25.62,6100200,0
20131003,25.65,25.76,25.05,25.08,3791300,0
20131004,25.12,25.9,25.06,25.76,2814500,0
20131007,25.24,25.6,25.12,25.25,3633000,0
20131008,25.26,25.39,24.06,24.07,5554700,0
20131009,24.18,24.28,23.68,24.15,4026800,0
20131010,24.53,25.24,24.47,25.22,3843019,0
20131011,25.21,25.29,24.62,24.72,4891431,0
20131014,24.58,24.67,24.28,24.59,5349782,0
20131015,24.35,24.65,23.94,23.97,6468823,0
20131016,24.09,24.77,24.03,24.21,5756301,0
20131017,23.95,24.57,23.94,24.53,4001200,0
20131018,24.71,25.07,24.52,25.03,4125700,0
20131021,25.1,25.24,24.47,24.5,4032800,0
20131022,24.49,25.65,24,25.23,7725000,0
20131023,25.22,25.25,24.41,24.61,3167600,0
20131024,24.64,24.91,24.5,24.74,2648200,0
20131025,24.87,25.15,24.57,24.75,2343900,0
20131028,24.66,24.95,24.54,24.83,4083880,0
20131029,24.97,25.08,23.95,24.13,6509150,0
20131030,26.13,27.24,25.69,26,12936900,0
20131031,25.85,26.98,25.7,26.25,9963769,0
20131101,26.31,26.39,25.13,25.63,10725000,0
20131104,25.67,25.85,25.36,25.73,4329400,0
20131105,25.63,25.69,25.28,25.56,4449137,0
20131106,25.71,25.88,25.57,25.74,3682100,0
20131107,25.74,25.85,25.3,25.33,4928900,0
20131108,25.36,25.94,25.15,25.7,3349500,0
20131111,25.67,25.99,25.37,25.99,2643762,0
20131112,25.95,26.63,25.8,26.44,4179485,0
20131113,26.33,26.49,26.12,26.42,2754144,0
20131114,26.39,26.45,25.77,25.96,2818000,0
20131115,25.74,25.94,23.87,24.06,11144300,0
20131118,24.15,24.58,23.97,24.12,7690600,0
20131119,23.96,24.25,23.09,23.32,7940675,0
20131120,23.37,23.5,22.84,23,5860000,0
20131121,23.03,23.59,22.68,23.39,4615200,0
20131122,23.44,23.56,22.72,23.14,4697500,0
20131125,23.16,23.32,22.59,22.78,4066300,0
20131126,22.77,23.18,22.44,22.52,5231100,0
20131127,22.52,22.64,22.04,22.11,5061000,0
20131129,22.09,22.48,21.99,22.17,2471092,0
20131202,22.26,22.38,21.83,21.9,5386200,0
20131203,21.78,22.19,21.47,21.54,5720000,0
20131204,21.72,22.4,21.36,22.34,6561872,0
20131205,21.53,21.55,20.465,21.01,12841555,0
20131206,21.43,22.57,21.05,22.24,8262900,0
20131209,22.02,22.45,21.89,22.19,4538400,0
20131210,22.09,22.35,21.89,22.06,3405776,0
20131211,22.08,22.23,21.04,21.08,8168400,0
20131212,21.05,21.25,20.78,20.97,5213450,0
20131213,21.79,23.22,21.69,22.22,8719800,0
20131216,22.28,22.38,21.85,22.06,6999400,0
20131217,22.1,22.83,22.08,22.75,4520266,0
20131218,22.83,23.38,22.64,22.86,8074100,0
20131219,22.85,23.66,22.66,23.42,6452000,0
20131220,23.47,23.62,23.03,23.54,9412000,0
20131223,23.65,24,23.58,23.86,3905500,0
20131224,23.93,23.97,23.72,23.83,1076290,0
20131226,23.89,23.97,23.54,23.67,1778200,0
20131227,23.71,23.77,23.06,23.17,3003900,0
20131230,23.14,23.27,22.74,22.89,4375300,0
20131231,23,23.16,22.63,22.94,3337300,0
20140102,22.9,22.96,22.43,22.83,3550732,0
20140103,22.88,23.1,22.5,22.68,3112581,0
20140106,22.81,23.03,22.09,22.53,4300900,0
20140107,22.68,23.38,22.53,23.1,3963000,0
20140108,23.14,23.45,23.11,23.31,3022100,0
20140109,23.42,23.69,22.62,22.75,2788600,0
20140110,22.79,23.03,22.71,23.01,2031100,0
20140113,23.01,23.02,22.33,22.38,4041100,0
20140114,22.6,22.6,21.58,22.46,9022500,0
20140115,22.6,22.85,21.89,21.93,5958333,0
20140116,21.86,22.04,21.25,21.54,9348700,0
20140117,23.03,24.28,22.97,24.1,14128969,0
20140121,24.17,24.59,24,24.32,7602695,0
20140122,24.27,24.39,24.02,24.17,4097900,0
20140123,23.95,24.27,23.63,23.87,2630700,0
20140124,23.64,23.96,23.39,23.84,5563464,0
20140127,23.98,24.58,23.73,24.47,8220300,0
20140128,24.6,25.01,24.44,24.87,14128250,0
20140129,25.03,26.06,24.66,25.22,14175000,0
20140130,25.34,26.22,25.3,26.03,6994800,0
20140131,25.93,26.86,25.62,26.4,8244647,0
20140203,26.36,26.647,25.57,26.08,7050438,0
20140204,26.49,26.785,26.16,26.18,9151292,0
20140205,26.01,26.48,25.81,26.16,6565157,0
20140206,25.69,26.65,25.56,26.46,6423337,0
20140207,26.62,27.69,26.46,27.2,9205423,0
20140210,26.76,27.4,26.615,26.88,4858012,0
20140211,26.93,27.55,26.45,27.41,4909671,0
20140212,27.37,27.88,27.34,27.86,3272963,0
20140213,27.52,27.74,27.2,27.56,2957789,0
20140214,27.62,27.8,27.45,27.58,3792032,0
20140218,27.69,28.5,27.57,28.4,3535761,0
20140219,28.04,28.44,27.89,27.91,3398414,0
20140220,28,28.14,27.67,27.79,4224769,0
20140221,27.8,28.205,27.8,28,3743830,0
20140224,28.03,28.33,27.95,27.96,2294068,0
20140225,28.04,28.16,27.673,28.1,3410172,0
20140226,28.19,28.73,28,28.27,4889509,0
20140227,28.15,28.63,27.82,28.54,2909469,0
20140228,28.32,28.71,28.29,28.59,4761791,0
20140303,28.47,28.5,27.959,28.09,2885426,0
20140304,28.4,28.86,28.37,28.81,5976042,0
20140305,28.9,29.11,28.66,29.09,3993396,0
20140306,29.29,29.65,29.17,29.21,3344367,0
20140307,29.23,29.49,28.944,29.38,3493931,0
20140310,29.3,29.48,29.02,29.21,4452007,0
20140311,29.18,29.9,29.17,29.8,7184828,0
20140312,29.44,30.1,29.3,29.98,5355463,0
20140313,29.36,29.92,29.31,29.71,11987939,0
20140314,29.85,30.47,29.42,29.6,7353902,0
20140317,29.66,30.43,29.66,30.1,3342592,0
20140318,30.14,30.37,30.06,30.24,2001891,0
20140319,30.19,30.47,29.88,30.23,2502778,0
20140320,30.14,30.37,29.76,30.245,2308723,0
20140321,30.56,30.56,29.613,29.75,5012961,0
20140324,29.89,30.05,28.829,29,4895362,0
20140325,29.24,29.59,28.95,29.29,3241089,0
20140326,29.37,29.44,28.42,28.57,3653500,0
20140327,28.43,28.621,27.95,28.48,4833513,0
20140328,28.62,29.025,28.33,28.53,2716848,0
20140331,28.42,29.34,28.39,29.01,3594930,0
20140401,29.13,29.49,28.79,29.47,3056330,0
20140402,29.46,29.75,28.92,29.13,3291925,0
20140403,28.85,29.55,28.67,28.87,4281060,0
20140404,29.14,29.35,28.53,28.6,2994416,0
20140407,28.49,28.76,28.01,28.34,2930819,0
20140408,28.35,28.885,28.32,28.73,5502136,0
20140409,28.69,28.89,27.26,28.16,6942150,0
20140410,28.25,28.33,27.14,27.22,5461016,0
20140411,27.18,27.24,26.64,26.67,5703904,0
20140414,26.99,27.45,26.71,27.28,3278266,0
20140415,27.31,27.56,26.915,27.465,4202304,0
20140416,27.22,27.615,27.1,27.59,3320709,0
20140417,27.42,27.61,27.35,27.57,2734954,0
20140421,27.75,28.175,27.655,27.98,2570746,0
20140422,27.755,28.225,27.59,28.12,3260103,0
20140423,28.14,28.26,27.95,28.15,2785932,0
20140424,28.32,28.43,27.94,28.1,2187412,0
20140425,28.05,28.33,27.81,28.21,4894522,0
20140428,28.34,28.42,27.85,28.18,3811658,0
20140429,28.22,28.25,27.76,28.06,2756085,0
20140430,28.07,28.35,27.965,28.3,2648116,0
20140501,28.48,29.02,28.11,28.74,2833422,0
20140502,28.63,28.91,28.3,28.5,2388434,0
20140505,28.55,28.81,28.06,28.76,2488463,0
20140506,28.81,28.97,28.03,28.05,4612526,0
20140507,32.33,34.03,32.08,33.95,24834819,0
20140508,33.4,34.87,33.11,34.28,12508362,0
20140509,34.05,35.25,33.75,35.12,9360998,0
20140512,35.31,35.46,34.87,35.31,5541126,0
20140513,35.39,35.65,34.99,35.04,7488352,0
20140514,34.93,35,34.12,34.13,5763484,0
20140515,34.03,34.24,33.6,33.79,5193394,0
20140516,33.75,34.55,33.705,34.44,4512844,0
20140519,33.88,34.79,33.73,34.57,3419278,0
20140520,34.02,34.6,34,34.38,4150554,0
20140521,34.29,34.88,34.19,34.6,2448778,0
20140522,34.24,34.8,34.17,34.57,3281358,0
20140523,34.55,34.97,34.41,34.88,2293241,0
20140527,34.97,35.165,34.79,35.08,2776018,0
20140528,34.92,35.15,34.61,34.7,1823938,0
20140529,34.76,34.83,34.3,34.76,2381693,0
20140530,34.81,35.14,34.71,35.13,2886401,0
20140602,34.98,35.16,34.31,34.56,2117425,0
20140603,34.38,34.74,34.25,34.73,2062072,0
20140604,34.7,35.378,34.65,34.95,2447295,0
20140605,34.95,35,34.5,34.78,2197623,0
20140606,34.8,35.01,34.59,34.85,1769970,0
20140609,35.05,35.08,34.57,34.91,2690261,0
20140610,34.87,35.8,34.87,35.7,5077500,0
20140611,35.64,35.86,35.23,35.51,3465399,0
20140612,35.45,35.75,35.15,35.23,2807205,0
20140613,35.32,35.745,35.15,35.68,3007315,0
20140616,35.48,35.9,35.37,35.7,2314664,0
20140617,35.55,36.96,35.48,36.79,5933629,0
20140618,36.72,37.19,36.51,37.15,4080567,0
20140619,37.15,37.26,36.66,37.07,3328158,0
20140620,37.24,37.24,36.85,37.14,4861443,0
20140623,36.98,37.11,36.82,36.9,2719673,0
20140624,36.76,36.95,36.35,36.36,4090513,0
20140625,36.42,36.75,36.17,36.51,2965744,0
20140626,36.56,36.58,36.115,36.27,2194599,0
20140627,36.12,36.47,35.74,35.89,6836981,0
20140630,35.92,36,35.56,35.87,3524261,0
20140701,36.03,36.595,35.7,36.41,3302304,0
20140702,36.4,36.85,36.35,36.76,2390700,0
20140703,36.84,37.025,36.55,36.92,1161925,0
20140707,36.77,36.91,36.06,36.16,2647145,0
20140708,36.37,36.37,35.08,35.29,3791271,0
20140709,35.63,35.76,35.29,35.52,3201279,0
20140710,35.04,36.05,34.93,35.85,3330613,0
20140711,35.84,35.99,35.63,35.97,1825032,0
20140714,36.35,36.66,36.1,36.55,2445291,0
20140715,36.36,36.73,35.79,36.18,2539984,0
20140716,36.45,37.29,36.35,37.12,3493321,0
20140717,36.63,37.72,36.63,37.06,3537019,0
20140718,37.31,38.57,36.99,38.38,5499472,0
20140721,38.11,38.62,37.79,38.42,4410017,0
20140722,38.58,38.64,37.96,38.42,6068677,0
20140723,37.43,37.78,35.97,36.04,13034212,0
20140724,36.33,36.95,36.08,36.84,6045969,0
20140725,36.48,36.66,35.89,36.04,4059619,0
20140728,36.02,36.04,35.08,35.09,9702391,0
20140729,35.23,35.3,34.15,34.34,9113999,0
20140730,34.5,34.57,34.31,34.5,4996531,0
20140731,34.24,34.37,33.58,33.6,3897821,0
20140801,33.55,34.04,33.46,33.71,4239158,0
20140804,33.56,34.3,33.56,34.18,3674747,0
20140805,34.09,34.33,33.67,34.13,3654942,0
20140806,34.09,34.34,33.81,34.27,3240781,0
20140807,34.37,34.52,33.17,33.31,4039588,0
20140808,33.35,34.33,33.01,34.29,3802607,0
20140811,34.47,35.13,34.34,35.07,4426843,0
20140812,35.05,35.88,34.91,35.55,5650803,0
20140813,35.7,36.44,35.38,36.413,4110157,0
20140814,36.38,36.7,36.35,36.59,2667054,0
20140815,36.78,36.8,35.87,36.14,3576779,0
20140818,36.86,36.86,36.24,36.67,2373281,0
20140819,36.62,37.22,36.58,37.01,4241135,0
20140820,37,37.59,36.92,37.56,2950984,0
20140821,37.67,37.83,37.19,37.76,3024824,0
20140822,37.72,38.21,37.65,38.16,3312348,0
20140825,38.37,38.39,37.56,37.62,2543819,0
20140826,37.69,37.76,37.31,37.56,1672883,0
20140827,37.5,37.65,36.98,37.22,2144097,0
20140828,37.08,37.18,36.84,37.1,1866767,0
20140829,36.75,37.86,36.73,37.84,2796091,0
20140902,37.79,38.03,37.54,38.01,4259008,0
20140903,38.2,38.3,37.85,37.89,2307101,0
20140904,38.06,38.18,37.29,37.36,3014144,0
20140905,37.3,37.69,37.13,37.69,1772545,0
20140908,37.62,38.1,37.53,38,2971695,0
20140909,37.95,37.95,37.385,37.45,2698363,0
20140910,37.54,37.9,37.44,37.81,2653470,0
20140911,37.55,38.07,37.5,38.04,2402678,0
20140912,37.93,37.96,36.84,37.16,3462078,0
20140915,37.27,37.3,36.19,36.53,2947372,0
20140916,36.49,37.25,36.33,37.02,2299821,0
20140917,36.81,37.47,36.28,36.41,6665659,0
20140918,36.49,37.31,36.42,37.25,2425020,0
20140919,37.43,37.45,36.7,36.71,3388348,0
20140922,36.57,36.81,36.23,36.61,1746233,0
20140923,36.57,37.02,36.38,36.67,2523850,0
20140924,36.77,36.92,36.53,36.87,1421316,0
20140925,36.64,36.93,35.77,35.82,3089272,0
20140926,35.96,36.12,35.57,35.96,2217594,0
20140929,35.56,35.95,35.3,35.78,2068059,0
20140930,35.78,36.12,35.51,35.61,2146424,0
20141001,35.44,35.58,34.83,35.14,2538737,0
20141002,35.09,35.85,34.82,35.59,2631285,0
20141003,35.87,36.01,35.53,35.95,2467114,0
20141006,36.1,36.3,35.81,36,1790700,0
20141007,35.68,36,34.9,34.92,3094484,0
20141008,34.93,35.31,34.32,35.28,3844355,0
20141009,35.4,36.04,34.81,35.01,2833418,0
20141010,35.51,35.719,34.51,34.53,4095583,0
20141013,34.46,34.7,33.19,33.23,4231792,0
20141014,33.59,33.78,32.39,32.735,5577577,0
20141015,32.24,33.54,31.77,33.38,5765475,0
20141016,32.61,33.33,32.43,32.62,4259041,0
20141017,33.01,34.78,32.75,34.275,4881901,0
20141020,34.14,35.05,34.11,34.93,3344139,0
20141021,35.09,35.7,35.03,35.69,2681343,0
20141022,35.68,35.86,34.99,35.05,2203704,0
20141023,35.43,36.48,35.2,36.24,3083317,0
20141024,36.19,36.635,35.98,36.35,2413051,0
20141027,36.13,37.15,35.99,36.87,2763337,0
20141028,36.87,37.66,36.87,37.48,4613737,0
20141029,38.86,40.34,38.67,38.91,10615246,0
20141030,38.64,39.86,38.52,39.85,6688102,0
20141031,40.1,41.35,40.1,40.97,5966468,0
20141103,41.16,41.45,40.72,40.96,4294672,0
20141104,40.75,41,40.4,40.64,4099416,0
20141105,40.92,41.08,40.18,40.72,2691892,0
20141106,40.77,41.14,40.72,40.8,2099126,0
20141107,40.74,41.001,40.11,40.94,3717557,0
20141110,40.98,41.43,40.61,41.26,4467293,0
20141111,41.29,41.42,41.02,41.14,2150694,0
20141112,41.09,41.28,40.58,41.2,2827668,0
20141113,41.34,41.72,41.07,41.44,3780906,0
20141114,41.5,41.64,40.87,41.47,3687617,0
20141117,41.4,41.95,41.2,41.4,2293298,0
20141118,41.82,42.89,41.72,42.87,4571849,0
20141119,42.87,43.73,42.353,43.445,6215315,0
20141120,43.26,43.48,43.07,43.15,5915395,0
20141121,43.67,44.06,43.25,43.49,3328495,0
20141124,43.59,43.79,43.39,43.6,3128127,0
20141125,43.62,44.5,43.57,44.01,4211928,0
20141126,43.93,43.97,43.52,43.68,3562734,0
20141128,44.19,44.19,43.56,43.93,2135122,0
20141201,43.74,43.86,43.04,43.15,3683475,0
20141202,43.21,43.84,43.13,43.63,2944111,0
20141203,43.44,46.23,43.44,45.99,7562659,0
20141204,45.8,46.98,45.48,46.49,6628390,0
20141205,46.52,47.13,46.16,46.655,3777723,0
20141208,46.44,46.57,45.69,46.01,4087583,0
20141209,45.56,45.86,44.95,45.58,5199166,0
20141210,45.53,45.94,44.56,44.76,4254262,0
20141211,44.83,45.73,44.82,45.12,2814312,0
20141212,44.73,45.79,44.54,44.9,3546366,0
20141215,45,46.39,44.93,45.45,5530707,0
20141216,45.23,46.18,44.87,45.45,5672831,0
20141217,45.5,46.5,45.22,46.06,5668136,0
20141218,46.17,47.26,46.17,47.24,6804986,0
20141219,47.5,47.69,47.06,47.46,9988288,0
20141222,47.68,48.35,47.49,47.85,3072040,0
20141223,47.98,48.34,47.411,47.835,3002291,0
20141224,48,48.31,47.86,48.06,845018,0
20141226,48.08,48.53,47.78,48.33,1161823,0
20141229,48.33,48.52,47.52,47.59,1750271,0
20141230,47.62,47.8,47.25,47.38,1796146,0
20141231,47.5,47.95,46.97,47.015,1842250,0
20150102,47.19,47.67,46.58,46.87,1959789,0
20150105,46.96,47.34,46.51,46.57,2736062,0
20150106,46.87,47.33,45.42,45.96,4418865,0
20150107,46.35,47.03,46.1,46.81,4849402,0
20150108,47.01,48.25,47.01,48.13,3876985,0
20150109,48.05,48.25,47.07,47.51,3181420,0
20150112,47.59,47.62,46.51,47.06,2158811,0
20150113,47.59,48.18,46.02,46.42,3288670,0
20150114,45.55,46.95,45.21,46.9,3100433,0
20150115,46.93,46.99,45.99,46.64,3073572,0
20150116,46.67,48.16,46.26,48.085,3220006,0
