Date,Open,High,Low,Close,Volume,OpenInt
20071206,6,6,6,6,0,0
20071207,7.01,8.46,6.83,7.4,4225935,0
20071210,7.31,8,7.31,7.85,351012,0
20071211,7.9,7.9,7.45,7.65,446052,0
20071212,7.74,7.82,6.76,6.93,290262,0
20071213,7.31,7.31,6.64,6.81,57420,0
20071214,6.61,6.61,6.1,6.29,201396,0
20071217,6.43,6.43,6.15,6.25,49045,0
20071218,6.25,6.45,6,6.25,109814,0
20071219,6.29,7.29,6.29,6.36,136445,0
20071220,6.95,6.95,6.5,6.51,86541,0
20071221,6.75,7.29,6.16,7,107828,0
20071224,7.08,7.25,6.52,7.2,24376,0
20071226,7.22,7.22,6.9,7.02,37895,0
20071227,7.01,7.2,6.56,7.17,17804,0
20071228,7.19,7.19,7.05,7.19,14809,0
20071231,7.19,7.3,7.11,7.28,29530,0
20080102,7.34,7.34,7.16,7.3,11516,0
20080103,7.48,7.55,7.2,7.27,33187,0
20080104,7.38,7.67,7,7.2,24502,0
20080107,7.19,7.43,6.92,7,68493,0
20080108,7,7.13,6.62,6.8,31733,0
20080109,6.61,6.61,6.11,6.36,25534,0
20080110,6.46,6.46,6.13,6.35,60560,0
20080111,6.35,6.35,5.9,6,895797,0
20080114,6,6.15,5.82,5.85,220755,0
20080115,5.75,5.79,4.77,5.05,119184,0
20080116,5.12,5.35,4.98,5.15,193198,0
20080117,5.24,5.24,4.89,5.06,63825,0
20080118,5.1,5.53,4.98,5.5,48118,0
20080122,5.84,5.99,5.25,5.5,31310,0
20080123,5.66,5.79,5.55,5.74,21396,0
20080124,5.91,6,5.5,5.8,40161,0
20080125,5.85,6.01,5.66,5.97,9762,0
20080128,5.67,5.97,5.24,5.6,24257,0
20080129,5.59,5.85,5.5,5.85,49731,0
20080130,5.75,6,5.75,5.98,25200,0
20080131,5.81,6,5.81,6,18381,0
20080201,6,6.45,5.75,6.43,114871,0
20080204,6.53,6.76,6,6.42,178951,0
20080205,6,6.29,5.75,6.01,157823,0
20080206,6.15,6.82,6,6.4,131841,0
20080207,6.5,6.5,5.98,6.3,34916,0
20080208,6.38,6.8,6.3,6.75,67614,0
20080211,6.86,6.86,6.66,6.73,48837,0
20080212,6.8,6.81,6.56,6.73,45906,0
20080213,6.87,6.87,6.41,6.75,66648,0
20080214,6.82,6.82,6.55,6.62,34390,0
20080215,6.72,6.75,6.41,6.42,33518,0
20080219,6.6,6.6,6.1,6.37,27509,0
20080220,6.27,6.27,6,6.1,27747,0
20080221,6.21,6.35,6.05,6.23,49627,0
20080222,6.35,6.35,6,6.27,17700,0
20080225,6.36,6.36,5.7,5.75,43029,0
20080226,5.79,6,5.79,5.99,40383,0
20080227,6,6.3,5.92,6.22,176300,0
20080228,6.15,6.29,6.08,6.29,36557,0
20080229,6.29,6.29,5.89,5.92,55850,0
20080303,6.04,6.07,5.42,5.65,50347,0
20080304,5.69,5.74,4.89,5.16,146193,0
20080305,5.25,5.5,5,5.25,59253,0
20080306,5.21,5.43,5.01,5.37,31541,0
20080307,5.3,5.3,4.8,5.02,61068,0
20080310,4.87,5.22,4.79,5.02,96731,0
20080311,4.78,5.29,4.75,5.29,15580,0
20080312,5.26,5.35,4.86,5.08,27583,0
20080313,5.01,5.5,5,5.39,31123,0
20080314,5.34,5.44,5.25,5.27,19283,0
20080317,5.11,5.16,4.7,4.87,64810,0
20080318,5.07,5.18,4.87,5,18825,0
20080319,4.84,4.85,4.4,4.55,64057,0
20080320,4.25,4.85,4.25,4.72,15900,0
20080324,4.72,4.87,4.61,4.7,19589,0
20080325,4.79,4.95,4.53,4.68,33202,0
20080326,4.65,4.91,4.51,4.72,24446,0
20080327,4.64,4.73,4.41,4.45,32336,0
20080328,4.51,4.55,4.45,4.45,54562,0
20080331,4.57,4.8,3.75,4,851020,0
20080401,4.11,4.39,3.9,4.24,180390,0
20080402,4.23,4.33,4.04,4.31,58997,0
20080403,4.36,4.63,4.25,4.33,106110,0
20080404,4.5,4.5,4.3,4.38,34812,0
20080407,4.53,4.53,4.3,4.33,19844,0
20080408,4.29,4.36,4.13,4.14,13459,0
20080409,4.13,4.31,4.04,4.04,27339,0
20080410,4.06,4.38,3.99,4.01,31895,0
20080411,4.05,4.07,3.77,3.77,33941,0
20080414,3.75,3.93,3.72,3.75,24400,0
20080415,3.78,4.34,3.78,4.24,19146,0
20080416,4.29,4.88,4.29,4.88,75383,0
20080417,4.8,4.93,4.75,4.81,89183,0
20080418,4.92,4.98,4.45,4.96,142424,0
20080421,5,5,4.68,4.76,39513,0
20080422,4.73,4.76,4.34,4.5,32118,0
20080423,4.53,4.78,4.47,4.59,69244,0
20080424,4.64,5.5,4.46,4.89,68430,0
20080425,4.92,5.33,4.57,4.86,92300,0
20080428,5,5,4.6,4.64,64518,0
20080429,4.5,4.67,3.98,4.53,130141,0
20080430,4.53,4.53,4.15,4.28,74281,0
20080501,4.23,4.58,4.12,4.4,64854,0
20080502,4.57,4.64,4.4,4.45,77505,0
20080505,4.39,4.5,4.25,4.41,43841,0
20080506,4.34,4.61,4.25,4.51,45789,0
20080507,4.38,4.75,4.38,4.42,29708,0
20080508,4.49,4.75,4.49,4.57,23027,0
20080509,4.48,4.75,4.43,4.61,19445,0
20080512,4.67,4.9,4.62,4.87,71564,0
20080513,4.81,5,4.81,4.97,54531,0
20080514,5.14,5.15,4.91,5.05,74960,0
20080515,5.01,5.35,5.01,5.16,99263,0
20080516,5.3,5.36,5.17,5.28,104963,0
20080519,5.02,5.4,5.02,5.1,88703,0
20080520,5,5.64,5,5.3,79700,0
20080521,5,5.6,5,5.38,83002,0
20080522,5.31,5.61,5.31,5.61,48426,0
20080523,5.57,5.73,5.46,5.66,149327,0
20080527,5.68,5.68,5.47,5.57,88290,0
20080528,5.6,5.68,5.16,5.5,107524,0
20080529,5.46,5.58,5.31,5.39,66929,0
20080530,5.48,5.51,5.16,5.18,295742,0
20080602,5.17,5.21,4.3,4.55,213540,0
20080603,4.61,4.71,4.28,4.55,150802,0
20080604,4.55,4.6,4.45,4.49,178346,0
20080605,4.5,4.52,4.28,4.35,129680,0
20080606,4.37,4.4,4.3,4.4,93799,0
20080609,4.36,4.4,4.08,4.24,34053,0
20080610,4.19,4.41,4.19,4.24,26478,0
20080611,4.25,4.25,4.1,4.17,43154,0
20080612,4.15,4.24,4,4.05,269572,0
20080613,4.13,4.24,4.07,4.15,79731,0
20080616,4.09,4.26,4.09,4.25,70197,0
20080617,4.21,4.36,4.21,4.32,66446,0
20080618,4.26,4.31,4.23,4.27,205597,0
20080619,4.21,4.48,4.15,4.48,92663,0
20080620,4.41,4.58,4.29,4.55,188809,0
20080623,4.63,4.68,4.61,4.65,70448,0
20080624,4.61,5,4.5,4.5,117757,0
20080625,4.5,4.65,4.45,4.49,96855,0
20080626,4.44,4.6,4.39,4.5,203852,0
20080627,4.45,4.71,4.4,4.7,414834,0
20080630,4.53,4.78,4.53,4.75,151464,0
20080701,4.69,4.7,4.5,4.61,48637,0
20080702,4.6,4.65,4.48,4.5,41415,0
20080703,4.54,4.54,4.42,4.5,130394,0
20080707,4.44,4.58,4.4,4.53,60977,0
20080708,4.5,4.59,4.46,4.57,60534,0
20080709,4.55,4.57,4.39,4.43,50743,0
20080710,4.41,4.51,4.25,4.35,106398,0
20080711,4.06,4.34,3.49,4.25,336684,0
20080714,4.2,4.29,3.98,4.08,76731,0
20080715,4,4.09,3.97,4,58609,0
20080716,3.93,4.2,3.89,4.06,93402,0
20080717,4.1,4.13,3.99,4.07,74214,0
20080718,4.07,4.1,3.92,3.97,137706,0
20080721,4,4,3.76,3.92,146321,0
20080722,3.92,4,3.68,3.98,74901,0
20080723,3.98,4.01,3.94,3.98,82611,0
20080724,4,4,3.9,3.98,157198,0
20080725,3.92,4,3.92,3.93,63639,0
20080728,3.87,3.92,3.69,3.74,66878,0
20080729,3.59,3.63,2.81,2.92,646000,0
20080730,2.98,2.98,2.28,2.37,802751,0
20080731,2.43,2.46,2.22,2.25,398034,0
20080801,2.3,2.41,2.26,2.31,179561,0
20080804,2.32,2.35,2.24,2.28,139464,0
20080805,2.32,2.32,2.01,2.2,139239,0
20080806,1.9,1.9,1.35,1.48,1090971,0
20080807,1.48,1.54,1.35,1.39,380967,0
20080808,1.36,1.73,1.36,1.6,559101,0
20080811,1.7,1.79,1.41,1.51,244800,0
20080812,1.56,1.68,1.51,1.54,170058,0
20080813,1.57,1.6,1.5,1.57,71044,0
20080814,1.59,1.63,1.53,1.62,102236,0
20080815,1.65,1.73,1.6,1.7,124600,0
20080818,1.75,1.78,1.7,1.77,74136,0
20080819,1.79,1.79,1.71,1.76,88398,0
20080820,1.74,1.79,1.74,1.75,136858,0
20080821,1.75,1.92,1.7,1.86,186046,0
20080822,1.83,1.89,1.7,1.81,85433,0
20080825,1.81,1.88,1.74,1.85,82739,0
20080826,1.85,1.89,1.84,1.85,51388,0
20080827,1.85,2.05,1.85,2.03,133039,0
20080828,2.03,2.18,2,2.12,159639,0
20080829,2.1,2.22,2,2,161746,0
20080902,2.06,2.13,2,2.05,52965,0
20080903,2.08,2.12,2,2.05,63500,0
20080904,2.03,2.1,2.03,2.09,77032,0
20080905,2.08,2.1,2.02,2.04,31594,0
20080908,2.07,2.1,2.05,2.07,57227,0
20080909,2.1,2.1,1.98,1.98,254366,0
20080910,2.01,2.04,1.99,2.02,32570,0
20080911,1.98,2.01,1.88,1.97,187986,0
20080912,2,2.05,1.88,1.92,53052,0
20080915,1.95,1.98,1.81,1.89,81896,0
20080916,1.93,1.95,1.79,1.91,47592,0
20080917,1.83,1.92,1.61,1.75,99220,0
20080918,1.81,1.99,1.81,1.93,106759,0
20080919,2.03,2.03,1.83,1.84,202106,0
20080922,1.91,1.95,1.85,1.86,165404,0
20080923,1.9,1.92,1.85,1.86,51491,0
20080924,1.86,1.86,1.6,1.7,98483,0
20080925,1.66,1.66,1.25,1.4,266632,0
20080926,1.39,1.48,1.2,1.41,177505,0
20080929,1.47,1.54,1.1,1.28,82117,0
20080930,1.27,1.68,1.15,1.41,368775,0
20081001,1.4,1.5,1.23,1.28,37741,0
20081002,1.3,1.46,1.3,1.44,66276,0
20081003,1.46,1.52,1.39,1.39,105568,0
20081006,1.36,1.46,1.36,1.41,127875,0
20081007,1.43,1.47,1.35,1.38,155110,0
20081008,1.37,1.5,1.31,1.46,155395,0
20081009,1.44,1.5,1.39,1.39,121315,0
20081010,1.41,1.55,1.14,1.48,209203,0
20081013,1.5,1.5,1.44,1.5,51914,0
20081014,1.47,1.52,1.44,1.44,75738,0
20081015,1.44,1.5,1.22,1.25,122422,0
20081016,1.45,1.45,1.25,1.33,63000,0
20081017,1.34,1.45,1.21,1.21,262606,0
20081020,1.22,1.23,1.2,1.23,156821,0
20081021,1.21,1.23,1.16,1.17,131916,0
20081022,1.13,1.16,1,1,71346,0
20081023,0.97,1.06,0.93,1.02,231888,0
20081024,0.98,1.04,0.97,0.98,246443,0
20081027,0.97,0.97,0.81,0.82,102079,0
20081028,0.84,1.1,0.83,1.1,55162,0
20081029,0.91,1.05,0.88,0.97,78785,0
20081030,1,1.03,0.95,0.98,14035,0
20081031,0.98,1.06,0.92,1.06,67634,0
20081103,0.99,1.07,0.93,1.05,74476,0
20081104,1.08,1.08,1.02,1.05,35525,0
20081105,1.05,1.07,1.03,1.04,27155,0
20081106,1.04,1.14,1.03,1.05,31502,0
20081107,1.04,1.17,1.04,1.09,124072,0
20081110,1.15,1.15,1,1.01,30558,0
20081111,0.99,1.11,0.99,1.04,107257,0
20081112,1.02,1.06,1,1.04,46737,0
20081113,1,1.12,0.99,1.12,54735,0
20081114,1.09,1.1,1,1,224667,0
20081117,1,1.1,0.97,0.98,23382,0
20081118,1.06,1.13,1,1.12,36124,0
20081119,1.11,1.11,0.92,0.93,16604,0
20081120,0.99,1.05,0.9,0.9,50543,0
20081121,0.91,1.08,0.9,1.08,23483,0
20081124,1.08,1.15,0.9,0.92,86365,0
20081125,0.99,1.07,0.99,1.07,23748,0
20081126,0.84,0.98,0.84,0.92,81142,0
20081128,0.91,1.01,0.87,1,10930,0
20081201,0.93,0.95,0.84,0.84,37209,0
20081202,0.84,0.84,0.72,0.75,82887,0
20081203,0.75,0.85,0.72,0.73,43870,0
20081204,0.71,0.75,0.67,0.74,52245,0
20081205,0.74,0.74,0.69,0.71,105142,0
20081208,0.73,0.75,0.59,0.75,50197,0
20081209,0.73,0.77,0.71,0.71,138129,0
20081210,0.72,0.75,0.65,0.68,61078,0
20081211,0.71,0.78,0.64,0.67,45636,0
20081212,0.66,0.75,0.55,0.7,37947,0
20081215,0.69,0.75,0.67,0.68,41117,0
20081216,0.7,0.72,0.61,0.64,168221,0
20081217,0.67,0.67,0.57,0.57,76637,0
20081218,0.58,0.69,0.58,0.63,82766,0
20081219,0.68,0.68,0.61,0.62,196603,0
20081222,0.57,0.63,0.54,0.6,193304,0
20081223,0.61,0.61,0.57,0.58,84823,0
20081224,0.52,0.6,0.52,0.6,22933,0
20081226,0.6,0.61,0.58,0.58,26800,0
20081229,0.57,0.57,0.5,0.54,84550,0
20081230,0.49,0.54,0.41,0.43,638154,0
20081231,0.44,0.5,0.42,0.5,316181,0
20090102,0.49,0.5,0.42,0.5,1061919,0
20090105,0.5,0.63,0.46,0.62,80094,0
20090106,0.63,1.1,0.63,0.84,321460,0
20090107,0.85,0.9,0.73,0.73,108235,0
20090108,0.64,0.8,0.64,0.77,50839,0
20090109,0.77,0.88,0.77,0.81,73526,0
20090112,0.82,0.88,0.75,0.85,60812,0
20090113,0.82,0.83,0.75,0.76,47545,0
20090114,0.75,0.81,0.68,0.69,33924,0
20090115,0.65,0.74,0.6,0.64,47121,0
20090116,0.64,0.81,0.58,0.6,49341,0
20090120,0.6,0.68,0.42,0.43,155104,0
20090121,0.44,0.54,0.44,0.54,41830,0
20090122,0.52,0.56,0.51,0.51,15586,0
20090123,0.56,0.58,0.47,0.5,54894,0
20090126,0.49,0.57,0.45,0.51,15082,0
20090127,0.51,0.71,0.45,0.62,139692,0
20090128,0.6,0.6,0.54,0.58,178192,0
20090129,0.57,0.6,0.47,0.47,188867,0
20090130,0.51,0.57,0.51,0.52,15684,0
20090202,0.52,0.52,0.46,0.52,39106,0
20090203,0.52,0.59,0.51,0.58,34504,0
20090204,0.57,0.7,0.53,0.69,79407,0
20090205,0.68,0.69,0.59,0.66,35685,0
20090206,0.66,0.77,0.57,0.68,140165,0
20090209,0.6,0.67,0.56,0.67,47456,0
20090210,0.65,0.77,0.61,0.65,70066,0
20090211,0.66,0.71,0.65,0.66,36348,0
20090212,0.65,0.75,0.65,0.7,27263,0
20090213,0.73,0.77,0.73,0.74,43181,0
20090217,0.61,0.7,0.61,0.68,20598,0
20090218,0.66,0.68,0.6,0.64,24274,0
20090219,0.64,0.65,0.6,0.6,14971,0
20090220,0.6,0.62,0.52,0.52,60486,0
20090223,0.52,0.52,0.45,0.49,135634,0
20090224,0.5,0.55,0.48,0.52,131641,0
20090225,0.5,0.55,0.5,0.53,89478,0
20090226,0.53,0.55,0.51,0.52,64031,0
20090227,0.52,0.59,0.51,0.57,141150,0
20090302,0.56,0.56,0.42,0.44,165542,0
20090303,0.44,0.49,0.43,0.47,114814,0
20090304,0.47,0.51,0.47,0.5,146335,0
20090305,0.48,0.52,0.47,0.47,16194,0
20090306,0.49,0.5,0.48,0.49,91218,0
20090309,0.47,0.55,0.47,0.53,35296,0
20090310,0.63,0.72,0.55,0.71,55088,0
20090311,0.66,0.77,0.6,0.62,225296,0
20090312,0.67,0.79,0.67,0.78,40073,0
20090313,0.78,0.78,0.62,0.62,230949,0
20090316,0.62,0.75,0.62,0.65,16415,0
20090317,0.68,0.72,0.68,0.72,12896,0
20090318,0.72,0.8,0.69,0.8,51965,0
20090319,0.81,0.84,0.72,0.75,128270,0
20090320,0.75,0.75,0.66,0.7,137727,0
20090323,0.62,0.76,0.62,0.71,20580,0
20090324,0.7,0.81,0.66,0.66,22409,0
20090325,0.67,0.77,0.67,0.72,101505,0
20090326,0.71,0.76,0.5,0.75,384675,0
20090327,0.75,0.78,0.66,0.69,107425,0
20090330,0.67,0.7,0.66,0.67,13091,0
20090331,0.68,0.75,0.68,0.74,69368,0
20090401,0.75,1.19,0.75,1.05,862955,0
20090402,1.04,1.25,0.98,1.09,541402,0
20090403,1.06,1.51,0.9,1.41,543510,0
20090406,1.4,1.5,1.3,1.45,127606,0
20090407,1.37,1.43,1.3,1.32,175441,0
20090408,1.32,1.32,1.21,1.27,169463,0
20090409,1.25,1.25,1.11,1.21,256423,0
20090413,1.13,1.25,1.11,1.16,150132,0
20090414,1.11,1.18,1.11,1.15,100722,0
20090415,1.15,1.34,1.15,1.33,195270,0
20090416,1.35,1.5,1.2,1.48,183213,0
20090417,1.5,1.5,1.25,1.48,113963,0
20090420,1.48,1.48,1.36,1.4,80355,0
20090421,1.45,1.55,1.4,1.44,301107,0
20090422,1.38,1.5,1.35,1.42,61823,0
20090423,1.4,1.5,1.22,1.35,50764,0
20090424,1.48,1.6,1.35,1.47,179912,0
20090427,1.4,1.5,1.4,1.45,43779,0
20090428,1.43,1.51,1.43,1.48,175499,0
20090429,1.54,1.9,1.4,1.86,522679,0
20090430,1.9,2,1.83,1.83,375837,0
20090501,1.43,1.77,1.03,1.72,243502,0
20090504,1.75,1.75,1.55,1.64,187534,0
20090505,1.75,1.75,1.53,1.69,180945,0
20090506,1.54,1.75,1.51,1.64,205804,0
20090507,1.63,1.65,1.54,1.62,133340,0
20090508,1.71,1.77,1.58,1.76,179981,0
20090511,1.74,1.83,1.64,1.8,147994,0
20090512,1.78,2.49,1.73,2.15,736160,0
20090513,2.12,2.35,1.91,1.97,434341,0
20090514,1.97,2.14,1.96,2.02,329230,0
20090515,2.04,2.15,1.95,1.99,153300,0
20090518,2.1,2.25,1.97,2.24,197515,0
20090519,2.29,2.55,2.19,2.5,735745,0
20090520,2.49,2.85,2.4,2.43,900618,0
20090521,2.4,2.45,2.22,2.41,355642,0
20090522,2.47,2.52,2.15,2.28,341004,0
20090526,2.28,2.51,2.28,2.35,222461,0
20090527,2.32,2.4,2.2,2.3,465498,0
20090528,2.34,2.4,2.04,2.15,437335,0
20090529,2.24,2.37,1.95,2.35,1048063,0
20090601,2.37,2.5,2.04,2.39,376785,0
20090602,2.38,2.38,2.1,2.27,181218,0
20090603,2.24,2.37,2.1,2.21,138161,0
20090604,2.17,2.28,2.12,2.24,151085,0
20090605,2.25,2.45,2.24,2.42,241788,0
20090608,2.44,2.44,2.21,2.28,145685,0
20090609,2.36,2.36,2.19,2.19,94243,0
20090610,2.2,2.46,2.01,2.45,486014,0
20090611,2.46,2.7,2.35,2.58,416541,0
20090612,2.53,2.96,2.45,2.6,328709,0
20090615,2.52,2.7,2.35,2.47,216676,0
20090616,2.44,2.59,2.38,2.45,165224,0
20090617,2.46,2.65,2.12,2.53,377456,0
20090618,2.53,2.69,2.44,2.67,291146,0
20090619,2.7,2.75,2.42,2.42,665231,0
20090622,2.42,2.42,2.09,2.17,390043,0
20090623,2.18,2.36,2.1,2.28,380585,0
20090624,2.29,2.37,2.19,2.19,276438,0
20090625,2.2,2.31,2.18,2.29,225352,0
20090626,2.3,2.59,2.2,2.56,6426033,0
20090629,2.55,2.56,2.2,2.31,457372,0
20090630,2.32,2.53,2.23,2.25,392659,0
20090701,2.26,2.46,2.26,2.38,308711,0
20090702,2.34,2.38,2.22,2.35,214974,0
20090706,2.35,2.61,2.26,2.59,473974,0
20090707,2.6,2.63,2.36,2.45,283433,0
20090708,2.47,2.52,2.38,2.49,381676,0
20090709,2.5,2.5,2.4,2.46,276248,0
20090710,2.44,2.47,2.4,2.46,114193,0
20090713,2.5,2.53,2.4,2.52,285675,0
20090714,2.46,2.65,2.46,2.62,321364,0
20090715,2.64,2.75,2.59,2.71,553387,0
20090716,2.74,2.76,2.62,2.74,276677,0
20090717,2.75,2.82,2.54,2.65,302293,0
20090720,2.67,2.72,2.61,2.68,237095,0
20090721,2.68,2.71,2.5,2.61,320206,0
20090722,2.65,2.8,2.5,2.78,594180,0
20090723,2.77,3.32,2.69,3.12,1236037,0
20090724,3.1,3.2,2.97,3.2,580213,0
20090727,3.24,3.42,3.06,3.11,794849,0
20090728,3.1,3.25,2.92,3.08,320486,0
20090729,3.04,3.07,2.81,3.02,501086,0
20090730,3.05,3.2,2.93,3.1,627662,0
20090731,3.1,3.47,3.03,3.15,754308,0
20090803,3.2,3.28,3.05,3.09,457141,0
20090804,3.05,3.17,3.05,3.1,253905,0
20090805,3.11,3.18,2.9,3.01,405473,0
20090806,3.01,3.1,2.9,2.94,165684,0
20090807,3,3.1,2.9,3.04,232916,0
20090810,3.01,3.05,2.97,2.99,125075,0
20090811,2.98,3.03,2.96,3,294774,0
20090812,3.01,3.2,2.95,3.16,541426,0
20090813,3.19,3.29,3.12,3.19,305981,0
20090814,3.19,3.19,3.06,3.16,362811,0
20090817,3.02,3.16,2.88,2.9,313589,0
20090818,2.94,3.05,2.89,2.98,202290,0
20090819,2.95,3.04,2.94,3.03,98946,0
20090820,3.03,3.03,2.89,2.91,185572,0
20090821,2.99,2.99,2.73,2.9,463054,0
20090824,2.92,2.94,2.76,2.81,383880,0
20090825,2.8,2.89,2.75,2.83,143716,0
20090826,2.84,2.87,2.68,2.8,216645,0
20090827,2.83,3.06,2.76,2.99,572480,0
20090828,3.01,3.18,2.96,2.99,571237,0
20090831,2.95,3.06,2.9,3.05,278482,0
20090901,3.03,3.06,2.97,2.99,311301,0
20090902,2.99,3.02,2.94,2.95,229452,0
20090903,2.96,2.96,2.79,2.82,320982,0
20090904,2.8,3,2.8,2.98,178620,0
20090908,3,3,2.81,2.85,259492,0
20090909,3,3.05,2.85,2.96,570729,0
20090910,2.96,3.04,2.94,3.01,492141,0
20090911,2.97,2.99,2.92,2.94,378839,0
20090914,2.92,3,2.91,2.93,210061,0
20090915,2.92,2.96,2.86,2.88,125498,0
20090916,2.88,2.95,2.87,2.91,200267,0
20090917,2.91,2.95,2.86,2.88,129673,0
20090918,2.89,2.89,2.8,2.85,404747,0
20090921,2.82,2.87,2.62,2.8,406890,0
20090922,2.79,2.85,2.74,2.74,599857,0
20090923,2.74,2.8,2.71,2.76,404716,0
20090924,2.75,2.77,2.7,2.73,276724,0
20090925,2.71,2.79,2.71,2.77,268960,0
20090928,2.79,2.82,2.73,2.74,230355,0
20090929,2.73,2.79,2.64,2.75,145606,0
20090930,2.74,2.83,2.63,2.74,414303,0
20091001,2.73,2.76,2.38,2.39,1066540,0
20091002,2.4,2.4,2.23,2.24,360622,0
20091005,2.31,2.59,2.27,2.58,545613,0
20091006,2.46,2.64,2.46,2.61,296086,0
20091007,2.6,2.62,2.5,2.6,441932,0
20091008,2.61,2.68,2.54,2.54,303758,0
20091009,2.55,2.61,2.45,2.6,229222,0
20091012,2.64,2.7,2.57,2.6,246050,0
20091013,2.6,2.83,2.6,2.69,450172,0
20091014,2.74,2.97,2.7,2.97,1981346,0
20091015,2.93,3.29,2.93,3.23,774605,0
20091016,3.21,3.25,2.97,3.05,1063427,0
20091019,3.07,3.09,2.84,2.89,783343,0
20091020,2.9,3,2.81,2.84,267113,0
20091021,2.84,2.9,2.79,2.86,356579,0
20091022,2.85,2.89,2.6,2.74,338015,0
20091023,2.73,2.86,2.61,2.64,221811,0
20091026,2.7,2.82,2.52,2.55,577075,0
20091027,2.75,2.8,2.53,2.72,2121526,0
20091028,2.72,2.89,2.66,2.85,510870,0
20091029,2.9,2.95,2.68,2.73,286270,0
20091030,2.67,2.71,2.57,2.63,393814,0
20091102,2.64,2.72,2.53,2.56,353418,0
20091103,2.49,2.52,2.37,2.42,598841,0
20091104,2.46,2.67,2.32,2.64,546636,0
20091105,2.66,2.89,2.56,2.86,362683,0
20091106,2.81,2.86,2.71,2.82,204527,0
20091109,2.86,2.9,2.78,2.87,230636,0
20091110,2.85,2.9,2.76,2.8,268550,0
20091111,2.84,2.95,2.81,2.95,281554,0
20091112,2.93,2.95,2.85,2.85,223581,0
20091113,2.87,2.93,2.82,2.91,189626,0
20091116,2.93,3.07,2.9,3.05,350199,0
20091117,3.03,3.05,2.97,3.05,128377,0
20091118,3.06,3.06,2.97,3.01,374669,0
20091119,2.97,3,2.86,2.92,221415,0
20091120,2.92,2.96,2.89,2.96,165701,0
20091123,3.02,3.1,2.93,3.08,312368,0
20091124,3.07,3.07,2.89,2.94,172404,0
20091125,2.96,3,2.9,2.97,94379,0
20091127,2.86,2.92,2.8,2.84,90982,0
20091130,2.88,2.91,2.85,2.9,179182,0
20091201,2.92,3.09,2.89,3.09,504647,0
20091202,3.08,3.3,3.02,3.27,551465,0
20091203,3.27,3.42,3.25,3.33,388327,0
20091204,3.41,3.53,3.37,3.48,585783,0
20091207,3.5,3.52,3.31,3.43,360679,0
20091208,3.41,3.44,3.27,3.27,222416,0
20091209,3.26,3.26,3.06,3.08,329492,0
20091210,3.48,3.49,3.14,3.15,1236085,0
20091211,3.18,3.33,3.11,3.18,792438,0
20091214,3.21,3.23,3.11,3.13,422559,0
20091215,3.13,3.2,3.04,3.06,348527,0
20091216,3.08,3.22,3.07,3.1,400616,0
20091217,3.07,3.18,3.01,3.03,427427,0
20091218,3.05,3.11,2.91,3.02,938078,0
20091221,3.04,3.12,2.95,3.01,367540,0
20091222,3.01,3.15,2.95,3,377215,0
20091223,3.02,3.12,2.99,3.09,250518,0
20091224,3.12,3.12,2.98,2.99,131052,0
20091228,3.02,3.06,2.99,3.02,206052,0
20091229,3.02,3.1,3,3.09,198248,0
20091230,3.03,3.08,2.98,3.01,225389,0
20091231,3.01,3.12,2.98,3.07,405020,0
20100104,3.13,3.24,3.1,3.24,429552,0
20100105,3.25,3.45,3.22,3.34,570193,0
20100106,3.34,3.37,3.21,3.25,465542,0
20100107,3.2,3.22,2.91,3.18,1136896,0
20100108,3.2,3.51,3.18,3.43,782896,0
20100111,3.45,4.02,3.45,4,2790274,0
20100112,3.9,4.18,3.7,3.8,1143561,0
20100113,3.81,4.1,3.75,3.99,816242,0
20100114,4.02,4.3,4,4.14,997357,0
20100115,4.16,4.2,3.89,3.9,466267,0
20100119,3.75,3.97,3.75,3.82,426131,0
20100120,3.8,3.87,3.75,3.79,265941,0
20100121,3.81,3.86,3.65,3.7,377607,0
20100122,3.71,3.83,3.61,3.62,398293,0
20100125,3.68,3.81,3.55,3.56,305535,0
20100126,3.78,4.03,3.64,3.88,1054600,0
20100127,3.88,3.98,3.72,3.85,349298,0
20100128,3.86,3.86,3.62,3.62,509637,0
20100129,3.63,3.68,3.44,3.49,546794,0
20100201,3.5,3.5,3.35,3.38,470763,0
20100202,3.39,3.47,3.27,3.28,724138,0
20100203,3.3,3.43,3.2,3.4,1001169,0
20100204,3.33,3.34,2.95,3.21,2320649,0
20100205,3.23,3.27,3.11,3.23,735799,0
20100208,3.24,3.31,3.2,3.22,242944,0
20100209,3.29,3.41,3.18,3.21,358681,0
20100210,3.18,3.36,3.18,3.31,204392,0
20100211,3.28,3.5,3.27,3.5,221547,0
20100212,3.44,3.64,3.36,3.64,286549,0
20100216,3.69,3.7,3.55,3.64,346358,0
20100217,3.67,3.72,3.6,3.63,480269,0
20100218,3.61,3.63,3.49,3.6,333485,0
20100219,3.6,3.6,3.5,3.56,338387,0
20100222,3.59,3.7,3.54,3.63,244540,0
20100223,3.6,3.7,3.5,3.53,627048,0
20100224,3.55,3.68,3.52,3.55,212451,0
20100225,3.5,3.59,3.49,3.57,241466,0
20100226,3.58,3.66,3.55,3.62,247165,0
20100301,3.65,4.14,3.63,3.88,1205572,0
20100302,3.88,3.9,3.6,3.86,401564,0
20100303,3.91,3.99,3.72,3.9,321175,0
20100304,3.9,3.9,3.74,3.8,233932,0
20100305,3.81,3.99,3.72,3.96,507883,0
20100308,3.95,4.05,3.85,3.94,470584,0
20100309,3.94,4.14,3.93,4.08,513952,0
20100310,4.07,4.12,3.9,3.9,411778,0
20100311,3.9,4.25,3.85,4.22,851567,0
20100312,4.2,4.47,4.15,4.41,1318475,0
20100315,4.6,4.84,4.51,4.62,2135968,0
20100316,4.62,4.79,4.55,4.79,499005,0
20100317,4.8,5.09,4.79,4.87,1144071,0
20100318,4.85,4.92,4.4,4.41,1407532,0
20100319,4.44,4.56,4.25,4.55,1541216,0
20100322,4.5,4.6,4.31,4.54,445612,0
20100323,4.56,4.68,4.47,4.64,404938,0
20100324,4.62,4.67,4.5,4.51,435599,0
20100325,4.54,4.71,4.39,4.4,530022,0
20100326,4.41,4.56,4.33,4.47,280731,0
20100329,4.47,4.87,4.39,4.84,1229798,0
20100330,4.88,5.19,4.88,5.02,1741737,0
20100331,5.15,5.24,5.01,5.08,1452157,0
20100401,5.13,5.2,5,5.15,1023868,0
20100405,5.2,5.46,5.15,5.39,1124168,0
20100406,5.36,5.55,5.2,5.28,1179533,0
20100407,5.13,5.15,4.65,4.89,2482698,0
20100408,4.83,4.95,4.68,4.86,810854,0
20100409,4.84,5.16,4.75,4.94,1015960,0
20100412,5.03,5.21,4.94,5.15,714142,0
20100413,5.17,5.24,5.03,5.2,960045,0
20100414,5.34,5.66,5.34,5.51,1827334,0
20100415,5.54,5.61,5.49,5.59,447319,0
20100416,5.54,5.56,5.14,5.28,686483,0
20100419,5.24,5.26,5.03,5.16,435346,0
20100420,5.21,5.41,5.18,5.25,564719,0
20100421,5.5,5.5,5.19,5.23,981286,0
20100422,5.31,5.34,5.07,5.26,1447778,0
20100423,5.25,5.27,5.17,5.23,370029,0
20100426,5.24,5.35,5.18,5.33,1287926,0
20100427,5.32,5.48,5.22,5.36,1198803,0
20100428,5.35,5.43,5.1,5.27,2239975,0
20100429,5.44,5.87,5.3,5.73,2440539,0
20100430,5.8,5.87,5.15,5.27,1500650,0
20100503,5.36,5.54,5.22,5.27,785124,0
20100504,5.22,5.22,4.93,4.96,1289441,0
20100505,4.9,5.04,4.7,4.77,920887,0
20100506,4.72,4.89,4.5,4.61,1539790,0
20100507,4.57,4.77,4.31,4.6,1068198,0
20100510,4.85,5.07,4.65,4.91,771325,0
20100511,4.88,5.28,4.88,5.19,1324070,0
20100512,5.21,5.33,5.11,5.32,708654,0
20100513,5.38,5.38,5.18,5.2,300267,0
20100514,5.1,5.1,4.86,5.04,1551900,0
20100517,5.06,5.17,4.97,4.99,481442,0
20100518,5.05,5.11,4.99,5.07,915767,0
20100519,5.04,5.09,4.92,4.95,1062781,0
20100520,4.83,4.93,4.67,4.83,837473,0
20100521,4.73,5.07,4.6,4.94,903743,0
20100524,4.96,5.06,4.9,4.94,328245,0
20100525,4.83,4.85,4.66,4.84,534033,0
20100526,4.92,5.1,4.92,5.01,511207,0
20100527,5.13,5.28,5.08,5.28,873524,0
20100528,5.28,5.37,5.15,5.34,691564,0
20100601,5.26,5.36,5.13,5.13,376781,0
20100602,5.14,5.3,5.04,5.3,239945,0
20100603,5.31,5.5,5.25,5.49,422028,0
20100604,5.31,5.4,5.05,5.1,622437,0
20100607,5.12,5.12,4.87,4.91,671808,0
20100608,4.94,4.94,4.51,4.59,841126,0
20100609,4.66,4.87,4.6,4.63,395844,0
20100610,4.74,5,4.56,5,711319,0
20100611,4.9,5.11,4.86,5.1,379063,0
20100614,5.18,5.27,5.13,5.21,361168,0
20100615,5.29,5.44,5.16,5.4,453300,0
20100616,5.36,5.66,5.31,5.62,754178,0
20100617,5.64,5.82,5.62,5.68,767138,0
20100618,5.71,6.72,5.57,6.66,4820743,0
20100621,6.73,6.73,6.21,6.27,2249177,0
20100622,6.27,6.55,6.09,6.13,1424645,0
20100623,6.22,6.28,5.98,6.1,1395913,0
20100624,6.03,6.22,5.95,5.99,1288617,0
20100625,6.04,6.29,5.93,6.29,2051426,0
20100628,6.22,6.81,6.21,6.7,3001346,0
20100629,6.55,6.57,6.33,6.49,1363849,0
20100630,6.53,6.6,6.27,6.34,1367166,0
20100701,6.32,6.4,5.92,6.24,1401577,0
20100702,6.29,6.8,6.29,6.67,1541241,0
20100706,6.84,6.98,6.14,6.23,1519427,0
20100707,6.28,6.93,6.25,6.88,2385845,0
20100708,6.97,7,6.58,6.72,1320082,0
20100709,6.74,6.91,6.62,6.9,612840,0
20100712,6.89,6.98,6.6,6.7,756306,0
20100713,6.79,7.17,6.68,7.11,2628737,0
20100714,7.16,7.19,6.88,7.05,938977,0
20100715,7.06,7.06,6.78,6.99,999507,0
20100716,6.87,6.87,6.55,6.67,848114,0
20100719,6.71,6.8,6.32,6.49,1120112,0
20100720,6.38,6.72,6.29,6.71,738766,0
20100721,6.75,6.94,6.48,6.48,553905,0
20100722,6.62,6.95,6.56,6.95,825455,0
20100723,6.88,7.18,6.76,7.1,971999,0
20100726,7.15,7.54,7.11,7.43,1864499,0
20100727,7.4,7.43,7.06,7.06,1243211,0
20100728,7.05,7.1,6.66,6.83,1652788,0
20100729,7.38,8,7.2,7.96,5999920,0
20100730,7.78,7.98,7.38,7.83,2184235,0
20100802,7.99,7.99,7.61,7.65,2161942,0
20100803,7.58,7.9,7.44,7.82,1666560,0
20100804,7.9,8.05,7.76,7.99,1717652,0
20100805,7.94,8.18,7.85,8.12,1329319,0
20100806,7.99,8.17,7.86,8.14,847450,0
20100809,8.18,8.35,8.17,8.25,1433886,0
20100810,8.05,8.33,7.94,8.22,2237578,0
20100811,8,8,7.03,7.14,3858504,0
20100812,6.97,7.35,6.62,6.72,3503618,0
20100813,6.7,7.21,6.68,7.06,1643375,0
20100816,7.04,7.16,6.86,6.9,1384374,0
20100817,6.96,7.34,6.92,7.15,1774449,0
20100818,7.13,7.78,7.07,7.77,2303357,0
20100819,7.77,7.79,7.46,7.76,2293662,0
20100820,7.67,7.77,7.49,7.5,1707595,0
20100823,7.53,7.7,7.26,7.42,1160194,0
20100824,7.26,7.36,7.05,7.19,1181463,0
20100825,7.13,7.15,6.77,7.14,2577462,0
20100826,7.16,7.58,7.03,7.17,1643114,0
20100827,7.3,7.5,7.04,7.38,1284661,0
20100830,7.36,7.5,7.22,7.31,1103623,0
20100831,7.26,7.67,7.11,7.59,1744254,0
20100901,7.75,8.03,7.71,7.94,2327433,0
20100902,8.15,8.27,7.95,8.27,2641671,0
20100903,8.38,8.45,8.14,8.34,1448540,0
20100907,8.33,8.48,8.04,8.3,1095801,0
20100908,8.22,8.56,8.12,8.54,1466136,0
20100909,8.69,8.75,8.36,8.5,1686264,0
20100910,8.55,8.66,8.18,8.6,1930155,0
20100913,9.48,9.91,9.04,9.14,5239500,0
20100914,9.22,10,8.93,9.5,4566773,0
20100915,9.48,9.62,9.28,9.3,1223673,0
20100916,9.26,9.5,9.18,9.47,1233590,0
20100917,9.54,9.58,9.27,9.32,772999,0
20100920,9.47,9.52,9.27,9.33,1264275,0
20100921,9.36,9.41,8.98,9.16,1652470,0
20100922,9.13,9.29,9.05,9.17,680505,0
20100923,9.1,9.44,8.8,9.2,1065501,0
20100924,9.4,10,9.38,9.94,2790623,0
20100927,9.99,10,9.7,9.8,1396644,0
20100928,9.26,9.61,9.11,9.61,5065482,0
20100929,9.54,10.22,9.49,9.8,3520968,0
20100930,10.14,10.35,9.5,9.6,12631419,0
20101001,9.78,9.8,9.55,9.66,2731707,0
20101004,9.62,9.79,9.19,9.36,2100451,0
20101005,9.52,9.71,9.38,9.68,1640915,0
20101006,9.65,9.67,8.71,8.88,7423683,0
20101007,9.1,9.13,8.71,8.9,3339415,0
20101008,8.9,8.92,8.7,8.86,1773596,0
20101011,8.88,8.99,8.7,8.81,2272176,0
20101012,8.77,9.22,8.5,9.16,2111330,0
20101013,9.28,9.28,8.97,9.05,1983741,0
20101014,9.05,9.1,8.78,8.84,2141671,0
20101015,8.98,8.98,8.51,8.51,2509333,0
20101018,8.54,8.55,7.72,7.75,7011679,0
20101019,7.75,7.91,7.47,7.59,4143000,0
20101020,7.65,8.04,7.57,7.83,2323066,0
20101021,7.92,8.05,7.62,7.77,2616419,0
20101022,7.78,8.31,7.69,8.24,2883548,0
20101025,8.59,8.87,8.45,8.48,4425990,0
20101026,8.46,8.76,8.25,8.59,3700219,0
20101027,8.59,9.05,8.5,9.01,4905098,0
20101028,9.45,9.55,7.86,8.18,15593519,0
20101029,8.1,8.58,8.05,8.37,4135626,0
20101101,8.37,8.45,7.99,8.1,3975485,0
20101102,8.21,8.34,8.13,8.3,2295897,0
20101103,8.35,8.7,8.3,8.65,2250165,0
20101104,8.74,9.05,8.59,8.96,3134362,0
20101105,8.97,9.25,8.77,9.15,2751430,0
20101108,9.1,9.2,8.9,9.14,1997224,0
20101109,9.22,9.3,8.83,8.95,2002580,0
20101110,9,9.13,8.51,8.87,1738250,0
20101111,8.56,8.61,8.11,8.5,4337739,0
20101112,8.38,8.82,8.24,8.35,1162938,0
20101115,8.66,8.73,8.37,8.39,1607272,0
20101116,8.39,8.53,8.07,8.37,1665192,0
20101117,8.41,8.58,8.3,8.47,1440112,0
20101118,8.64,8.87,8.56,8.85,1789200,0
20101119,8.85,9.28,8.67,9.07,2644280,0
20101122,9.02,9.16,8.87,9.01,1648963,0
20101123,8.92,9.23,8.82,8.87,1328738,0
20101124,9,9.18,8.9,8.96,1672382,0
20101126,8.92,9.02,8.72,8.8,844096,0
20101129,8.77,9,8.5,8.95,1519091,0
20101130,8.86,8.96,8.68,8.94,3769947,0
20101201,9.06,9.49,9.03,9.43,2871894,0
20101202,9.45,9.82,9.35,9.79,2151178,0
20101203,9.75,10.08,9.56,10.02,1821596,0
20101206,10.25,10.25,10.03,10.1,2891329,0
20101207,10.27,10.5,10.1,10.27,3114558,0
20101208,10.31,10.84,10.31,10.81,5061103,0
20101209,11,11.63,10.87,11.35,6744959,0
20101210,11.6,11.93,11.26,11.75,4750029,0
20101213,11.9,12.1,11.11,11.16,6145239,0
20101214,11.39,11.49,11.07,11.26,3066046,0
20101215,11.17,11.39,10.95,11.06,3190821,0
20101216,11.32,11.36,10.97,11.1,1967715,0
20101217,11.08,11.19,10.75,11.1,2807411,0
20101220,11.51,11.77,11.22,11.68,3442429,0
20101221,11.86,12.03,11.7,11.93,2392331,0
20101222,12.09,12.09,11.71,11.73,1867454,0
20101223,11.99,12.09,11.45,11.62,1538767,0
20101227,11.7,11.8,11.35,11.63,1159891,0
20101228,11.78,11.78,11.45,11.65,1142600,0
20101229,11.77,11.83,11.48,11.8,1387106,0
20101230,11.82,11.87,11.65,11.77,1332987,0
20101231,11.74,12.25,11.73,12.08,1962043,0
20110103,12.45,12.49,12,12.12,3055754,0
20110104,12.39,12.4,12,12.36,2876902,0
20110105,12.43,13.42,12.38,13.22,6391853,0
20110106,13.48,13.71,13,13.24,3638640,0
20110107,13.44,13.53,13.09,13.38,2857264,0
20110110,13.54,13.67,13.2,13.58,3270139,0
20110111,13.86,13.96,12.79,13.21,5929565,0
20110112,13.48,13.55,13.23,13.27,2696503,0
20110113,13.3,13.32,12.99,13.25,2149375,0
20110114,13.26,13.35,13.1,13.26,1901263,0
20110118,13.27,13.65,13.15,13.51,2411417,0
20110119,13.55,13.67,12.96,13.07,3282465,0
20110120,12.92,12.92,12,12.51,5362451,0
20110121,12.74,12.99,12.22,12.26,2710910,0
20110124,12.3,12.3,11.45,11.74,4303456,0
20110125,11.53,11.6,11.3,11.55,3694662,0
20110126,11.54,11.6,10.98,11.24,6111520,0
20110127,11.31,11.95,11.31,11.75,4599362,0
20110128,11.84,11.92,10.88,11.13,4790978,0
20110131,11.11,11.25,10.72,10.97,4938414,0
20110201,10.89,11.55,10.81,11.04,5020018,0
20110202,10.69,11.3,10.16,11.01,9662922,0
20110203,12,12.04,10.3,10.75,11891381,0
20110204,10.83,10.97,10.55,10.71,4264508,0
20110207,10.73,11.02,10.57,10.72,3182879,0
20110208,10.73,10.85,10.01,10.21,4939636,0
20110209,10.05,10.49,10.01,10.2,3163728,0
20110210,10.09,10.13,9.59,10.03,3558571,0
20110211,10,10.33,9.91,10.31,3027664,0
20110214,10.33,10.72,9.98,10.02,4539070,0
20110215,9.95,9.99,9.65,9.71,3146855,0
20110216,9.77,9.93,9.61,9.73,3417188,0
20110218,9.87,10,9.58,9.65,4066371,0
20110222,9.41,9.53,9.07,9.25,4557428,0
20110223,9.3,9.45,8.79,9.21,8389916,0
20110224,9.18,9.18,8.91,9.09,3197685,0
20110225,9.21,9.65,9.13,9.44,3741752,0
20110228,9.55,9.7,9,9.26,3434335,0
20110301,9.31,9.31,8.84,8.9,3425723,0
20110302,9.07,9.53,8.92,9.41,3767774,0
20110303,9.59,9.62,9.2,9.29,3505197,0
20110304,9.29,9.33,9.04,9.25,3004727,0
20110307,9.27,9.34,8.84,8.98,4515033,0
20110308,8.97,9.14,8.79,8.95,3414985,0
20110309,8.93,8.99,8.65,8.7,3676738,0
20110310,8.61,8.61,8.22,8.25,4486505,0
20110311,8.09,8.18,7.93,8.14,6565220,0
20110314,8.16,8.31,7.9,7.92,3621602,0
20110315,7.69,7.99,7.5,7.9,4428678,0
20110316,7.94,8.16,7.64,7.75,3296531,0
20110317,7.86,7.98,7.66,7.75,2642012,0
20110318,7.81,7.82,7.51,7.55,5428632,0
20110321,7.65,7.9,7.55,7.9,2284449,0
20110322,7.94,7.95,7.7,7.78,1289798,0
20110323,7.78,8.13,7.65,7.99,2386486,0
20110324,8.1,8.17,8,8.04,2805014,0
20110325,8.11,8.34,8.04,8.09,2395171,0
20110328,8.27,8.27,8.01,8.02,2005230,0
20110329,8.01,8.3,7.9,8.3,1916921,0
20110330,8.42,8.47,8.12,8.39,3517116,0
20110331,8.31,8.45,8.25,8.45,1559780,0
20110401,8.52,8.67,8.04,8.09,3182838,0
20110404,8.33,8.34,7.93,7.95,3421595,0
20110405,7.95,8.02,7.73,7.94,3309223,0
20110406,8.08,8.28,7.97,8.06,2028826,0
20110407,8.06,8.11,7.88,7.99,1896570,0
20110408,8,8.1,7.81,7.93,2318535,0
20110411,7.96,7.99,7.66,7.73,2419859,0
20110412,7.68,7.68,7.29,7.41,3401026,0
20110413,7.49,7.5,6.95,7.45,6819514,0
20110414,7.45,7.86,7.38,7.85,3747157,0
20110415,7.85,7.92,7.66,7.86,2089225,0
20110418,7.74,8.15,7.6,8.06,2704916,0
20110419,8.17,8.53,7.91,8.51,5065402,0
20110420,8.65,8.7,8.24,8.35,2886083,0
20110421,8.47,8.54,8.28,8.35,2354601,0
20110425,8.45,8.55,8.35,8.38,2046149,0
20110426,8.48,8.54,8.32,8.46,3975023,0
20110427,8.23,8.95,7.81,8.85,10952848,0
20110428,8.74,8.76,8.47,8.58,3024438,0
20110429,8.6,8.77,8.47,8.75,2372860,0
20110502,8.81,9.23,8.55,8.83,4797154,0
20110503,8.84,8.97,8.75,8.9,3247548,0
20110504,8.91,9.22,8.82,9.09,3253074,0
20110505,9.03,9.35,8.92,9.14,2969198,0
20110506,9.24,9.58,9.12,9.42,3588922,0
20110509,9.51,9.51,9.32,9.37,2282354,0
20110510,9.42,9.42,9.13,9.37,2990126,0
20110511,9.39,9.41,9.23,9.28,1399369,0
20110512,9.17,9.2,8.87,9.05,2404290,0
20110513,9.05,9.2,8.78,8.87,2972840,0
20110516,8.77,8.84,8.49,8.51,2468584,0
20110517,8.35,8.41,8.04,8.27,2693698,0
20110518,8.3,8.7,8.26,8.6,1634442,0
20110519,8.68,8.7,8.38,8.59,1291803,0
20110520,8.57,8.6,8.39,8.54,1337719,0
20110523,8.3,8.42,8.15,8.25,1352738,0
20110524,8.24,8.35,8.15,8.15,1255627,0
20110525,8.11,8.77,8.1,8.64,2803759,0
20110526,8.64,8.82,8.53,8.8,1208947,0
20110527,8.84,8.9,8.7,8.78,939184,0
20110531,8.88,8.92,8.57,8.9,1513753,0
20110601,8.82,8.85,8.51,8.52,1711998,0
20110602,8.5,8.55,8.28,8.34,1707134,0
20110603,8.23,8.39,8.1,8.17,2215621,0
20110606,8.11,8.22,7.96,8.03,1992465,0
20110607,8.05,8.34,8.05,8.1,1818865,0
20110608,8.05,8.05,7.7,7.76,1753044,0
20110609,7.82,7.99,7.69,7.86,1096668,0
20110610,7.79,7.86,7.46,7.57,2471426,0
20110613,7.6,7.71,7.3,7.35,2130922,0
20110614,7.55,7.93,7.55,7.8,2113026,0
20110615,7.71,7.8,7.5,7.63,1774593,0
20110616,7.66,7.75,7.56,7.72,2628115,0
20110617,7.85,7.85,7.45,7.57,2925474,0
20110620,7.54,7.68,7.38,7.64,1524626,0
20110621,7.68,8.1,7.6,8.09,1850143,0
20110622,8,8.24,7.97,8.09,1198743,0
20110623,7.98,8.35,7.86,8.31,1386094,0
20110624,8.62,8.73,8.41,8.61,6962284,0
20110627,8.63,8.7,8.37,8.68,1908057,0
20110628,8.65,8.92,8.53,8.91,1997632,0
20110629,8.97,9.02,8.75,8.78,2740387,0
20110630,8.84,8.99,8.78,8.89,10369480,0
20110701,8.92,9.24,8.86,9.24,2868855,0
20110705,9.21,9.26,8.9,9.15,2972507,0
20110706,9.14,9.31,9,9.16,2068906,0
20110707,9.2,9.44,9.14,9.33,1982193,0
20110708,9.15,9.3,8.77,9.28,2241048,0
20110711,9.09,9.25,8.92,8.96,2097537,0
20110712,8.89,8.94,8.4,8.41,2682291,0
20110713,8.55,9.01,8.55,8.71,1758986,0
20110714,8.71,8.87,8.42,8.45,1306939,0
20110715,8.52,8.65,8.42,8.56,1532351,0
20110718,7.75,7.76,7.01,7.51,11106952,0
20110719,7.6,7.87,7.6,7.84,2635662,0
20110720,7.84,7.89,7.55,7.7,2160027,0
20110721,7.7,7.74,7.48,7.61,2426338,0
20110722,7.65,8.2,7.6,8.07,2273249,0
20110725,7.9,7.93,7.65,7.69,1766833,0
20110726,7.75,8,7.67,7.71,1231556,0
20110727,7.66,7.69,7.2,7.21,2792523,0
20110728,7.22,7.38,6.93,7,3415308,0
20110729,6.9,7.07,6.66,6.68,6257289,0
20110801,6.85,6.89,6.46,6.76,4994549,0
20110802,6.69,6.99,6.63,6.63,2215653,0
20110803,6.59,6.75,6.36,6.68,4133816,0
20110804,5,5.05,4.01,4.14,21873897,0
20110805,4.25,4.34,3.99,4.24,5746916,0
20110808,3.97,4.19,3.81,3.9,4229072,0
20110809,4.01,4.09,3.4,3.62,6777976,0
20110810,3.56,3.73,3.36,3.57,3824263,0
20110811,3.73,4.15,3.71,4.11,5773966,0
20110812,4.25,4.36,3.94,3.97,2722996,0
20110815,4.07,4.35,4.07,4.33,3080479,0
20110816,4.29,4.29,4.1,4.14,1516465,0
20110817,4.16,4.3,4.02,4.12,1746853,0
20110818,4.01,4.01,3.69,3.77,2395951,0
20110819,3.73,3.83,3.58,3.61,1163123,0
20110822,3.85,3.87,3.65,3.7,1666944,0
20110823,3.72,4.04,3.71,4.03,1615509,0
20110824,4.02,4.04,3.87,3.97,1094800,0
20110825,3.97,4.12,3.87,3.87,1717090,0
20110826,3.81,4.04,3.79,4.04,1257977,0
20110829,4.1,4.43,4.09,4.43,1534993,0
20110830,4.33,4.87,4.25,4.65,2992856,0
20110831,4.71,4.77,4.44,4.49,2009522,0
20110901,4.49,4.5,4.16,4.19,1604546,0
20110902,4.06,4.22,4,4.08,1196697,0
20110906,3.9,4.15,3.9,4.12,2042657,0
20110907,4.26,4.54,4.25,4.53,1806312,0
20110908,4.48,4.62,4.31,4.35,1234531,0
20110909,4.42,4.59,4.27,4.34,1637456,0
20110912,4.28,4.66,4.28,4.66,1754964,0
20110913,4.75,4.89,4.64,4.82,1932451,0
20110914,4.88,4.98,4.81,4.92,1853921,0
20110915,4.98,5.23,4.95,5.09,1749619,0
20110916,5.14,5.14,4.82,4.96,3598389,0
20110919,4.85,4.85,4.58,4.68,1457460,0
20110920,4.74,4.77,4.51,4.51,959195,0
20110921,4.5,4.65,4.23,4.24,1417360,0
20110922,4.15,4.25,3.93,4.04,2551642,0
20110923,4.06,4.13,3.99,4.03,1872987,0
20110926,4.14,4.54,4.09,4.46,2984264,0
20110927,4.58,4.75,4.42,4.46,2784286,0
20110928,4.47,4.56,4.09,4.14,1706391,0
20110929,4.26,4.48,4.24,4.45,2003262,0
20110930,4.35,4.39,4.12,4.13,1685425,0
20111003,4.07,4.24,3.76,3.76,1949569,0
20111004,3.69,4.33,3.55,4.31,2376124,0
20111005,4.29,4.43,4.19,4.26,1559813,0
20111006,4.26,4.45,4.23,4.44,1400849,0
20111007,4.47,4.65,4.4,4.5,1109622,0
20111010,4.61,4.75,4.55,4.75,1527542,0
20111011,4.69,4.91,4.65,4.87,1348959,0
20111012,4.96,5.1,4.89,5.02,1521115,0
20111013,4.97,5.32,4.93,5.28,1759335,0
20111014,5.38,5.5,5.31,5.4,1872547,0
20111017,5.32,5.32,5.07,5.17,1902791,0
20111018,5.15,5.51,4.94,5.44,1229208,0
20111019,5.4,5.52,5.13,5.17,900979,0
20111020,5.16,5.16,4.78,4.88,2572244,0
20111021,5.01,5.26,4.95,5.24,1695591,0
20111024,5.3,5.86,5.28,5.75,2137549,0
20111025,5.69,5.69,5.33,5.58,1347576,0
20111026,5.66,5.79,5.35,5.6,1186956,0
20111027,5.84,6.02,5.8,5.97,2117703,0
20111028,5.97,6.17,5.9,6.04,2143961,0
20111031,5.91,5.93,5.51,5.82,1620644,0
20111101,5.51,5.75,5.3,5.32,2526485,0
20111102,5.49,5.8,5.43,5.71,1791945,0
20111103,5.81,5.98,5.55,5.93,2907588,0
20111104,5.5,5.95,5.34,5.55,3019562,0
20111107,5.53,5.58,5.33,5.38,1967256,0
20111108,5.46,5.55,5.08,5.22,2799430,0
20111109,5,5.1,4.85,4.87,2420677,0
20111110,5,5.02,4.8,4.94,1569146,0
20111111,5.05,5.2,4.99,5.18,1103437,0
20111114,5.09,5.29,5.05,5.15,1286210,0
20111115,5.12,5.23,4.98,5.1,1120927,0
20111116,5.01,5.26,4.99,5,2026350,0
20111117,5.02,5.03,4.72,4.82,1387591,0
20111118,4.88,4.95,4.78,4.83,1133440,0
20111121,4.69,4.7,4.51,4.54,1060162,0
20111122,4.64,4.77,4.62,4.67,1157160,0
20111123,4.64,4.64,4.46,4.47,1292187,0
20111125,4.42,4.51,4.34,4.35,729967,0
20111128,4.61,4.63,4.45,4.58,1373043,0
20111129,4.57,4.59,4.5,4.51,782482,0
20111130,4.73,4.99,4.66,4.98,1468387,0
20111201,4.94,5.5,4.88,5.42,1925221,0
20111202,5.5,5.5,5.13,5.2,1187034,0
20111205,5.34,5.49,5.29,5.4,1415599,0
20111206,5.41,5.42,5.2,5.32,603716,0
20111207,5.29,5.66,5.25,5.62,1537160,0
20111208,5.54,5.66,5.31,5.31,979873,0
20111209,5.31,5.31,5.15,5.24,1387208,0
20111212,5.05,5.17,5.01,5.08,1117816,0
20111213,5.14,5.18,4.84,4.94,1045525,0
20111214,4.81,4.88,4.7,4.77,852711,0
20111215,4.82,5.01,4.82,4.83,801618,0
20111216,4.89,5.09,4.8,4.94,1490491,0
20111219,4.98,5.03,4.69,4.71,1047291,0
20111220,4.84,5.04,4.84,5.04,1168322,0
20111221,5,5.14,4.88,5.13,1049096,0
20111222,5.16,5.46,5.14,5.42,1823165,0
20111223,5.45,5.55,5.41,5.48,918787,0
20111227,5.45,5.55,5.38,5.43,620828,0
20111228,5.42,5.46,5.16,5.17,815126,0
20111229,5.18,5.24,5.09,5.13,1093251,0
20111230,5.11,5.24,5.05,5.11,1034855,0
20120103,5.28,5.5,5.24,5.5,1221005,0
20120104,5.43,5.45,5.06,5.08,2460422,0
20120105,5.01,5.21,4.98,5.21,1298637,0
20120106,5.24,5.27,5.09,5.2,1156461,0
20120109,5.2,5.25,5.1,5.16,669196,0
20120110,5.25,5.42,5.25,5.38,826035,0
20120111,5.35,5.48,5.33,5.46,785258,0
20120112,5.48,5.49,5.36,5.43,575994,0
20120113,5.39,5.44,5.22,5.24,930530,0
20120117,5.3,5.36,5.19,5.21,873025,0
20120118,5.2,5.48,5.15,5.41,1096922,0
20120119,5.47,5.64,5.37,5.37,1234191,0
20120120,5.41,5.65,5.34,5.59,1571181,0
20120123,5.61,5.84,5.59,5.8,1306258,0
20120124,5.77,5.85,5.73,5.79,1178164,0
20120125,5.8,5.94,5.76,5.89,1207905,0
20120126,5.88,6.25,5.88,6.09,2343708,0
20120127,6.1,6.19,6.04,6.14,962934,0
20120130,6.04,6.16,6.01,6.07,737414,0
20120131,6.16,6.25,5.84,5.84,1457678,0
20120201,5.93,6.12,5.85,6.05,1447506,0
20120202,6.16,7.03,6.1,7,5171397,0
20120203,7.08,7.3,6.43,6.52,4418559,0
20120206,6.42,6.81,6.36,6.73,1994558,0
20120207,6.75,7.15,6.49,7.13,2644625,0
20120208,7.11,7.38,7.02,7.29,1798912,0
20120209,7.32,7.36,7.16,7.26,1250398,0
20120210,7.09,7.2,6.96,7.1,1191456,0
20120213,7.21,7.3,7.06,7.2,1856851,0
20120214,7.18,7.18,6.92,6.99,963893,0
20120215,7.05,7.13,6.98,7.03,1882096,0
20120216,7.08,7.17,6.96,7.14,1233730,0
20120217,7.19,7.2,7.08,7.12,1007238,0
20120221,7.12,7.14,6.72,6.79,1180381,0
20120222,6.78,6.83,6.6,6.64,1142631,0
20120223,6.6,6.69,6.43,6.64,1078165,0
20120224,6.64,6.73,6.54,6.59,1019183,0
20120227,6.6,6.77,6.42,6.55,1193895,0
20120228,6.53,6.66,6.47,6.54,749251,0
20120229,6.52,6.55,6.15,6.17,1036880,0
20120301,6.21,6.43,6.12,6.34,1507756,0
20120302,6.34,6.37,6.05,6.06,1199209,0
20120305,6.06,6.07,5.85,5.9,695667,0
20120306,5.78,5.79,5.54,5.75,1084469,0
20120307,5.79,5.98,5.73,5.96,768831,0
20120308,6.05,6.12,5.92,6.1,731333,0
20120309,6.1,6.17,6,6.15,801952,0
20120312,6.13,6.23,6,6.06,665472,0
20120313,6.2,6.35,6.11,6.34,1028982,0
20120314,6.35,6.45,6.12,6.15,652809,0
20120315,6.25,6.45,6.17,6.4,1588980,0
20120316,6.39,6.39,6.11,6.17,936614,0
20120319,6.16,6.27,6,6.24,1019749,0
20120320,6.16,6.35,6.05,6.27,799569,0
20120321,6.23,6.35,6.17,6.33,787102,0
20120322,6.24,6.29,6.09,6.11,611541,0
20120323,6.14,6.19,6.02,6.07,624115,0
20120326,6.16,6.22,6.1,6.19,795769,0
20120327,6.18,6.25,6.12,6.12,610368,0
20120328,6.12,6.15,5.7,5.86,2374991,0
20120329,5.8,5.98,5.73,5.88,1216714,0
20120330,5.97,5.97,5.77,5.83,629179,0
20120402,5.81,5.9,5.59,5.73,1472101,0
20120403,5.69,5.73,5.51,5.53,756968,0
20120404,5.44,5.44,5.26,5.34,1433710,0
20120405,5.24,5.41,5.24,5.39,654372,0
20120409,5.28,5.37,5.16,5.19,1322376,0
20120410,5.2,5.22,4.98,5,1043642,0
20120411,5.08,5.29,5.06,5.24,631759,0
20120412,5.26,5.37,5.24,5.31,531987,0
20120413,5.26,5.35,5.1,5.1,839471,0
20120416,5.13,5.24,5.02,5.03,626446,0
20120417,5.06,5.37,5.05,5.3,884241,0
20120418,5.23,5.3,5.2,5.21,876933,0
20120419,5.22,5.45,5.14,5.22,619738,0
20120420,5.3,5.3,4.99,5,903701,0
20120423,4.91,5.01,4.63,4.63,2301663,0
20120424,4.67,4.8,4.62,4.75,1732748,0
20120425,4.13,4.22,4.01,4.19,7395987,0
20120426,4.17,4.22,4.16,4.22,1861229,0
20120427,4.22,4.25,4.14,4.22,1604777,0
20120430,4.21,4.25,4.155,4.23,2475582,0
20120501,4.2,4.24,4.11,4.11,1542315,0
20120502,4.09,4.15,3.96,4.01,1486596,0
20120503,4,4.01,3.95,3.95,851690,0
20120504,3.91,3.94,3.76,3.78,1385402,0
20120507,3.75,3.8,3.71,3.74,812763,0
20120508,3.7,3.75,3.62,3.74,848901,0
20120509,3.66,3.77,3.63,3.74,710138,0
20120510,3.78,3.92,3.72,3.89,763792,0
20120511,3.83,3.96,3.83,3.93,772186,0
20120514,3.9,4,3.9,3.96,937330,0
20120515,3.98,4.01,3.93,3.97,1016504,0
20120516,3.97,4,3.91,3.94,1186796,0
20120517,3.96,3.97,3.72,3.75,813612,0
20120518,3.74,3.74,3.51,3.56,1262011,0
20120521,3.55,3.61,3.47,3.6,926028,0
20120522,3.59,3.59,3.49,3.52,658236,0
20120523,3.48,3.63,3.4,3.63,795776,0
20120524,3.64,3.65,3.43,3.45,893695,0
20120525,3.45,3.54,3.45,3.53,855975,0
20120529,3.57,3.96,3.54,3.88,2104501,0
20120530,3.82,4.05,3.7,3.99,1700946,0
20120531,3.97,4.03,3.85,4.02,907374,0
20120601,3.89,3.94,3.74,3.75,578074,0
20120604,3.77,3.84,3.62,3.71,498457,0
20120605,3.69,3.88,3.66,3.84,314273,0
20120606,3.9,4.04,3.85,3.88,641747,0
20120607,3.99,4.27,3.89,4.07,1768761,0
20120608,4.05,4.22,3.95,4.21,633969,0
20120611,4.24,4.4,3.9,3.91,831911,0
20120612,3.96,4.06,3.82,3.92,972947,0
20120613,3.9,4.08,3.75,4,780000,0
20120614,4,4.02,3.87,3.94,391564,0
20120615,3.93,4.16,3.87,4.14,945898,0
20120618,4.09,4.14,3.97,4.12,491209,0
20120619,4.15,4.21,4.05,4.05,669109,0
20120620,4.07,4.17,4,4.16,475440,0
20120621,4.16,4.16,3.96,3.98,518515,0
20120622,4.01,4.15,4,4.15,3777701,0
20120625,4.06,4.15,3.99,4.13,491928,0
20120626,4.12,4.2,4.05,4.08,526863,0
20120627,5,5.38,4.95,5.24,5419710,0
20120628,5.2,5.49,5.16,5.49,2139598,0
20120629,5.55,5.79,5.45,5.635,1708379,0
20120702,5.64,5.74,5.53,5.69,1788817,0
20120703,5.67,5.7,5.6,5.67,481980,0
20120705,5.67,5.67,5.51,5.61,819632,0
20120706,5.55,5.59,5.3,5.42,749143,0
20120709,5.52,5.68,5.48,5.62,1460117,0
20120710,5.64,5.79,5.46,5.54,1485420,0
20120711,5.57,5.67,5.47,5.51,1086573,0
20120712,5.48,5.6,5.4,5.56,1287388,0
20120713,5.57,5.84,5.51,5.65,1214241,0
20120716,5.66,5.87,5.58,5.85,1192300,0
20120717,5.87,5.96,5.7,5.7,1113445,0
20120718,5.7,5.97,5.7,5.84,903132,0
20120719,5.91,5.98,5.8,5.92,866290,0
20120720,5.82,5.88,5.71,5.79,894418,0
20120723,5.63,5.7,5.46,5.62,1097085,0
20120724,5.67,5.7,5.43,5.47,1202320,0
20120725,5.47,5.75,5.44,5.56,1199691,0
20120726,5.71,5.78,5.62,5.74,863664,0
20120727,5.75,6.02,5.65,5.96,1499718,0
20120730,5.97,6.07,5.8,5.86,876298,0
20120731,5.86,6.11,5.85,6,2052695,0
20120801,6.07,6.08,5.81,5.85,1548082,0
20120802,6,6,5.37,5.67,2094134,0
20120803,5.75,5.85,5.45,5.53,1279444,0
20120806,5.52,5.91,5.52,5.86,1291135,0
20120807,5.89,5.99,5.63,5.65,1578624,0
20120808,5.66,5.89,5.62,5.82,799069,0
20120809,5.78,5.9,5.73,5.85,651711,0
20120810,5.75,5.82,5.68,5.74,689021,0
20120813,5.71,5.75,5.54,5.63,689053,0
20120814,5.72,5.75,5.63,5.7,905589,0
20120815,5.65,5.8,5.65,5.78,692678,0
20120816,5.79,5.83,5.65,5.81,693544,0
20120817,5.81,5.91,5.77,5.91,796769,0
20120820,5.86,5.89,5.58,5.63,901016,0
20120821,5.64,5.88,5.56,5.59,856568,0
20120822,5.55,5.58,5.44,5.51,677532,0
20120823,5.5,5.54,5.37,5.44,902050,0
20120824,5.41,5.47,5.35,5.41,675041,0
20120827,5.42,5.42,5.28,5.31,699465,0
20120828,5.32,5.72,5.23,5.71,1541901,0
20120829,5.71,5.78,5.58,5.71,573686,0
20120830,5.65,5.7,5.47,5.51,592247,0
20120831,5.57,5.63,5.39,5.43,563156,0
20120904,5.41,5.66,5.315,5.64,837795,0
20120905,5.67,5.76,5.4,5.42,1439481,0
20120906,5.45,5.72,5.45,5.715,1277872,0
20120907,5.8,6,5.72,5.97,1282280,0
20120910,5.92,6.04,5.87,5.93,638653,0
20120911,5.94,6.23,5.915,6.17,1247354,0
20120912,6.2,6.245,6.05,6.21,842907,0
20120913,6.19,6.44,6.16,6.385,907791,0
20120914,6.42,6.55,6.39,6.45,880672,0
20120917,6.38,6.39,6.13,6.31,886800,0
20120918,6.28,6.5,6.18,6.48,829672,0
20120919,6.51,6.64,6.45,6.47,999612,0
20120920,6.4,6.42,6.21,6.2589,757228,0
20120921,6.35,6.35,6.14,6.19,1077018,0
20120924,6.15,6.17,5.97,6.08,787205,0
20120925,6.12,6.19,5.87,5.89,957219,0
20120926,5.9,5.93,5.78,5.9,654234,0
20120927,5.93,6.2,5.8,5.88,2079736,0
20120928,5.82,5.9,5.75,5.82,489008,0
20121001,5.85,5.88,5.54,5.61,692337,0
20121002,5.37,5.51,5.23,5.49,1882376,0
20121003,5.51,5.535,5.43,5.48,1009938,0
20121004,5.49,5.76,5.42,5.7,664150,0
20121005,5.71,5.85,5.59,5.66,515173,0
20121008,5.61,5.65,5.475,5.52,743113,0
20121009,5.52,5.54,5.43,5.47,463814,0
20121010,5.47,5.5,5.3801,5.48,429502,0
20121011,5.52,5.56,5.45,5.49,441213,0
20121012,5.45,5.49,5.4,5.44,592453,0
20121015,5.47,5.5399,5.42,5.5,296154,0
20121016,5.76,5.825,5.6175,5.74,1040959,0
20121017,5.78,5.89,5.67,5.81,663327,0
20121018,5.82,5.8872,5.68,5.68,408268,0
20121019,5.65,5.685,5.4708,5.52,859344,0
20121022,5.51,5.65,5.43,5.51,614916,0
20121023,5.43,5.6,5.43,5.57,492395,0
20121024,5.6,5.65,5.53,5.62,985144,0
20121025,5.46,5.46,4.64,4.93,3643387,0
20121026,4.92,4.93,4.46,4.52,2482293,0
20121031,4.55,4.87,4.51,4.81,1513005,0
20121101,4.79,4.9,4.79,4.89,834125,0
20121102,4.89,4.92,4.73,4.73,599226,0
20121105,4.73,4.84,4.73,4.81,705415,0
20121106,4.86,4.92,4.71,4.72,518269,0
20121107,4.63,4.65,4.38,4.43,1055397,0
20121108,4.43,4.54,4.26,4.3,971799,0
20121109,4.2,4.41,4.12,4.36,1117217,0
20121112,4.37,4.45,4.25,4.38,698654,0
20121113,4.34,4.49,4.34,4.42,596851,0
20121114,4.43,4.43,4.19,4.25,797609,0
20121115,4.17,4.33,4.09,4.31,1770623,0
20121116,4.28,4.53,4.27,4.5,1124000,0
20121119,4.55,4.94,4.55,4.72,1241058,0
20121120,4.66,4.84,4.64,4.71,634560,0
20121121,4.72,4.79,4.62,4.68,538194,0
20121123,4.68,4.78,4.68,4.78,192188,0
20121126,4.78,4.85,4.68,4.84,447665,0
20121127,4.83,4.85,4.7,4.71,474588,0
20121128,4.75,5.15,4.71,5.15,1088523,0
20121129,5.19,5.58,5.19,5.36,2153748,0
20121130,5.35,5.35,5.18,5.205,753246,0
20121203,5.25,5.281,5.15,5.2,351272,0
20121204,5.18,5.23,4.97,5.04,555946,0
20121205,4.99,5.11,4.91,5.01,610416,0
20121206,5,5.12,4.995,5.09,359302,0
20121207,5.12,5.15,5.0575,5.11,298196,0
20121210,5.11,5.12,5,5.1,349462,0
20121211,5.1,5.32,5.1,5.32,622725,0
20121212,5.35,5.43,5.2,5.24,461785,0
20121213,5.3,5.31,5.105,5.16,284925,0
20121214,5.13,5.23,5.11,5.21,327131,0
20121217,5.13,5.23,5.09,5.17,493114,0
20121218,5.19,5.43,5.14,5.4,673235,0
20121219,5.39,5.49,5.32,5.42,807789,0
20121220,5.44,5.6,5.38,5.59,666673,0
20121221,5.48,5.54,5.25,5.53,1623473,0
20121224,5.51,5.54,5.34,5.51,235882,0
20121226,5.51,5.545,5.4,5.47,325055,0
20121227,5.43,5.47,5.22,5.32,470508,0
20121228,5.27,5.35,5.17,5.3,439858,0
20121231,5.27,5.34,5.2,5.29,907262,0
20130102,5.45,5.74,5.415,5.62,1249708,0
20130103,5.57,5.781,5.57,5.69,510089,0
20130104,5.72,5.82,5.6,5.64,814985,0
20130107,5.58,5.6598,5.51,5.55,518708,0
20130108,5.53,5.71,5.42,5.46,463603,0
20130109,5.5,5.62,5.43,5.59,837210,0
20130110,5.6,5.7,5.55,5.63,523932,0
20130111,5.63,5.65,5.57,5.6,629039,0
20130114,5.55,5.6,5.52,5.54,317032,0
20130115,5.49,5.5,5.41,5.45,399995,0
20130116,5.41,5.59,5.41,5.55,684308,0
20130117,5.56,5.65,5.56,5.61,544000,0
20130118,5.61,5.65,5.53,5.56,540716,0
20130122,5.58,5.585,5.52,5.54,648930,0
20130123,5.55,5.565,5.49,5.5,335358,0
20130124,5.5,5.56,5.44,5.5,585411,0
20130125,5.51,5.57,5.41,5.45,546222,0
20130128,5.47,5.49,5.335,5.36,1170620,0
20130129,5.36,5.46,5.165,5.22,1294702,0
20130130,5.18,5.26,5.12,5.21,2451866,0
20130131,5.18,5.3,5.15,5.24,632297,0
20130201,5.26,5.37,5.25,5.36,547651,0
20130204,5.27,5.38,5.27,5.28,596619,0
20130205,5.3,5.33,5.08,5.13,1080444,0
20130206,4.75,4.941,4.61,4.79,2345616,0
20130207,4.8,4.85,4.7,4.71,739978,0
20130208,4.72,4.8,4.49,4.65,1040916,0
20130211,4.63,4.77,4.63,4.75,939612,0
20130212,4.75,4.79,4.695,4.72,694370,0
20130213,4.75,4.79,4.58,4.62,450646,0
20130214,4.6,4.74,4.47,4.74,552260,0
20130215,4.75,4.83,4.71,4.71,666629,0
20130219,4.71,4.8,4.67,4.68,443394,0
20130220,4.66,4.73,4.505,4.53,507581,0
20130221,4.5,4.55,4.22,4.31,1090872,0
20130222,4.36,4.54,4.36,4.38,846214,0
20130225,4.45,4.51,4.32,4.33,991748,0
20130226,4.35,4.42,4.34,4.37,765398,0
20130227,4.35,4.45,4.35,4.41,471007,0
20130228,4.4,4.5,4.37,4.41,618140,0
20130301,4.45,4.48,4.34,4.45,816240,0
20130304,4.42,4.44,4.31,4.34,550058,0
20130305,4.37,4.5,4.37,4.39,454031,0
20130306,4.4,4.46,4.35,4.4,338801,0
20130307,4.38,4.47,4.34,4.46,679178,0
20130308,4.5,4.61,4.46,4.55,630862,0
20130311,4.53,4.54,4.4,4.48,771834,0
20130312,4.48,4.51,4.45,4.5,612521,0
20130313,4.5,4.74,4.5,4.66,1034400,0
20130314,4.71,4.88,4.68,4.82,733699,0
20130315,4.82,4.82,4.64,4.649,850127,0
20130318,4.36,4.4,4.25,4.27,1207424,0
20130319,4.3,4.3,4.07,4.21,843970,0
20130320,4.23,4.24,4.04,4.07,770729,0
20130321,4.03,4.17,3.93,3.96,1225125,0
20130322,3.97,4.03,3.92,4.03,617005,0
20130325,4.05,4.1,3.94,3.95,652282,0
20130326,4,4.04,3.98,4.02,881794,0
20130327,4,4.3,3.99,4.28,1051350,0
20130328,4.29,4.29,4.06,4.065,838383,0
20130401,4.07,4.13,3.97,4,760763,0
20130402,4.05,4.07,3.94,3.96,757795,0
20130403,3.96,4.04,3.86,3.9,616107,0
20130404,3.95,4.065,3.92,4,773414,0
20130405,3.91,4.08,3.88,3.98,490559,0
20130408,3.99,4,3.87,3.97,410449,0
20130409,3.97,4.04,3.91,3.97,378628,0
20130410,3.98,4.23,3.98,4.155,774358,0
20130411,4.16,4.16,4.09,4.14,350596,0
20130412,4.11,4.16,4.06,4.11,343529,0
20130415,4.06,4.13,3.86,3.91,626489,0
20130416,3.96,4,3.8625,4,444552,0
20130417,3.95,3.985,3.85,3.86,555851,0
20130418,3.88,3.945,3.83,3.88,485288,0
20130419,3.88,3.88,3.77,3.82,444233,0
20130422,3.86,3.89,3.72,3.83,600972,0
20130423,3.86,4.07,3.86,4.07,507445,0
20130424,4.08,4.19,4.01,4.16,415699,0
20130425,4.19,4.26,4.151,4.18,462325,0
20130426,4.16,4.23,4.12,4.15,317073,0
20130429,4.16,4.26,4.12,4.21,385770,0
20130430,4.21,4.25,4.16,4.24,635740,0
20130501,3.77,3.9,3.57,3.72,3915174,0
20130502,3.76,3.8,3.68,3.79,986638,0
20130503,3.72,3.96,3.72,3.95,665584,0
20130506,4.21,4.21,3.99,4.02,761962,0
20130507,4.02,4.18,4.01,4.1,775688,0
20130508,4.07,4.12,4.06,4.1,839435,0
20130509,4.08,4.13,4.06,4.09,672573,0
20130510,4.09,4.24,4.06,4.19,1183981,0
20130513,4.17,4.17,4.08,4.14,702117,0
20130514,4.13,4.25,4.0625,4.21,467444,0
20130515,4.19,4.3675,4.19,4.32,811060,0
20130516,4.29,4.4,4.28,4.37,723913,0
20130517,4.39,4.49,4.34,4.48,956194,0
20130520,4.44,4.49,4.36,4.44,875558,0
20130521,4.22,4.5,4.181,4.4,905965,0
20130522,4.39,4.39,4.16,4.19,1011741,0
20130523,4.1,4.28,4.0684,4.23,735758,0
20130524,4.17,4.26,4.14,4.21,365779,0
20130528,4.28,4.34,4.17,4.18,684952,0
20130529,4.13,4.36,4.09,4.31,711390,0
20130530,4.32,4.58,4.3,4.51,984733,0
20130531,4.44,4.5,4.26,4.28,784389,0
20130603,4.29,4.5,4.25,4.492,894928,0
20130604,4.5,4.55,4.4,4.4,668782,0
20130605,4.33,4.48,4.31,4.45,402960,0
20130606,4.45,4.5,4.24,4.37,1062661,0
20130607,4.43,4.48,4.364,4.45,490738,0
20130610,4.46,4.52,4.425,4.5,588396,0
20130611,4.43,4.62,4.4,4.55,579005,0
20130612,4.58,4.58,4.39,4.4,723569,0
20130613,4.4,4.58,4.4,4.58,769515,0
20130614,4.55,4.64,4.41,4.49,1031703,0
20130617,4.5,4.54,4.365,4.43,476448,0
20130618,4.42,4.51,4.396,4.475,650551,0
20130619,4.47,4.5,4.4,4.41,520677,0
20130620,4.33,4.398,4.16,4.2,881293,0
20130621,4.19,4.32,4.14,4.295,1010950,0
20130624,4.22,4.28,4.1,4.17,640143,0
20130625,4.21,4.24,4.09,4.13,655811,0
20130626,4.17,4.35,4.1,4.29,661080,0
20130627,4.31,4.35,4.18,4.2,476823,0
20130628,4.15,4.335,4.08,4.27,1435990,0
20130701,4.3,4.41,4.28,4.38,603420,0
20130702,4.39,4.4,4.26,4.32,515423,0
20130703,4.25,4.2729,4.13,4.14,384035,0
20130705,4.23,4.25,4.19,4.25,256918,0
20130708,4.25,4.28,4.06,4.12,619929,0
20130709,4.13,4.22,4.122,4.22,367398,0
20130710,4.18,4.24,4.15,4.2,401023,0
20130711,4.25,4.25,4.16,4.23,468292,0
20130712,4.21,4.27,4.21,4.25,882883,0
20130715,4.24,4.32,4.22,4.3,976033,0
20130716,4.3,4.41,4.3,4.36,559541,0
20130717,4.4,4.522,4.37,4.47,698727,0
20130718,4.45,4.47,4.35,4.38,405782,0
20130719,4.34,4.44,4.29,4.43,399474,0
20130722,4.42,4.46,4.36,4.44,462833,0
20130723,4.49,4.49,4.41,4.41,546847,0
20130724,4.43,4.46,4.38,4.38,337685,0
20130725,4.35,4.46,4.35,4.43,413342,0
20130726,4.38,4.41,4.305,4.4,534928,0
20130729,4.37,4.44,4.34,4.42,424524,0
20130730,4.44,4.48,4.33,4.44,748217,0
20130731,4.46,4.55,4.39,4.43,1466995,0
20130801,3.81,3.99,3.65,3.98,5784544,0
20130802,3.95,3.95,3.82,3.85,952935,0
20130805,3.85,3.88,3.79,3.81,1163827,0
20130806,3.81,3.82,3.75,3.76,937236,0
20130807,3.73,3.77,3.7,3.73,978539,0
20130808,3.73,3.76,3.65,3.68,644552,0
20130809,3.65,3.91,3.58,3.87,1399611,0
20130812,3.87,3.99,3.78,3.95,684614,0
20130813,3.96,3.96,3.85,3.85,648975,0
20130814,3.86,3.93,3.86,3.88,376560,0
20130815,3.81,3.87,3.8,3.87,459930,0
20130816,3.83,3.88,3.82,3.86,330310,0
20130819,3.88,3.9,3.83,3.83,404688,0
20130820,3.84,3.97,3.82,3.96,727346,0
20130821,3.93,4.05,3.92,3.97,689560,0
20130822,3.97,4.02,3.9,3.94,882056,0
20130823,3.99,4.025,3.95,3.99,645273,0
20130826,3.99,4.17,3.99,4.11,681945,0
20130827,4.07,4.09,3.96,3.96,542440,0
20130828,4.02,4.22,4.0099,4.15,816358,0
20130829,4.13,4.27,4.13,4.2,416336,0
20130830,4.17,4.23,4.14,4.18,543911,0
20130903,4.25,4.32,4.2,4.24,1049225,0
20130904,4.25,4.32,4.25,4.28,671126,0
20130905,4.27,4.42,4.27,4.34,1040110,0
20130906,4.35,4.4,4.19,4.29,1162719,0
20130909,4.32,4.37,4.27,4.29,440180,0
20130910,4.33,4.33,4.171,4.2,1144784,0
20130911,4.18,4.23,4,4,1187018,0
20130912,4.02,4.18,3.99,4.16,577186,0
20130913,4.16,4.28,4.13,4.27,451741,0
20130916,4.32,4.38,4.22,4.37,895767,0
20130917,4.36,4.4,4.3,4.32,408769,0
20130918,4.31,4.33,4.2,4.3,343518,0
20130919,4.31,4.4,4.15,4.195,1161904,0
20130920,4.22,4.31,4.13,4.19,909603,0
20130923,4.19,4.25,4.15,4.151,421369,0
20130924,4.15,4.36,4.12,4.31,871700,0
20130925,4.3,4.39,4.26,4.34,431500,0
20130926,4.37,4.39,4.29,4.33,449600,0
20130927,4.41,4.59,4.34,4.46,1268333,0
20130930,4.41,4.44,4.3,4.36,628151,0
20131001,4.35,4.44,4.33,4.43,433399,0
20131002,4.38,4.41,4.3,4.33,554093,0
20131003,4.33,4.35,4.24,4.29,359700,0
20131004,4.28,4.4,4.27,4.36,389100,0
20131007,4.32,4.38,4.27,4.37,415000,0
20131008,4.36,4.38,4.25,4.28,587700,0
20131009,4.29,4.31,4.15,4.17,750000,0
20131010,4.23,4.3,4.22,4.22,358000,0
20131011,4.24,4.45,4.2,4.36,623122,0
20131014,4.31,4.4,4.24,4.34,309000,0
20131015,4.31,4.34,4.23,4.33,544998,0
20131016,4.35,4.4,4.31,4.37,431388,0
20131017,4.35,4.43,4.31,4.39,412700,0
20131018,4.42,4.45,4.32,4.43,448000,0
20131021,4.43,4.47,4.34,4.34,660400,0
20131022,4.38,4.43,4.26,4.38,424300,0
20131023,4.33,4.4,4.25,4.28,443700,0
20131024,4.29,4.4,4.24,4.4,437900,0
20131025,4.42,4.45,4.21,4.24,360900,0
20131028,4.26,4.35,4.18,4.28,576300,0
20131029,4.29,4.4,4.26,4.39,591000,0
20131030,4.36,4.36,4.04,4.15,1575700,0
20131031,4.14,4.29,4.12,4.28,831837,0
20131101,4.23,4.29,4.18,4.28,890700,0
20131104,4.27,4.41,4.26,4.3,1144700,0
20131105,4.28,4.34,4.215,4.26,351126,0
20131106,4.28,4.31,4.2,4.26,414600,0
20131107,4.25,4.36,4.23,4.35,562700,0
20131108,4.32,4.59,4.32,4.52,1496300,0
20131111,4.5,4.55,4.45,4.52,405588,0
20131112,4.5,4.58,4.45,4.565,431729,0
20131113,4.54,4.8,4.52,4.7,909141,0
20131114,4.72,4.75,4.63,4.68,819500,0
20131115,4.67,4.83,4.67,4.72,682200,0
20131118,4.72,4.87,4.71,4.76,670800,0
20131119,4.74,4.95,4.67,4.94,1624900,0
20131120,4.96,5,4.76,4.77,1166300,0
20131121,4.76,4.9,4.73,4.87,936900,0
20131122,4.89,4.94,4.82,4.89,430800,0
20131125,4.88,4.93,4.8,4.86,467300,0
20131126,4.85,4.93,4.84,4.85,387600,0
20131127,4.84,5,4.83,4.97,524500,0
20131129,4.99,5,4.95,4.96,221132,0
20131202,4.88,4.94,4.7,4.8,528800,0
20131203,4.78,4.92,4.77,4.85,475100,0
20131204,4.87,4.88,4.69,4.79,422642,0
20131205,4.78,4.9999,4.78,4.96,925745,0
20131206,4.99,4.99,4.89,4.96,506900,0
20131209,4.89,5.12,4.89,4.98,936800,0
20131210,4.96,5,4.83,4.83,477000,0
20131211,4.85,4.9,4.7,4.77,498000,0
20131212,4.77,4.77,4.62,4.64,367600,0
20131213,4.63,4.69,4.44,4.58,636800,0
20131216,4.58,4.7,4.55,4.66,484500,0
20131217,4.65,4.68,4.58,4.61,451834,0
20131218,4.6,4.66,4.51,4.59,455600,0
20131219,4.57,4.66,4.51,4.57,451700,0
20131220,4.56,4.65,4.5,4.55,1320500,0
20131223,4.6,4.66,4.52,4.6,756300,0
20131224,4.6,4.75,4.56,4.72,465316,0
20131226,4.72,4.74,4.61,4.66,608700,0
20131227,4.7,4.7,4.57,4.6,264300,0
20131230,4.6,4.66,4.55,4.62,514000,0
20131231,4.59,4.74,4.51,4.7,793900,0
20140102,4.67,4.73,4.53,4.66,588467,0
20140103,4.64,4.79,4.62,4.74,404473,0
20140106,4.74,4.78,4.65,4.68,445300,0
20140107,4.74,4.8,4.67,4.75,714700,0
20140108,4.73,4.8,4.64,4.72,787800,0
20140109,4.73,4.76,4.64,4.67,607800,0
20140110,4.68,4.68,4.47,4.6,1385300,0
20140113,4.55,4.59,4.37,4.42,842500,0
20140114,4.42,4.59,4.42,4.47,1010100,0
20140115,4.49,4.59,4.44,4.49,679700,0
20140116,4.45,4.53,4.44,4.46,511615,0
20140117,4.45,4.51,4.39,4.39,460900,0
20140121,4.41,4.45,4.34,4.41,321000,0
20140122,4.39,4.43,4.36,4.39,549000,0
20140123,4.35,4.41,4.35,4.41,1382800,0
20140124,4.37,4.4,4.36,4.36,930788,0
20140127,4.36,4.37,4.23,4.27,711700,0
20140128,4.25,4.27,4.03,4.14,3178813,0
20140129,4.11,4.18,3.98,4.12,1622200,0
20140130,4.29,4.35,4.14,4.25,666400,0
20140131,4.17,4.25,4.13,4.17,641644,0
20140203,4.17,4.26,4.11,4.15,919905,0
20140204,4.18,4.21,4.115,4.15,656950,0
20140205,4.1,4.2,4.05,4.15,805975,0
20140206,4.01,4.01,3.74,3.9,2704059,0
20140207,3.9,4.02,3.85,3.94,665907,0
20140210,3.92,3.99,3.91,3.95,409474,0
20140211,3.94,4.2,3.94,4.17,1334879,0
20140212,4.17,4.26,4.12,4.13,747735,0
20140213,4.09,4.16,4.01,4.06,680428,0
20140214,4.06,4.13,4.04,4.05,446961,0
20140218,4.05,4.185,4.04,4.07,579539,0
20140219,4.07,4.16,4.07,4.09,366163,0
20140220,4.07,4.19,4.07,4.18,528069,0
20140221,4.17,4.27,4.15,4.25,639957,0
20140224,4.3,4.41,4.18,4.38,852877,0
20140225,4.36,4.41,4.2801,4.32,594460,0
20140226,4.34,4.411,4.24,4.33,610132,0
20140227,4.31,4.39,4.26,4.37,461186,0
20140228,4.39,4.42,4.29,4.38,828607,0
20140303,4.31,4.68,4.305,4.67,1896993,0
20140304,4.7,4.8,4.63,4.73,1554142,0
20140305,4.71,4.71,4.47,4.49,1139463,0
20140306,4.51,4.5696,4.48,4.48,451131,0
20140307,4.5,4.51,4.44,4.46,302347,0
20140310,4.46,4.5,4.39,4.41,568361,0
20140311,4.4,4.45,4.29,4.31,796011,0
20140312,4.3,4.41,4.3,4.39,367938,0
20140313,4.41,4.47,4.25,4.25,453860,0
20140314,4.24,4.32,4.21,4.29,475799,0
20140317,4.33,4.41,4.31,4.36,458691,0
20140318,4.34,4.5,4.26,4.47,807063,0
20140319,4.46,4.54,4.41,4.45,618458,0
20140320,4.43,4.53,4.344,4.51,324102,0
20140321,4.53,4.53,4.37,4.39,788280,0
20140324,4.41,4.45,4.3,4.35,593919,0
20140325,4.38,4.42,4.26,4.31,498049,0
20140326,4.33,4.34,4.09,4.09,548200,0
20140327,4.09,4.17,4.005,4.06,729444,0
20140328,4.07,4.15,4.02,4.05,249242,0
20140331,4.06,4.13,4.06,4.09,409993,0
20140401,4.08,4.19,4.052,4.17,516756,0
20140402,4.16,4.17,4.07,4.14,414441,0
20140403,4.13,4.17,3.98,4.05,520496,0
20140404,3.98,4.09,3.83,3.95,837553,0
20140407,3.92,4.04,3.87,4,611132,0
20140408,4.02,4.16,3.96,4.02,657500,0
20140409,4.02,4.13,4.02,4.11,235899,0
20140410,4.09,4.09,3.89,3.9,476343,0
20140411,3.86,3.94,3.81,3.86,408889,0
20140414,3.95,3.95,3.8,3.86,479937,0
20140415,3.86,3.97,3.73,3.94,731505,0
20140416,3.87,3.92,3.78,3.79,451485,0
20140417,3.76,3.96,3.74,3.93,249094,0
20140421,3.93,3.9799,3.85,3.86,304779,0
20140422,3.85,3.995,3.79,3.99,731485,0
20140423,3.96,4.175,3.92,4.06,785445,0
20140424,4.1,4.11,3.98,4.03,308700,0
20140425,3.97,4.04,3.83,3.9,617052,0
20140428,3.87,3.89,3.76,3.78,772817,0
20140429,3.81,3.85,3.71,3.74,307610,0
20140430,3.74,3.75,3.65,3.69,583533,0
20140501,3.58,3.72,3.52,3.58,1793992,0
20140502,3.47,3.5,3.27,3.39,1236039,0
20140505,3.39,3.39,3.3,3.37,668720,0
20140506,3.37,3.39,3.24,3.25,611908,0
20140507,3.21,3.3,3.16,3.23,498856,0
20140508,3.25,3.425,3.2049,3.21,973510,0
20140509,3.18,3.25,3.16,3.24,497599,0
20140512,3.27,3.38,3.26,3.3,625293,0
20140513,3.3,3.31,3.16,3.17,583588,0
20140514,3.17,3.21,3.12,3.13,610767,0
20140515,3.18,3.19,3.05,3.11,529187,0
20140516,3.1,3.14,3.08,3.14,270834,0
20140519,3.14,3.26,3.14,3.21,315489,0
20140520,3.13,3.22,3.09,3.15,457881,0
20140521,3.07,3.21,3.07,3.16,502225,0
20140522,3.17,3.32,3.15,3.21,654786,0
20140523,3.2,3.29,3.2,3.29,369340,0
20140527,3.29,3.43,3.27,3.3,746496,0
20140528,3.31,3.35,3.26,3.34,328257,0
20140529,3.37,3.4,3.35,3.35,336028,0
20140530,3.36,3.36,3.25,3.29,504985,0
20140602,3.31,3.33,3.21,3.23,440803,0
20140603,3.24,3.33,3.2,3.2,523474,0
20140604,3.21,3.26,3.15,3.18,387319,0
20140605,3.18,3.3,3.17,3.27,586792,0
20140606,3.3,3.36,3.25,3.34,564228,0
20140609,3.32,3.46,3.3,3.37,500459,0
20140610,3.59,3.59,3.33,3.4,2077900,0
20140611,3.4,3.5,3.28,3.35,1183366,0
20140612,3.36,3.42,3.31,3.35,1037500,0
20140613,3.34,3.419,3.31,3.38,656823,0
20140616,3.4,3.44,3.35,3.4,425285,0
20140617,3.42,3.45,3.39,3.43,796946,0
20140618,3.43,3.46,3.39,3.44,527851,0
20140619,3.46,3.47,3.4,3.46,321018,0
20140620,3.47,3.47,3.39,3.43,1433219,0
20140623,3.42,3.44,3.385,3.4,461843,0
20140624,3.36,3.45,3.32,3.33,655172,0
20140625,3.32,3.4,3.26,3.39,591586,0
20140626,3.38,3.38,3.25,3.27,470322,0
20140627,3.26,3.3,3.2,3.23,1978457,0
20140630,3.23,3.36,3.2,3.33,949020,0
20140701,3.36,3.44,3.34,3.36,703389,0
20140702,3.35,3.38,3.3,3.31,609800,0
20140703,3.38,3.4,3.31,3.37,391749,0
20140707,3.34,3.39,3.26,3.28,772085,0
20140708,3.29,3.3,3.2,3.2475,459597,0
20140709,3.24,3.3,3.22,3.24,354590,0
20140710,3.17,3.23,3.15,3.2,660793,0
20140711,3.18,3.275,3.18,3.24,222333,0
20140714,3.26,3.3,3.23,3.28,588546,0
20140715,3.26,3.29,3.2,3.2,422026,0
20140716,3.2,3.24,3.17,3.18,350177,0
20140717,3.15,3.18,3.1,3.11,548322,0
20140718,3.09,3.19,3.08,3.185,330502,0
20140721,3.16,3.21,3.13,3.21,228032,0
20140722,3.21,3.26,3.17,3.21,305101,0
20140723,3.2,3.2,3.12,3.13,209204,0
20140724,3.12,3.1657,3.0113,3.08,854636,0
20140725,3.03,3.09,3,3.05,818364,0
20140728,3.04,3.05,2.96,2.99,665069,0
20140729,2.98,3.06,2.95,2.99,504232,0
20140730,3.01,3.12,3,3.08,781793,0
20140731,2.95,3.06,2.77,2.79,1995131,0
20140801,2.78,2.79,2.46,2.5,2545041,0
20140804,2.54,2.68,2.51,2.63,1593728,0
20140805,2.62,2.68,2.58,2.67,537479,0
20140806,2.66,2.72,2.63,2.68,658339,0
20140807,2.7,2.72,2.63,2.64,595516,0
20140808,2.64,2.66,2.58,2.65,634831,0
20140811,2.66,2.75,2.66,2.74,316458,0
20140812,2.72,2.77,2.65,2.66,308298,0
20140813,2.66,2.75,2.62,2.71,280991,0
20140814,2.7,2.73,2.65,2.69,220510,0
20140815,2.73,2.73,2.6,2.66,367542,0
20140818,2.7,2.72,2.65,2.71,651170,0
20140819,2.7,2.75,2.67,2.7,232678,0
20140820,2.67,2.7,2.61,2.65,377968,0
20140821,2.45,2.65,2.4405,2.63,699996,0
20140822,2.59,2.6,2.55,2.56,1675603,0
20140825,2.58,2.68,2.58,2.64,430770,0
20140826,2.64,2.65,2.58,2.64,344532,0
20140827,2.66,2.67,2.6,2.61,352897,0
20140828,2.6,2.62,2.55,2.57,615616,0
20140829,2.58,2.63,2.56,2.63,437096,0
20140902,2.62,2.67,2.58,2.63,465047,0
20140903,2.63,2.65,2.58,2.6,328484,0
20140904,2.59,2.64,2.55,2.55,302954,0
20140905,2.54,2.61,2.49,2.61,3082861,0
20140908,2.62,2.65,2.57,2.63,750390,0
20140909,2.58,2.65,2.57,2.61,1124599,0
20140910,2.6,2.61,2.56,2.57,657306,0
20140911,2.56,2.69,2.56,2.67,804589,0
20140912,2.66,2.815,2.63,2.77,923856,0
20140915,2.76,2.8,2.66,2.74,776619,0
20140916,2.9,3.04,2.75,2.94,4020742,0
20140917,2.92,3.02,2.84,2.95,1654136,0
20140918,2.95,3,2.9,2.95,982855,0
20140919,2.97,3.04,2.9,2.99,3759351,0
20140922,2.96,2.995,2.94,2.95,642594,0
20140923,2.93,2.98,2.8601,2.9,737963,0
20140924,2.9,2.95,2.78,2.84,1942899,0
20140925,2.82,2.88,2.73,2.75,934492,0
20140926,2.74,2.87,2.72,2.77,867326,0
20140929,2.75,2.8,2.695,2.73,865650,0
20140930,2.67,2.74,2.65,2.66,1508134,0
20141001,2.65,2.68,2.54,2.56,1468077,0
20141002,2.57,2.63,2.57,2.58,680798,0
20141003,2.62,2.65,2.535,2.57,908431,0
20141006,2.57,2.62,2.5,2.54,1161589,0
20141007,2.57,2.6,2.45,2.45,924756,0
20141008,2.45,2.47,2.31,2.45,1303723,0
20141009,2.44,2.445,2.29,2.32,1388767,0
20141010,2.3,2.33,2.24,2.28,933837,0
20141013,2.3,2.34,2.25,2.3,729479,0
20141014,2.34,2.38,2.3,2.32,778492,0
20141015,2.29,2.46,2.2391,2.44,818304,0
20141016,2.38,2.54,2.38,2.43,459702,0
20141017,2.49,2.5,2.28,2.29,446250,0
20141020,2.26,2.4,2.26,2.37,318663,0
20141021,2.38,2.42,2.37,2.39,330975,0
20141022,2.39,2.4,2.26,2.26,309650,0
20141023,2.28,2.36,2.26,2.33,302898,0
20141024,2.34,2.3421,2.29,2.3,234856,0
20141027,2.28,2.35,2.26,2.3,521422,0
20141028,2.31,2.54,2.28,2.53,971153,0
20141029,2.52,2.53,2.35,2.38,614169,0
20141030,2.38,2.47,2.32,2.39,536478,0
20141031,2.46,2.5,2.4,2.5,865572,0
20141103,2.36,2.5,2.35,2.39,1558584,0
20141104,2.38,2.525,2.38,2.51,952547,0
20141105,2.53,2.55,2.5,2.54,225076,0
20141106,2.52,2.56,2.48,2.53,440956,0
20141107,2.51,2.5213,2.44,2.5,623506,0
20141110,2.47,2.77,2.42,2.71,2409710,0
20141111,2.7,2.77,2.63,2.67,784618,0
20141112,2.67,2.69,2.56,2.63,645161,0
20141113,2.62,2.67,2.55,2.58,363137,0
20141114,2.57,2.6,2.51,2.59,509708,0
20141117,2.57,2.64,2.505,2.55,315506,0
20141118,2.53,2.62,2.51,2.53,810362,0
20141119,2.52,2.55,2.415,2.44,422932,0
20141120,2.41,2.49,2.39,2.45,817423,0
20141121,2.49,2.49,2.35,2.37,700929,0
20141124,2.39,2.49,2.375,2.49,641365,0
20141125,2.5,2.5,2.4,2.41,1110563,0
20141126,2.42,2.49,2.41,2.48,586851,0
20141128,2.47,2.515,2.38,2.38,264409,0
20141201,2.4,2.41,2.27,2.3,526840,0
20141202,2.32,2.42,2.31,2.39,493388,0
20141203,2.41,2.54,2.35,2.5,691380,0
20141204,2.49,2.63,2.45,2.46,379978,0
20141205,2.46,2.59,2.45,2.47,889436,0
20141208,2.45,2.55,2.39,2.42,849658,0
20141209,2.38,2.61,2.37,2.56,796929,0
20141210,2.54,2.6,2.41,2.5,873527,0
20141211,2.51,2.59,2.47,2.5,409718,0
20141212,2.45,2.55,2.44,2.48,496550,0
20141215,2.5,2.55,2.38,2.42,596846,0
20141216,2.35,2.43,2.15,2.18,1587909,0
20141217,2.22,2.34,2.17,2.28,1097140,0
20141218,2.34,2.38,2.23,2.24,757386,0
20141219,2.22,2.26,2.17,2.19,2980385,0
20141222,2.18,2.33,2.17,2.27,1000439,0
20141223,2.29,2.34,2.27,2.32,341090,0
20141224,2.32,2.34,2.23,2.26,710090,0
20141226,2.28,2.31,2.25,2.3,372294,0
20141229,2.29,2.47,2.28,2.45,804450,0
20141230,2.41,2.52,2.41,2.51,477206,0
20141231,2.51,2.55,2.453,2.53,734655,0
20150102,2.53,2.53,2.42,2.5,336921,0
20150105,2.46,2.54,2.4,2.4,245770,0
20150106,2.42,2.46,2.25,2.29,763472,0
20150107,2.31,2.45,2.31,2.45,1218449,0
20150108,2.49,2.55,2.39,2.54,923433,0
20150109,2.52,2.52,2.41,2.46,390059,0
20150112,2.47,2.48,2.38,2.42,726149,0
20150113,2.44,2.51,2.36,2.44,545490,0
20150114,2.41,2.45,2.31,2.36,404832,0
20150115,2.4,2.43,2.37,2.4,1026961,0
20150116,2.4,2.48,2.4,2.47,642870,0
