Date,Open,High,Low,Close,Volume,OpenInt
20130626,17,17.4,14.45,14.5,3083838,0
20130627,14.49,14.72,13.73,14,527857,0
20130628,13.76,14.3,13.65,14.1,158104,0
20130701,14.21,14.25,13.55,14.01,127183,0
20130702,14.06,14.6,14.06,14.57,122916,0
20130703,14.75,14.75,14.61,14.61,70627,0
20130705,14.75,14.79,14.52,14.58,47575,0
20130708,14.88,14.99,14.57,14.94,73810,0
20130709,14.93,15.74,14.92,15.7,70683,0
20130710,15.52,16.24,15.52,16.05,57136,0
20130711,16.64,16.73,16.01,16.73,60119,0
20130712,16.9,17.1,16.5,17.05,41871,0
20130715,17.18,17.48,16.37,17.21,71625,0
20130716,17.57,18.95,16.85,17.31,55494,0
20130717,17.9,17.93,16.51,17.15,52112,0
20130718,17.45,17.45,16.77,17.28,84921,0
20130719,16.97,17.34,16.82,16.9,114117,0
20130722,17.74,17.887,16.87,17.05,350105,0
20130723,17.4,18,17.01,17.11,128940,0
20130724,17.25,17.5,16.92,16.96,50431,0
20130725,17,17.22,16.62,16.78,93679,0
20130726,16.78,17.11,16.64,17.07,58015,0
20130729,17.15,17.5,17.1,17.41,55577,0
20130730,17.5,17.7,17.16,17.65,57943,0
20130731,18,18,17.46,17.84,78000,0
20130801,18,18.88,17.621,17.79,80036,0
20130802,17.9,18.49,17.9,18.25,33635,0
20130805,18.12,18.86,18.12,18.44,20639,0
20130806,18.27,18.5,18.02,18.15,48530,0
20130807,18,18.749,17.61,17.73,38658,0
20130808,17.82,18.02,16.641,17.23,43222,0
20130809,17.03,17.49,16.191,16.69,64962,0
20130812,16.64,17.5,16.64,17.23,19359,0
20130813,20.1,20.1,17.14,17.44,89587,0
20130814,17.47,17.73,17.04,17.48,18338,0
20130815,17.22,17.349,17.05,17.06,17458,0
20130816,17.35,17.53,16.95,17.24,12067,0
20130819,17.4,17.54,16.9,16.93,7789,0
20130820,17.2,17.3,16.61,16.9,68725,0
20130821,17.07,17.07,16,16.64,53963,0
20130822,17.28,17.3,16.51,16.95,35954,0
20130823,17.01,17.16,16.35,16.8,47257,0
20130826,17.18,17.18,16.85,17,13934,0
20130827,17.18,17.188,16.76,16.76,34998,0
20130828,16.94,17,16.76,16.81,26328,0
20130829,16.77,17.18,16.77,16.87,67460,0
20130830,17.04,17.04,16,16.12,40333,0
20130903,17.63,17.95,16.06,16.4,178226,0
20130904,16.3,16.3,15.1,15.44,69749,0
20130905,15.5,16.05,15.1,15.27,193998,0
20130906,15.42,15.55,14.8,15.4,39012,0
20130909,15.5,15.59,14.86,14.99,217653,0
20130910,15.16,15.76,14.89,14.97,231343,0
20130911,15.07,15.63,15.07,15.47,51942,0
20130912,15.71,15.76,15.32,15.6,51747,0
20130913,15.58,17.1,15.53,16.59,110398,0
20130916,16.79,17.45,16.446,16.72,55930,0
20130917,16.75,17.2,16.5,16.82,23148,0
20130918,16.69,17.39,16.5,16.98,36066,0
20130919,16.98,17.19,16.57,16.82,49329,0
20130920,16.78,16.81,16.7,16.71,78876,0
20130923,16.57,17.74,16.57,17.65,99459,0
20130924,17.85,18.98,17.32,18.16,113600,0
20130925,18.21,18.43,18.05,18.23,61700,0
20130926,19.52,19.55,18.51,18.87,85000,0
20130927,18.74,19.15,18.06,18.7,50403,0
20130930,18.69,19.16,18.21,18.86,556675,0
20131001,19,19.295,18.58,18.87,66318,0
20131002,18.81,18.99,18.6,18.89,55161,0
20131003,18.97,19.08,18.57,18.76,30800,0
20131004,18.71,18.9,17.71,18.61,55900,0
20131007,18.39,18.49,17.9,18.17,20985,0
20131008,18.4,18.42,16.84,17.49,46700,0
20131009,17.51,17.51,16.06,16.46,69900,0
20131010,16.6,16.75,16.35,16.5,49700,0
20131011,16.46,16.829,16.45,16.69,203140,0
20131014,16.64,16.91,16.5,16.68,40000,0
20131015,16.71,16.83,16.57,16.63,11002,0
20131016,16.91,17.65,16.6,17.36,39374,0
20131017,18.11,18.11,17,17.35,22600,0
20131018,17.96,17.96,17.07,17.2,45100,0
20131021,17.25,17.34,16.31,16.52,64000,0
20131022,16.52,16.99,16.29,16.57,33700,0
20131023,16.31,16.59,15.5,15.66,113500,0
20131024,15.79,15.86,15.35,15.61,79600,0
20131025,15.7,15.76,14.51,15.14,104900,0
20131028,15.17,15.81,15.12,15.67,39600,0
20131029,15.62,16.01,15.6,15.79,34400,0
20131030,16.09,16.1,15.7,15.75,54900,0
20131031,15.78,15.8,15.55,15.67,37864,0
20131101,15.66,15.66,14.75,14.9,46100,0
20131104,14.99,15.68,14.97,15.03,19300,0
20131105,15.01,15.49,14.94,15.01,23869,0
20131106,15.42,15.8,14.75,14.77,61600,0
20131107,14.95,15.12,14.49,14.51,29200,0
20131108,14.5,15.07,14.5,14.85,18500,0
20131111,14.89,15,14.673,14.73,22729,0
20131112,14.7,14.722,14.2,14.44,42433,0
20131113,14.31,14.31,13.5,13.63,155746,0
20131114,13.68,14.01,13.68,13.89,16000,0
20131115,13.9,13.9,13.64,13.75,42700,0
20131118,14,14.74,13.48,13.49,74800,0
20131119,13.43,13.56,12.71,12.76,49800,0
20131120,12.85,13.49,12.6,12.81,103600,0
20131121,12.85,12.94,12.09,12.19,54700,0
20131122,12.23,12.23,11.2,11.74,151800,0
20131125,11.9,12.18,11.33,11.51,70800,0
20131126,11.51,11.95,11,11.1,134300,0
20131127,11.1,11.37,10.9,11.29,233100,0
20131129,12.03,12.03,11.28,11.93,34402,0
20131202,11.94,12.6,11.43,11.93,59200,0
20131203,12.07,12.22,11.77,12.11,66200,0
20131204,12.1,12.44,11.89,12.26,21158,0
20131205,12.33,12.74,12.06,12.6,48015,0
20131206,12.75,13.47,12.6,13.32,39100,0
20131209,13.65,14,13.41,13.64,70500,0
20131210,13.66,13.92,13.05,13.09,48300,0
20131211,13.1,13.28,12.18,12.68,58600,0
20131212,12.82,13.38,12.22,13.02,44600,0
20131213,12.97,13,12.5,12.91,33200,0
20131216,12.92,14.45,12.92,13.61,128200,0
20131217,13.76,14.22,13.1,13.51,81769,0
20131218,13.48,14.23,12.73,13.98,38700,0
20131219,14.01,14.58,12.76,12.77,67200,0
20131220,12.82,13.93,12.52,12.92,391400,0
20131223,12.97,13.99,12.52,13.92,63300,0
20131224,14,14,13.69,13.83,31344,0
20131226,13.91,13.91,13.24,13.3,33500,0
20131227,13.71,13.94,13.01,13.07,36000,0
20131230,13.17,13.17,12.61,12.79,44300,0
20131231,12.86,13.85,12.79,13.74,45217,0
20140102,13.81,14.15,13.52,13.88,117962,0
20140103,14.04,14.5,14.02,14.14,81970,0
20140106,14.3,14.49,14.12,14.34,46200,0
20140107,14.42,16.53,14.42,15.94,150000,0
20140108,16,16,15.17,15.35,63100,0
20140109,15.6,16.14,15.35,15.79,44500,0
20140110,15.78,16.39,15.09,15.46,53100,0
20140113,15.5,15.68,15.27,15.39,51900,0
20140114,15.4,15.49,15.02,15.12,29300,0
20140115,15.12,15.28,14.83,14.92,57900,0
20140116,14.8,15.15,14.8,15,71222,0
20140117,15.03,16.27,14.8,16,44100,0
20140121,16.16,16.99,16.05,16.79,78800,0
20140122,16.88,16.93,16.29,16.75,47100,0
20140123,16.7,16.85,16.26,16.35,54000,0
20140124,15.63,16.24,15.38,15.78,40580,0
20140127,15.73,16.12,14.88,15.08,69900,0
20140128,15.17,15.73,15,15.09,25771,0
20140129,14.89,15.75,14.8,14.88,43100,0
20140130,15.02,16.5,14.9,16.28,56700,0
20140131,16.08,16.08,15.1,15.26,26023,0
20140203,15.53,15.59,14.53,14.56,63360,0
20140204,14.56,14.75,14.08,14.44,31987,0
20140205,14.32,14.38,13.84,14.06,34187,0
20140206,14.05,14.05,13.5,13.55,44735,0
20140207,13.64,15.3,13.55,15.09,64825,0
20140210,14.76,15.56,13.69,15.56,22795,0
20140211,14.57,15.66,14.57,15.54,23382,0
20140212,15.5,15.89,15.15,15.25,52668,0
20140213,15.1,16.15,14.8,16.13,39710,0
20140214,15.94,16.25,15.9,15.93,32697,0
20140218,15.93,16.06,15.68,15.87,29170,0
20140219,15.77,15.86,15.29,15.32,27392,0
20140220,15.39,15.6,15.18,15.48,12940,0
20140221,15.47,15.55,14.85,15.05,30473,0
20140224,15.13,15.54,15.07,15.33,17404,0
20140225,15.545,15.545,15.26,15.36,13044,0
20140226,15.25,15.42,15.13,15.32,23444,0
20140227,15.43,15.92,15.34,15.89,43045,0
20140228,15.94,16.23,15.4,15.55,57447,0
20140303,15.51,15.96,15.36,15.76,24282,0
20140304,15.98,16.14,15.78,16.05,35286,0
20140305,16.05,16.5,15.91,16.38,42639,0
20140306,16.25,17.149,16.25,16.48,93367,0
20140307,16.63,17.74,16.37,17.4,160479,0
20140310,17.5,18.4,17.11,17.97,153819,0
20140311,18.31,18.83,17.74,18.01,220754,0
20140312,17.97,18.17,17.46,17.59,52806,0
20140313,17.73,17.89,16.38,16.42,48603,0
20140314,16.66,16.67,16.02,16.36,38590,0
20140317,16.38,16.38,15.3,15.5,62638,0
20140318,15.51,16.75,15.29,15.93,51493,0
20140319,17.1,17.1,15.79,15.83,46756,0
20140320,15.84,16.02,15.22,15.31,39455,0
20140321,15.33,15.71,14.44,14.65,94506,0
20140324,14.62,14.7,14.14,14.19,60000,0
20140325,14.21,14.67,14.14,14.26,27143,0
20140326,14.72,15.25,14.51,14.7,84500,0
20140327,14.65,15.25,14.025,15.2,66563,0
20140328,15.28,16.1,14.3,14.95,75895,0
20140331,15.01,15.32,14.82,15.12,221763,0
20140401,15.31,15.97,14.56,14.92,45735,0
20140402,14.85,15.1,14.65,14.8,80932,0
20140403,14.73,14.78,14.01,14.59,78309,0
20140404,14.44,15,13.56,14.05,103940,0
20140407,13.94,14.54,13.51,13.95,69042,0
20140408,13.92,14.8,13.793,14.63,54094,0
20140409,14.93,15.345,14.868,15.24,33141,0
20140410,15.21,15.21,14.2,14.58,58485,0
20140411,14.77,14.78,13.86,13.86,49772,0
20140414,13.94,14.05,13.52,13.68,38458,0
20140415,13.72,13.85,12.75,13.25,49179,0
20140416,13.1,13.94,13.1,13.82,16116,0
20140417,13.8,14.44,13.37,13.76,45788,0
20140421,14.55,14.71,13.84,14.2,41273,0
20140422,14.3,15.4,14.25,14.86,45295,0
20140423,14.99,14.99,14.02,14.68,40752,0
20140424,14.81,14.97,14.05,14.61,34488,0
20140425,14.6,14.6,14.1,14.12,27220,0
20140428,14.21,14.21,13.4,13.95,31861,0
20140429,13.86,14.08,13.53,13.72,35666,0
20140430,13.66,13.82,13.21,13.79,32778,0
20140501,13.74,13.77,13.36,13.51,28986,0
20140502,13.4,13.67,12.83,12.89,40373,0
20140505,12.87,13.28,12.76,13.04,19349,0
20140506,13.18,13.32,12.79,12.92,57919,0
20140507,12.82,13.4,12.773,13.17,42202,0
20140508,13.38,13.47,13.01,13.11,43091,0
20140509,13.04,13.92,13.02,13.68,27571,0
20140512,13.93,14.46,13.75,14.23,29175,0
20140513,14.25,14.5,13.79,14.24,42788,0
20140514,13.94,15.349,13.72,14.93,43209,0
20140515,14.81,14.81,14.4,14.42,48148,0
20140516,14.5,14.59,14.4,14.59,19431,0
20140519,13.74,14.63,13.69,13.78,29716,0
20140520,13.9,14.32,13.9,14.22,39872,0
20140521,14.35,14.4,14.01,14.2,18532,0
20140522,14.16,14.49,14.16,14.38,15318,0
20140523,14.4,14.98,14.36,14.57,33804,0
20140527,14.33,15.45,14.155,15.21,47789,0
20140528,15.2,15.43,14.67,15.01,22796,0
20140529,15.16,15.39,15.03,15.39,20640,0
20140530,15.31,15.54,15.07,15.26,19822,0
20140602,15.23,15.23,14.39,14.44,19475,0
20140603,14.2,14.73,14,14.06,17462,0
20140604,14.03,15.08,13.92,14.7,23839,0
20140605,14.66,15.22,14.56,14.85,14503,0
20140606,14.98,15.11,14.56,14.91,11671,0
20140609,14.94,15.07,14.56,14.96,32181,0
20140610,14.81,15.14,14.7,15.13,20800,0
20140611,15.07,15.69,15.07,15.47,33311,0
20140612,15.5,15.5,14.56,14.69,31368,0
20140613,14.82,14.97,14.5,14.85,14835,0
20140616,14.9,14.9,14.34,14.62,11950,0
20140617,14.53,14.81,14.5,14.61,15123,0
20140618,14.66,14.93,14.41,14.87,9776,0
20140619,14.99,15.37,14.71,15.21,18998,0
20140620,15.3,15.35,14.97,15.33,42405,0
20140623,15.25,15.25,14.93,15.09,17613,0
20140624,15.1,15.25,14.89,15.03,19745,0
20140625,14.93,15.25,14.68,15.17,9015,0
20140626,14.99,15.28,14.77,15.16,7035,0
20140627,15.04,15.6,14.9,15.45,68337,0
20140630,15.35,15.95,15.31,15.84,21277,0
20140701,15.8,16.2,15.27,15.86,25072,0
20140702,16,16.32,15.82,15.91,33500,0
20140703,16.11,16.11,15.7,15.82,8113,0
20140707,15.53,15.81,15.17,15.18,11733,0
20140708,15.28,15.588,15.07,15.35,44924,0
20140709,15.38,15.519,15.22,15.47,19641,0
20140710,15.36,15.58,15.15,15.49,18280,0
20140711,15.76,15.97,15.27,15.33,19801,0
20140714,15.68,15.88,15.49,15.55,27442,0
20140715,15.37,15.37,14.66,14.66,20147,0
20140716,14.76,15.055,14,14.03,14610,0
20140717,14.09,14.46,13.92,14.01,38765,0
20140718,14.05,14.69,13.9,14.61,21520,0
20140721,14.27,14.668,14.18,14.43,7031,0
20140722,15.04,15.04,14.07,14.49,13670,0
20140723,14.74,15.13,14.74,15.12,18592,0
20140724,14.93,15.05,14.29,14.34,19867,0
20140725,14.14,14.25,13.9,13.92,30706,0
20140728,14.18,14.18,13.91,13.97,20196,0
20140729,14.11,14.905,14.083,14.25,16241,0
20140730,14.42,15.28,14.42,14.96,55804,0
20140731,14.82,14.946,14.27,14.33,17222,0
20140801,14.48,15.84,14.23,15.73,45240,0
20140804,16.5,16.5,15.73,16.14,59737,0
20140805,16.16,16.4,15.34,15.56,41026,0
20140806,15.49,15.6,15.43,15.51,39862,0
20140807,15.6,15.6,15.31,15.33,12027,0
20140808,15.42,15.59,15.25,15.34,12315,0
20140811,15.42,16.08,15.41,16,24461,0
20140812,15.81,15.91,15.718,15.86,21230,0
20140813,15.86,16.25,15.8,16.08,27830,0
20140814,16.44,16.5,15.954,16.15,21828,0
20140815,16.35,16.35,16.02,16.16,11064,0
20140818,16.44,16.48,16.18,16.19,24790,0
20140819,16.2,16.46,15.877,15.98,22756,0
20140820,15.94,16.07,15.49,15.95,5081,0
20140821,15.79,15.83,15.41,15.44,7316,0
20140822,15.77,15.77,15.4,15.41,11061,0
20140825,15.45,15.94,15.45,15.89,7903,0
20140826,15.89,16.01,15.63,15.69,19934,0
20140827,15.78,15.842,15.62,15.65,9962,0
20140828,15.71,15.8,15.52,15.54,8391,0
20140829,15.58,15.91,15.58,15.59,8141,0
20140902,15.6,16.01,15.5,15.71,7904,0
20140903,15.85,15.87,15.46,15.49,10231,0
20140904,15.54,15.84,15.4,15.45,14915,0
20140905,15.45,15.57,15.1,15.1,21600,0
20140908,15.13,15.58,15.13,15.56,5917,0
20140909,15.34,15.68,15,15.01,17051,0
20140910,15.02,16.39,15.02,16.32,26568,0
20140911,16.09,16.09,15.88,15.94,19585,0
20140912,15.95,16,15.36,15.45,12512,0
20140915,15.98,16.43,15.67,15.86,36583,0
20140916,15.69,16.21,15.686,15.8,145147,0
20140917,15.85,16.2,15.6,16.02,136944,0
20140918,16.19,16.33,16.01,16.22,12324,0
20140919,16.22,16.34,16.02,16.34,39353,0
20140922,16.08,16.35,16.05,16.17,14515,0
20140923,16.16,16.46,16.05,16.17,18229,0
20140924,16.27,18.475,16,18.33,105025,0
20140925,18.3,18.5,17.79,18.03,115954,0
20140926,18.25,23.638,18.25,23.02,397145,0
20140929,21.37,23.49,21.3,22.36,190328,0
20140930,23.45,24.94,21.63,24.46,253794,0
20141001,24.23,24.58,22.91,24.42,138501,0
20141002,30.01,30.01,26.56,27,1806195,0
20141003,27.54,29.16,27.05,28.38,387049,0
20141006,27.77,29.11,27,28.55,271157,0
20141007,28.3,30.38,28.04,28.78,339445,0
20141008,28.6,29.61,28.077,29,218956,0
20141009,30,30,27.41,27.83,221432,0
20141010,28.15,28.17,25.26,26.09,326538,0
20141013,26.28,28.792,25.6,27.81,160803,0
20141014,27.85,28.35,25.51,25.92,229602,0
20141015,24.91,24.91,23.15,23.25,368866,0
20141016,19.73,20.9,18,20.69,2884904,0
20141017,20.97,23.51,20.55,21.53,935734,0
20141020,20.45,22.3,20.45,22.09,286098,0
20141021,22.58,23.19,21.88,22.8,358828,0
20141022,22.69,23.45,22.33,23.17,331716,0
20141023,23.35,24.34,23.09,23.76,248054,0
20141024,23.6,25.25,23.47,24.68,417457,0
20141027,25.32,25.91,24.843,25.72,387653,0
20141028,25.75,27.86,25.75,27.71,497066,0
20141029,27.86,28.94,27.36,28.34,354633,0
20141030,28,30.09,27.94,28.67,335989,0
20141031,29.13,29.64,28.41,29.25,697668,0
20141103,29.48,30.38,28.04,28.85,503452,0
20141104,28.29,29.2,28.29,28.97,205307,0
20141105,29.12,29.12,27.76,28.69,237783,0
20141106,28.34,29,26.49,27.56,340577,0
20141107,26.57,26.99,25.02,25.17,329969,0
20141110,25.68,26.18,24.93,25.83,208479,0
20141111,25.89,28,25.7,27.72,158404,0
20141112,27.06,29.87,27.01,29.67,378687,0
20141113,29.51,31.34,29.34,30.39,292811,0
20141114,30.23,30.49,28.64,29.81,203729,0
20141117,31.94,34.42,31.51,31.71,1843722,0
20141118,32,32.6,30.46,32.52,324183,0
20141119,32.24,32.378,30.52,30.77,191796,0
20141120,30.5,30.5,28.06,29.25,270615,0
20141121,30.404,30.404,28.9,29.64,175017,0
20141124,29.91,31.329,29.79,30.99,167176,0
20141125,31.32,31.34,30.59,30.75,214920,0
20141126,30.75,32.11,30.75,31.83,121907,0
20141128,32.1,32.58,31.36,31.63,61574,0
20141201,31.09,31.32,29.89,29.97,94773,0
20141202,29.78,31.62,29.78,31.62,127517,0
20141203,31.76,32.085,30.86,31.88,69123,0
20141204,32.68,36.99,31.92,35.96,577967,0
20141205,36.28,38.25,36.18,37.54,283103,0
20141208,37.92,40,37.63,38.09,286932,0
20141209,37.78,39.63,36.71,39.47,251776,0
20141210,40,40,38,38.29,149667,0
20141211,38.29,39.56,38.17,38.48,143286,0
20141212,37.9,39.26,37,37.48,275438,0
20141215,38.04,38.33,34.29,35,415430,0
20141216,34.22,35.76,33.75,34.52,242474,0
20141217,34.45,35.4,34.01,35.35,243294,0
20141218,36.01,37.22,35.71,36.34,156807,0
20141219,36.36,38.93,35.9,38.3,849534,0
20141222,38.28,39.6,37.51,38.82,163234,0
20141223,39,39.2,34.16,36.05,315815,0
20141224,35.95,36.6,35.56,35.97,100991,0
20141226,35.99,37.44,35.75,36.85,100603,0
20141229,36.98,38.12,35.7,36.3,157881,0
20141230,36.26,42.24,36.26,39.17,743027,0
20141231,40,41.65,40,40.44,348836,0
20150102,41.5,43.101,41,41.23,357237,0
20150105,42.18,45.07,41.35,44.19,454577,0
20150106,44.25,45.5,42.03,43.37,280784,0
20150107,43.91,47.99,43.91,47.07,323862,0
20150108,47.76,48.93,46.6,47.96,236137,0
20150109,48.2,48.61,44.46,44.94,366539,0
20150112,46.9,48.78,45.03,48.52,401301,0
20150113,48.56,48.57,44.76,45.25,259982,0
20150114,44.5,49.65,44.5,49.13,463500,0
20150115,49.63,49.63,42.6,42.82,674462,0
20150116,42.76,45.63,42.61,45.29,319551,0
