Date,Open,High,Low,Close,Volume,OpenInt
20111108,13,13.82,13,13.59,7298,0
20111109,12.52,14.98,12.23,14.74,258656,0
20111110,14.69,15,14.46,15,5430,0
20111111,14.75,15.72,14.75,15.55,14104,0
20111114,15.66,16.25,15.66,16.25,17226,0
20111115,15.8,16.25,15.8,16.25,4564,0
20111116,16.05,16.06,15.91,16.05,21900,0
20111117,15.6,16.05,14.07,16.05,33613,0
20111118,14.64,16.5,14.64,16.45,6930,0
20111121,16,16.4,16,16.35,7720,0
20111122,16.45,16.5,16.4,16.5,7324,0
20111123,16.25,16.79,16.2,16.79,13421,0
20111125,16.79,16.94,16.79,16.91,600,0
20111128,16.94,16.94,16.75,16.75,3430,0
20111129,13.01,16.8,13.01,16.8,8867,0
20111130,16.97,17.57,16.92,17.57,12694,0
20111201,17.63,18,17.5,18,11354,0
20111202,18.41,18.42,17.81,18,155302,0
20111205,18.09,18.41,18,18.1,2581,0
20111206,18.38,18.55,18.09,18.51,21117,0
20111207,18.75,18.8,18.57,18.8,5982,0
20111208,18.9,19.74,18.8,19.57,66260,0
20111209,19.77,20,19.4,19.5,129683,0
20111212,19.26,19.82,19.02,19.82,22229,0
20111213,19.93,20.26,19.9,20.22,67272,0
20111214,20.99,22.64,20.5,22.24,17353,0
20111215,22.5,22.59,22,22.51,13699,0
20111216,22.55,22.69,20,22.07,25279,0
20111219,21.05,22.7,21.05,22.5,59666,0
20111220,22.9,23.1,22.47,23,10000,0
20111221,23.15,23.25,21.91,22.89,2900,0
20111222,23.43,24.12,23.27,24.04,60604,0
20111223,25,25,24.29,24.5,7750,0
20111227,24.56,25.6,24.45,25.57,37959,0
20111228,25.99,25.99,25.25,25.48,21427,0
20111229,25.47,26.99,25.37,26.99,17110,0
20111230,27.33,27.42,24.63,26.63,24604,0
20120103,26,26.38,25.41,25.65,129482,0
20120104,24.98,25.39,24.5,25.18,14938,0
20120105,26,30.2,25.77,28.9,409170,0
20120106,28.76,30.4,28.45,30.4,60832,0
20120109,30.46,32,29.5,31.69,43526,0
20120110,30.01,31.65,30,31.39,24665,0
20120111,30.96,34.95,30.3,34.5,97543,0
20120112,34.64,37.48,34,37.24,71633,0
20120113,37.52,37.93,35.74,36,97366,0
20120117,36.67,37.84,36.02,36.79,56579,0
20120118,35.95,36.77,35.02,35.53,66498,0
20120119,35.53,35.77,32.4,35.12,101317,0
20120120,35.12,35.77,35.05,35.39,9521,0
20120123,36.34,36.34,35.02,36.28,16178,0
20120124,34.78,36.54,34.78,36.5,9106,0
20120125,35.24,36.64,35.2,36.05,27641,0
20120126,36.12,36.13,35.67,35.67,13660,0
20120127,34.49,35.68,34.49,35.23,8280,0
20120130,34.77,35.9,34.77,35.47,14821,0
20120131,35.12,35.72,34.4,35.53,64676,0
20120201,35.94,35.98,35.18,35.56,27191,0
20120202,35,35.5,33.86,33.86,247510,0
20120203,33.21,35.45,33.01,35.16,242447,0
20120206,34.96,35.9,34.26,35.77,27229,0
20120207,35.26,35.5,34.73,35.5,13130,0
20120208,35.3,35.52,34.02,34.7,9761,0
20120209,34.26,35,33.57,34.96,24072,0
20120210,34.99,35.6,34.09,35.6,36441,0
20120213,35.06,37.79,35.01,37.4,140538,0
20120214,37.8,37.8,35.84,36.19,178671,0
20120215,36.24,37.76,35.95,37.74,307696,0
20120216,37.79,38.3,37.26,38.21,49043,0
20120217,38.83,38.84,38.08,38.73,51816,0
20120221,38.73,38.97,37.75,38.97,30885,0
20120222,38.49,39,38.3,38.91,40046,0
20120223,38.69,39.1,37.52,37.98,134494,0
20120224,37.7,38,36.75,37.45,169770,0
20120227,36.16,37.99,35.77,37.35,32034,0
20120228,37.59,38.04,36.5,36.75,24000,0
20120229,38.69,39.33,37.02,37.32,257995,0
20120301,38.03,38.03,34.95,35.33,257570,0
20120302,35.16,37.43,34.88,35.34,26707,0
20120305,35.23,35.3,34.24,34.49,17510,0
20120306,34.11,34.37,33.06,33.53,35476,0
20120307,31.53,33.32,31.53,33.32,19350,0
20120308,32.99,33.49,32.9,33.15,46645,0
20120309,33.35,33.5,33.02,33.15,39813,0
20120312,33.18,33.19,32.88,32.88,19905,0
20120313,32,32.78,32,32.66,36929,0
20120314,32.66,33.18,32.48,32.9,68828,0
20120315,32.81,33.31,32.48,33.07,60166,0
20120316,33.03,34.25,32.57,33.2,115702,0
20120319,32.36,33.49,32.36,33.01,36979,0
20120320,33,34.43,32.68,33.94,53940,0
20120321,33.31,34.48,33.31,34.41,42113,0
20120322,34.41,34.41,33.47,33.95,24254,0
20120323,33.65,33.72,33.36,33.65,93786,0
20120326,33.84,36.8,33.54,36.37,145407,0
20120327,36.5,37.03,36.04,36.63,82015,0
20120328,36.72,36.96,34.85,35.02,38768,0
20120329,34.7,35.41,34.51,35.4,27394,0
20120330,34.84,35.99,34.79,35.87,26482,0
20120402,34.71,35.12,33.79,34.44,180322,0
20120403,34.45,34.45,33.41,33.56,23161,0
20120404,33.44,33.47,32.7,33.33,40286,0
20120405,33.39,34,33.13,33.8,65433,0
20120409,33,33.5,33,33.4,43072,0
20120410,33.56,33.59,33.18,33.54,181251,0
20120411,33.53,34.22,33.37,34.01,73780,0
20120412,33.65,34.13,33.6,33.7,23492,0
20120413,33.81,34.31,33.43,33.62,40275,0
20120416,33.62,33.75,33.25,33.69,45105,0
20120417,33.67,33.69,33.24,33.54,85944,0
20120418,33.43,34.4,33.34,34.4,41290,0
20120419,34.3,35.06,34.04,35.02,73206,0
20120420,38.53,40,37.25,39.87,156799,0
20120423,39.97,40.38,38.27,38.49,90207,0
20120424,38.43,39.21,37.36,38.31,87882,0
20120425,38.5,38.9,37.57,37.67,111294,0
20120426,37.67,38.26,36.85,37.71,89779,0
20120427,37.6,38.01,37.06,37.48,119972,0
20120430,37.41,38.15,36.85,37.98,201388,0
20120501,37.78,38,36.99,37,43400,0
20120502,36.99,37,36.05,36.47,63991,0
20120503,37.15,37.24,35.83,36.3,58045,0
20120504,36.31,36.68,35.88,35.88,70714,0
20120507,35.86,36.15,35.76,35.95,28935,0
20120508,36.57,36.73,35.19,35.74,54406,0
20120509,35.72,36.31,35.02,35.91,63644,0
20120510,36.03,36.99,35.51,36.66,115892,0
20120511,36.41,37,35.74,36.89,45701,0
20120514,36.6,38.84,36.4,38.29,96631,0
20120515,38.51,39.11,37.82,38.86,56673,0
20120516,38.53,39.5,37.52,38.43,130541,0
20120517,38.88,38.88,36.69,37.66,95086,0
20120518,37.57,39.16,37.09,38.8,91311,0
20120521,38.68,39.66,37.78,39.29,109076,0
20120522,39.42,39.83,38.51,39.17,65842,0
20120523,38.96,38.96,37.94,38.78,51228,0
20120524,38.7,38.77,36.03,38.19,85428,0
20120525,38.18,38.18,37.07,37.84,21981,0
20120529,38.21,38.71,37.44,38.33,88828,0
20120530,38.03,38.43,37.14,38.31,74365,0
20120531,38.31,39.5,38.04,39.01,542337,0
20120601,38.54,38.54,34.59,34.87,140215,0
20120604,34.81,35.26,34.01,35.1,85101,0
20120605,34.85,36.57,34.74,36.35,44151,0
20120606,35.45,36.45,34.79,34.92,40748,0
20120607,35.24,35.81,34.89,35.25,29862,0
20120608,35.24,37.64,34.12,37.57,82281,0
20120611,37.59,38.27,36.31,36.46,86974,0
20120612,36.57,36.92,35.01,35.63,100932,0
20120613,35.63,37.81,35.26,37.63,87259,0
20120614,37.59,38.1,37.03,37.5,204284,0
20120615,37.67,38.38,35.69,38.02,113382,0
20120618,38.47,38.47,36.35,37.51,104330,0
20120619,36.45,38.05,36.45,37.6,78015,0
20120620,37.64,38.97,37.09,38.88,65172,0
20120621,38.13,38.97,37.54,37.97,123801,0
20120622,38.25,39.14,38,38.5,1331782,0
20120625,38.8,41.27,38.65,40.74,347985,0
20120626,40.94,41.22,39.69,40.01,195468,0
20120627,40,41.2,39.56,40.74,522538,0
20120628,40.67,41.36,39.02,39.79,144889,0
20120629,40.72,42.38,40.33,40.56,143394,0
20120702,40.14,41.51,39.89,41.21,133598,0
20120703,40.3,41.91,40.3,41.4,64057,0
20120705,41.44,41.86,41.13,41.5,88460,0
20120706,40.01,41.99,40.01,41.36,47467,0
20120709,41.47,41.49,40.81,41.2,22013,0
20120710,43.44,45.61,43.03,45.36,719859,0
20120711,45.2,45.98,43.92,45.83,163493,0
20120712,45.25,47.45,45.23,47,153120,0
20120713,46.96,47.41,45.85,47.13,64605,0
20120716,47.5,49.23,47.32,49.1,183100,0
20120717,49.16,49.93,48.4,49.11,277693,0
20120718,49.16,49.5,48.48,48.74,148289,0
20120719,48.9,50,48.64,49.96,219743,0
20120720,50,50.04,49.42,49.62,147318,0
20120723,48.88,49.81,48.69,49.23,65021,0
20120724,49.46,49.74,48.92,49.1,51113,0
20120725,49.48,49.48,48.34,48.94,76543,0
20120726,49.22,50.03,49.12,49.97,64534,0
20120727,49.95,50.6,49.64,50.19,76664,0
20120730,50.51,50.56,49.43,50.14,38247,0
20120731,50.01,50.85,49.3,50.06,216023,0
20120801,50.27,50.74,48.74,48.74,84768,0
20120802,47.42,47.42,44.54,46.26,281641,0
20120803,46.34,48.64,45.8,48.46,176252,0
20120806,48.32,50.12,48.17,49.98,77677,0
20120807,49.94,50.56,49.66,49.98,80792,0
20120808,49.94,49.94,49.12,49.59,50005,0
20120809,49.71,49.96,48.92,49.41,194698,0
20120810,48.4,49.835,48.14,49.25,193160,0
20120813,49.01,49.5,48.4,49,165514,0
20120814,49.25,49.32,48.53,49.11,118607,0
20120815,48.9,49.84,48.36,49.46,59881,0
20120816,49.2,49.51,48.5,49.37,41843,0
20120817,49.17,50.08,48.67,49.77,50202,0
20120820,49.43,49.74,48.34,48.34,104364,0
20120821,48.53,49.25,48.03,48.99,69645,0
20120822,47.42,49.55,47.42,49.46,39941,0
20120823,49.21,49.216,48.49,49.14,61179,0
20120824,49,49.265,48.62,48.99,63967,0
20120827,48.9,50.1,48.83,50.04,120966,0
20120828,50.04,50.5,49.65,50.13,145275,0
20120829,50.37,50.49,49.75,50.22,82800,0
20120830,50.07,50.55,49.91,50.23,48588,0
20120831,50.23,50.36,49.28,49.96,66996,0
20120904,49.68,49.989,47.35,49.78,122875,0
20120905,49.62,49.62,48.51,48.76,84990,0
20120906,49.8,50.8,49.271,50.8,182652,0
20120907,50.74,52.521,50.64,52.4,145880,0
20120910,50.16,51.87,49.98,50.82,120387,0
20120911,49.52,52.318,49.52,52.12,77320,0
20120912,52,52.64,51.57,52.49,51169,0
20120913,52.35,56.885,52.35,54.7,237991,0
20120914,54.95,54.98,52.68,53.19,88976,0
20120917,53.14,53.61,52.3,53.24,86800,0
20120918,53.4,54.47,53.4,53.86,69816,0
20120919,54.09,54.46,53.42,53.42,56713,0
20120920,53.47,53.47,51.83,51.96,45489,0
20120921,52.31,55.33,50.37,53.81,223032,0
20120924,53.48,54.55,53.36,54.33,72226,0
20120925,54.55,55.66,54.04,54.5,94810,0
20120926,54.59,54.59,52.97,53.14,63633,0
20120927,53.59,53.69,52.64,53.37,41863,0
20120928,53.11,53.59,52.58,53.43,88309,0
20121001,53.78,55.26,52.69,54.11,58371,0
20121002,54.36,56.23,53.8,55.93,47460,0
20121003,56.15,56.81,55.21,56.75,61400,0
20121004,57,57.56,56.11,57.56,59073,0
20121005,57.55,58,57.5,57.79,68731,0
20121008,57.7,58,56.08,56.36,67793,0
20121009,56.36,56.37,55.53,55.83,145073,0
20121010,55.75,56,55.22,55.37,44835,0
20121011,55.5,55.5,51.5,52.16,286380,0
20121012,52.29,52.508,49.24,50.95,141249,0
20121015,50.48,52.27,50.24,51.31,79005,0
20121016,51.63,51.63,49.5,50.37,183636,0
20121017,50.08,51.03,49.3,50.922,97154,0
20121018,50.97,52,50.64,51.25,112309,0
20121019,50.92,51.13,47.93,48.33,137476,0
20121022,48.29,48.68,45.84,46.27,110293,0
20121023,45.4,46.21,44.18,46.2,69857,0
20121024,46.47,46.93,45.75,45.82,34505,0
20121025,46.27,46.8,45,45.35,57210,0
20121026,45.22,45.52,43.34,43.81,31198,0
20121031,44.28,44.33,41.49,42.28,83176,0
20121101,42.95,43.64,42.51,43.21,91456,0
20121102,43.48,43.48,41.94,42.45,46575,0
20121105,42.55,43.49,42.45,42.51,31339,0
20121106,42.72,43.58,42.68,42.85,69678,0
20121107,42.54,43.109,42.45,42.9,71087,0
20121108,42.68,42.91,42.45,42.65,52222,0
20121109,42.83,45.73,42.46,44.66,95665,0
20121112,44.99,47.32,44.89,47.13,137312,0
20121113,46.92,47.66,45.2,47.04,61198,0
20121114,47.27,48,46.94,47.61,109447,0
20121115,47.7,47.94,43.33,46.5,232154,0
20121116,46.33,49.51,45.77,48.41,498700,0
20121119,48.85,50.88,48.19,50,211197,0
20121120,49.98,52.75,49.98,51.9,169542,0
20121121,51.88,52.66,50.29,50.45,48149,0
20121123,50.67,50.67,49.5,49.73,21269,0
20121126,49.68,49.68,48.32,49.25,118439,0
20121127,49.36,49.36,47.71,47.72,103379,0
20121128,47.07,48.33,47.07,48.33,50274,0
20121129,49.05,50.3,48.7,49.94,52495,0
20121130,50.14,50.14,48.42,48.93,71408,0
20121203,49.06,50,48.2,49.78,133213,0
20121204,49.69,49.69,48.5,49.486,126434,0
20121205,49.67,49.67,47.24,47.39,72571,0
20121206,47.46,48.25,46.02,47.26,107639,0
20121207,47.21,48.865,46.986,48.83,74099,0
20121210,48.93,49.2,48.545,49,50344,0
20121211,49.41,49.42,47.84,48.4,169071,0
20121212,48.1,48.66,46.57,47.14,69802,0
20121213,47.32,47.41,44.62,44.67,99070,0
20121214,43.76,45.83,43.76,45.16,83399,0
20121217,45.47,47.7,45.15,47.06,230661,0
20121218,47.25,47.53,46.345,46.79,562682,0
20121219,46.88,46.88,45.5,45.99,85438,0
20121220,45.88,46.495,45.88,46.34,79802,0
20121221,45.87,47.34,44.48,46.77,452339,0
20121224,46.67,47.49,46.67,47.47,21353,0
20121226,47.42,48.16,45.3,45.749,92652,0
20121227,46.08,46.92,45.27,46.23,38969,0
20121228,46.2,46.72,46,46.3,34992,0
20121231,46.2,46.6,45.21,46.29,77705,0
20130102,47.46,48,46.8,47.87,94861,0
20130103,46.47,47.77,45.49,47.53,189367,0
20130104,50.08,51.9,47.53,47.53,1218111,0
20130107,47.53,49.115,47.53,48.37,150841,0
20130108,48.69,49.8,47.46,48.4,90902,0
20130109,48.71,50,48.52,49.16,158889,0
20130110,49.55,49.55,48.15,48.72,120868,0
20130111,48.69,49.72,48.45,48.92,87605,0
20130114,49.07,49.6,48.5,49.12,40053,0
20130115,49,50.49,48.74,50.24,113363,0
20130116,49.12,50.38,49.1,49.86,86894,0
20130117,50,50,49.5,49.87,106987,0
20130118,49.9,50.93,49.23,50.93,151887,0
20130122,51.14,51.14,50.42,50.89,128699,0
20130123,50.74,51.17,50.61,51.03,102900,0
20130124,51.19,51.49,49.54,50.38,247666,0
20130125,50.65,51.61,50.29,51.56,121435,0
20130128,51.46,52.48,50.98,51,151773,0
20130129,50.55,51,47.14,47.7,146792,0
20130130,47.82,48.11,46.52,46.67,169572,0
20130131,46.67,47.11,45.52,46.26,227520,0
20130201,46.355,48.64,46.355,47.99,172893,0
20130204,47.86,49.2,46.91,48.32,100776,0
20130205,48.56,48.95,48.08,48.56,63386,0
20130206,48.52,48.8,48.14,48.68,25130,0
20130207,48.59,48.59,47.441,48.13,36016,0
20130208,48.17,48.97,47.72,48.22,119779,0
20130211,48.18,49.32,48.18,48.82,21934,0
20130212,49.05,49.8,49.05,49.58,52953,0
20130213,49.77,50.06,49.27,49.93,38597,0
20130214,49.68,50.24,49.6,50.06,113105,0
20130215,49.935,51.59,49.935,51.41,78915,0
20130219,51.37,51.37,49.28,49.74,121561,0
20130220,49.71,50.423,48.82,49.41,133061,0
20130221,49.35,49.44,48.7,49,223192,0
20130222,49.14,49.59,47.76,49.3,180542,0
20130225,49.47,49.97,47.92,48,180366,0
20130226,48.31,48.91,47.59,48.72,181600,0
20130227,48.76,50.74,48.68,50.09,137653,0
20130228,50.04,50.39,49.1,49.97,65336,0
20130301,49.54,51.97,49.54,51.7,120731,0
20130304,51.84,52.5,51.16,52.45,44717,0
20130305,52.5,53.73,52.315,53.06,83448,0
20130306,53.38,54.35,52.97,54.3,68464,0
20130307,54.16,56.36,53.84,55.99,133127,0
20130308,56.01,56.02,54.38,54.82,72904,0
20130311,54.82,55.145,53.98,54.28,44399,0
20130312,54.72,54.72,48.48,52.39,223674,0
20130313,52.19,52.19,50.35,50.86,105300,0
20130314,50.8,51.965,50.76,51.7,78483,0
20130315,51.77,51.94,50.41,51.17,219240,0
20130318,50.87,51.77,50.39,51.07,68872,0
20130319,51.04,51.7,50.8,51.54,36857,0
20130320,51.69,52.65,51.34,52.59,39208,0
20130321,52.56,53.34,52.2,53.08,68640,0
20130322,52.92,53.67,52.86,53.5,92523,0
20130325,53.49,54.65,53.25,54.56,135736,0
20130326,54.94,55.05,54.4,54.54,83147,0
20130327,54.14,54.4,53.11,54.4,78328,0
20130328,54.52,55.1,54.23,54.92,181055,0
20130401,55.23,55.38,53.69,53.82,122822,0
20130402,54.05,55.04,54.05,54.7,46879,0
20130403,54.65,54.65,50.59,50.95,80045,0
20130404,51.48,51.86,49.3,50.59,83975,0
20130405,50,50.94,49.3,50.04,105918,0
20130408,50.05,50.64,49.3,49.65,77461,0
20130409,49.79,50.31,49.3,49.36,50417,0
20130410,49.37,50.39,49.37,49.75,86705,0
20130411,49.7,51.9,49.25,51.39,103309,0
20130412,51.14,52.565,50.56,51.16,41703,0
20130415,50.83,50.97,48.34,48.69,96370,0
20130416,49.17,51.1,48.603,50.63,117276,0
20130417,50.33,52.11,49.67,51.93,96422,0
20130418,51.55,51.55,49.78,50.25,51224,0
20130419,50.03,52.32,50.03,52.05,31231,0
20130422,52.34,53.85,51.6,53.65,73580,0
20130423,54.43,54.78,53.67,54.45,76005,0
20130424,53.87,53.94,53.26,53.54,57959,0
20130425,53.77,54.98,53.41,54.32,72399,0
20130426,54.2,54.95,54.2,54.67,42114,0
20130429,54.96,55,54.54,54.91,28786,0
20130430,54.8,54.9,51.37,51.69,78884,0
20130501,51.65,51.65,46.99,47.11,93553,0
20130502,47.18,47.64,46.59,47.23,177258,0
20130503,47.94,50.13,47.34,47.58,64806,0
20130506,47.17,48.55,47.17,47.95,21701,0
20130507,48.15,48.97,47.77,48.1,38146,0
20130508,48.32,49.87,47.81,48.58,52699,0
20130509,48.43,48.9,45.36,45.79,106757,0
20130510,44.8,44.8,42.295,42.91,273595,0
20130513,43,43.36,42.52,43.11,137823,0
20130514,43.03,43.62,42.65,43.11,201472,0
20130515,42.86,42.86,38.63,39.76,180630,0
20130516,39.84,40.315,38.58,39.83,76775,0
20130517,39.93,40.37,39.79,39.87,108993,0
20130520,40.55,40.96,38.62,38.79,97538,0
20130521,39.07,39.53,38.6,39.52,120570,0
20130522,39.58,40.636,39.175,40.29,123513,0
20130523,40.03,40.77,39.82,40.59,83124,0
20130524,40.46,41.11,40.33,40.88,77456,0
20130528,41.49,42.56,40.5,41.85,82489,0
20130529,41.74,42.01,40.65,40.92,49150,0
20130530,40.96,41.92,40.35,41.67,81327,0
20130531,41.39,42.49,40.93,41.22,192818,0
20130603,41.43,41.78,39.63,40.74,111489,0
20130604,40.21,41.34,40.03,40.81,148353,0
20130605,40.83,41.27,38.71,39.63,104239,0
20130606,39.33,40.38,38.62,40.32,59056,0
20130607,40.67,41.93,39.88,41.079,50611,0
20130610,41.08,41.55,40.57,41.08,133260,0
20130611,40.58,41.15,40,40.86,84069,0
20130612,41.02,41.02,40.02,40.8,134256,0
20130613,40.7,41.7,40.585,41.26,38222,0
20130614,41.13,41.61,40.555,40.97,67546,0
20130617,41.44,42.55,40.72,42.28,101674,0
20130618,42.22,42.59,40.635,41.56,106723,0
20130619,41.43,42.42,41.24,41.38,66325,0
20130620,40.95,41.36,39.801,40.6,161162,0
20130621,40.65,42.38,40.24,41.89,203724,0
20130624,41.39,44.07,40.7,43.75,181049,0
20130625,44.05,44.52,41.19,41.65,110152,0
20130626,41.89,42.63,41.28,42.16,86108,0
20130627,43.22,43.22,41.92,42.96,69624,0
20130628,42.75,43.28,41.1,41.98,1024660,0
20130701,42.15,42.93,41.9,42.7,131332,0
20130702,43.03,43.86,42.79,43.26,53590,0
20130703,43.25,43.94,42.895,43.77,25199,0
20130705,44.27,45.26,43.47,45.255,53795,0
20130708,45.35,46.56,44.98,46.44,67353,0
20130709,46.51,46.72,45.2,45.42,55927,0
20130710,45.46,46.37,45.26,46.27,34068,0
20130711,46.96,47.27,45.759,47.02,106916,0
20130712,47.1,47.81,45.085,47.15,122144,0
20130715,47.05,49.67,47.05,49.59,82982,0
20130716,49.55,49.55,47.32,47.99,50386,0
20130717,47.8,48.32,46.7,47.49,71741,0
20130718,47.82,47.91,46.38,46.97,70014,0
20130719,46.96,48.98,46.5,48.56,91862,0
20130722,48.26,49.25,48.21,49.18,57105,0
20130723,49.24,49.36,48.34,48.73,60087,0
20130724,48.99,49.45,47.38,48.04,384816,0
20130725,47.8,49.21,47.3,48.6,90572,0
20130726,48.11,48.42,47.41,48.02,117788,0
20130729,47.82,48.29,46.75,46.88,80690,0
20130730,47.24,48.24,46.69,47.7,35664,0
20130731,48.01,49.01,47.79,48.1,59748,0
20130801,48.75,49.85,47.5,48.78,49944,0
20130802,48.32,49.63,48.1,49.36,54398,0
20130805,49.27,49.93,48.83,49.62,50470,0
20130806,49.61,51.145,48.17,49.27,227807,0
20130807,48.79,49.37,47.08,47.66,141228,0
20130808,48.18,48.78,47.56,48.77,95806,0
20130809,48.81,49.34,48.65,49.2,37116,0
20130812,49.2,49.6,49.01,49.4,61928,0
20130813,49.58,49.58,48.8,49.05,58201,0
20130814,48.9,49.81,48.6,49.44,39481,0
20130815,48.9,49.98,47.33,48.41,105357,0
20130816,48.08,48.25,45.64,46.16,96629,0
20130819,46.19,46.38,44.94,45.04,111969,0
20130820,44.95,47.38,44.52,46.85,162013,0
20130821,46.61,47.84,45.938,47.32,150686,0
20130822,47.32,47.55,46,46.95,57218,0
20130823,46.78,47.39,45.54,47.1,118197,0
20130826,47.02,47.65,46.32,46.84,205854,0
20130827,46.4,46.72,45.65,46.09,108225,0
20130828,45.96,46.35,45.6,46.02,86721,0
20130829,46.19,47.6,46.04,47.1,65968,0
20130830,47,47.51,46.73,46.91,91271,0
20130903,47.48,47.69,47,47.39,56552,0
20130904,47.55,48.55,47.48,48.28,60902,0
20130905,48,48,47.01,47.17,98521,0
20130906,47.17,47.54,46.1,46.57,92924,0
20130909,46.6,49.7,46.6,49.68,53448,0
20130910,49.68,50.75,49.31,50.71,110017,0
20130911,50.72,51.29,49.405,50.6,73337,0
20130912,50.58,51.77,50.49,50.59,59018,0
20130913,50.86,51.19,50.11,50.4,84961,0
20130916,51.13,52.21,49.94,51.63,77233,0
20130917,51.67,52.73,51.2,52.54,53097,0
20130918,52.35,54.17,51.74,53.42,98224,0
20130919,53.57,54.29,52.952,53.23,81429,0
20130920,53.1,54.02,52.89,53.14,308239,0
20130923,53.17,54.86,52.86,54.22,101678,0
20130924,53.73,56.83,53.17,56.63,154700,0
20130925,59.83,61.88,58.42,61.68,859300,0
20130926,61.43,63.28,61.17,62.55,193700,0
20130927,62.09,62.91,62.09,62.41,175600,0
20130930,61.95,64,61.95,63.39,282563,0
20131001,63.16,65.23,63.153,64.95,214442,0
20131002,64.96,69.77,64.42,68.25,341558,0
20131003,67.82,70,67.82,69.69,209509,0
20131004,69.54,70.5,68.4,68.98,261800,0
20131007,67.01,69.1,67.01,68.17,225024,0
20131008,68.05,68.4,61.56,61.91,523500,0
20131009,61.95,62,58.56,59.47,347700,0
20131010,60.12,60.12,57.69,58.91,193400,0
20131011,58.66,60.79,56.96,57.29,229500,0
20131014,57.1,57.62,56.57,57.24,88800,0
20131015,57.24,57.52,55.83,56.4,122300,0
20131016,56.92,59.84,56.49,59.34,199225,0
20131017,59.19,59.67,58.35,59.43,115800,0
20131018,59.96,60.47,57.16,57.82,174243,0
20131021,58.07,58.57,56.49,57.93,189230,0
20131022,57.05,57.75,54.51,57.31,206900,0
20131023,57.13,59.47,56.72,59.09,120500,0
20131024,59.32,59.98,58.43,59.26,123700,0
20131025,59.49,60.28,58.65,59.38,62783,0
20131028,59.59,60.17,58.21,59.25,53600,0
20131029,59.6,60.03,59.07,59.39,75200,0
20131030,58.16,58.82,53.03,53.23,355200,0
20131031,52.4,52.97,50.51,50.71,511468,0
20131101,50.8,51.39,48.83,49.79,265700,0
20131104,50.06,50.06,48.06,48.18,194600,0
20131105,48.05,48.653,46.668,47.61,121105,0
20131106,47.93,47.93,44.54,45.51,194462,0
20131107,45.62,49.286,44.89,48.46,342362,0
20131108,48.42,51.27,48.42,50.65,151000,0
20131111,50.64,52.44,50.33,52.16,102300,0
20131112,52.02,53.09,50.4,52,74085,0
20131113,51.78,53.24,50.82,52.53,175784,0
20131114,52.65,52.85,51.8,52.61,65400,0
20131115,54.71,56.51,54.71,56.06,251800,0
20131118,56.45,58.01,53.28,53.64,113300,0
20131119,53.82,54.65,52.87,53.58,57600,0
20131120,53.67,55.61,52.88,53.6,104106,0
20131121,53.83,55.24,53.33,54.94,68600,0
20131122,55.12,57.05,55.12,56.35,57000,0
20131125,56.36,58,55.61,56.43,80800,0
20131126,56.45,60.43,56.37,59.06,163000,0
20131127,59.04,59.66,57.87,59.49,63600,0
20131129,59.99,61.7,59.82,60.41,52678,0
20131202,60.3,61.93,59.91,60.42,97900,0
20131203,60.43,64.36,60.43,62.29,269700,0
20131204,61.85,63.4,61.53,61.95,85632,0
20131205,62.15,63.225,60.91,61.85,80060,0
20131206,62.55,62.68,60.6,61.38,130100,0
20131209,61.62,62.48,61.08,62.31,155800,0
20131210,62,65.7,61.76,65.07,121800,0
20131211,64.99,65.21,62.79,63.8,196000,0
20131212,63.65,66.07,63.65,64.89,138700,0
20131213,64.82,65.59,63.61,64.85,139900,0
20131216,65.19,66.94,64.9,66.17,224000,0
20131217,66.36,66.36,64.37,65.16,125974,0
20131218,65.15,66.07,64.01,65.82,209300,0
20131219,65.56,66.46,63.77,65.93,248900,0
20131220,65.75,66.95,65.01,66.23,455200,0
20131223,66.46,66.9,64.77,66.27,159700,0
20131224,66.47,66.72,65.52,65.94,41277,0
20131226,66.06,67.12,65.05,65.76,72000,0
20131227,66.02,66.19,64.9,65.25,92100,0
20131230,65.42,66.68,64.84,65.99,152900,0
20131231,66.09,67.86,64.215,64.72,263232,0
20140102,64.66,65.525,63.03,64.58,150121,0
20140103,64.62,66.7,64.22,66.13,165807,0
20140106,67.54,69.24,66.17,67.03,253200,0
20140107,67.11,69.97,66.01,69.53,290100,0
20140108,70.19,73.1,69.02,73,160800,0
20140109,73.18,77.33,73.14,77.16,367000,0
20140110,77.25,81.04,77.17,80.99,221500,0
20140113,81.09,83.93,79.72,81.33,197800,0
20140114,81.33,83.08,79.65,82.88,301500,0
20140115,83.21,88.67,82.04,88.56,297796,0
20140116,88.81,92.72,86.64,92.62,376300,0
20140117,92.06,97.75,91.06,96.48,260400,0
20140121,97.02,98.93,89.23,90.14,408100,0
20140122,89.85,92.65,89.85,91.37,158800,0
20140123,91.22,92.75,89.41,91.73,164302,0
20140124,92.306,92.306,87.75,88.61,253007,0
20140127,88.62,90.07,85.75,86.7,243095,0
20140128,86.79,90.67,86.07,88.79,327651,0
20140129,87.62,92.13,86.82,87.33,234800,0
20140130,87.56,92.41,87.56,92.01,113700,0
20140131,90.55,92.43,89.81,90.58,99200,0
20140203,90.04,91.07,84.88,86.71,223711,0
20140204,87.46,90.15,87.08,87.66,222696,0
20140205,86.62,88.26,84.58,85.63,212155,0
20140206,86.19,87.95,83.6,85.3,228344,0
20140207,85.69,91.12,84.26,90.7,285236,0
20140210,95.09,98.4,93.97,97.06,339560,0
20140211,98.5,99.72,96.824,98.18,126676,0
20140212,97.88,101.03,97.83,99.49,88855,0
20140213,98.25,100,97.291,99.18,151944,0
20140214,99.9,102.94,98.64,100.06,248812,0
20140218,100.06,104.72,98.26,101.58,279942,0
20140219,100.94,107.13,100.94,106.71,414490,0
20140220,107.32,109.86,105.69,108.86,203667,0
20140221,109.99,111.5,109.27,109.92,372687,0
20140224,110,113,108.74,112.02,314141,0
20140225,112.18,117.74,112.17,115.99,255517,0
20140226,116.33,117.74,114.46,115.39,208106,0
20140227,115.33,119.04,114.08,118.42,266350,0
20140228,118.67,119.42,111.02,114.67,481210,0
20140303,113.42,114.43,101.03,101.36,585516,0
20140304,114.34,114.34,103.68,103.99,434389,0
20140305,103.59,105.75,97.03,105.75,426713,0
20140306,106.53,106.99,97.62,98.29,1487288,0
20140307,99.5,99.5,96.64,98.44,426701,0
20140310,98.76,99.84,97.21,97.87,438811,0
20140311,98,100.9,95.62,97.93,193962,0
20140312,96.9,99.91,96.34,99.59,118128,0
20140313,99.64,99.71,93.57,94.76,249114,0
20140314,94.05,96.75,91.9,94.08,206775,0
20140317,96,98.935,95,97.39,163697,0
20140318,97.81,101.47,96.68,101.18,159553,0
20140319,100,101.43,98.6,100.1,217725,0
20140320,100.18,101,97.85,100.17,132859,0
20140321,99.51,100.75,89.92,90.67,622439,0
20140324,91.74,91.89,80.09,81.04,527709,0
20140325,81.8,83.94,78.22,80.57,336063,0
20140326,81.02,82.19,77.27,78.68,278100,0
20140327,79.24,80.86,75.53,79.14,301139,0
20140328,79.36,80.56,72.3,75.47,559260,0
20140331,76.73,83.89,75,82.97,570100,0
20140401,84,86.37,82.13,83.34,237694,0
20140402,83.9,83.9,77.88,80.5,270876,0
20140403,80.31,81.27,76.52,77.17,174174,0
20140404,77.74,77.74,68.99,73.16,454821,0
20140407,72.8,77.62,70.53,76.64,249031,0
20140408,79.71,82.67,73.42,78.76,355326,0
20140409,78.93,84.99,78.86,84.79,275822,0
20140410,84.43,84.735,79.23,79.93,327529,0
20140411,78.28,84.27,78.13,78.7,279990,0
20140414,79.71,80.93,74.05,76.7,215499,0
20140415,77.15,80.31,69.36,74.48,391209,0
20140416,75.37,80.57,72.26,79.38,415008,0
20140417,77.44,81.78,76.28,78.9,162726,0
20140421,77.6,80.34,75.46,77.85,172168,0
20140422,77.99,84.25,76.99,84.09,340732,0
20140423,83.45,86.6,81.56,86.4,459968,0
20140424,87.21,87.21,82.5,86.03,397436,0
20140425,85.35,88,82.63,84.01,431294,0
20140428,84.73,87.52,83.04,85.5,457686,0
20140429,86.12,89.72,85.02,86.78,165948,0
20140430,85.51,87.9,83.11,86.37,205533,0
20140501,88.57,91.61,83.44,90.73,363970,0
20140502,89.17,90.61,84.64,85.4,233557,0
20140505,84,88.4,84,88.02,208740,0
20140506,87.43,88.01,84.8,85.18,168999,0
20140507,85.02,87.21,83.3,87.15,411137,0
20140508,86.91,90.75,83.57,84.16,213707,0
20140509,83.07,85.34,81.51,83.8,225700,0
20140512,84.61,90.35,83.93,89.59,256627,0
20140513,91.39,91.39,86.35,86.94,209382,0
20140514,86.51,89.685,83.33,86.14,244952,0
20140515,85.34,87.97,81.73,84.74,199793,0
20140516,83.41,84.78,81.29,82.3,179154,0
20140519,81.37,85.44,80.522,84.84,174452,0
20140520,81.51,84.26,79.91,80.29,217493,0
20140521,80.4,82.075,77.9,78.39,258702,0
20140522,77.99,79.82,77.06,78.72,551864,0
20140523,78.57,79.42,77.69,78.9,309026,0
20140527,79.61,84.337,79.06,84.06,232583,0
20140528,84.22,85.73,82.4,82.81,124768,0
20140529,83.49,84.55,82.59,83.23,109550,0
20140530,83.06,83.69,79.51,81.15,135107,0
20140602,81.92,82.6,78.21,79.19,133144,0
20140603,78.36,79.61,77.34,78.36,212644,0
20140604,77.95,81.1,77.7,80.35,195817,0
20140605,81.03,81.56,78.81,79.95,169458,0
20140606,79.97,79.97,76.63,77.71,155454,0
20140609,77.99,80.275,77.03,79.14,355402,0
20140610,80.15,81.39,78.76,81.05,317700,0
20140611,80,81.88,79.09,80.88,196901,0
20140612,81,84.24,80.49,83.56,252897,0
20140613,84.76,84.81,81.983,83.3,181489,0
20140616,83.47,88.24,83.38,88.07,243662,0
20140617,87.81,92.24,87.06,89.87,428444,0
20140618,89.99,95.31,88.81,95.16,355428,0
20140619,95.58,98.5,94.23,97.46,371392,0
20140620,98.3,102.13,94.9,101.39,651474,0
20140623,102.24,105.63,99.71,101.72,283865,0
20140624,102.04,105.05,100.63,102.13,181482,0
20140625,101.44,108.24,100.52,103.43,256087,0
20140626,103.86,103.86,99.66,102.37,145079,0
20140627,101.6,104.26,100.91,103.78,157217,0
20140630,103.24,105.84,102.05,104.8,216891,0
20140701,97.97,98.605,88.7,90.45,1055634,0
20140702,90.02,92.25,89.76,90.01,353000,0
20140703,91.02,92.7,89.67,89.91,199673,0
20140707,89.2,91,85.71,85.96,356695,0
20140708,85.25,85.25,80.86,81.61,311645,0
20140709,81.71,85.27,79.37,83.89,258721,0
20140710,78.53,83.614,78.53,80.23,267911,0
20140711,80.02,80.03,78.735,79.36,217311,0
20140714,80.43,80.43,77.85,78.63,306290,0
20140715,78.96,78.98,74.53,74.6,344997,0
20140716,74.93,76,72.54,74.24,381722,0
20140717,73.44,74.33,70.45,70.89,427794,0
20140718,70.14,73.39,70.14,72.31,535542,0
20140721,71.44,72.01,70.18,70.85,367977,0
20140722,71.57,72.99,70.39,71.42,159344,0
20140723,72.32,73.55,71.24,72.44,233717,0
20140724,72.5,76.61,72.27,75.24,431762,0
20140725,74.69,75.828,71.97,72.38,175021,0
20140728,72.07,72.38,69.09,69.3,206842,0
20140729,69.55,72.18,69.55,71.94,253019,0
20140730,72.93,74.93,72.07,72.71,130716,0
20140731,71.29,71.29,66.71,68.41,715662,0
20140801,68.25,69.67,67.37,69.48,230292,0
20140804,70,72,68.58,71.85,196835,0
20140805,70.91,72.298,68.31,69.14,303939,0
20140806,68.5,70.2,67.62,67.86,213602,0
20140807,67.5,70.21,67,68.89,157216,0
20140808,69.34,70.61,68.57,68.61,251023,0
20140811,69.27,69.83,67.4,68.87,328092,0
20140812,68.66,71.2,66.71,67.04,161740,0
20140813,67.31,69.44,67.31,69.16,201565,0
20140814,69.37,70.64,69.063,69.77,124396,0
20140815,70.51,73.38,69.4,71.73,261398,0
20140818,72.83,75.98,71.65,75.03,223915,0
20140819,75.35,76.2,73.38,75.2,145556,0
20140820,74.91,74.98,72.05,72.22,169197,0
20140821,72.1,72.1,69.67,70.22,152987,0
20140822,70.19,73.33,69.43,71.85,206110,0
20140825,72.88,76.65,72.84,75.88,284927,0
20140826,76.39,78.455,76.19,76.97,360232,0
20140827,77.36,79.33,76.23,77.07,197630,0
20140828,76.42,76.98,71.87,72.12,236010,0
20140829,72.12,73.04,71.58,72.17,91141,0
20140902,72.54,73.54,69.39,69.61,307501,0
20140903,70.2,71.96,68.26,68.45,190981,0
20140904,68.48,69.648,65.52,65.97,236528,0
20140905,66,69.04,63.56,64.64,335031,0
20140908,64.75,65.98,63.72,64.93,233962,0
20140909,64.94,65.069,62.78,63.4,340023,0
20140910,63.47,66.61,63.4,65.97,357819,0
20140911,65.59,67.34,64.01,66.98,252597,0
20140912,66.9,68.62,66.206,68.48,297177,0
20140915,67.92,68.62,64.76,65.39,266029,0
20140916,64.99,65.33,63.77,64.83,212396,0
20140917,65.22,65.49,63.88,64.61,234063,0
20140918,64.23,65.11,63.54,64.57,248407,0
20140919,65.05,66.31,63.09,64.8,418035,0
20140922,64.27,64.994,60.19,62.76,454271,0
20140923,62.22,64.95,62.22,63.11,297945,0
20140924,63.37,66.17,62.32,65.78,180103,0
20140925,65.35,65.59,62.98,64.8,250759,0
20140926,64.6,68.38,63.84,68.1,290883,0
20140929,66.86,69.44,66.78,69.26,312253,0
20140930,69.99,70,67.5,68.78,384196,0
20141001,68.98,68.98,66.34,67.08,267829,0
20141002,66.9,67.85,65.28,66.37,175720,0
20141003,67.41,68.44,65.57,68.03,110416,0
20141006,68.13,68.5,66.38,67.19,167232,0
20141007,66.8,66.8,64.41,64.93,238425,0
20141008,64.72,68.26,64.54,68.14,220764,0
20141009,67.95,69.17,66.88,67.54,299274,0
20141010,66.5,69.11,65.49,66.03,307446,0
20141013,65.99,67.97,63.42,64.85,374332,0
20141014,65.73,67.49,63.93,66.21,232026,0
20141015,64.87,71.82,64.63,71.13,576101,0
20141016,70.8,76.43,69.46,75.16,450926,0
20141017,76.57,77.8,73.51,74.96,314054,0
20141020,74.37,76.428,73.47,74.1,189798,0
20141021,73.61,75.14,71.46,73.14,246812,0
20141022,73.19,74.62,71.97,72.4,186550,0
20141023,73.45,76.87,72.68,76.09,195164,0
20141024,76.55,77.147,75.216,76.97,130216,0
20141027,76.94,78.54,75.18,78.15,214830,0
20141028,79.01,80.21,77.34,78.29,281494,0
20141029,77.67,78.4,75.92,77.13,174358,0
20141030,76.91,80.966,75.2,80.06,216825,0
20141031,81,86.26,75.41,75.74,355404,0
20141103,75.65,76.78,74,76.59,261787,0
20141104,76.6,79.46,75.75,76.73,186343,0
20141105,77.37,77.37,69.19,69.69,306966,0
20141106,69.62,73,67.63,72.88,389263,0
20141107,72.51,73.15,70.25,72.87,157102,0
20141110,73.17,77.24,71.94,76.27,239570,0
20141111,76.52,77.12,75.02,76.4,221745,0
20141112,75.95,77.45,75.26,77.11,138538,0
20141113,76.99,78.519,76.43,77.1,237133,0
20141114,77.37,77.37,74.76,75.26,185649,0
20141117,75.1,78.21,74.71,77.06,241330,0
20141118,77.15,78.9,75.6,76.25,146475,0
20141119,70.29,75.87,70.29,71.59,243982,0
20141120,70.26,72.07,70.25,71.07,180586,0
20141121,72.41,75.56,70.64,74.74,199117,0
20141124,75.17,79.5,74.016,79.08,198120,0
20141125,79.5,80.73,78.69,80.52,293942,0
20141126,80.11,82.815,80.11,82.16,173293,0
20141128,83.955,84.53,80.491,81.2,110477,0
20141201,80.61,81.69,78.52,78.95,165490,0
20141202,80.22,82.465,79.55,81.78,214766,0
20141203,82.02,82.02,79.88,81.34,156652,0
20141204,80.85,82.59,80.06,81.77,120949,0
20141205,81.87,85.35,81.24,84.78,169931,0
20141208,84.93,87.19,84.75,85.13,132857,0
20141209,83.67,89.01,82.15,88.7,198330,0
20141210,88.27,88.84,86.42,87.57,298047,0
20141211,87.82,91.26,87.82,91.26,244480,0
20141212,89.3,92.72,89.3,91.27,247082,0
20141215,93.33,93.33,86.99,87.11,276579,0
20141216,86.56,89.45,83.549,87.38,258224,0
20141217,87.25,96.2,85.74,96.04,368339,0
20141218,97.53,97.75,93.63,95,262373,0
20141219,94.8,98.38,94.08,95.46,563719,0
20141222,94.48,96.44,92.95,95.31,198336,0
20141223,95.68,95.68,89.56,89.74,337319,0
20141224,90.34,92.24,88.5,89.72,216462,0
20141226,90.54,93.18,89.02,91.28,261793,0
20141229,91.68,93.28,89.27,93.19,114191,0
20141230,92.95,94.89,90.3,90.6,118567,0
20141231,90.78,94.35,89.835,92.79,122065,0
20150102,93.75,95.555,91.99,94.14,109740,0
20150105,93.67,102.17,92.84,100.48,343143,0
20150106,99.89,100.68,91.09,94.19,537532,0
20150107,100.99,108.42,99.25,104.02,1882218,0
20150108,106.38,106.45,102,106,351272,0
20150109,106.4,109.98,104.97,108.51,200633,0
20150112,108.86,112.42,107.89,110.58,241504,0
20150113,110.62,114.18,108.93,109.83,570380,0
20150114,108.18,113,106.82,111.17,146305,0
20150115,112.05,112.42,108.18,108.94,199784,0
20150116,108.55,111,106.79,109.91,313371,0
