Date,Open,High,Low,Close,Volume,OpenInt
20050225,16.529,16.704,16.503,16.625,13764,0
20050228,17.063,17.185,16.503,16.992,57699,0
20050301,16.896,16.896,16.651,16.669,1907,0
20050303,16.704,16.905,16.704,16.905,502,0
20050304,16.905,17.107,16.748,16.748,377,0
20050307,16.748,16.801,16.748,16.801,818,0
20050308,16.905,17.098,16.905,17.037,502,0
20050309,16.949,17.412,16.949,17.123,12478,0
20050310,17.299,17.308,17.202,17.299,8422,0
20050314,16.59,17.702,16.59,17.631,17551,0
20050315,17.623,17.658,17.509,17.658,6034,0
20050316,17.675,17.702,17.675,17.702,502,0
20050317,17.78,17.894,17.78,17.894,3772,0
20050318,17.894,18.297,17.894,18.297,5063,0
20050321,18.489,19.678,17.5,18.297,20860,0
20050322,18.191,18.436,18.183,18.183,5123,0
20050323,18.306,18.332,17.596,17.894,5820,0
20050324,17.867,18.095,17.702,17.702,3836,0
20050328,17.579,17.658,17.431,17.431,3236,0
20050329,17.299,17.299,16.905,16.905,2513,0
20050330,16.704,16.704,16.31,16.31,5090,0
20050331,16.109,16.503,15.986,16.503,5918,0
20050404,16.31,16.861,16.31,16.861,3772,0
20050405,16.704,16.704,16.651,16.704,628,0
20050407,16.319,16.826,16.31,16.495,2700,0
20050408,16.31,16.31,16.31,16.31,1718,0
20050411,16.503,16.739,16.31,16.31,5047,0
20050412,16.31,16.31,16.109,16.109,775,0
20050414,16.109,16.205,15.908,16.205,2640,0
20050415,16.266,16.31,15.908,15.916,2255,0
20050418,16.1,16.109,16.1,16.109,251,0
20050419,16.109,16.109,15.706,15.706,2278,0
20050420,15.882,15.908,15.435,15.435,13466,0
20050421,15.443,15.514,15.443,15.443,1772,0
20050422,15.47,15.488,15.356,15.356,5280,0
20050425,15.312,15.514,15.312,15.514,973,0
20050426,15.706,16.704,15.706,16.704,12438,0
20050427,16.704,17.299,16.704,17.299,5707,0
20050428,17.421,17.702,17.299,17.5,8216,0
20050429,17.702,17.702,17.5,17.702,10996,0
20050502,17.702,17.702,17.702,17.702,9954,0
20050503,18.297,18.297,17.911,18.043,2325,0
20050504,17.903,18.095,17.894,18.095,4087,0
20050505,18.297,18.375,17.299,18.103,7757,0
20050506,18.103,18.103,18.095,18.095,1996,0
20050509,18.112,18.112,17.5,17.894,13026,0
20050510,17.894,17.999,17.894,17.999,11460,0
20050511,18.297,18.297,18.017,18.017,22471,0
20050513,20.405,20.405,18.297,18.297,14535,0
20050516,18.297,18.297,17.719,17.894,9295,0
20050517,18.681,18.681,18.017,18.017,13336,0
20050518,18.103,18.103,18.103,18.103,807,0
20050519,17.903,17.903,17.894,17.894,251,0
20050520,17.78,17.876,17.78,17.806,2136,0
20050523,18.323,18.323,17.019,17.894,7277,0
20050524,18.086,18.095,18.086,18.095,570,0
20050525,18.138,18.297,17.894,18.297,2765,0
20050526,18.41,18.489,18.095,18.489,7044,0
20050527,18.297,18.462,18.217,18.217,15190,0
20050531,18.095,18.297,18.095,18.095,1667,0
20050601,18.112,18.112,17.894,17.894,4438,0
20050602,17.999,18.095,17.999,18.095,2513,0
20050606,19.487,19.487,18.892,19.433,7195,0
20050607,19.451,19.451,18.892,18.988,2573,0
20050608,18.769,18.769,18.769,18.769,251,0
20050609,18.69,18.69,18.69,18.69,125,0
20050610,18.69,18.69,18.297,18.297,377,0
20050613,17.107,17.702,17.107,17.378,4759,0
20050614,17.107,17.107,16.319,16.616,2767,0
20050615,16.503,16.503,16.503,16.503,538,0
20050616,16.336,16.336,16.336,16.336,375,0
20050617,16.503,16.503,16.319,16.319,688,0
20050620,16.31,16.31,16.109,16.31,5544,0
20050621,16.231,16.31,16.109,16.109,2264,0
20050622,16.503,17.107,16.503,17.028,3615,0
20050623,16.984,17.561,16.984,17.561,4110,0
20050627,17.107,17.107,16.616,16.704,2153,0
20050629,16.704,16.782,16.704,16.774,6236,0
20050630,16.782,17.378,16.782,17.378,783,0
20050705,16.94,16.94,16.765,16.765,374,0
20050706,16.503,16.503,16.503,16.503,1246,0
20050707,16.31,16.31,16.188,16.31,2576,0
20050711,15.908,16.109,15.514,16.029,4382,0
20050712,15.793,16.109,15.793,16.109,5531,0
20050713,16.231,16.231,16.231,16.231,377,0
20050714,16.468,16.468,16.258,16.258,598,0
20050715,16.31,16.31,16.31,16.31,125,0
20050719,16.292,16.31,16.109,16.17,5611,0
20050720,16.109,16.231,15.986,16.109,6035,0
20050722,16.231,16.231,15.461,15.706,13555,0
20050725,15.347,15.435,14.919,15.111,19193,0
20050726,15.033,15.12,14.953,14.953,26400,0
20050727,14.919,15.111,14.919,15.111,3897,0
20050729,14.919,14.997,14.717,14.717,1007,0
20050801,14.919,15.278,14.752,15.269,2782,0
20050802,15.111,15.19,15.111,15.173,502,0
20050803,15.111,15.19,15.111,15.19,1079,0
20050804,15.111,15.155,14.919,15.111,4668,0
20050805,15.111,15.12,14.919,15.12,9470,0
20050808,15.155,15.312,15.155,15.199,2118,0
20050809,15.199,15.199,14.953,14.953,3335,0
20050810,14.953,14.953,14.953,14.953,401,0
20050815,15.111,15.304,15.033,15.033,8285,0
20050816,15.033,15.033,14.561,14.717,12148,0
20050817,14.919,14.919,14.805,14.805,1298,0
20050818,14.752,14.988,14.157,14.307,2901,0
20050819,14.052,14.481,13.518,14.481,18459,0
20050822,14.516,14.717,14.131,14.131,1007,0
20050823,14.393,15.033,14.393,14.613,1886,0
20050824,14.316,14.316,14.316,14.316,125,0
20050825,14.202,14.202,14.202,14.202,355,0
20050829,14.236,14.236,14.236,14.236,136,0
20050831,14.316,14.316,14.122,14.28,1671,0
20050901,14.236,14.236,14.236,14.236,753,0
20050906,14.316,14.316,14.316,14.316,1132,0
20050907,14.438,14.438,14.438,14.438,331,0
20050909,14.122,14.289,14.122,14.28,1132,0
20050912,14.316,14.639,14.236,14.639,5182,0
20050913,14.49,14.534,14.481,14.534,1687,0
20050919,14.516,15.111,14.516,14.997,5090,0
20050920,14.919,14.919,14.752,14.831,753,0
20050921,14.717,15.19,14.717,15.19,2011,0
20050922,14.963,15.111,14.963,15.111,1964,0
20051004,14.525,14.919,14.367,14.393,5431,0
20051005,14.393,14.393,14.393,14.393,628,0
20051006,14.446,14.446,14.316,14.316,628,0
20051007,14.236,14.341,14.236,14.341,872,0
20051010,14.316,14.316,14.316,14.316,1886,0
20051017,14.316,14.325,14.316,14.316,1007,0
20051018,14.316,14.438,14.316,14.358,4677,0
20051019,14.316,14.333,14.316,14.333,1331,0
20051021,14.236,14.358,14.236,14.358,532,0
20051024,14.316,14.569,14.316,14.569,1132,0
20051025,14.325,14.325,14.325,14.325,692,0
20051027,14.316,14.316,14.316,14.316,125,0
20051028,14.516,14.717,14.516,14.717,502,0
20051031,14.516,14.708,14.393,14.561,1604,0
20051101,14.464,14.464,14.316,14.316,922,0
20051102,14.438,14.438,14.438,14.438,251,0
20051103,14.316,14.358,14.28,14.358,5312,0
20051104,14.393,14.393,14.393,14.393,628,0
20051107,14.481,14.481,14.481,14.481,251,0
20051108,14.289,14.316,14.289,14.316,1796,0
20051109,14.202,14.316,14.202,14.316,1007,0
20051110,14.63,14.639,14.63,14.63,1694,0
20051111,14.866,14.875,14.866,14.875,559,0
20051114,14.316,14.316,14.316,14.316,1686,0
20051115,14.866,14.866,14.866,14.866,374,0
20051116,14.875,14.875,14.823,14.823,796,0
20051121,14.866,15.312,14.797,14.831,3815,0
20051122,14.831,14.831,14.752,14.797,8997,0
20051123,14.516,14.578,14.516,14.578,1132,0
20051129,14.717,15.671,14.717,15.514,4470,0
20051130,15.32,15.32,14.788,15.164,2286,0
20051201,15.111,15.19,15.111,15.19,5061,0
20051202,15.033,15.111,15.033,15.111,4902,0
20051205,15.033,15.033,15.033,15.033,2468,0
20051206,15.347,15.347,15.033,15.076,6411,0
20051207,14.919,14.919,14.919,14.919,1509,0
20051208,14.831,14.831,14.797,14.831,753,0
20051209,14.919,14.919,14.919,14.919,316,0
20051212,14.875,14.919,14.875,14.919,5661,0
20051213,15.111,15.252,14.919,14.919,1886,0
20051214,14.919,15.278,14.919,14.971,4731,0
20051215,14.928,14.928,14.919,14.919,2317,0
20051216,14.919,14.988,14.919,14.988,1184,0
20051219,15.19,15.19,15.173,15.173,441,0
20051220,14.988,14.988,14.988,14.988,125,0
20051221,14.971,15.059,14.971,15.059,5029,0
20051222,14.997,14.997,14.953,14.953,1714,0
20051223,14.919,15.111,14.919,15.111,753,0
20051228,15.111,15.111,15.111,15.111,1620,0
20051229,15.111,15.111,15.111,15.111,905,0
20051230,15.111,15.111,15.111,15.111,1257,0
20060103,15.111,15.111,15.111,15.111,251,0
20060104,15.216,15.216,15.111,15.164,880,0
20060105,15.111,15.111,15.111,15.111,502,0
20060106,15.111,15.111,15.111,15.111,1057,0
20060110,15.111,15.663,15.111,15.663,1383,0
20060111,15.514,15.514,15.514,15.514,412,0
20060112,15.514,15.514,15.514,15.514,125,0
20060113,15.549,15.549,15.549,15.549,125,0
20060117,15.566,15.566,15.549,15.549,753,0
20060118,15.671,15.908,15.671,15.899,5405,0
20060124,15.706,15.706,15.706,15.706,509,0
20060125,15.706,15.715,15.706,15.715,377,0
20060202,16.144,16.144,16.144,16.144,251,0
20060206,15.575,15.82,15.532,15.671,2558,0
20060207,15.592,15.611,15.541,15.541,829,0
20060208,15.497,15.75,15.452,15.452,4925,0
20060209,15.452,15.452,15.111,15.111,4402,0
20060210,15.111,15.129,15.111,15.111,1608,0
20060213,15.111,15.111,15.111,15.111,1297,0
20060215,15.697,15.706,15.688,15.706,784,0
20060216,15.111,15.312,14.919,14.919,12125,0
20060222,15.304,15.304,15.304,15.304,880,0
20060223,15.111,15.129,15.111,15.111,7248,0
20060224,15.129,15.129,15.111,15.111,5152,0
20060227,15.085,15.269,15.085,15.111,4037,0
20060228,15.111,15.155,15.111,15.155,943,0
20060302,15.059,15.12,15.059,15.111,1570,0
20060303,15.19,15.19,15.19,15.19,125,0
20060306,15.19,15.19,15.19,15.19,742,0
20060307,15.19,15.19,14.831,15.111,1286,0
20060308,15.033,15.111,14.919,14.919,51536,0
20060309,15.111,15.111,15.111,15.111,1570,0
20060315,14.919,15.111,14.919,15.111,9932,0
20060316,15.111,15.111,15.093,15.093,6537,0
20060317,15.068,15.111,15.068,15.111,3520,0
20060320,15.041,15.041,14.919,14.919,377,0
20060321,14.875,14.911,14.875,14.875,2228,0
20060322,14.911,14.911,14.911,14.911,438,0
20060324,14.919,14.919,14.919,14.919,125,0
20060327,15.006,15.033,14.919,14.963,7936,0
20060328,15.269,15.269,14.919,14.919,5029,0
20060329,14.953,14.953,14.866,14.866,4401,0
20060330,14.919,14.919,14.919,14.919,1886,0
20060331,14.971,14.971,14.779,14.971,1641,0
20060403,14.752,15.19,14.752,15.19,6215,0
20060404,15.234,15.619,15.234,15.514,12186,0
20060405,15.435,15.549,15.435,15.514,19038,0
20060406,16.118,16.118,14.928,15.252,8863,0
20060407,15.899,15.899,15.759,15.759,622,0
20060410,15.523,15.759,15.409,15.409,3713,0
20060411,15.312,15.312,15.216,15.216,230,0
20060412,14.893,14.893,14,14.228,6575,0
20060413,14.236,14.411,14.228,14.411,1142,0
20060417,14.761,14.761,14.175,14.193,2494,0
20060418,14.193,14.402,14.193,14.219,1294,0
20060419,14,14.438,14,14.438,1964,0
20060420,14.438,14.438,14.228,14.228,471,0
20060421,14.429,14.438,14.228,14.402,1963,0
20060425,13.86,14.438,13.86,14.271,3656,0
20060426,14.472,14.472,14,14,2669,0
20060427,14.393,14.734,13.868,14.402,1748,0
20060428,14.438,14.7,14.438,14.7,1773,0
20060501,14.472,14.534,14.472,14.525,2064,0
20060502,14.552,14.552,14.552,14.552,233,0
20060503,14.525,14.552,14.525,14.552,1265,0
20060504,14.578,14.648,14.525,14.648,9713,0
20060505,14.648,14.963,14.613,14.963,461,0
20060508,14.963,14.963,14.875,14.875,10134,0
20060509,14.875,15.093,14.875,15.085,5324,0
20060510,14.875,15.207,14.875,15.207,2015,0
20060511,15.093,15.093,15.093,15.093,125,0
20060512,15.093,15.479,15.093,15.093,2120,0
20060515,15.093,15.093,15.093,15.093,1624,0
20060516,14.902,14.971,14.893,14.971,7496,0
20060517,15.05,15.05,15.05,15.05,230,0
20060518,14.875,14.875,14.875,14.875,1308,0
20060519,14.875,14.875,14.875,14.875,829,0
20060522,14.875,14.875,14.875,14.875,571,0
20060523,15.391,16.581,14.875,14.946,6441,0
20060524,15.147,15.452,15.138,15.452,346,0
20060525,15.138,15.549,15.138,15.549,708,0
20060526,15.024,15.024,15.024,15.024,115,0
20060530,14.875,15.391,14.875,15.269,1387,0
20060607,15.182,15.182,15.182,15.182,1028,0
20060608,15.199,15.199,15.173,15.173,560,0
20060609,15.138,15.365,15.138,15.365,1426,0
20060613,15.207,15.243,15.207,15.234,571,0
20060614,15.566,15.566,15.138,15.138,571,0
20060619,15.199,15.199,15.199,15.199,571,0
20060620,15.182,15.225,15.182,15.225,230,0
20060622,15.138,15.138,14.902,14.919,1196,0
20060623,14.919,14.963,14.919,14.963,241,0
20060626,14.963,14.963,14.963,14.963,316,0
20060629,15.085,15.093,15.085,15.093,290,0
20060630,15.093,15.093,14.963,14.963,2786,0
20060706,15.093,15.312,15.093,15.093,3078,0
20060707,14.988,14.988,14.928,14.988,681,0
20060710,15.138,15.312,15.138,15.138,829,0
20060711,14.963,14.963,14.963,14.963,125,0
20060712,14.928,14.953,14.928,14.953,563,0
20060713,14.963,14.963,14.963,14.963,571,0
20060714,14.963,14.997,14.963,14.963,1652,0
20060721,14.937,14.937,14.928,14.928,3481,0
20060724,14.928,15.269,14.928,14.928,1474,0
20060725,15.015,15.015,14.963,14.963,708,0
20060726,14.946,14.946,14.946,14.946,1093,0
20060728,14.997,15.269,14.928,15.006,3847,0
20060802,14.928,14.928,14.928,14.928,192,0
20060804,14.928,14.928,14.928,14.928,571,0
20060807,14.902,14.902,14.884,14.884,3921,0
20060808,14.902,14.902,14.902,14.902,127,0
20060809,14.831,14.831,14.831,14.831,1169,0
20060814,14.875,14.875,14.831,14.831,818,0
20060817,15.252,15.312,15.252,15.312,2433,0
20060822,15.312,15.312,15.312,15.312,1142,0
20060824,14.875,14.875,14.875,14.875,4916,0
20060825,14.831,14.919,14.823,14.919,3718,0
20060829,14.823,14.823,14.823,14.823,982,0
20060830,14.823,14.875,14.438,14.438,23600,0
20060831,14.384,14.438,14.333,14.411,3750,0
20060905,14.009,14.009,14.009,14.009,115,0
20060906,13.518,13.868,13.518,13.868,1604,0
20060907,13.868,13.868,13.868,13.868,115,0
20060908,14.131,14.219,14.131,14.219,230,0
20060911,14,14.613,14,14.604,3670,0
20060912,14.166,14.166,14.113,14.113,1064,0
20060913,14,14,14,14,230,0
20060914,14.228,14.245,14.228,14.245,1721,0
20060915,13.868,13.868,13.868,13.868,1142,0
20060919,13.781,13.825,13.781,13.825,3243,0
20060920,13.834,13.834,13.834,13.834,915,0
20060921,14.857,14.857,14.088,14.088,1292,0
20060922,14.866,14.866,14.866,14.866,571,0
20060925,14.096,14.096,14.096,14.096,187,0
20060926,14.402,14.402,14.402,14.402,230,0
20060927,14.219,14.438,14.219,14.219,1477,0
20060928,14.779,14.946,14.446,14.691,5478,0
20060929,14.726,14.743,14.14,14.14,4578,0
20061002,14.088,14.088,14.088,14.088,747,0
20061004,14.14,14.14,14.088,14.088,1083,0
20061005,14.088,14.35,14.088,14.35,2721,0
20061009,14.455,14.525,14.455,14.525,1970,0
20061012,14.691,15.093,14.691,14.893,33872,0
20061016,15.129,15.129,15.129,15.129,688,0
20061017,14.902,15.261,14.902,15.111,2346,0
20061018,15.111,15.182,15.111,15.182,4547,0
20061020,15.111,15.111,15.111,15.111,267,0
20061023,15.111,15.514,15.111,15.383,2173,0
20061024,15.4,15.4,15.19,15.19,346,0
20061025,15.207,15.207,15.207,15.207,492,0
20061026,15.093,15.093,14.849,14.849,1080,0
20061030,15.015,15.024,14.963,15.024,2937,0
20061102,15.093,15.261,15.093,15.261,387,0
20061103,15.261,15.261,15.024,15.024,1515,0
20061106,15.093,15.102,15.093,15.102,505,0
20061107,15.102,15.173,14.455,15.05,10366,0
20061108,14.971,15.093,14.963,15.093,2747,0
20061109,15.006,15.19,15.006,15.093,78041,0
20061110,15.093,15.216,15.093,15.207,167689,0
20061113,15.225,15.261,14.963,15.225,6728,0
20061114,15.093,15.138,15.006,15.138,5739,0
20061115,15.006,15.225,15.006,15.182,2295,0
20061116,15.05,15.068,15.05,15.05,1748,0
20061117,15.261,15.261,15.261,15.261,571,0
20061120,15.225,15.234,15.12,15.234,2598,0
20061121,15.093,15.147,15.093,15.147,437,0
20061122,15.129,15.155,15.129,15.155,3056,0
20061124,15.093,15.155,15.093,15.155,278,0
20061127,15.155,15.164,15.015,15.138,9532,0
20061128,14.937,15.164,14.937,15.164,557,0
20061129,14.893,15.138,14.7,15.024,3236,0
20061130,15.041,15.225,15.041,15.216,4330,0
20061201,15.05,15.138,15.05,15.138,2426,0
20061204,15.182,15.182,15.182,15.182,115,0
20061205,15.059,15.059,15.059,15.059,115,0
20061206,15.164,15.164,15.164,15.164,246,0
20061211,15.138,15.138,15.093,15.093,2136,0
20061212,15.093,15.093,15.093,15.093,1621,0
20061213,15.093,15.093,15.093,15.093,1429,0
20061214,15.093,15.093,15.093,15.093,687,0
20061215,15.05,15.093,15.05,15.093,3492,0
20061218,15.085,15.182,15.05,15.182,1303,0
20061219,15.05,15.138,14.805,15.12,5413,0
20061220,14.893,15.041,14.893,14.988,3721,0
20061221,15.05,15.102,14.963,15.05,8500,0
20061222,14.963,14.988,14.963,14.988,274,0
20061227,14.953,14.953,14.928,14.928,1257,0
20061229,15.138,15.173,15.093,15.12,1898,0
20070103,15.102,15.138,15.085,15.129,1454,0
20070104,15.138,15.225,15.085,15.216,2914,0
20070105,15.182,15.225,15.085,15.111,4853,0
20070108,15.093,15.129,14.971,15.129,5262,0
20070109,15.093,15.138,15.093,15.138,6640,0
20070111,15.138,15.269,15.138,15.199,6518,0
20070112,15.304,15.329,15.234,15.234,3772,0
20070116,15.312,15.312,15.269,15.269,2014,0
20070117,15.243,15.243,15.216,15.216,461,0
20070118,15.312,15.443,15.207,15.243,3856,0
20070122,15.312,15.32,15.312,15.32,2800,0
20070124,15.312,15.312,15.252,15.312,1943,0
20070125,15.347,15.409,15.32,15.356,3565,0
20070126,15.418,15.418,15.409,15.418,7772,0
20070129,15.356,15.356,15.312,15.312,6002,0
20070130,15.575,15.575,15.312,15.312,2970,0
20070131,15.443,15.619,15.383,15.619,4681,0
20070201,15.654,15.663,15.461,15.461,2120,0
20070202,15.443,15.663,15.443,15.663,12213,0
20070205,15.741,15.75,15.724,15.733,4363,0
20070206,15.706,15.89,15.706,15.882,6899,0
20070207,15.786,15.96,15.786,15.924,6648,0
20070208,15.924,15.924,15.924,15.924,115,0
20070209,15.924,15.924,15.916,15.916,301,0
20070212,16.188,16.188,15.924,15.969,5607,0
20070213,15.995,15.995,15.969,15.977,16328,0
20070214,15.969,16.092,15.908,15.908,3084,0
20070215,16.1,16.1,15.933,15.942,6057,0
20070220,16.047,16.047,16.013,16.013,3428,0
20070221,16.065,16.065,16.065,16.065,115,0
20070222,15.977,15.977,15.969,15.977,3201,0
20070223,16.1,16.1,15.977,15.977,8456,0
20070227,16.022,16.022,15.933,15.986,1816,0
20070228,15.969,16.179,15.969,16.013,1778,0
20070301,16.013,16.013,16.013,16.013,1007,0
20070302,15.882,16.013,15.882,15.924,2442,0
20070305,15.969,16.179,15.882,15.969,6332,0
20070306,15.969,16.136,15.969,16.127,2489,0
20070307,16.127,16.127,16.083,16.092,1028,0
20070308,16.092,16.092,16.004,16.004,1257,0
20070309,16.022,16.179,16.004,16.047,3541,0
20070312,15.969,15.969,15.969,15.969,125,0
20070313,15.969,16.144,15.899,15.899,7992,0
20070314,15.942,15.969,15.942,15.969,1713,0
20070315,15.969,15.977,15.942,15.977,10727,0
20070316,15.89,15.969,15.89,15.969,4113,0
20070319,15.951,15.951,15.951,15.951,1142,0
20070320,15.969,15.969,15.969,15.969,115,0
20070321,15.969,15.969,15.969,15.969,298,0
20070322,15.969,15.969,15.969,15.969,248,0
20070323,15.933,15.933,15.933,15.933,136,0
20070326,15.924,15.924,15.924,15.924,1257,0
20070330,15.933,15.969,15.924,15.969,1006,0
20070402,16.109,16.136,16.092,16.1,4183,0
20070403,16.092,16.1,16.047,16.1,4955,0
20070404,16.029,16.029,15.924,15.951,3057,0
20070405,16.004,16.004,16.004,16.004,321,0
20070409,15.933,15.96,15.365,15.811,5942,0
20070410,16.004,16.004,15.882,15.882,660,0
20070411,15.916,15.916,15.916,15.916,251,0
20070412,15.802,15.802,15.706,15.759,571,0
20070413,15.908,15.924,15.908,15.924,461,0
20070416,15.811,15.847,15.715,15.847,2420,0
20070417,15.706,15.706,15.312,15.383,1313,0
20070418,15.838,15.838,15.338,15.619,1943,0
20070419,15.75,15.924,15.688,15.697,1621,0
20070420,15.75,15.75,15.488,15.488,802,0
20070423,15.741,15.75,15.706,15.715,3880,0
20070424,15.443,15.602,15.443,15.602,729,0
20070425,15.75,15.759,15.329,15.409,2970,0
20070426,15.541,15.541,15.312,15.32,2513,0
20070427,15.452,15.497,15.374,15.383,802,0
20070430,15.741,15.741,15.312,15.497,4009,0
20070501,15.497,15.497,15.497,15.497,1028,0
20070502,15.409,15.488,15.409,15.488,1079,0
20070503,15.488,15.96,15.488,15.75,3561,0
20070504,15.636,15.75,15.497,15.497,21705,0
20070507,15.488,15.908,15.452,15.768,4202,0
20070508,15.679,15.679,15.679,15.679,115,0
20070509,15.654,15.654,15.654,15.654,115,0
20070510,15.575,15.575,15.461,15.541,2628,0
20070511,15.304,15.461,15.296,15.461,871,0
20070514,15.645,15.645,15.575,15.575,461,0
20070515,15.619,15.619,15.532,15.532,1314,0
20070516,15.374,15.488,15.207,15.216,2885,0
20070517,15.32,15.32,15.225,15.234,2059,0
20070518,15.296,15.391,15.269,15.269,8112,0
20070521,15.286,15.391,15.269,15.391,2856,0
20070522,15.427,15.427,15.427,15.427,1142,0
20070523,15.207,15.356,15.207,15.347,1702,0
20070524,15.269,15.269,15.269,15.269,1713,0
20070525,15.252,15.296,15.216,15.296,4001,0
20070529,15.347,15.347,15.138,15.199,2742,0
20070530,15.111,15.111,15.024,15.093,1028,0
20070531,15.173,15.173,15.173,15.173,115,0
20070601,15.356,15.356,15.356,15.356,115,0
20070604,15.4,15.4,15.252,15.32,5065,0
20070605,15.488,15.488,15.488,15.488,115,0
20070606,15.505,15.75,15.452,15.602,3199,0
20070607,15.636,15.636,15.4,15.4,2289,0
20070608,15.365,15.374,15.365,15.374,1979,0
20070611,15.497,15.497,15.497,15.497,115,0
20070612,15.488,15.488,15.4,15.409,1371,0
20070613,15.47,15.47,15.47,15.47,115,0
20070614,15.4,15.443,15.365,15.4,2267,0
20070615,15.435,15.575,15.365,15.374,3249,0
20070618,15.365,15.4,15.365,15.4,238,0
20070619,15.391,15.443,15.391,15.443,765,0
20070620,15.409,15.409,15.312,15.4,2414,0
20070621,15.4,15.4,15.4,15.4,1309,0
20070622,15.479,15.768,15.479,15.768,802,0
20070625,15.802,15.802,15.549,15.575,2133,0
20070626,15.592,15.592,15.592,15.592,205,0
20070627,15.532,15.532,15.374,15.374,687,0
20070628,15.356,15.864,15.356,15.838,22601,0
20070629,15.541,15.724,15.329,15.329,29572,0
20070702,15.347,15.435,15.085,15.356,8305,0
20070703,15.312,15.4,15.312,15.4,2513,0
20070705,15.443,15.452,15.443,15.452,461,0
20070706,15.452,15.47,15.391,15.391,2856,0
20070709,15.356,15.523,15.356,15.443,1142,0
20070710,15.479,15.592,15.443,15.443,6329,0
20070711,15.391,15.443,15.391,15.443,1371,0
20070712,15.4,15.4,15.278,15.278,1943,0
20070713,15.312,15.312,15.312,15.312,915,0
20070716,15.312,15.338,15.312,15.338,571,0
20070717,15.391,15.4,15.391,15.4,571,0
20070718,15.4,15.4,15.225,15.269,3171,0
20070719,15.19,15.4,15.19,15.4,986,0
20070720,15.312,15.312,15.19,15.19,5942,0
20070723,15.304,15.304,15.269,15.269,461,0
20070724,15.269,15.269,15.076,15.085,3456,0
20070725,15.085,15.138,14.884,14.919,14984,0
20070726,14.963,14.963,14.963,14.963,115,0
20070730,14.963,15.006,14.963,15.006,1132,0
20070731,15.076,15.076,15.006,15.006,2877,0
20070801,15.05,15.05,14.648,14.875,6328,0
20070802,14.788,14.875,14.788,14.875,2170,0
20070803,14.866,14.919,14.866,14.919,1713,0
20070806,14.7,15.32,14.621,15.32,1828,0
20070807,15.093,15.093,15.076,15.076,230,0
20070808,14.893,15.05,14.875,15.05,346,0
20070809,14.884,14.884,14.875,14.884,346,0
20070810,14.911,15.041,14.911,15.041,346,0
20070813,14.875,14.875,14.875,14.875,115,0
20070814,14.7,14.997,14.7,14.875,2562,0
20070815,14.875,14.988,14.788,14.788,3428,0
20070816,14.814,14.814,14.534,14.543,775,0
20070817,14.7,14.7,14.009,14.307,7281,0
20070820,14.307,15.882,14.307,15.129,18571,0
20070821,14.552,14.884,14.552,14.857,915,0
20070827,14.455,14.455,14.455,14.455,346,0
20070828,14.438,14.657,14.088,14.307,83548,0
20070829,14.393,14.446,14.393,14.446,1705,0
20070830,14.438,14.438,14.438,14.438,5366,0
20070831,14.438,14.613,14.438,14.613,2190,0
20070904,14.613,14.613,14.613,14.613,602,0
20070905,14.613,14.613,14.438,14.438,1280,0
20070906,14.648,14.743,14.648,14.7,3313,0
20070907,14.613,14.613,14.604,14.604,915,0
20070910,14,14.325,14,14.325,5956,0
20070911,14.079,14.35,14.079,14.35,2371,0
20070912,14.263,14.341,14.088,14.088,3914,0
20070913,14.219,14.219,13.754,13.868,4239,0
20070918,14,14.079,13.957,14.079,7002,0
20070919,13.912,13.983,13.912,13.983,1844,0
20070920,13.912,13.912,13.912,13.912,1142,0
20070921,13.983,13.983,13.983,13.983,210,0
20070924,13.983,13.983,13.912,13.93,1402,0
20070925,13.904,13.957,13.904,13.957,1048,0
20070926,13.904,13.912,13.772,13.912,1762,0
20070927,13.983,14.052,13.983,14,1462,0
20070928,14,14,14,14,461,0
20071002,13.921,13.921,13.703,13.781,2461,0
20071004,13.721,13.721,13.703,13.712,3313,0
20071005,13.791,13.791,13.791,13.791,346,0
20071008,13.781,13.781,13.694,13.703,2756,0
20071009,14,14.088,13.921,13.921,1329,0
20071010,14,14.088,13.921,14,959,0
20071012,13.868,13.868,13.798,13.798,1861,0
20071018,13.825,13.834,13.65,13.65,1887,0
20071019,13.65,13.65,13.65,13.65,346,0
20071022,13.562,13.781,13.562,13.772,3973,0
20071024,13.763,13.807,13.763,13.763,1477,0
20071026,14,14,13.991,13.991,805,0
20071029,13.825,13.825,13.781,13.781,1246,0
20071030,14,14.088,14,14.088,1978,0
20071031,14.28,14.657,14,14,4941,0
20071101,14.035,14.061,13.957,13.957,5614,0
20071102,13.852,14.236,13.852,14.236,892,0
20071105,14.035,14.298,13.904,13.983,3455,0
20071106,13.843,13.843,13.843,13.843,622,0
20071107,13.93,13.93,13.737,13.781,1658,0
20071108,14.113,14.113,14.113,14.113,115,0
20071109,13.791,13.877,13.737,13.737,1487,0
20071112,14,14.088,14,14.071,961,0
20071113,14.071,14.071,13.737,13.781,1455,0
20071114,13.746,13.852,13.737,13.852,2116,0
20071115,13.772,13.772,13.607,13.737,7305,0
20071116,13.694,13.737,13.694,13.737,3227,0
20071119,13.816,13.816,13.694,13.746,1925,0
20071120,13.791,13.791,13.562,13.562,10538,0
20071121,13.607,13.737,13.607,13.677,2631,0
20071126,13.571,13.571,13.257,13.554,5921,0
20071127,13.414,13.912,13.396,13.396,461,0
20071128,13.423,13.423,13.423,13.423,925,0
20071129,13.475,13.475,13.126,13.135,7111,0
20071130,13.15,13.414,12.95,13.291,4833,0
20071206,14,14,12.373,13.09,73282,0
20071207,13.09,13.396,13.037,13.3,6017,0
20071211,13.423,13.527,13.423,13.527,1257,0
20071212,13.405,13.712,13.38,13.712,3157,0
20071213,14,14,13.825,13.825,571,0
20071214,13.273,13.273,13.212,13.239,3317,0
20071218,13.3,13.3,13.3,13.3,115,0
20071219,13.248,13.248,13.248,13.248,2269,0
20071220,13.781,13.781,13.144,13.344,9059,0
20071221,13.257,13.344,13.257,13.344,3986,0
20071224,13.135,13.135,12.687,12.687,461,0
20071226,13.3,13.3,12.687,12.714,2165,0
20071227,13.098,13.344,13.098,13.344,885,0
20071231,13.265,13.405,13.212,13.257,1482,0
20080102,13.641,13.65,13.641,13.65,230,0
20080103,13.257,13.939,13.257,13.607,4736,0
20080104,14,14,13.571,13.772,3772,0
20080107,13.562,13.737,13.344,13.737,2255,0
20080108,13.825,13.825,13.562,13.562,461,0
20080109,13.912,13.912,13.414,13.737,1371,0
20080110,13.353,13.781,13.353,13.781,1371,0
20080111,13.239,13.239,13.239,13.239,230,0
20080114,13.484,13.624,13.484,13.554,2970,0
20080115,13.257,13.257,13.257,13.257,230,0
20080116,13.772,13.843,13.616,13.712,1142,0
20080117,13.423,13.562,13.423,13.562,687,0
20080118,13.3,13.318,13.3,13.3,3478,0
20080123,13.055,13.257,13.055,13.257,3660,0
20080124,13.3,13.344,13.273,13.273,690,0
20080125,13.273,13.273,13.265,13.265,1257,0
20080128,13.344,13.38,13.344,13.344,5976,0
20080130,13.65,13.948,13.65,13.912,20742,0
20080131,13.904,13.912,13.904,13.912,959,0
20080204,14.061,14.061,13.807,13.807,230,0
20080206,14.088,14.088,14.088,14.088,26742,0
20080207,13.957,14.219,13.912,13.939,2341,0
20080208,13.877,13.921,13.877,13.921,346,0
20080211,13.966,14.402,13.939,14.236,6585,0
20080212,14.325,14.446,14.175,14.175,915,0
20080213,14.175,14.175,14.175,14.175,230,0
20080214,14.175,14.175,14.175,14.175,149,0
20080215,14.184,14.184,14.184,14.184,733,0
20080219,14.088,14.088,14.088,14.088,461,0
20080220,14.184,14.184,14.096,14.096,461,0
20080222,14.096,14.096,14.096,14.096,240,0
20080225,14.096,14.219,14.088,14.219,1069,0
20080228,14.131,14.157,14,14,5317,0
20080229,14,14,14,14,347,0
20080303,14,14,14,14,230,0
20080306,14,14.411,14,14.411,915,0
20080307,14.325,14.325,14.175,14.175,365,0
20080310,14.228,14.228,14.219,14.219,2636,0
20080311,14.219,14.219,14.219,14.219,7645,0
20080312,14.219,14.219,14.219,14.219,115,0
20080313,14.307,14.481,14.307,14.481,2011,0
20080314,14.481,14.481,14.438,14.438,2424,0
20080319,14,14,14,14,652,0
20080320,14.043,14.043,14.043,14.043,346,0
20080324,14.376,14.393,14.289,14.393,388,0
20080325,14.043,14.043,14.043,14.043,115,0
20080326,14.061,14.061,14.052,14.052,1599,0
20080327,14,14,14,14,230,0
20080331,14,14.341,14,14,5154,0
20080401,14.052,14.289,14,14.289,3119,0
20080402,14.035,14.035,14.035,14.035,687,0
20080407,14,14,14,14,115,0
20080408,14,14,14,14,115,0
20080409,14,14,14,14,115,0
20080410,14,14,14,14,115,0
20080411,14,14,14,14,115,0
20080414,14,14,14,14,115,0
20080415,14,14,14,14,115,0
20080416,14.027,14.043,14.027,14.043,645,0
20080417,14.043,14.263,14.043,14.175,1371,0
20080418,14,14,14,14,230,0
20080421,14.079,14.088,14.079,14.088,446,0
20080422,14.088,14.088,14,14,397,0
20080423,14,14,14,14,4164,0
20080424,14,14,14,14,1383,0
20080425,14,14,14,14,291,0
20080428,14,14,14,14,952,0
20080429,14.088,14.096,14,14.096,4801,0
20080430,14.148,14.148,14,14,5088,0
20080501,14.263,14.263,14.263,14.263,230,0
20080502,14.621,14.875,14.263,14.534,898,0
20080505,14,14.28,14,14.263,2302,0
20080506,14.263,14.875,14.263,14.875,3405,0
20080507,14.884,14.963,14.884,14.953,1826,0
20080508,14.429,14.875,14.429,14.875,1210,0
20080509,14.953,14.953,14.937,14.953,915,0
20080512,15.05,15.05,14.708,14.997,2463,0
20080513,14.997,15.015,14.997,15.015,230,0
20080514,15.041,15.05,15.041,15.05,641,0
20080515,15.093,15.093,15.05,15.05,351,0
20080516,15.05,15.225,14.561,15.225,7137,0
20080519,15.155,15.75,15.155,15.75,10126,0
20080520,15.093,15.093,15.093,15.093,246,0
20080521,14.674,15.75,14.455,15.654,5911,0
20080522,15.619,15.741,15.619,15.741,1278,0
20080527,15.733,15.733,15.706,15.724,1176,0
20080528,15.532,15.532,14.481,15.356,3029,0
20080529,15.304,15.304,15.304,15.304,115,0
20080530,15.312,15.4,15.312,15.4,1914,0
20080602,14.481,15.497,14.481,15.488,2642,0
20080603,14.971,15.777,14.971,14.979,1180,0
20080604,15.688,15.75,14.971,15.75,3500,0
20080605,15.663,15.663,15.663,15.663,293,0
20080606,15.75,15.759,15.75,15.759,4007,0
20080609,15.75,15.777,15.076,15.111,6942,0
20080610,15.532,15.75,15.312,15.488,5392,0
20080611,15.488,15.575,15.488,15.488,1257,0
20080612,15.575,15.75,15.575,15.663,1373,0
20080613,15.155,15.19,15.155,15.155,807,0
20080616,15.155,15.75,15.155,15.75,3313,0
20080618,15.532,15.532,15.347,15.347,670,0
20080619,15.312,15.356,15.312,15.312,2275,0
20080620,15.4,15.4,15.312,15.312,4113,0
20080623,15.173,15.261,14.743,14.743,3527,0
20080624,14.743,14.743,14.28,14.534,1486,0
20080625,14.289,15.207,14.289,15.207,1142,0
20080626,14.875,14.875,14.289,14.438,4796,0
20080627,14.866,14.866,14.289,14.438,461,0
20080630,14.289,14.289,14.263,14.263,1936,0
20080701,14.263,14.263,14.219,14.219,2372,0
20080702,14.043,14.043,14,14,8113,0
20080703,13.685,13.703,13.562,13.562,2112,0
20080707,13.562,13.562,13.126,13.265,6570,0
20080708,13.168,13.168,12.696,12.785,5696,0
20080709,12.785,12.785,12.785,12.785,2888,0
20080711,12.732,12.776,12.732,12.776,1719,0
20080714,12.854,12.854,12.732,12.732,755,0
20080715,12.732,12.854,12.732,12.827,4136,0
20080716,12.827,12.827,12.732,12.732,2513,0
20080717,12.696,12.696,12.696,12.696,326,0
20080718,12.776,12.854,12.776,12.854,457,0
20080721,12.776,12.854,12.776,12.854,687,0
20080722,12.776,12.776,11.848,12.408,5152,0
20080723,12.382,12.854,12.382,12.81,915,0
20080724,12.845,12.845,12.46,12.46,915,0
20080725,12.487,12.487,12.487,12.487,230,0
20080728,12.845,12.854,12.696,12.696,3387,0
20080729,12.696,13.073,12.696,13.037,7016,0
20080730,13.028,13.028,12.907,12.95,2529,0
20080731,13.037,13.037,12.818,12.818,7430,0
20080801,12.723,12.732,12.723,12.732,1837,0
20080804,12.469,12.469,10.631,11.864,14648,0
20080805,11.655,13.107,11.628,12.005,1825,0
20080806,12.626,12.626,12.626,12.626,497,0
20080808,12.25,12.451,12.25,12.451,3313,0
20080812,12.644,12.644,12.487,12.487,236,0
20080815,12.749,13.126,12.25,12.678,13549,0
20080820,13.282,13.282,13.028,13.028,1142,0
20080822,13.037,13.037,13.012,13.037,2710,0
20080825,13.037,13.037,12.653,12.653,3313,0
20080826,12.985,13.037,12.818,13.037,4437,0
20080827,12.74,13.257,12.705,13.257,3788,0
20080829,12.914,13.834,12.907,13.44,2178,0
20080903,13.65,13.65,13.562,13.562,350,0
20080904,13.65,13.65,13.65,13.65,1190,0
20080908,12.618,12.732,12.618,12.732,3195,0
20080909,12.81,13.807,12.81,13.807,571,0
20080910,12.871,12.871,12.871,12.871,736,0
20080911,12.792,12.792,12.792,12.792,115,0
20080912,12.792,13.501,12.687,13.501,4346,0
20080915,12.705,12.959,12.705,12.959,676,0
20080916,13.126,13.624,12.084,12.862,4121,0
20080917,12.907,12.907,12.907,12.907,5464,0
20080919,13.15,13.344,13.126,13.335,4861,0
20080922,13.126,13.126,13.126,13.126,1828,0
20080923,13.144,13.144,13.135,13.135,1142,0
20080924,13.135,13.135,13.126,13.126,7201,0
20080925,12.818,12.818,12.521,12.818,3494,0
20080926,11.428,13.562,11.428,12.259,6534,0
20080929,11.428,12.687,11.428,12.25,3504,0
20081002,12.032,12.294,11.813,12.049,7781,0
20081006,11.375,11.383,10.851,10.938,15716,0
20081007,10.947,10.947,9.712,10.044,19105,0
20081008,9.4582,10.588,8.7501,9.2225,28224,0
20081009,9.2314,9.2314,8.7325,8.7325,31180,0
20081010,8.7413,9.1,7.8748,8.9687,32183,0
20081013,8.8986,9.1962,7.8748,8.9687,11051,0
20081014,10.753,10.753,8.9777,9.581,4916,0
20081015,9.581,9.581,9.572,9.572,336,0
20081016,9.4245,9.4324,9.4245,9.4324,1257,0
20081017,9.643,10.333,9.643,10.333,1401,0
20081021,9.835,9.835,9.625,9.625,346,0
20081022,9.625,9.625,9.4503,9.4503,899,0
20081024,9.4503,9.4503,9.4503,9.4503,117,0
20081027,9.4503,9.4582,9.4503,9.4582,1028,0
20081028,9.625,9.625,9.1262,9.4929,414453,0
20081029,9.625,9.931,9.4066,9.931,10275,0
20081030,10.998,10.998,10.43,10.762,7225,0
20081031,10.308,12.014,10.308,12.014,8890,0
20081103,10.938,10.947,10.842,10.911,4636,0
20081104,10.929,10.938,10.526,10.938,742,0
20081105,10.719,11.813,10.719,11.813,7612,0
20081106,10.938,12.25,10.938,12.25,12170,0
20081107,11.778,11.778,11.383,11.383,1852,0
20081110,11.813,11.813,11.813,11.813,1545,0
20081111,10.062,10.062,10.062,10.062,115,0
20081112,10.719,10.719,10.106,10.106,230,0
20081113,10.492,10.501,9.888,10.501,6670,0
20081117,9.897,10.501,9.897,10.501,5827,0
20081118,10.456,10.501,10.02,10.501,12946,0
20081120,10.062,10.15,10.062,10.062,1997,0
20081121,9.1962,10.501,9.1262,10.501,11772,0
20081125,10.062,10.062,10.062,10.062,1202,0
20081126,10.053,10.501,9.975,10.501,11619,0
20081128,11.813,11.813,11.813,11.813,2383,0
20081201,11.804,11.804,11.76,11.76,1028,0
20081203,11.716,11.716,11.593,11.593,1486,0
20081204,11.593,11.593,11.016,11.033,915,0
20081205,11.533,11.533,11.497,11.497,346,0
20081208,10.938,11.463,10.938,11.463,115,0
20081209,11.156,11.392,10.981,10.981,916,0
20081211,10.501,11.463,10.501,11.463,3529,0
20081215,11.348,11.348,10.158,10.964,4812,0
20081216,10.597,11.261,10.369,10.701,2970,0
20081217,10.719,10.938,10.501,10.692,6863,0
20081218,11.235,11.253,10.57,10.57,5497,0
20081219,10.552,11.392,10.062,10.851,14056,0
20081222,10.071,11.253,10.071,11.156,4057,0
20081223,11.218,11.593,11.218,11.524,5603,0
20081224,10.508,11.585,10.508,11.585,651,0
20081226,11.454,11.454,11.454,11.454,225,0
20081230,11.375,11.375,9.678,10.281,4700,0
20081231,10.501,11.253,10.281,11.218,3029,0
20090102,11.218,11.813,11.218,11.813,5906,0
20090105,11.725,11.76,10.552,11.201,2025,0
20090107,11.48,11.48,10.614,10.614,1454,0
20090108,11.218,11.725,11.218,11.725,1788,0
20090109,10.369,11.796,10.351,10.501,8932,0
20090113,11.253,11.716,10.517,11.716,1257,0
20090115,11.577,11.577,11.156,11.156,230,0
20090116,10.369,11.602,10.369,11.602,580,0
20090120,11.76,11.76,10.501,10.526,663,0
20090121,11.707,11.707,11.699,11.699,1028,0
20090122,11.628,11.628,10.614,10.851,1828,0
20090123,10.737,10.762,10.501,10.501,1713,0
20090126,10.501,10.501,10.238,10.501,2080,0
20090127,10.552,10.614,10.492,10.552,1257,0
20090128,10.281,10.343,10.281,10.324,687,0
20090129,10.324,10.71,10.324,10.324,1658,0
20090130,10.324,10.324,10.324,10.324,119,0
20090202,10.648,10.648,10.238,10.238,808,0
20090203,9.852,10.062,9.852,10.02,4767,0
20090204,9.844,9.993,9.844,9.984,1301,0
20090205,9.931,9.931,9.844,9.905,13600,0
20090206,9.844,9.993,9.844,9.931,11609,0
20090209,9.931,9.931,9.931,9.931,4570,0
20090210,9.931,9.931,9.931,9.931,15296,0
20090211,9.958,10.265,9.931,9.931,1028,0
20090212,10.202,10.22,10.062,10.062,1265,0
20090213,10.22,10.22,10.062,10.22,1196,0
20090217,10.036,10.036,9.3102,9.625,2856,0
20090218,9.3014,10.281,9.3014,10.053,5873,0
20090219,9.1962,9.2138,9.1962,9.1962,564,0
20090220,9.1874,9.1874,8.7675,9.1874,20559,0
20090223,9.1613,9.1613,9.1613,9.1613,115,0
20090224,8.7762,9.1089,8.7675,9.1,5823,0
20090225,8.8639,9.03,8.7762,9.03,3766,0
20090226,9.03,9.03,9.03,9.03,440,0
20090227,8.7762,9.0564,8.7675,9.0564,5331,0
20090302,8.7675,9.2048,8.7675,9.0124,3083,0
20090303,8.8374,8.8374,8.8374,8.8374,595,0
20090304,8.7939,8.8813,8.7939,8.8026,1371,0
20090305,8.7939,8.8026,8.7939,8.8026,915,0
20090306,9.2048,9.608,9.2048,9.599,1028,0
20090310,8.7939,9.529,8.7939,9.529,230,0
20090312,9.52,9.625,9.1788,9.625,7185,0
20090313,9.669,9.704,9.669,9.704,551,0
20090316,9.791,10.483,9.791,9.975,2540,0
20090318,9.1349,9.1438,9.1349,9.1438,513,0
20090320,10.256,10.256,10.256,10.256,358,0
20090323,10.412,11.156,10.412,11.156,1480,0
20090324,11.183,11.183,11.156,11.156,461,0
20090325,11.357,11.567,11.21,11.331,4343,0
20090326,11.551,11.725,11.454,11.655,2478,0
20090327,11.682,11.682,11.261,11.463,2199,0
20090331,10.753,11.156,10.753,11.156,346,0
20090402,11.673,11.673,11.628,11.628,346,0
20090403,11.628,11.628,11.628,11.628,167,0
20090406,10.719,10.719,9.4066,9.4066,1671,0
20090407,9.4503,9.4503,9.4503,9.4503,687,0
20090413,10.071,10.071,9.538,9.538,1598,0
20090415,10.929,11.699,10.29,10.29,1430,0
20090420,10.394,10.394,9.922,9.922,571,0
20090421,9.888,9.888,9.888,9.888,1079,0
20090423,9.888,9.888,9.888,9.888,2289,0
20090424,9.949,9.949,9.888,9.888,515,0
20090427,10.202,10.929,9.844,9.844,785,0
20090428,9.852,10.062,9.852,10.062,230,0
20090429,10.097,10.15,10.062,10.071,687,0
20090501,10.501,10.501,10.501,10.501,230,0
20090506,10.062,10.071,10.062,10.071,230,0
20090508,11.147,11.156,10.158,10.158,571,0
20090512,11.069,11.069,11.069,11.069,157,0
20090513,10.281,10.281,10.247,10.247,849,0
20090515,9.844,11.069,9.844,9.861,1930,0
20090518,10.806,10.806,10.806,10.806,802,0
20090519,10.088,10.088,10.088,10.088,115,0
20090520,10.606,11.069,10.343,10.343,15391,0
20090521,10.238,10.238,10.238,10.238,115,0
20090526,10.071,10.501,10.071,10.316,2970,0
20090528,10.851,10.911,10.501,10.911,2644,0
20090529,10.851,10.851,10.851,10.851,230,0
20090601,10.544,10.544,10.544,10.544,562,0
20090602,10.762,10.762,10.062,10.062,6943,0
20090603,10.272,10.981,10.15,10.15,8456,0
20090604,10.86,10.894,10.762,10.762,18005,0
20090605,10.762,10.762,10.544,10.544,2428,0
20090608,10.938,10.938,10.938,10.938,115,0
20090609,10.938,11.244,10.929,11.244,5143,0
20090610,11.156,11.156,10.588,10.588,230,0
20090612,11.139,11.593,10.501,10.501,19946,0
20090615,10.501,10.501,10.501,10.501,1780,0
20090619,10.501,11.437,10.501,11.437,687,0
20090622,10.501,11.446,10.501,11.446,4801,0
20090623,11.446,11.446,10.333,10.379,10384,0
20090624,10.938,10.938,10.071,10.071,4251,0
20090626,10.133,10.133,10.133,10.133,115,0
20090629,10.386,10.815,10.36,10.456,9946,0
20090630,10.815,10.815,10.29,10.343,928,0
20090702,11.366,11.366,11.366,11.366,571,0
20090706,10.351,10.639,10.316,10.639,6755,0
20090707,10.544,10.544,10.544,10.544,17143,0
20090708,10.597,10.597,10.597,10.597,115,0
20090710,10.308,10.815,10.281,10.412,571,0
20090714,10.394,10.394,10.062,10.194,6212,0
20090715,10.22,10.281,10.22,10.22,1028,0
20090716,10.281,10.369,10.281,10.369,3634,0
20090717,10.501,10.508,10.29,10.29,1622,0
20090721,10.78,10.78,10.78,10.78,115,0
20090722,10.324,10.403,10.324,10.333,3885,0
20090724,10.333,10.929,10.333,10.92,1818,0
20090727,10.92,10.92,10.92,10.92,0,0
20090728,10.43,10.501,10.43,10.501,461,0
20090729,10.483,10.501,10.386,10.394,24339,0
20090730,10.394,10.674,10.394,10.674,346,0
20090731,10.412,10.412,10.412,10.412,571,0
20090803,10.438,10.438,10.403,10.438,346,0
20090804,10.438,10.438,10.438,10.438,0,0
20090805,10.351,10.929,10.351,10.929,484,0
20090806,10.456,10.71,10.456,10.71,1843,0
20090807,10.456,10.674,10.421,10.421,2403,0
20090810,10.885,10.885,10.412,10.412,1828,0
20090811,10.465,10.938,10.465,10.938,5502,0
20090812,10.421,10.421,10.421,10.421,230,0
20090813,10.501,10.501,10.501,10.501,461,0
20090814,11.104,11.104,10.86,10.86,701,0
20090817,10.501,10.501,10.412,10.412,230,0
20090818,10.667,10.667,10.176,10.176,3864,0
20090819,10.185,10.22,10.185,10.194,2970,0
20090820,10.631,10.86,10.474,10.474,4116,0
20090821,10.842,11.024,10.842,11.024,2448,0
20090824,10.806,11.156,10.806,11.156,7332,0
20090825,10.719,11.121,10.719,10.998,915,0
20090827,10.92,10.989,10.92,10.989,346,0
20090828,11.165,11.165,11.024,11.156,1984,0
20090831,10.938,10.938,10.938,10.938,687,0
20090901,10.867,10.867,10.867,10.867,115,0
20090902,10.719,10.719,10.719,10.719,115,0
20090904,10.938,10.938,10.938,10.938,322,0
20090908,10.824,11.375,10.728,11.375,25308,0
20090909,10.753,11.016,10.753,10.911,10984,0
20090910,11.078,11.375,10.911,11.375,12503,0
20090911,11.016,11.024,11.016,11.024,826,0
20090914,10.938,10.938,10.911,10.911,1028,0
20090916,10.771,10.938,10.719,10.929,1120,0
20090917,10.929,11.069,10.71,10.938,54411,0
20090918,10.938,11.024,10.92,10.938,7505,0
20090921,10.667,10.745,10.588,10.71,35781,0
20090922,10.719,10.719,10.561,10.561,35440,0
20090923,10.544,10.667,10.544,10.544,1311,0
20090924,10.492,10.492,10.062,10.062,14891,0
20090925,10.02,10.027,9.502,9.572,15241,0
20090928,9.4929,9.581,9.2751,9.4066,10486,0
20090929,9.4154,9.581,9.2751,9.4154,6887,0
20090930,9.4154,9.608,9.4066,9.59,1817,0
20091001,9.608,9.608,9.608,9.608,571,0
20091002,9.538,9.538,9.4066,9.4066,1387,0
20091005,9.4066,9.4503,9.4066,9.4066,1528,0
20091006,9.608,9.608,9.4929,9.608,10971,0
20091007,9.599,9.966,9.538,9.8,9654,0
20091008,9.783,9.791,9.608,9.791,4113,0
20091009,9.783,9.8,9.756,9.791,915,0
20091013,9.783,9.791,9.625,9.791,3358,0
20091014,9.704,9.712,9.695,9.695,1257,0
20091015,9.625,9.712,9.625,9.712,687,0
20091016,9.669,9.686,9.625,9.686,1599,0
20091019,9.634,9.704,9.634,9.704,1371,0
20091020,9.634,9.634,9.4672,9.4672,1213,0
20091021,9.625,9.712,9.625,9.712,3531,0
20091022,9.511,9.511,9.4761,9.4929,4113,0
20091023,9.844,9.844,9.4066,9.4066,2742,0
20091026,9.625,9.625,9.4154,9.4154,1561,0
20091028,9.4245,9.4324,9.1874,9.2048,5846,0
20091029,9.4066,9.4066,9.3977,9.4066,1828,0
20091102,9.2751,9.3977,8.7501,8.7675,16150,0
20091103,9.2575,9.2575,8.7413,9.1788,4837,0
20091104,9.38,9.38,8.9687,8.9687,2884,0
20091106,8.9687,8.9687,8.6887,8.6887,2264,0
20091109,8.7064,8.7501,8.6625,8.6625,2250,0
20091110,8.6625,8.6801,8.6625,8.6801,1854,0
20091111,9.1788,9.1788,8.6275,8.7064,15997,0
20091112,8.6625,8.6625,8.6536,8.6625,3886,0
20091113,8.7501,8.9687,8.6887,8.9687,2472,0
20091116,9.2314,9.625,8.6715,8.6715,13586,0
20091117,8.7501,9.0912,8.6715,8.7151,4571,0
20091118,9.0738,9.1874,8.7325,8.7501,2060,0
20091119,8.7762,8.7762,8.3126,8.5311,2970,0
20091120,7.1399,7.98,7.0438,7.8748,198555,0
20091123,7.9187,8.094,7.77,8.0063,34625,0
20091124,7.8663,8.0237,7.5425,8.0063,13836,0
20091125,7.8837,7.8837,7.8837,7.8837,245,0
20091127,7.8663,7.8663,7.8663,7.8663,660,0
20091130,8.0852,8.7501,7.9627,8.6187,2978,0
20091201,8.3562,8.6187,7.8748,7.9277,9717,0
20091202,7.9627,7.9627,7.9627,7.9627,115,0
20091203,8.0326,8.0326,7.7875,7.7875,5411,0
20091204,7.8401,8.4962,7.8401,8.295,993,0
20091207,7.7087,7.9012,7.6738,7.9012,14393,0
20091208,7.9012,8.094,7.8748,7.8748,6290,0
20091209,7.8663,8.0761,7.8401,7.8748,12115,0
20091210,8.2598,8.4875,8.1899,8.225,20819,0
20091211,8.4789,8.4962,8.4439,8.4875,18166,0
20091214,8.4001,8.5311,8.4001,8.4703,4729,0
20091215,8.4875,8.5138,8.4789,8.4875,30251,0
20091216,8.5052,8.5138,7.91,8.1289,26251,0
20091217,8.4001,8.4001,8.4001,8.4001,115,0
20091218,8.3126,8.6187,8.3126,8.4175,3495,0
20091221,8.3738,8.3738,8.3126,8.3738,985,0
20091222,8.3562,8.3562,7.8663,7.8748,12813,0
20091223,8.0674,8.0674,8.0674,8.0674,230,0
20091228,7.9975,8.0063,7.9627,7.9627,6302,0
20091229,7.9187,8.2512,7.9187,8.2425,5142,0
20091230,8.225,8.5311,8.225,8.3037,8842,0
20091231,7.9362,8.5311,7.9362,8.5052,5238,0
20100104,8.4001,8.4001,8.094,8.2339,13103,0
20100105,8.4875,8.7064,8.094,8.5751,3787,0
20100106,8.6536,8.6715,8.2688,8.2688,9794,0
20100107,8.3037,8.3126,8.1552,8.1639,10918,0
20100108,8.3037,8.5052,8.1988,8.2076,9917,0
20100111,8.3648,8.7064,8.3648,8.7064,10511,0
20100112,8.3648,8.4439,8.2512,8.3914,1720,0
20100113,8.1988,8.6715,8.1899,8.4703,1371,0
20100114,8.5662,8.5838,8.1899,8.4962,7545,0
20100115,8.5662,8.645,8.225,8.4789,2853,0
20100119,8.4001,8.7064,8.3914,8.5925,4324,0
20100120,8.4703,8.61,8.4001,8.4875,14509,0
20100121,8.5838,8.6187,8.3562,8.4262,6756,0
20100122,8.5751,8.5751,8.3126,8.3126,4162,0
20100125,8.3126,8.4875,8.2688,8.3562,11725,0
20100126,8.5311,9.1438,8.5311,8.8813,30205,0
20100127,8.7675,8.8813,8.7064,8.8026,23747,0
20100128,8.7589,8.8986,8.7501,8.8986,8511,0
20100129,8.9251,8.9251,8.9251,8.9251,1091,0
20100201,8.7675,8.9425,8.7589,8.9425,5606,0
20100202,8.9251,8.9251,8.7589,8.7589,3840,0
20100203,8.7501,8.8374,8.7501,8.8374,2513,0
20100204,8.7589,8.8374,8.4262,8.8374,7133,0
20100205,8.7501,8.82,8.7501,8.7501,3602,0
20100208,8.9164,8.9687,8.7501,8.9251,10832,0
20100209,8.9514,8.9514,8.7501,8.7501,4227,0
20100210,8.9251,8.9514,8.7064,8.7501,5954,0
20100211,8.7589,8.7589,8.7501,8.7501,10059,0
20100212,8.9687,8.9687,8.7064,8.7064,604,0
20100216,8.9251,8.9251,8.7501,8.9251,3216,0
20100217,8.9251,8.9687,8.9251,8.9687,3056,0
20100218,8.8639,8.9687,8.7675,8.9687,8445,0
20100219,8.7762,8.9601,8.7501,8.9514,5841,0
20100222,8.7852,8.9251,8.7852,8.8813,1764,0
20100223,8.8813,8.9601,8.7501,8.7501,6848,0
20100224,8.7589,8.9251,8.7589,8.8374,2671,0
20100225,8.9164,8.9251,8.9164,8.9251,1704,0
20100226,8.7589,8.9601,8.7589,8.9514,2239,0
20100301,8.7939,8.9687,8.7762,8.9687,2129,0
20100302,8.9687,8.9687,8.9514,8.9687,41687,0
20100303,8.9687,8.9777,8.8374,8.9601,8678,0
20100304,9.03,9.0476,8.8374,8.89,4058,0
20100305,9.0476,9.0564,8.8374,8.8813,14110,0
20100308,8.8813,9.0564,8.8374,8.9251,6875,0
20100310,8.9687,8.9687,8.9687,8.9687,758,0
20100311,8.8725,8.9335,8.6625,8.8813,11578,0
20100312,8.9601,8.9601,8.7762,8.7762,2976,0
20100315,8.7939,9.0476,8.7325,8.7325,5014,0
20100316,8.7413,8.7413,8.6625,8.6625,3775,0
20100317,8.7413,8.8374,8.6715,8.7762,3283,0
20100318,8.7589,8.8374,8.7501,8.7675,946,0
20100319,8.7675,8.8374,8.7151,8.7151,6539,0
20100322,8.7501,8.8813,8.7501,8.7501,1415,0
20100323,8.7064,8.7501,8.7064,8.7501,2091,0
20100324,8.7501,8.8374,8.7151,8.7501,3565,0
20100325,8.7501,8.7589,8.7151,8.7151,7849,0
20100326,8.9075,8.9075,8.7151,8.7589,3772,0
20100329,8.8374,8.8374,8.8374,8.8374,115,0
20100330,8.7675,8.8026,8.7675,8.8026,346,0
20100331,8.7501,8.8461,8.7501,8.8374,5200,0
20100401,8.8374,8.9687,8.8112,8.9687,6853,0
20100405,8.9601,9.0564,8.8374,8.8374,13574,0
20100406,9.0124,9.0564,8.9687,9.0564,4686,0
20100407,9.0564,9.1874,8.9687,9.1874,4203,0
20100408,9.065,9.065,8.9601,8.9601,5029,0
20100409,9.1788,9.1874,8.9687,9.0564,3056,0
20100412,9.065,9.1788,9.0564,9.1176,6116,0
20100413,9.1438,9.1526,9.0564,9.1526,4952,0
20100414,9.1874,9.2314,9.0564,9.1526,1486,0
20100415,9.2314,9.319,9.2314,9.2575,1062,0
20100419,9.0912,9.1613,9.065,9.1613,1032,0
20100420,9.1874,9.1874,9.1,9.1613,30932,0
20100421,9.1874,9.2751,9.1874,9.2751,3320,0
20100422,9.2751,9.4503,9.2314,9.4503,3520,0
20100423,9.4414,9.538,9.4414,9.538,2387,0
20100426,9.59,9.625,9.538,9.555,3279,0
20100427,9.616,9.835,9.599,9.756,19113,0
20100428,9.678,10.247,9.678,10.247,13374,0
20100429,10.256,10.265,9.975,10.265,2254,0
20100430,10.265,10.265,10.02,10.15,2289,0
20100503,10.027,10.027,9.861,9.931,2313,0
20100504,9.739,10.106,9.2138,9.38,19397,0
20100505,9.0912,9.625,9.0912,9.319,9340,0
20100506,9.1176,9.599,9.1176,9.4066,3641,0
20100507,9.616,9.712,9.538,9.616,4244,0
20100510,10.238,10.238,9.581,10.036,14187,0
20100511,9.634,10.15,9.581,10.062,1731,0
20100512,9.861,10.15,9.817,10.088,9027,0
20100513,9.835,9.835,9.704,9.704,5142,0
20100514,9.844,9.844,9.581,9.765,6874,0
20100517,9.652,9.844,9.4582,9.4582,8266,0
20100518,9.529,9.625,9.529,9.625,2343,0
20100519,9.4066,9.861,9.4066,9.712,1369,0
20100520,9.817,9.817,9.3632,9.712,3460,0
20100521,9.3632,9.4154,9.2839,9.2839,3415,0
20100524,9.599,9.599,9.4066,9.4066,461,0
20100525,9.38,9.38,8.8374,9.1,3047,0
20100526,9.1,9.3456,9.0476,9.0476,6901,0
20100527,9.1788,9.3632,8.7501,8.7939,6216,0
20100528,8.7939,8.9251,8.7939,8.8374,1092,0
20100601,8.8813,8.9251,8.8026,8.8026,2118,0
20100602,8.8374,8.9687,8.8026,8.9251,6507,0
20100604,8.8374,8.9251,8.5751,8.7151,12851,0
20100607,8.5751,8.7939,8.5751,8.7939,802,0
20100608,8.5838,8.7501,8.5838,8.5925,1071,0
20100609,8.6187,8.82,8.5311,8.7501,12835,0
20100610,8.8813,9.1699,8.7501,8.7501,9729,0
20100611,8.5925,8.9687,8.5925,8.9335,4745,0
20100614,8.9335,8.9335,8.6715,8.6715,1555,0
20100615,8.6625,8.6715,8.6625,8.6715,412,0
20100616,8.7939,8.9687,8.6715,8.7501,3832,0
20100617,8.6887,8.7501,8.5751,8.6625,5176,0
20100618,8.7501,8.7501,8.5751,8.7151,2122,0
20100621,8.7501,8.7501,8.5925,8.7501,1773,0
20100622,8.7501,8.7501,8.7064,8.7064,571,0
20100623,8.5925,8.5925,8.2776,8.4703,17079,0
20100624,8.4875,8.5751,8.4001,8.5401,11409,0
20100625,8.6801,8.6801,8.4875,8.4962,765,0
20100628,8.4612,8.5311,8.4525,8.5311,1257,0
20100629,8.5224,8.5311,8.4262,8.5311,8294,0
20100630,8.5708,8.5708,8.5354,8.5354,2285,0
20100701,8.5311,8.5311,8.5311,8.5311,461,0
20100702,8.4875,8.5052,8.4789,8.4875,6983,0
20100706,8.7501,8.7501,8.5311,8.5311,4686,0
20100707,8.6536,8.6625,8.5311,8.6625,4801,0
20100708,8.5751,8.6536,8.5311,8.5311,647,0
20100709,8.5401,8.7501,8.3126,8.7501,10166,0
20100712,8.8026,8.8026,8.7237,8.7237,466,0
20100713,8.7852,8.7939,8.7501,8.7501,1833,0
20100714,8.7589,8.7762,8.7589,8.7589,5942,0
20100715,8.7939,8.7939,8.7939,8.7939,115,0
20100716,8.7501,8.7939,8.6187,8.6975,802,0
20100720,8.7852,8.7939,8.6275,8.6801,4720,0
20100721,8.6364,8.6364,8.6187,8.6187,3428,0
20100722,8.3738,8.7589,8.1026,8.7325,9488,0
20100723,8.6975,8.6975,8.6801,8.6975,1577,0
20100726,8.7501,8.7852,8.7501,8.7501,3266,0
20100727,8.33,8.7064,8.3212,8.7064,1205,0
20100728,8.3738,8.6715,8.3738,8.6625,3104,0
20100729,8.6625,8.6625,8.3648,8.5751,2687,0
20100730,8.4089,8.5052,8.4089,8.4875,3199,0
20100802,8.4962,8.4962,8.4962,8.4962,1142,0
20100803,8.4439,8.4875,8.4001,8.4789,4974,0
20100804,8.3388,8.4612,8.33,8.4525,1028,0
20100805,8.4612,8.4703,8.4175,8.4175,2202,0
20100806,8.3475,8.4001,8.3475,8.4001,326,0
20100810,8.4703,8.4875,8.3126,8.3562,7615,0
20100811,8.4439,8.4439,8.295,8.295,1713,0
20100812,8.3126,8.3126,8.094,8.2598,11270,0
20100813,8.295,8.3562,8.295,8.295,3050,0
20100816,8.1201,8.295,8.1201,8.225,2466,0
20100817,8.1375,8.2076,8.1375,8.1811,2531,0
20100818,8.3126,8.3126,8.2163,8.2163,4300,0
20100819,8.225,8.2776,8.225,8.225,1599,0
20100820,8.225,8.4525,8.225,8.3126,10494,0
20100823,8.3126,8.3126,8.2512,8.2512,3210,0
20100824,8.3126,8.3126,8.3126,8.3126,571,0
20100825,8.1811,8.2776,8.1375,8.1639,5988,0
20100826,8.1026,8.2776,8.1026,8.225,8100,0
20100827,8.225,8.225,8.2076,8.225,19433,0
20100830,8.4525,8.4789,8.1201,8.2163,802,0
20100831,8.4825,8.4825,8.2792,8.4029,2410,0
20100901,8.4789,8.4875,8.225,8.4875,1142,0
20100902,8.7413,8.7413,8.4439,8.5138,9250,0
20100908,8.7064,8.7064,8.7064,8.7064,332,0
20100909,8.5573,8.6715,8.5488,8.61,1965,0
20100910,8.3126,8.4262,8.3126,8.4262,1243,0
20100913,8.5925,8.7064,8.4875,8.7064,2742,0
20100914,8.5751,8.8461,8.5751,8.7939,9901,0
20100915,8.8374,9.1788,8.8374,8.9687,5799,0
20100916,9.1,9.1438,9.1,9.1349,2255,0
20100917,8.9687,9.1788,8.9687,9.1438,1698,0
20100920,9.1788,9.1788,9.1788,9.1788,461,0
20100921,9.1349,9.3632,9.0912,9.1874,3920,0
20100923,9.3632,9.3632,9.3632,9.3632,346,0
20100924,8.5751,9.3632,8.5751,9.3544,1678,0
20100927,8.7589,9.599,8.7589,9.4761,3886,0
20100928,9.4582,9.572,9.2314,9.546,24779,0
20100929,9.3632,9.3632,8.5838,8.5838,23182,0
20100930,9.1438,9.1874,8.7675,9.1699,7966,0
20101001,8.7675,9.1526,8.7675,8.8288,1117,0
20101004,8.855,8.8986,8.8374,8.8986,1080,0
20101005,8.8986,9.0476,8.8986,9.0476,2097,0
20101006,8.8813,9.1788,8.8813,9.1788,802,0
20101007,8.9251,9.1874,8.9251,9.1874,1782,0
20101008,9.1962,9.1962,9.1788,9.1874,4506,0
20101011,9.2751,9.2751,9.1,9.1262,2854,0
20101012,9.511,9.564,9.1874,9.4503,3625,0
20101013,9.581,9.581,9.4929,9.52,2175,0
20101015,9.2751,9.572,9.2751,9.4414,1412,0
20101018,9.2488,9.2839,9.0738,9.0738,3541,0
20101019,9.1962,9.1962,8.9687,9.065,571,0
20101020,8.9777,9.0124,8.7501,8.8461,6930,0
20101021,9.3977,9.4929,9.3365,9.3365,571,0
20101022,9.3102,9.3102,8.9687,9.0826,915,0
20101025,9.1,9.3977,9.1,9.2926,1807,0
20101026,9.1,9.2314,8.7501,9.1874,17214,0
20101027,9.1874,9.1874,8.9075,8.9687,4453,0
20101028,9.0124,9.0124,8.7589,8.7939,8053,0
20101029,8.797,9.047,8.7522,9.047,4806,0
20101101,8.7852,9.0826,8.7852,9.0826,7196,0
20101102,8.9867,9.319,8.9687,9.319,10513,0
20101104,9.319,9.4929,8.855,9.4414,21282,0
20101105,9.1874,9.581,8.9425,9.538,10483,0
20101108,9.319,9.695,9.319,9.616,14608,0
20101109,9.572,9.661,9.1874,9.511,4352,0
20101111,9.4582,9.4582,9.4582,9.4582,247,0
20101112,9.59,9.704,9.4503,9.564,5706,0
20101115,9.52,9.712,9.52,9.712,2947,0
20101116,9.661,9.756,9.4929,9.712,15485,0
20101117,9.511,9.643,9.4929,9.643,2442,0
20101118,9.502,9.686,9.502,9.572,1186,0
20101119,9.4929,9.546,9.4929,9.546,1142,0
20101122,9.616,9.625,9.581,9.581,2459,0
20101123,9.538,9.546,9.4929,9.546,10404,0
20101124,9.4929,9.4929,9.4929,9.4929,276,0
20101129,9.608,9.634,9.529,9.608,4819,0
20101130,9.49,9.666,9.49,9.49,6782,0
20101201,9.4929,9.4929,9.4929,9.4929,10971,0
20101202,9.4929,9.538,9.4929,9.538,802,0
20101203,9.625,9.661,9.581,9.661,13387,0
20101206,9.555,9.581,9.555,9.581,451,0
20101207,9.4929,9.669,9.4929,9.661,3313,0
20101208,9.652,9.712,9.652,9.712,4951,0
20101209,9.669,9.669,9.669,9.669,3428,0
20101210,9.695,9.712,9.538,9.555,4297,0
20101213,9.625,9.625,9.4929,9.4929,1835,0
20101214,9.529,9.529,9.529,9.529,230,0
20101215,9.4929,9.625,9.4929,9.625,1360,0
20101216,9.502,9.625,9.4929,9.625,1409,0
20101217,9.59,9.712,9.2751,9.2751,6181,0
20101221,9.2225,9.52,9.2225,9.52,871,0
20101222,9.24,9.599,9.2314,9.599,2330,0
20101223,9.59,9.616,9.581,9.581,1332,0
20101227,9.608,9.625,9.608,9.625,1391,0
20101228,9.4245,9.4245,9.4154,9.4154,30043,0
20101229,9.4543,9.534,9.4184,9.4184,1342,0
20101230,9.4275,9.4275,9.3307,9.4275,2422,0
20101231,9.4602,9.488,9.4066,9.4513,2742,0
20110103,9.52,9.52,9.24,9.3277,660,0
20110104,9.4761,9.538,9.3277,9.3632,4801,0
20110105,9.3632,9.52,9.3632,9.3632,17944,0
20110106,9.3632,9.4245,9.2314,9.4245,7772,0
20110107,9.1874,9.529,9.1874,9.511,24596,0
20110110,9.3632,9.529,9.3632,9.529,4216,0
20110112,9.529,9.529,9.4672,9.529,802,0
20110113,9.4066,9.4066,9.4066,9.4066,687,0
20110114,9.3721,9.3721,9.3721,9.3721,491,0
20110120,9.3632,9.4929,9.319,9.4929,9936,0
20110121,9.4929,9.599,9.4929,9.599,8092,0
20110124,9.599,9.634,9.599,9.625,6677,0
20110125,9.625,9.625,9.4154,9.4582,3371,0
20110126,9.625,9.625,9.625,9.625,2289,0
20110127,9.625,9.695,9.616,9.695,1764,0
20110128,9.625,9.669,9.538,9.669,4547,0
20110131,9.704,9.704,9.578,9.623,4482,0
20110201,9.625,9.625,9.625,9.625,1142,0
20110202,9.625,9.756,9.625,9.756,1811,0
20110204,9.608,9.608,9.608,9.608,115,0
20110207,9.739,9.756,9.669,9.669,10650,0
20110208,9.756,9.8,9.756,9.791,3496,0
20110209,9.695,9.8,9.695,9.8,11429,0
20110210,9.765,9.783,9.747,9.756,8686,0
20110211,9.756,9.756,9.73,9.73,687,0
20110215,9.722,9.765,9.722,9.765,813,0
20110216,9.643,9.652,9.625,9.643,1303,0
20110217,9.756,9.756,9.3977,9.538,2191,0
20110218,9.712,9.712,9.4761,9.625,986,0
20110222,9.756,9.756,9.511,9.625,4041,0
20110223,9.712,9.712,9.2488,9.625,6075,0
20110224,9.712,9.712,9.59,9.59,601,0
20110225,9.3365,9.616,9.3365,9.616,1028,0
20110228,9.605,9.727,9.605,9.622,40726,0
20110301,9.581,9.581,9.502,9.502,230,0
20110302,9.581,9.712,9.581,9.625,3798,0
20110303,9.616,9.712,9.616,9.634,20729,0
20110304,9.712,9.712,9.634,9.634,1712,0
20110307,9.538,9.625,9.538,9.625,1599,0
20110309,9.625,9.634,9.625,9.625,11939,0
20110310,9.538,9.538,9.485,9.485,3242,0
20110311,9.625,9.625,9.59,9.625,34655,0
20110314,9.625,9.625,9.538,9.625,2587,0
20110315,9.538,9.652,9.538,9.652,4287,0
20110317,9.534,9.764,9.534,9.755,8733,0
20110318,9.783,9.783,9.538,9.661,855,0
20110321,9.538,9.765,9.538,9.73,1277,0
20110322,9.634,9.712,9.625,9.712,1199,0
20110323,9.678,9.678,9.669,9.669,452,0
20110324,9.634,9.634,9.634,9.634,115,0
20110325,9.712,9.712,9.712,9.712,1142,0
20110328,9.625,9.722,9.625,9.722,1101,0
20110329,9.765,9.765,9.747,9.765,2289,0
20110330,9.678,9.765,9.678,9.678,253,0
20110331,9.759,9.768,9.759,9.768,1142,0
20110401,9.765,9.8,9.765,9.765,19772,0
20110404,9.808,9.817,9.808,9.817,4292,0
20110405,9.834,9.834,9.675,9.773,6972,0
20110406,9.686,9.695,9.686,9.695,2175,0
20110407,9.675,9.816,9.675,9.675,8416,0
20110408,9.799,9.807,9.799,9.807,230,0
20110411,9.8,9.8,9.8,9.8,687,0
20110412,9.816,9.816,9.692,9.807,1486,0
20110413,9.8,9.808,9.8,9.808,687,0
20110418,9.72,9.72,9.71,9.71,5713,0
20110420,9.799,9.799,9.799,9.799,1028,0
20110421,9.701,9.782,9.692,9.782,974,0
20110425,9.783,9.783,9.783,9.783,461,0
20110426,9.816,9.816,9.684,9.684,12841,0
20110427,9.4184,9.701,9.4184,9.578,2696,0
20110428,9.649,9.71,9.622,9.684,23859,0
20110429,9.623,9.686,9.623,9.623,2529,0
20110502,9.507,9.631,9.49,9.622,25931,0
20110503,9.622,9.701,9.525,9.692,6171,0
20110504,9.727,9.727,9.631,9.684,2165,0
20110505,9.587,9.631,9.3918,9.605,1470,0
20110506,9.507,9.764,9.4979,9.764,1160,0
20110509,9.764,9.764,9.755,9.764,680,0
20110510,9.764,9.764,9.56,9.596,5440,0
20110511,9.755,9.755,9.507,9.578,7017,0
20110512,9.631,9.658,9.631,9.658,3771,0
20110513,9.71,9.72,9.507,9.675,4773,0
20110516,9.675,9.675,9.64,9.675,19369,0
20110517,9.481,9.507,9.4184,9.4632,10801,0
20110518,9.481,9.72,9.481,9.675,15782,0
20110519,9.692,9.807,9.596,9.72,15733,0
20110520,9.701,9.764,9.701,9.764,5545,0
20110523,9.631,9.755,9.631,9.72,1584,0
20110524,9.727,9.799,9.587,9.684,4641,0
20110525,9.551,9.72,9.4979,9.587,2432,0
20110526,9.675,9.764,9.675,9.764,6184,0
20110527,9.692,9.72,9.675,9.675,5806,0
20110531,9.75,9.75,9.704,9.704,4789,0
20110601,9.701,9.72,9.631,9.631,6916,0
20110602,9.773,9.79,9.773,9.79,508,0
20110603,9.737,9.737,9.3219,9.507,5495,0
20110606,9.4374,9.568,9.4374,9.4721,566,0
20110607,9.684,9.72,9.4095,9.613,3723,0
20110608,9.4095,9.481,9.4095,9.4632,2890,0
20110609,9.4463,9.56,9.4006,9.56,3848,0
20110610,9.516,9.605,9.383,9.4184,1698,0
20110613,9.383,9.3918,9.3662,9.383,2151,0
20110614,9.383,9.516,9.3574,9.383,7999,0
20110615,9.4006,9.534,9.3307,9.534,3885,0
20110616,9.4572,9.4929,9.4572,9.4929,249,0
20110617,9.4006,9.64,9.3307,9.64,2067,0
20110620,9.64,9.658,9.631,9.631,1243,0
20110621,9.649,9.649,9.56,9.649,2313,0
20110622,9.4632,9.4632,9.3394,9.4632,3461,0
20110623,9.3394,9.666,9.3394,9.613,4033,0
20110624,9.4275,9.56,9.3741,9.3741,2109,0
20110627,9.622,9.631,9.383,9.4006,2942,0
20110628,9.4463,9.631,9.3741,9.4721,3806,0
20110629,9.4979,9.4979,9.3741,9.3741,1297,0
20110630,9.4066,9.668,9.3436,9.668,6748,0
20110701,9.627,9.664,9.565,9.565,2661,0
20110705,9.3948,9.3948,9.3326,9.3326,4336,0
20110706,9.3505,9.582,9.1094,9.2344,5661,0
20110707,9.0648,9.4493,9.0648,9.1005,2489,0
20110708,9.1542,9.1542,8.8326,9.0559,2039,0
20110711,8.9862,9.0567,8.9681,8.9681,905,0
20110712,8.931,9.1808,8.931,9.1542,5343,0
20110713,9.1982,9.3219,9.1361,9.1361,1017,0
20110714,9.2956,9.3219,9.2956,9.3219,680,0
20110715,9.1273,9.1273,9.1184,9.1184,592,0
20110718,9.1629,9.1629,8.9508,9.1097,1018,0
20110719,9.0559,9.0559,9.0559,9.0559,2265,0
20110721,9.2155,9.3662,9.2068,9.2155,2601,0
20110722,9.2165,9.3692,9.2165,9.3593,1677,0
20110725,9.2155,9.277,9.0655,9.277,5258,0
20110726,9.0737,9.1542,9.0737,9.1542,1018,0
20110727,9.2522,9.2522,9.0737,9.0737,1820,0
20110728,9.0915,9.0915,8.9218,8.9487,5557,0
20110729,8.9453,8.9453,8.9274,8.9453,13580,0
20110801,9.1899,9.1899,8.9399,8.9399,803,0
20110802,8.9218,8.9218,8.9218,8.9218,228,0
20110803,9.038,9.0915,9.0202,9.0827,5260,0
20110804,8.9487,8.9487,8.9487,8.9487,232,0
20110805,8.913,8.913,8.8237,8.8237,1454,0
20110808,8.4751,8.6808,8.0555,8.645,23576,0
20110809,8.2609,9.029,8.2609,9.029,3592,0
20110810,8.3236,9.0202,8.3236,9.011,2651,0
20110811,8.5468,8.8682,8.5109,8.8682,685,0
20110812,8.9487,8.9487,8.3861,8.3949,4376,0
20110815,8.0913,8.8237,8.0645,8.1538,8728,0
20110816,8.2075,8.2075,8.1448,8.1448,540,0
20110817,8.0555,8.2967,7.3769,8.1629,5342,0
20110818,8.0736,8.1629,7.627,7.8412,2117,0
20110819,7.627,8.127,7.6091,7.8056,3367,0
20110822,7.8412,8.1538,7.8056,8.127,4566,0
20110823,8.1716,8.1716,7.8681,8.0111,1813,0
20110824,7.7786,8.1716,7.7786,7.9304,2767,0
20110825,7.8681,7.9485,7.8681,7.9485,2703,0
20110826,7.9573,8.002,7.6091,7.8144,14556,0
20110829,7.9485,8.1716,7.6091,7.6806,5268,0
20110830,7.7876,7.7876,7.6359,7.6359,1988,0
20110831,7.6714,7.6983,7.6353,7.6353,8199,0
20110901,7.6002,7.8591,7.4574,7.5913,5146,0
20110902,7.4366,7.8249,7.3822,7.3822,3142,0
20110906,6.9303,7.359,6.9303,6.9303,584,0
20110907,7.7786,7.7786,7.1,7.6537,1121,0
20110908,7.5822,7.6982,7.5733,7.5733,561,0
20110909,7.618,7.627,7.2161,7.359,4378,0
20110912,7.2786,7.5018,7.234,7.2517,4247,0
20110913,7.2786,7.2786,6.9749,7.234,3394,0
20110914,7.234,7.234,7.234,7.234,113,0
20110915,7.234,7.234,7.234,7.234,4103,0
20110916,7.2786,7.5465,7.2786,7.3232,4472,0
20110919,7.3232,7.3232,7.234,7.234,2688,0
20110920,7.2964,7.3678,7.2964,7.3678,449,0
20110921,7.234,7.3678,7.234,7.3678,6694,0
20110922,7.5913,7.5913,7.4303,7.5733,28815,0
20110923,7.5913,7.7341,7.5913,7.7341,1751,0
20110926,7.5018,7.7253,7.3321,7.6627,2750,0
20110927,7.7698,7.7698,7.5018,7.5733,3471,0
20110928,7.6002,7.6002,7.5913,7.5913,1092,0
20110929,7.5733,7.5913,7.5733,7.5913,1008,0
20110930,7.5616,7.5616,7.4977,7.4977,4594,0
20111003,7.4126,7.5822,7.4126,7.5822,14421,0
20111004,7.3642,7.5811,7.3371,7.3371,2432,0
20111006,7.9518,8.0238,7.9064,7.9155,894,0
20111007,7.5913,7.6894,7.5913,7.6894,471,0
20111010,7.8591,7.9038,7.7966,7.9038,1803,0
20111012,7.8144,8.0377,7.8144,7.9485,313105,0
20111013,7.9485,7.9485,7.9485,7.9485,3732,0
20111014,8.2609,8.3414,8.1804,8.3236,871,0
20111017,8.3949,8.4396,8.2967,8.377,8716,0
20111018,8.3058,8.3058,8.0377,8.2164,7539,0
20111019,8.2609,8.6362,8.2609,8.6004,4030,0
20111020,8.1895,8.2609,8.0377,8.0825,4030,0
20111021,8.2768,8.2768,8.0869,8.0961,7135,0
20111024,8.0467,8.1093,8.0467,8.1093,3101,0
20111025,8.069,8.0869,8.0419,8.0419,5039,0
20111026,8.3504,8.3949,8.3504,8.3949,671,0
20111027,8.6182,8.6897,8.3236,8.3236,1105,0
20111028,8.5479,8.584,8.2588,8.2588,2372,0
20111031,8.2912,8.2912,8.2912,8.2912,340,0
20111101,8.2859,8.4215,8.2678,8.3582,3922,0
20111102,8.3762,8.3762,8.3672,8.3672,912,0
20111103,8.5389,8.5479,8.4754,8.4754,671,0
20111104,8.584,8.8369,8.4484,8.4484,2126,0
20111107,8.2588,8.3941,8.2588,8.2588,8514,0
20111108,8.1413,8.584,8.1413,8.3853,1327,0
20111109,8.3402,8.3402,8.2406,8.331,3763,0
20111110,8.4034,8.4754,8.4034,8.4754,2100,0
20111111,8.4034,8.4215,8.1865,8.3672,15969,0
20111114,8.3941,8.4846,8.2045,8.3039,2772,0
20111115,8.3582,8.3941,8.3582,8.3941,997,0
20111116,8.4034,8.4034,8.4034,8.4034,336,0
20111117,8.4034,8.4034,8.3853,8.3853,9785,0
20111118,8.5389,8.5389,8.4666,8.4939,2212,0
20111121,8.5751,8.6021,8.1865,8.6021,4746,0
20111122,8.7014,8.7014,8.4939,8.4939,2660,0
20111123,8.4939,8.4939,8.1323,8.4846,5282,0
20111125,8.4939,8.4939,8.331,8.331,797,0
20111128,8.3762,8.4939,8.3762,8.4666,3223,0
20111129,8.4666,8.5207,8.3491,8.4034,16679,0
20111130,8.5773,8.8718,8.5405,8.7428,885,0
20111201,8.6112,8.6112,8.6112,8.6112,112,0
20111202,9.713,9.803,8.8912,9.488,5818,0
20111205,9.578,9.578,9.316,9.316,2212,0
20111206,9.3404,9.632,9.167,9.4582,5831,0
20111207,9.2712,9.4959,9.2437,9.4959,6747,0
20111208,9.623,9.623,9.2975,9.587,14642,0
20111209,9.1803,9.4334,9.1714,9.4334,1663,0
20111212,9.4433,9.4433,9.3524,9.3524,726,0
20111214,9.0358,9.2617,8.9905,9.099,3565,0
20111215,9.2075,9.2075,9.0268,9.0809,2674,0
20111216,9.1443,9.4959,9.1443,9.4959,7837,0
20111219,9.1172,9.1261,9.0268,9.1261,4361,0
20111220,9.2346,9.488,9.0268,9.1984,3431,0
20111221,9.1081,9.4433,9.1081,9.4433,3188,0
20111222,9.56,9.587,9.488,9.488,5979,0
20111223,9.1896,9.578,9.1896,9.505,2741,0
20111227,9.713,9.713,9.2164,9.2526,1603,0
20111228,9.099,9.4334,9.099,9.4334,1455,0
20111229,9.632,9.632,9.4791,9.543,1327,0
20111230,9.614,9.731,9.3613,9.731,4299,0
20120103,9.75,9.75,9.543,9.543,944,0
20120104,9.4701,9.641,9.4701,9.533,443,0
20120105,9.578,9.713,9.578,9.686,1882,0
20120109,9.668,9.668,9.379,9.668,1439,0
20120110,9.713,9.713,9.4959,9.4959,773,0
20120111,9.4949,9.4949,9.4414,9.4681,20561,0
20120112,9.668,9.668,9.568,9.577,443,0
20120113,9.713,9.713,9.641,9.641,336,0
20120117,9.486,9.586,9.486,9.586,553,0
20120118,9.488,9.75,9.488,9.75,6753,0
20120119,9.768,9.795,9.759,9.786,1106,0
20120120,9.732,9.751,9.732,9.751,1106,0
20120123,9.795,9.831,9.795,9.822,2235,0
20120124,9.849,9.849,9.849,9.849,224,0
20120125,9.768,9.849,9.768,9.849,553,0
20120126,9.623,9.641,9.623,9.623,1990,0
20120127,9.842,9.942,9.842,9.942,4093,0
20120130,9.975,10.066,9.975,9.994,1216,0
20120131,10.389,10.389,10.253,10.289,6640,0
20120201,10.125,10.125,10.125,10.125,773,0
20120202,10.372,10.827,10.097,10.507,9538,0
20120206,10.507,10.507,10.161,10.179,2469,0
20120207,10.225,10.362,10.225,10.362,2831,0
20120208,10.49,10.49,10.443,10.49,1419,0
20120209,10.5,10.5,10.263,10.263,1546,0
20120210,10.271,10.307,10.263,10.263,15314,0
20120213,10.034,10.263,10.034,10.253,3288,0
20120214,10.144,10.398,10.144,10.398,11743,0
20120216,10.398,10.535,10.389,10.535,8343,0
20120217,10.609,10.609,10.398,10.571,4250,0
20120221,10.581,11.092,10.562,11.046,16577,0
20120222,10.891,11.027,10.782,11.027,3658,0
20120223,10.5,10.754,10.5,10.718,2251,0
20120224,10.198,10.846,10.198,10.79,4662,0
20120227,10.609,10.626,10.471,10.544,32739,0
20120228,10.918,10.918,10.206,10.381,1763,0
20120229,10.354,10.427,10.354,10.427,439,0
20120301,10.471,10.516,10.443,10.49,22704,0
20120302,10.49,10.49,10.49,10.49,1095,0
20120305,10.49,10.581,10.49,10.581,63558,0
20120306,10.846,10.9,10.5,10.6,8694,0
20120307,10.516,10.855,10.516,10.709,2133,0
20120308,10.654,10.737,10.654,10.718,1109,0
20120309,10.416,10.891,10.416,10.699,4166,0
20120312,10.663,10.872,10.663,10.837,1370,0
20120313,10.808,10.855,10.754,10.855,2722,0
20120314,10.846,10.846,10.535,10.654,3465,0
20120315,10.855,10.864,10.718,10.846,3064,0
20120316,10.9,11.174,10.9,11.174,8185,0
20120319,11.109,11.109,11.036,11.036,2199,0
20120320,10.964,10.964,10.635,10.635,9211,0
20120321,10.699,10.799,10.654,10.718,3399,0
20120322,10.635,11.128,10.49,10.737,11696,0
20120323,10.654,10.718,10.626,10.699,5225,0
20120326,10.718,10.946,10.699,10.946,1753,0
20120327,10.799,10.9,10.799,10.855,988,0
20120328,10.891,10.891,10.891,10.891,348,0
20120329,10.818,10.818,10.818,10.818,258,0
20120330,10.936,10.943,10.808,10.808,3334,0
20120402,10.864,10.946,10.864,10.946,1228,0
20120403,10.86,10.86,10.851,10.851,2570,0
20120404,10.851,10.924,10.804,10.924,1266,0
20120409,10.808,10.982,10.808,10.982,333,0
20120411,10.982,11.036,10.9,11.036,4633,0
20120412,11,11,10.946,10.946,11438,0
20120413,11.083,11.083,10.991,10.991,222,0
20120416,10.991,10.991,10.9,10.991,2082,0
20120417,10.832,11.154,10.832,11.154,439,0
20120418,10.946,11,10.872,11,2592,0
20120419,10.946,10.991,10.946,10.991,2217,0
20120420,11.144,11.173,11.144,11.173,3476,0
20120423,11.192,11.192,10.955,10.955,715,0
20120424,11.155,11.155,11.092,11.092,606,0
20120425,11.074,11.092,11.064,11.064,1657,0
20120426,11.174,11.219,11.164,11.219,6621,0
20120430,11,11.101,10.946,10.946,6624,0
20120501,11.21,11.219,10.943,10.979,1095,0
20120503,11.034,11.081,10.943,11.081,1994,0
20120504,11.081,11.081,11.034,11.034,701,0
20120507,10.943,11.163,10.943,11.034,2223,0
20120508,11.053,11.081,11.034,11.034,3605,0
20120509,11.273,11.321,10.997,11.321,1643,0
20120514,11.191,11.321,10.952,11.321,4459,0
20120515,11.955,11.955,11.366,11.393,1505,0
20120516,11.144,11.366,11.144,11.338,3064,0
20120517,11.136,11.237,11.043,11.219,2825,0
20120518,11.246,11.661,11.034,11.173,6379,0
20120521,11.072,11.586,11.072,11.273,5843,0
20120522,11.273,11.273,11.117,11.117,6957,0
20120523,10.952,11.44,10.952,11.21,1523,0
20120524,11.412,11.421,11.182,11.227,5921,0
20120525,11.227,11.227,11.144,11.191,5554,0
20120529,11.227,11.264,11.191,11.191,1974,0
20120530,11.173,11.273,11.173,11.264,5282,0
20120531,11.264,11.352,11.117,11.347,5264,0
20120601,11.21,11.21,11.043,11.053,5406,0
20120604,11.292,11.311,11.081,11.311,2208,0
20120605,11.246,11.283,11.144,11.182,4834,0
20120606,11.144,11.182,11.144,11.182,1613,0
20120607,11.173,11.246,11.173,11.237,4454,0
20120608,11.246,11.283,11.108,11.136,3911,0
20120611,11.173,11.173,11.043,11.043,435,0
20120612,11.126,11.126,11.126,11.126,220,0
20120613,11.227,11.227,11.227,11.227,329,0
20120615,11.302,11.302,11.191,11.255,704,0
20120618,11.201,11.283,11.201,11.283,1260,0
20120619,11.321,11.321,11.321,11.321,329,0
20120621,11.273,11.273,11.273,11.273,329,0
20120622,11.366,11.826,11.366,11.495,3702,0
20120626,11.246,11.321,11.062,11.321,4506,0
20120628,11.144,11.476,11.062,11.412,3321,0
20120629,11.495,11.623,11.043,11.173,2632,0
20120702,11.062,11.321,11.053,11.321,563,0
20120703,11.421,11.733,11.421,11.642,5829,0
20120705,11.506,11.506,11.506,11.506,220,0
20120706,11.431,11.431,11.431,11.431,110,0
20120709,11.725,11.725,11.412,11.688,870,0
20120710,11.476,11.596,11.476,11.596,1000,0
20120711,11.688,12.02,11.532,11.733,3646,0
20120712,11.68,11.918,11.68,11.733,2607,0
20120713,11.799,12.198,11.799,12.198,14223,0
20120716,12.176,12.176,12.176,12.176,220,0
20120719,12.194,12.194,11.273,11.273,1575,0
20120720,11.544,12.1,11.144,11.925,4020,0
20120723,11.835,11.964,11.68,11.964,1305,0
20120724,11.733,11.733,11.733,11.733,540,0
20120727,11.733,11.826,11.733,11.826,648,0
20120730,11.733,11.817,11.688,11.688,7985,0
20120731,11.688,11.78,11.676,11.743,33629,0
20120801,11.424,11.767,11.424,11.767,1630,0
20120802,11.835,11.946,11.835,11.946,2391,0
20120803,11.891,11.892,11.881,11.892,650,0
20120806,11.952,11.952,11.869,11.916,2795,0
20120807,11.918,11.964,11.835,11.964,8979,0
20120808,11.925,12.055,11.443,11.864,26380,0
20120809,11.897,11.897,11.897,11.897,233,0
20120810,11.767,11.767,11.767,11.767,218,0
20120813,11.849,11.859,11.469,11.738,1940,0
20120814,11.804,12.056,11.804,12.018,886,0
20120815,11.925,11.925,11.925,11.925,109,0
20120816,11.925,12.064,11.683,12.064,1118,0
20120817,12.064,12.064,12.008,12.018,774,0
20120820,12.018,12.064,12.018,12.064,732,0
20120821,11.97,12.018,11.97,11.97,1402,0
20120822,11.6,11.97,11.6,11.97,1295,0
20120823,11.952,11.952,11.609,11.795,2208,0
20120829,11.637,11.683,11.6,11.683,1186,0
20120830,11.646,11.646,11.6,11.646,6728,0
20120831,11.646,12.064,11.6,11.6,3339,0
20120904,11.604,11.604,11.6,11.6,11957,0
20120905,11.544,11.544,11.303,11.303,218,0
20120906,11.72,11.767,11.497,11.506,2488,0
20120907,11.693,11.693,11.497,11.497,1186,0
20120912,11.563,11.563,11.563,11.563,218,0
20120913,11.506,11.554,11.497,11.506,5563,0
20120914,11.6,11.637,11.377,11.461,4918,0
20120917,11.424,11.646,11.368,11.488,4418,0
20120918,11.488,11.488,11.256,11.256,2911,0
20120919,11.238,11.238,11.238,11.238,317,0
20120920,11.284,11.284,10.96,11.265,3093,0
20120921,11.322,11.322,11.182,11.182,9295,0
20120924,11.182,11.284,10.207,11.284,12052,0
20120925,11.256,11.405,11.256,11.405,536,0
20120926,11.09,11.327,10.996,11.303,2225,0
20120927,11.368,11.368,11.368,11.368,645,0
20120928,11.368,11.368,11.368,11.368,218,0
20121001,11.386,11.386,10.996,11.368,1369,0
20121002,11.433,11.433,11.368,11.377,1012,0
20121003,11.377,11.386,11.377,11.386,2080,0
20121004,11.637,11.637,11.572,11.6,103644,0
20121005,11.637,11.646,11.609,11.646,2678,0
20121008,11.368,11.831,11.368,11.646,6510,0
20121009,11.6,11.6,11.368,11.368,754,0
20121010,11.443,11.554,11.368,11.554,3352,0
20121011,11.405,11.646,11.377,11.646,4205,0
20121012,11.6,11.6,11.6,11.6,357,0
20121015,11.656,11.656,11.6,11.6,971,0
20121016,11.368,11.627,11.368,11.6,3377,0
20121017,11.331,11.738,11.331,11.738,6748,0
20121018,11.627,11.627,11.6,11.6,809,0
20121019,11.6,11.869,11.6,11.869,1016,0
20121022,11.6,11.618,11.6,11.6,1288,0
20121023,11.554,11.572,11.554,11.554,3124,0
20121024,11.506,11.786,11.414,11.757,3179,0
20121025,11.831,11.878,11.656,11.656,1960,0
20121031,11.702,11.878,11.702,11.859,2091,0
20121101,11.831,11.859,11.786,11.831,4721,0
20121102,11.878,11.97,11.841,11.878,28070,0
20121105,11.869,12.064,11.841,12.064,5021,0
20121106,12.082,12.11,11.742,12.055,17746,0
20121108,11.772,11.931,11.772,11.855,9798,0
20121109,11.874,11.884,11.846,11.884,7907,0
20121112,11.864,11.884,11.864,11.874,2457,0
20121113,11.715,12.165,11.715,11.958,928,0
20121114,11.884,12.108,11.772,12.108,1332,0
20121116,12.165,12.165,11.884,12.034,856,0
20121119,12.137,12.165,11.949,12.146,2636,0
20121120,12.137,12.137,12.025,12.127,2448,0
20121121,12.043,12.043,11.977,11.977,1756,0
20121126,12.071,12.071,12.071,12.071,190,0
20121127,12.052,12.165,12.052,12.165,15810,0
20121128,12.165,12.22,11.977,12.174,8128,0
20121130,12.286,12.305,12.286,12.305,15068,0
20121203,12.259,12.259,12.165,12.23,6841,0
20121204,12.211,12.211,12.052,12.071,44640,0
20121205,12.062,12.155,12.062,12.155,1817,0
20121206,11.837,12.155,11.837,12.155,1283,0
20121211,12.155,12.155,11.977,12.155,2497,0
20121212,11.846,12.167,11.846,12.165,12964,0
20121214,12.137,12.165,12.071,12.165,6519,0
20121217,12.165,12.239,11.967,12.239,20839,0
20121218,12.165,12.296,12.071,12.259,30406,0
20121219,12.165,12.211,12.118,12.165,16029,0
20121220,12.034,12.165,12.034,12.165,1448,0
20121221,12.108,12.165,12.108,12.165,2873,0
20121224,11.94,12.155,11.931,12.155,2672,0
20121226,12.155,12.165,12.119,12.146,3740,0
20121227,12.089,12.155,11.986,12.155,8655,0
20121228,12.043,12.239,12.043,12.239,1495,0
20121231,12.239,12.259,12.164,12.259,149961,0
20130102,12.305,12.595,12.305,12.492,13640,0
20130103,12.277,12.389,12.211,12.389,56534,0
20130104,12.473,12.539,12.463,12.539,4019,0
20130107,12.436,12.539,12.436,12.52,2680,0
20130109,12.539,12.585,12.52,12.539,6189,0
20130110,12.539,12.539,12.398,12.492,14534,0
20130111,12.332,12.332,12.296,12.296,4810,0
20130114,12.23,12.249,12.211,12.249,31461,0
20130115,12.38,12.398,12.259,12.314,4325,0
20130116,12.398,12.454,12.268,12.454,562,0
20130117,12.314,12.38,12.314,12.38,293,0
20130118,12.306,12.318,12.306,12.318,870,0
20130122,12.297,12.389,12.297,12.345,3897,0
20130123,12.444,12.539,12.444,12.444,2922,0
20130125,12.427,12.427,12.418,12.425,1429,0
20130128,12.408,12.408,12.332,12.332,427,0
20130129,12.305,12.305,12.211,12.211,16171,0
20130130,12.23,12.259,12.127,12.127,34198,0
20130131,12.098,12.146,11.94,12.146,32666,0
20130201,12.108,12.126,11.94,12.126,748,0
20130204,12.165,12.174,12.146,12.146,55316,0
20130205,12.108,12.127,12.108,12.118,2318,0
20130208,12.125,12.219,12.125,12.219,4345,0
20130212,12.267,12.313,12.267,12.267,1467,0
20130214,12.313,12.313,12.267,12.267,1611,0
20130215,12.341,12.341,12.163,12.341,1806,0
20130219,12.341,12.69,12.341,12.616,5367,0
20130220,12.503,12.644,12.398,12.408,40217,0
20130221,12.408,12.644,12.408,12.454,8363,0
20130222,12.408,12.681,12.408,12.644,34512,0
20130225,12.625,12.69,12.588,12.644,8393,0
20130226,12.644,12.644,12.483,12.644,35695,0
20130227,12.69,12.69,12.521,12.681,7524,0
20130228,12.559,12.663,12.559,12.663,827,0
20130304,12.512,12.625,12.512,12.625,1424,0
20130306,12.654,12.663,12.531,12.625,1061,0
20130307,12.625,12.69,12.578,12.634,1346,0
20130308,12.69,12.7,12.69,12.7,1677,0
20130311,12.625,12.654,12.625,12.654,1482,0
20130312,12.681,12.738,12.681,12.729,1771,0
20130313,12.738,12.738,12.738,12.738,10810,0
20130314,12.654,12.654,12.654,12.654,422,0
20130315,12.654,12.663,12.654,12.654,1884,0
20130318,12.644,12.644,12.644,12.644,741,0
20130319,12.738,12.738,12.738,12.738,1061,0
20130321,12.567,12.719,12.558,12.719,965,0
20130322,12.454,12.644,12.454,12.644,2317,0
20130325,12.7,13.209,12.7,13.039,9940,0
20130326,13.181,13.181,13.181,13.181,214,0
20130328,12.908,12.926,12.908,12.926,4664,0
20130402,12.945,12.974,12.945,12.974,5351,0
20130403,12.926,12.974,12.926,12.926,1989,0
20130408,12.974,12.974,12.974,12.974,4248,0
20130409,12.926,12.974,12.832,12.936,5469,0
20130410,12.889,12.945,12.889,12.926,2363,0
20130415,13.172,13.172,13.035,13.035,319,0
20130416,12.398,13.125,12.313,13.125,2324,0
20130417,13.078,13.73,13.078,13.55,2254,0
20130419,13.078,13.078,12.926,13.012,1482,0
20130422,13.003,13.03,13.003,13.03,214,0
20130423,12.983,13.096,12.983,13.096,319,0
20130425,12.926,12.943,12.926,12.943,214,0
20130426,12.945,12.948,12.926,12.945,1632,0
20130429,13.106,13.106,12.926,13.096,3257,0
20130430,12.926,12.946,12.738,12.767,9518,0
20130501,12.757,12.757,12.738,12.738,1172,0
20130502,12.757,12.757,12.738,12.738,2871,0
20130503,12.738,12.916,12.738,12.916,5117,0
20130506,12.757,12.757,12.738,12.738,742,0
20130507,12.625,12.747,12.625,12.644,1482,0
20130508,12.375,12.375,12.346,12.366,947,0
20130509,13.023,13.023,12.793,12.841,6008,0
20130510,12.756,12.756,12.756,12.756,1300,0
20130513,12.841,12.842,12.841,12.842,664,0
20130514,13.011,13.011,12.603,12.641,1519,0
20130515,12.613,12.746,12.604,12.604,1152,0
20130516,13.003,13.003,12.603,12.619,2197,0
20130517,12.802,12.802,12.594,12.613,3400,0
20130520,12.717,12.737,12.603,12.613,2416,0
20130521,12.661,12.661,12.613,12.641,947,0
20130522,12.632,12.632,12.603,12.603,2213,0
20130523,12.661,12.661,12.375,12.489,2860,0
20130524,12.156,12.46,12.156,12.46,368,0
20130528,12.537,12.622,12.318,12.46,6166,0
20130529,12.622,12.622,12.46,12.46,347,0
20130530,12.336,12.413,12.318,12.413,622,0
20130531,12.38,12.38,12.38,12.38,2891,0
20130603,12.366,12.366,12.366,12.366,106,0
20130604,12.394,12.394,12.366,12.366,878,0
20130605,12.375,12.375,12.375,12.375,106,0
20130607,12.099,12.394,12.099,12.252,1601,0
20130610,12.176,12.423,12.176,12.423,322,0
20130611,12.527,12.537,12.508,12.508,317,0
20130612,12.46,12.46,12.46,12.46,317,0
20130614,12.375,12.537,12.375,12.532,524,0
20130617,12.613,12.641,12.413,12.48,1707,0
20130618,12.413,12.537,12.318,12.318,3225,0
20130619,12.336,12.356,12.336,12.356,317,0
20130620,12.328,12.518,12.327,12.366,1837,0
20130621,12.537,12.537,12.537,12.537,1185,0
20130624,12.366,12.366,11.947,12.356,1261,0
20130625,12.261,12.46,12.261,12.46,1997,0
20130626,12.508,12.508,12.089,12.089,579,0
20130627,12.213,12.356,12.213,12.336,1289,0
20130628,12.481,12.481,12.481,12.481,314,0
20130701,12.423,12.574,12.423,12.574,526,0
20130702,12.527,12.574,12.527,12.574,842,0
20130708,12.594,12.822,12.508,12.527,842,0
20130709,12.708,12.708,12.564,12.564,1260,0
20130710,12.793,12.822,12.592,12.685,543,0
20130711,12.565,12.693,12.564,12.693,3609,0
20130712,12.832,12.832,12.802,12.822,3994,0
20130715,12.765,12.765,12.765,12.765,106,0
20130718,13.04,13.04,12.752,12.851,11109,0
20130719,11.947,13.03,11.938,12.841,8360,0
20130722,12.908,12.908,12.841,12.841,1208,0
20130723,12.879,13.221,12.841,12.841,3572,0
20130724,12.879,12.882,12.86,12.86,2299,0
20130725,12.308,12.708,12.308,12.674,317,0
20130729,12.394,12.423,12.394,12.413,6050,0
20130730,12.299,12.556,11.985,12.47,18117,0
20130731,12.176,12.984,12.176,12.775,4948,0
20130801,12.336,12.336,12.336,12.336,133,0
20130802,12.404,12.651,12.328,12.651,1366,0
20130805,12.67,12.67,12.67,12.67,106,0
20130807,12.361,12.495,12.361,12.495,210,0
20130808,12.274,12.591,12.274,12.331,2165,0
20130809,12.427,12.427,12.427,12.427,315,0
20130812,12.456,12.868,12.361,12.524,9108,0
20130813,12.361,12.728,12.294,12.321,6789,0
20130814,12.351,12.667,12.274,12.351,3283,0
20130815,12.437,12.869,12.236,12.236,746,0
20130816,12.331,12.869,12.226,12.226,12777,0
20130819,12.321,12.657,12.274,12.312,1283,0
20130820,12.504,12.504,12.361,12.504,652,0
20130821,12.446,12.446,12.274,12.274,940,0
20130822,12.294,12.294,12.226,12.226,1980,0
20130823,12.629,12.85,12.255,12.37,1460,0
20130826,12.514,12.571,12.304,12.38,1453,0
20130827,12.341,12.571,12.284,12.341,1565,0
20130828,12.304,12.561,12.304,12.504,415,0
20130829,12.534,12.935,12.37,12.456,913,0
20130830,12.573,12.573,12.573,12.573,201,0
20130903,12.466,12.466,12.466,12.466,417,0
20130904,12.016,12.141,11.939,12.044,5898,0
20130905,12.044,12.054,12.044,12.044,730,0
20130906,12.121,12.121,12.034,12.034,210,0
20130909,11.976,12.38,11.976,12.38,1163,0
20130910,12.159,12.159,11.796,11.804,3098,0
20130911,11.631,11.833,11.631,11.641,3326,0
20130912,11.766,11.796,11.661,11.746,3338,0
20130913,11.718,12.044,11.651,12.044,3474,0
20130916,12.121,12.226,11.891,12.016,3185,0
20130917,11.661,12.197,11.661,11.861,730,0
20130918,11.786,11.948,11.786,11.901,1071,0
20130920,12.216,12.274,12.197,12.274,8115,0
20130923,12.265,12.331,11.881,12.331,2557,0
20130924,12.131,12.255,11.814,12.255,1146,0
20130925,11.891,12.091,11.852,12.054,1980,0
20130926,12.054,12.37,11.901,12.361,3025,0
20130927,11.911,12.284,11.814,11.996,2295,0
20130930,12.303,12.419,12.157,12.419,1076,0
20131001,11.919,12.255,11.919,12.159,940,0
20131002,12.064,12.064,11.891,11.891,3113,0
20131003,11.967,11.967,11.641,11.929,1250,0
20131004,11.901,11.986,11.804,11.986,2711,0
20131007,11.958,11.986,11.737,11.911,625,0
20131008,11.699,11.699,11.699,11.699,315,0
20131009,11.786,11.919,11.786,11.919,520,0
20131010,11.756,11.891,11.756,11.891,1250,0
20131011,11.986,11.986,11.986,11.986,210,0
20131014,11.976,11.976,11.967,11.967,520,0
20131015,11.958,12.131,11.833,11.996,2920,0
20131016,12.284,12.321,12.006,12.034,1459,0
20131017,12.321,12.321,11.929,11.939,2503,0
20131018,11.843,11.996,11.756,11.967,5611,0
20131021,12.006,12.006,12.006,12.006,105,0
20131022,11.976,12.446,11.976,12.399,8754,0
20131023,12.409,12.409,12.409,12.409,1043,0
20131024,12.274,12.561,12.274,12.504,13452,0
20131025,12.524,12.561,12.524,12.561,1876,0
20131028,12.571,12.706,12.561,12.658,2815,0
20131029,12.649,12.792,12.639,12.792,2503,0
20131030,12.667,12.667,12.667,12.667,415,0
20131031,12.767,12.893,12.767,12.815,5435,0
20131101,12.62,12.62,12.61,12.61,315,0
20131104,12.649,12.715,12.649,12.706,5943,0
20131105,12.706,12.706,12.658,12.658,1355,0
20131106,12.767,12.805,12.767,12.767,7342,0
20131107,12.641,12.787,12.331,12.477,6916,0
20131108,12.563,12.573,12.477,12.554,8891,0
20131111,12.573,12.795,12.554,12.631,8582,0
20131112,12.651,12.789,12.331,12.573,8728,0
20131113,12.573,12.583,12.361,12.48,4033,0
20131114,12.477,12.795,12.37,12.573,9278,0
20131115,12.679,12.679,12.496,12.496,13338,0
20131118,12.738,12.738,12.505,12.612,2688,0
20131119,12.486,12.573,12.428,12.573,2068,0
20131120,12.535,12.573,12.535,12.573,4619,0
20131121,12.602,12.612,12.573,12.602,2275,0
20131122,12.573,12.573,12.477,12.525,3516,0
20131125,12.438,12.602,12.438,12.545,4342,0
20131126,12.612,12.815,12.545,12.631,15200,0
20131127,12.67,12.67,12.67,12.67,828,0
20131129,12.679,12.718,12.67,12.67,23057,0
20131202,12.525,12.738,12.525,12.738,620,0
20131203,12.651,12.903,12.496,12.893,8478,0
20131204,12.573,12.689,12.573,12.689,1034,0
20131205,12.815,12.815,12.709,12.709,312,0
20131206,12.757,12.893,12.718,12.883,6306,0
20131209,12.525,12.728,12.525,12.67,28433,0
20131210,12.738,12.738,12.545,12.545,7238,0
20131211,12.583,12.67,12.573,12.573,21299,0
20131212,12.573,12.573,12.457,12.477,9306,0
20131213,12.428,12.573,12.428,12.438,3618,0
20131216,12.496,12.525,12.409,12.409,9306,0
20131217,12.545,12.67,12.428,12.428,6308,0
20131218,12.593,12.747,12.486,12.747,5686,0
20131219,12.457,12.883,12.438,12.815,5582,0
20131220,12.409,12.767,12.409,12.467,80338,0
20131223,12.573,12.805,12.545,12.631,16957,0
20131224,12.699,12.699,12.438,12.583,1282,0
20131226,12.621,12.621,12.477,12.602,3929,0
20131227,12.612,12.612,12.612,12.612,208,0
20131230,12.477,12.563,12.477,12.515,2677,0
20131231,12.573,12.621,12.519,12.525,3779,0
20140102,12.477,12.621,12.477,12.554,1574,0
20140103,12.563,12.572,12.554,12.554,919,0
20140106,12.447,12.573,12.399,12.467,15301,0
20140107,12.399,12.505,12.38,12.477,3518,0
20140108,12.428,12.873,12.428,12.873,6722,0
20140109,12.795,12.795,12.593,12.709,724,0
20140110,12.573,12.767,12.573,12.679,1034,0
20140113,12.757,12.777,12.573,12.699,828,0
20140114,12.757,12.825,12.621,12.815,4136,0
20140115,12.767,12.767,12.767,12.767,304,0
20140116,12.815,12.883,12.815,12.815,1240,0
20140117,12.893,12.893,12.825,12.873,1344,0
20140121,12.95,12.989,12.825,12.883,1654,0
20140122,13.057,13.057,13.028,13.028,1860,0
20140123,12.863,13.163,12.863,12.873,791,0
20140124,12.815,12.815,12.593,12.747,3229,0
20140127,12.689,12.979,12.689,12.718,2348,0
20140128,12.728,12.97,12.718,12.97,1851,0
20140129,12.815,12.825,12.805,12.805,5481,0
20140131,12.719,12.795,12.719,12.757,1758,0
20140203,12.689,13.036,12.689,12.999,2032,0
20140204,13.056,13.057,13.056,13.057,903,0
20140207,12.855,13.039,12.825,13.039,856,0
20140211,13.4,13.4,13.323,13.323,893,0
20140212,13.138,13.138,13.118,13.118,855,0
20140213,13.382,13.382,12.855,12.922,1898,0
20140214,13.273,13.273,13.117,13.117,918,0
20140218,13.089,13.283,12.815,13.283,3151,0
20140219,12.972,13.206,12.922,12.922,10625,0
20140220,12.962,13.117,12.825,13.021,14684,0
20140221,13.001,13.108,12.825,12.922,6282,0
20140224,12.825,13.021,12.825,13.021,4331,0
20140225,12.972,12.972,12.972,12.972,1093,0
20140226,12.874,12.874,12.874,12.874,578,0
20140227,12.894,12.922,12.894,12.922,536,0
20140228,12.904,12.96,12.884,12.894,10928,0
20140303,12.912,12.912,12.884,12.894,791,0
20140304,12.922,12.923,12.825,12.825,5985,0
20140305,12.825,12.825,12.825,12.825,385,0
20140306,12.94,12.981,12.94,12.981,2034,0
20140310,13.011,13.156,12.855,13.059,5368,0
20140311,13.001,13.001,12.855,12.912,751,0
20140312,12.825,13.079,12.825,13.079,1389,0
20140313,13.059,13.059,12.874,12.912,717,0
20140314,13.011,13.011,13.011,13.011,267,0
20140317,13.021,13.049,12.884,13.011,1427,0
20140318,12.904,12.981,12.904,12.981,12192,0
20140319,12.922,13.118,12.912,13.118,24847,0
20140320,13.011,13.021,13.011,13.021,9765,0
20140321,13.021,13.128,12.962,12.962,12719,0
20140324,12.864,12.972,12.864,12.972,3345,0
20140325,12.922,12.972,12.922,12.942,3853,0
20140326,12.922,12.932,12.922,12.932,309,0
20140327,12.932,12.983,12.932,12.962,6095,0
20140328,13.021,13.303,13.021,13.303,7733,0
20140331,13.069,13.069,13.021,13.029,519,0
20140401,13.156,13.265,13.156,13.265,7448,0
20140402,13.507,13.616,13.408,13.586,3971,0
20140403,13.459,13.654,13.41,13.654,991,0
20140404,13.8,13.8,13.557,13.557,1539,0
20140407,13.84,13.898,13.693,13.84,4242,0
20140408,13.654,13.83,13.196,13.416,7558,0
20140409,13.751,13.751,13.654,13.654,207,0
20140410,13.527,13.537,13.527,13.537,659,0
20140411,13.41,13.469,13.303,13.362,3131,0
20140415,13.41,13.654,13.41,13.547,2170,0
20140416,13.265,13.507,13.235,13.362,1573,0
20140417,13.115,13.196,13.115,13.196,1313,0
20140421,13.283,13.347,13.215,13.215,7263,0
20140422,13.196,13.332,13.118,13.265,4490,0
20140423,13.323,13.323,13.323,13.323,481,0
20140424,13.215,13.215,13.069,13.215,411,0
20140428,13.118,13.118,13.118,13.118,206,0
20140429,13.215,13.265,13.215,13.265,565,0
20140430,13.273,13.362,13.265,13.362,3254,0
20140501,13.265,13.641,13.265,13.557,26891,0
20140502,13.557,13.603,13.313,13.41,30812,0
20140505,13.41,13.41,13.176,13.265,20322,0
20140507,13.571,13.571,13.375,13.375,204,0
20140508,13.385,13.394,13.375,13.394,2243,0
20140512,13.375,13.394,13.375,13.394,1220,0
20140513,13.561,13.561,13.375,13.375,2045,0
20140514,13.424,13.424,13.424,13.424,254,0
20140515,13.375,13.561,13.375,13.394,8262,0
20140516,13.503,13.561,13.375,13.376,3623,0
20140519,13.463,13.684,13.375,13.375,8932,0
20140520,13.434,13.448,13.375,13.375,6660,0
20140521,13.375,13.424,13.375,13.424,2554,0
20140522,13.375,13.555,13.375,13.394,10747,0
20140523,13.443,13.443,13.443,13.443,772,0
20140527,13.394,13.539,13.375,13.491,7047,0
20140528,13.385,13.473,13.385,13.473,1016,0
20140529,13.394,13.443,13.365,13.443,5537,0
20140530,13.434,13.434,13.424,13.424,227,0
20140604,13.375,13.571,13.365,13.571,9772,0
20140605,13.443,13.561,13.424,13.547,3684,0
20140606,13.439,13.571,13.439,13.561,4527,0
20140609,13.571,13.618,13.542,13.618,12182,0
20140610,13.512,13.611,13.512,13.601,1118,0
20140611,13.567,13.567,13.473,13.483,526,0
20140612,13.424,13.424,13.418,13.418,946,0
20140613,13.414,13.473,13.414,13.473,3347,0
20140616,13.591,13.621,13.473,13.621,4054,0
20140618,13.571,13.639,13.571,13.639,6046,0
20140619,13.522,13.621,13.522,13.621,1960,0
20140623,13.63,13.64,13.473,13.507,1485,0
20140624,13.473,13.473,13.473,13.473,542,0
20140625,13.581,13.581,13.483,13.493,1508,0
20140626,13.581,13.581,13.483,13.483,397,0
20140627,13.473,13.571,13.473,13.571,5984,0
20140630,13.591,13.748,13.522,13.66,1765,0
20140701,13.611,13.621,13.611,13.621,1255,0
20140702,13.621,13.925,13.571,13.621,7423,0
20140703,13.621,13.729,13.493,13.493,12057,0
20140707,13.473,13.591,13.473,13.591,510,0
20140708,13.611,13.64,13.591,13.621,30106,0
20140709,13.493,13.65,13.493,13.561,921,0
20140710,13.365,13.65,13.365,13.532,2260,0
20140711,13.478,13.699,13.478,13.699,2039,0
20140714,13.453,13.689,13.365,13.689,1909,0
20140715,13.552,13.586,13.522,13.522,1442,0
20140716,13.453,13.601,13.443,13.473,2402,0
20140717,13.532,13.699,13.389,13.699,4239,0
20140718,13.584,13.596,13.375,13.493,3568,0
20140721,13.07,13.571,13.07,13.522,3112,0
20140722,13.493,13.621,13.237,13.621,12932,0
20140723,13.493,13.63,13.276,13.355,14188,0
20140724,13.586,13.621,13.301,13.522,9623,0
20140725,13.561,13.689,13.168,13.168,7684,0
20140728,13.129,13.503,13.04,13.217,109754,0
20140729,13.08,13.247,12.883,13.109,45774,0
20140730,13.119,13.217,13.109,13.188,2557,0
20140731,13.198,13.375,13.129,13.193,2445,0
20140801,13.247,13.473,13.188,13.473,2946,0
20140804,12.883,13.375,12.834,13.316,2431,0
20140805,13.129,13.345,13.129,13.208,2632,0
20140806,13.438,13.587,13.428,13.587,41980,0
20140807,13.478,13.577,13.24,13.577,17419,0
20140808,13.349,13.527,13.24,13.24,13538,0
20140811,13.002,13.587,12.813,13.587,5470,0
20140812,13.269,13.577,13.071,13.577,6648,0
20140813,12.952,13.567,12.952,13.567,6660,0
20140814,13.329,13.587,13.24,13.408,4081,0
20140815,13.577,13.577,13.19,13.324,7714,0
20140818,13.525,13.527,13.448,13.518,792,0
20140819,13.24,13.527,13.24,13.388,8765,0
20140820,13.334,13.433,13.299,13.339,2225,0
20140821,13.388,13.527,13.369,13.527,3470,0
20140822,13.279,13.478,13.24,13.24,789,0
20140825,13.25,13.398,13.242,13.339,3065,0
20140826,13.339,13.349,13.339,13.349,569,0
20140827,13.339,13.359,13.339,13.359,343,0
20140828,13.339,13.388,13.339,13.379,403,0
20140829,13.24,13.408,13.24,13.289,6667,0
20140902,13.289,13.388,13.289,13.339,4478,0
20140903,13.388,13.438,13.388,13.438,2116,0
20140904,13.388,13.527,13.388,13.527,2961,0
20140905,13.388,13.468,13.388,13.438,852,0
20140908,13.438,13.488,13.438,13.488,615,0
20140909,13.398,13.488,13.398,13.488,1394,0
20140910,13.488,13.557,13.388,13.557,1953,0
20140911,13.527,13.527,13.388,13.498,4538,0
20140912,13.488,13.537,13.349,13.537,2812,0
20140915,13.527,13.537,13.398,13.537,874,0
20140916,13.398,13.537,13.205,13.26,7016,0
20140917,13.299,13.388,13.26,13.289,2783,0
20140918,13.289,13.388,13.289,13.329,3304,0
20140919,13.289,13.517,13.289,13.309,8841,0
20140922,13.428,13.507,13.289,13.294,8994,0
20140923,13.299,13.299,13.215,13.215,4538,0
20140924,13.289,13.537,13.289,13.299,2263,0
20140925,13.429,13.478,13.205,13.22,4610,0
20140926,13.2,13.428,13.2,13.408,5629,0
20140929,13.329,13.428,13.329,13.329,2423,0
20140930,13.329,13.329,13.329,13.329,250,0
20141001,13.369,13.388,13.061,13.091,6149,0
20141002,13.141,13.339,13.141,13.339,4825,0
20141003,13.23,13.547,13.23,13.507,2592,0
20141006,13.299,13.379,13.289,13.379,2289,0
20141007,13.289,13.309,13.24,13.24,2694,0
20141008,13.269,13.388,13.269,13.269,4079,0
20141009,13.289,13.468,13.289,13.408,3518,0
20141010,13.309,13.388,13.289,13.329,2956,0
20141013,13.101,13.299,12.952,13.002,2720,0
20141014,13.18,13.18,12.903,13.081,3062,0
20141015,12.962,13.081,12.833,12.843,1842,0
20141016,12.972,13.101,12.813,12.854,3229,0
20141017,13.15,13.309,12.942,13.031,12009,0
20141020,12.853,13.2,12.853,13.121,7275,0
20141021,12.893,13.507,12.893,13.19,10292,0
20141022,13.24,13.398,13.19,13.19,3549,0
20141023,13.091,13.289,12.932,13.081,5659,0
20141024,13.19,13.19,12.962,13.19,3025,0
20141027,13.161,13.161,13.15,13.161,506,0
20141028,13.19,13.26,13.19,13.26,1759,0
20141029,13.468,13.468,13.18,13.379,2224,0
20141030,13.379,13.379,13.329,13.359,706,0
20141031,13.379,13.488,13.339,13.488,5491,0
20141103,13.398,13.468,13.388,13.408,1829,0
20141104,13.468,13.507,13.468,13.507,3187,0
20141105,13.55,13.61,13.5,13.6,7130,0
20141106,13.67,13.85,13.67,13.69,2653,0
20141107,13.63,13.765,13.6,13.765,3044,0
20141110,13.802,13.85,13.71,13.75,2926,0
20141111,13.85,13.85,13.83,13.85,1900,0
20141112,13.83,13.95,13.79,13.79,2900,0
20141113,13.943,13.943,13.83,13.87,1024,0
20141114,13.74,13.82,13.7,13.7,3462,0
20141117,13.73,13.8,13.73,13.79,1866,0
20141118,13.7,13.95,13.7,13.93,3519,0
20141119,13.73,13.95,13.73,13.94,720,0
20141120,13.97,13.99,13.79,13.925,3680,0
20141121,13.858,14,13.85,14,1430,0
20141124,13.9,13.9,13.9,13.9,368,0
20141125,13.85,13.85,13.85,13.85,319,0
20141201,13.71,13.89,13.71,13.89,1764,0
20141202,13.74,13.74,13.6,13.69,6393,0
20141203,13.69,13.8,13.69,13.775,33354,0
20141204,13.75,14,13.74,14,2456,0
20141205,13.98,13.98,13.649,13.649,773,0
20141208,13.75,13.75,13.75,13.75,238,0
20141209,13.68,13.75,13.62,13.75,18314,0
20141211,13.61,13.61,13.61,13.61,200,0
20141212,13.66,13.66,13.6,13.6,391,0
20141215,13.65,13.75,13.65,13.75,1608,0
20141218,13.88,13.88,13.75,13.78,2940,0
20141219,13.75,13.97,13.73,13.97,129363,0
20141222,13.993,13.993,13.81,13.9,3007,0
20141223,14,14,13.81,13.81,613,0
20141226,13.87,13.95,13.81,13.95,1041,0
20141229,14,14,14,14,528,0
20141230,13.81,14,13.81,14,1009,0
20141231,13.81,13.99,13.7,13.95,111308,0
20150102,14,14.71,13.99,14.71,2586,0
20150105,15,15,14.25,14.32,4935,0
20150106,14.25,14.29,14.11,14.29,7300,0
20150107,14.1,14.1,13.856,14.1,1485,0
20150108,14.11,14.37,14,14.36,8000,0
20150109,14.3,14.5,14.172,14.35,17308,0
20150112,14.27,14.27,14.2,14.21,5748,0
20150113,14.25,14.38,14.2,14.21,10606,0
20150114,14.15,14.4,14.15,14.15,5101,0
20150116,14.33,14.33,14.196,14.196,652,0
