Date,Open,High,Low,Close,Volume,OpenInt
20050228,37.537,37.537,37.537,37.537,439,0
20050302,37.529,37.537,37.529,37.537,2750,0
20050304,37.932,37.932,37.932,37.932,298,0
20050307,37.319,37.932,37.218,37.758,766,0
20050311,37.319,37.319,37.319,37.319,106,0
20050314,37.329,37.329,37.329,37.329,439,0
20050315,37.319,37.319,37.319,37.319,221,0
20050316,37.146,37.146,37.146,37.146,221,0
20050318,36.972,36.972,36.89,36.89,655,0
20050321,36.882,36.882,36.882,36.882,546,0
20050322,37.1,37.1,37.1,37.1,796,0
20050323,36.882,36.882,36.443,36.506,8504,0
20050324,36.443,36.571,36.315,36.315,2192,0
20050329,36.781,36.781,36.717,36.717,4599,0
20050330,35.877,36.544,35.858,36.544,17354,0
20050331,36.443,36.443,36.005,36.005,1203,0
20050401,36.005,36.005,35.473,35.473,2204,0
20050404,36.03,36.03,36.03,36.03,106,0
20050405,35.473,36.03,35.473,36.03,243,0
20050406,35.492,35.648,35.439,35.439,1630,0
20050407,34.242,36.067,34.242,36.067,242,0
20050408,34.945,35.603,34.945,35.473,1422,0
20050411,34.899,35.886,34.863,34.99,1408,0
20050413,35.128,35.128,34.425,34.46,766,0
20050418,34.971,35.182,34.971,35.182,929,0
20050419,33.895,34.98,33.895,34.98,2849,0
20050422,35.027,39.046,35.027,36.882,9049,0
20050425,39.512,39.512,39.512,39.512,106,0
20050426,36.452,36.452,36.452,36.452,1095,0
20050427,38.196,38.196,37.758,37.758,1380,0
20050428,37.63,37.63,37.63,37.63,106,0
20050504,37.466,37.63,37.466,37.63,1535,0
20050505,37.603,37.603,37.603,37.603,106,0
20050516,37.055,37.055,37.055,37.055,106,0
20050517,37.758,37.758,37.537,37.758,1270,0
20050518,37.758,37.758,37.758,37.758,1025,0
20050519,37.055,37.055,37.055,37.055,273,0
20050520,37.055,37.191,36.443,36.443,1041,0
20050524,36.882,36.882,36.882,36.882,1327,0
20050601,36.397,36.397,36.397,36.397,106,0
20050608,36.48,36.48,36.48,36.48,106,0
20050614,37.758,37.758,37.758,37.758,106,0
20050621,37.319,37.319,37.319,37.319,106,0
20050624,37.758,37.758,37.758,37.758,125,0
20050628,37.055,37.055,37.055,37.055,128,0
20050707,35.867,36.005,35.867,36.005,2189,0
20050708,36.717,36.717,36.717,36.717,106,0
20050711,35.867,35.986,35.867,35.986,546,0
20050712,36.443,36.443,36.443,36.443,221,0
20050713,35.867,36.086,35.867,36.086,221,0
20050714,36.005,36.598,36.005,36.598,439,0
20050715,35.867,35.986,35.867,35.986,440,0
20050718,35.867,35.867,35.867,35.867,106,0
20050722,35.575,35.575,35.575,35.575,106,0
20050726,35.603,35.603,35.603,35.603,279,0
20050727,36.251,36.251,36.251,36.251,106,0
20050729,36.652,36.845,36.652,36.845,326,0
20050801,36.306,36.306,36.306,36.306,106,0
20050802,35.822,36.058,35.822,36.058,1213,0
20050803,36.525,36.525,36.525,36.525,439,0
20050808,36.443,36.799,36.443,36.799,273,0
20050809,36.882,36.882,36.882,36.882,448,0
20050810,36.882,36.882,36.882,36.882,106,0
20050811,36.698,36.698,36.698,36.698,273,0
20050815,36.005,36.005,36.005,36.005,106,0
20050816,36.616,36.616,36.616,36.616,221,0
20050817,36.616,36.616,36.616,36.616,221,0
20050818,36.039,36.224,36.039,36.224,1095,0
20050823,36.882,36.882,36.882,36.882,655,0
20050824,36.023,36.023,36.023,36.023,106,0
20050826,36.005,36.005,36.005,36.005,245,0
20050829,36.616,36.616,36.616,36.616,566,0
20050830,36.224,36.224,36.224,36.224,115,0
20050908,37.1,37.1,37.1,37.1,238,0
20050912,36.882,36.882,36.882,36.882,546,0
20050916,36.005,36.005,36.005,36.005,546,0
20050921,35.565,35.784,35.128,35.784,326,0
20050922,35.713,35.713,35.713,35.713,221,0
20050929,36.005,36.005,35.565,35.784,876,0
20051003,35.21,35.21,35.21,35.21,1970,0
20051004,35.264,35.264,35.264,35.264,106,0
20051006,33.686,33.686,30.342,32.516,2957,0
20051007,36.799,36.799,35.128,35.128,418,0
20051010,35.138,35.138,33.31,34.313,1041,0
20051012,33.511,33.511,33.511,33.511,326,0
20051013,33.366,33.968,33.146,33.968,618,0
20051020,34.022,34.022,34.022,34.022,1315,0
20051025,34.387,34.387,34.387,34.387,106,0
20051026,33.802,34.46,33.802,34.46,988,0
20051104,33.985,33.985,33.985,33.985,222,0
20051107,33.802,33.802,33.501,33.52,765,0
20051108,33.366,33.63,33.366,33.63,420,0
20051110,33.347,33.366,33.347,33.366,235,0
20051111,34.242,34.242,34.242,34.242,440,0
20051116,33.366,33.366,33.366,33.366,546,0
20051118,33.585,34.233,33.585,33.802,765,0
20051121,34.233,34.233,34.233,34.233,221,0
20051125,34.671,34.671,34.671,34.671,106,0
20051208,34.671,34.671,34.671,34.671,141,0
20051213,33.922,33.922,33.922,33.922,114,0
20051215,33.793,33.802,33.793,33.802,3942,0
20051219,33.812,33.812,33.802,33.802,221,0
20051227,33.802,33.802,33.802,33.802,2218,0
20051228,33.802,33.802,33.802,33.802,1095,0
20051229,34.067,34.067,34.067,34.067,1095,0
20060103,33.384,33.384,33.384,33.384,273,0
20060104,33.501,33.501,33.501,33.501,1203,0
20060106,34.525,34.525,34.278,34.278,655,0
20060111,34.643,34.643,34.643,34.643,221,0
20060112,34.004,34.004,33.793,33.793,326,0
20060124,34.205,34.205,33.812,33.812,326,0
20060125,34.579,34.579,34.579,34.579,106,0
20060126,33.721,33.721,33.721,33.721,546,0
20060127,33.676,33.985,33.676,33.985,1491,0
20060130,33.676,35.236,33.538,34.196,3010,0
20060131,34.425,34.425,34.205,34.205,4167,0
20060201,34.067,34.067,34.067,34.067,1315,0
20060202,34.799,34.799,34.799,34.799,106,0
20060206,34.214,34.214,34.214,34.214,546,0
20060207,34.205,34.205,33.63,33.63,48941,0
20060208,35.3,35.3,35.3,35.3,106,0
20060216,33.905,34.205,33.905,34.205,221,0
20060217,34.68,34.734,34.68,34.734,221,0
20060222,35.21,35.21,35.21,35.21,106,0
20060228,34.332,34.332,33.785,33.785,3377,0
20060310,34.652,34.699,33.575,34.699,3023,0
20060313,33.556,33.602,33.556,33.602,655,0
20060315,34.415,34.415,34.415,34.415,106,0
20060316,33.556,33.585,33.556,33.556,1447,0
20060317,34.058,34.415,34.058,34.415,330,0
20060320,34.415,34.415,34.415,34.415,106,0
20060321,33.977,33.977,33.977,33.977,106,0
20060322,33.977,33.985,33.959,33.959,677,0
20060323,33.676,33.676,33.338,33.338,714,0
20060324,33.977,33.977,33.977,33.977,106,0
20060328,33.977,33.977,33.977,33.977,106,0
20060329,33.977,33.985,33.977,33.985,739,0
20060330,34.415,34.425,34.415,34.425,1315,0
20060331,34.425,34.425,34.425,34.425,106,0
20060403,33.968,35.483,33.968,35.465,1190,0
20060404,34.058,34.269,34.058,34.269,252,0
20060407,34.425,34.425,34.114,34.114,1925,0
20060410,34.114,34.114,34.114,34.114,273,0
20060420,34.114,34.297,34.114,34.297,3614,0
20060424,34.114,34.114,34.114,34.114,327,0
20060425,34.114,34.114,34.114,34.114,2298,0
20060426,34.809,35.677,34.809,35.677,2497,0
20060427,34.105,35.092,34.105,35.092,221,0
20060502,34.067,34.067,34.067,34.067,237,0
20060503,33.985,33.985,33.985,33.985,106,0
20060504,34.89,34.89,34.89,34.89,106,0
20060508,34.434,34.434,34.434,34.434,106,0
20060510,33.985,33.985,33.985,33.985,247,0
20060511,33.994,33.994,33.994,33.994,116,0
20060512,34.332,34.332,33.977,33.977,327,0
20060515,33.977,33.977,33.977,33.977,547,0
20060516,33.977,33.977,33.977,33.977,1095,0
20060525,32.707,32.707,32.707,32.707,221,0
20060526,33.464,33.464,33.464,33.464,221,0
20060530,33.464,33.464,33.464,33.464,1095,0
20060531,33.101,33.101,33.101,33.101,168,0
20060601,33.32,33.32,33.32,33.32,1970,0
20060602,32.305,32.305,32.305,32.305,106,0
20060608,33.366,33.366,32.021,32.021,543,0
20060613,32.88,32.88,32.88,32.88,169,0
20060615,32.223,35.264,32.223,35.264,1095,0
20060616,34.425,34.425,34.425,34.425,106,0
20060620,33.091,33.091,33.091,33.091,141,0
20060626,32.781,33.055,32.781,33.055,338,0
20060628,33.501,33.538,33.501,33.538,221,0
20060629,32.762,32.762,32.762,32.762,283,0
20060710,32.79,32.79,32.79,32.79,177,0
20060712,34.425,34.425,34.425,34.425,106,0
20060713,32.88,32.88,32.88,32.88,1319,0
20060714,34.387,34.387,34.196,34.196,223,0
20060719,34.863,34.863,34.863,34.863,106,0
20060720,34.397,34.425,34.397,34.425,655,0
20060721,34.425,34.425,33.227,33.227,655,0
20060724,33.101,33.101,33.101,33.101,987,0
20060725,33.766,33.766,33.101,33.101,1002,0
20060731,33.109,33.109,33.109,33.109,106,0
20060801,33.19,33.19,33.101,33.101,655,0
20060802,33.101,33.101,33.101,33.101,876,0
20060804,29.126,33.455,29.126,33.375,13030,0
20060808,33.375,33.375,33.375,33.375,106,0
20060809,33.119,33.119,33.119,33.119,1522,0
20060811,33.19,33.19,33.19,33.19,122,0
20060814,33.19,33.19,33.19,33.19,111,0
20060824,33.19,33.19,33.19,33.19,766,0
20060825,33.19,33.19,32.625,32.625,987,0
20060828,33.19,33.19,33.19,33.19,1491,0
20060908,32.662,32.662,32.662,32.662,169,0
20060911,32.223,32.223,32.223,32.223,298,0
20060913,33.32,33.32,33.32,33.32,122,0
20060914,33.895,33.895,33.895,33.895,216,0
20060915,33.347,33.347,33.347,33.347,675,0
20060920,33.32,33.32,33.32,33.32,401,0
20060921,33.538,33.538,33.538,33.538,540,0
20060922,33.32,33.32,33.32,33.32,312,0
20060926,33.528,33.528,33.52,33.528,1315,0
20060928,32.662,33.977,32.662,33.977,987,0
20061009,33.429,33.977,33.429,33.977,1095,0
20061010,33.146,33.146,33.146,33.146,602,0
20061012,33.32,33.32,33.101,33.101,326,0
20061013,33.101,33.19,33.101,33.101,655,0
20061017,33.528,33.528,33.528,33.528,193,0
20061023,33.538,33.538,31.813,31.948,987,0
20061024,32.927,32.927,32.781,32.808,1155,0
20061027,31.348,31.348,31.348,31.348,106,0
20061101,31.356,31.356,31.356,31.356,106,0
20061108,30.451,30.67,30.451,30.67,987,0
20061109,29.172,29.576,28.468,29.135,3197,0
20061110,29.126,30.415,28.67,30.415,5692,0
20061113,29.419,30.012,29.419,30.012,1422,0
20061114,29.199,29.968,29.172,29.968,1220,0
20061115,29.218,29.218,29.218,29.218,107,0
20061116,29.968,30.296,29.968,30.296,442,0
20061117,29.593,29.602,29.593,29.602,439,0
20061120,30.47,30.47,29.181,29.181,244,0
20061121,29.576,29.576,29.172,29.172,383,0
20061122,29.172,29.93,29.172,29.93,658,0
20061127,29.921,30.012,29.921,30.012,1535,0
20061201,29.877,30.012,29.877,30.012,2189,0
20061204,30.259,30.259,30.259,30.259,546,0
20061205,30.241,30.241,30.232,30.232,222,0
20061208,30.25,30.25,29.62,29.62,655,0
20061211,29.71,30.141,29.71,30.141,655,0
20061212,29.976,29.976,29.703,29.822,685,0
20061213,29.529,30.012,29.529,30.012,1041,0
20061214,29.839,29.839,29.839,29.839,326,0
20061215,29.858,30.141,29.839,30.141,797,0
20061218,30.451,30.451,30.451,30.451,439,0
20061221,30.442,30.442,30.442,30.442,221,0
20061222,29.921,30.003,29.921,29.921,3616,0
20061227,30.269,30.269,30.269,30.269,106,0
20061228,29.218,30.012,29.218,30.012,766,0
20061229,29.703,30.259,29.703,30.259,1073,0
20070103,30.223,30.223,30.012,30.022,1315,0
20070104,30.012,30.232,30.012,30.232,468,0
20070105,30.223,30.99,30.223,30.99,1508,0
20070108,30.744,30.744,30.744,30.744,126,0
20070109,31.603,31.756,30.962,31.374,5255,0
20070112,31.364,31.603,31.364,31.603,221,0
20070116,30.871,31.274,30.871,30.981,546,0
20070124,31.291,32.305,31.291,32.214,1995,0
20070125,32.808,33.301,32.488,32.488,2630,0
20070129,31.986,31.986,31.986,31.986,106,0
20070130,32.388,32.388,31.821,31.821,221,0
20070202,31.958,31.958,31.958,31.958,106,0
20070205,31.958,31.958,31.958,31.958,106,0
20070207,32.059,33.027,32.059,32.433,2517,0
20070209,32.772,32.772,32.772,32.772,169,0
20070213,31.738,31.958,31.738,31.958,3477,0
20070214,31.693,31.693,31.693,31.693,106,0
20070216,31.693,31.693,31.693,31.693,1095,0
20070220,31.729,31.729,31.693,31.693,1097,0
20070221,31.738,31.738,31.738,31.738,1203,0
20070222,31.738,31.738,31.738,31.738,1095,0
20070223,31.948,31.948,31.948,31.948,283,0
20070228,31.738,33.154,31.738,32.233,2737,0
20070306,31.729,31.729,31.72,31.72,655,0
20070308,32.269,32.269,32.269,32.269,207,0
20070320,31.931,32.26,31.931,32.26,546,0
20070322,31.283,31.283,29.063,30.642,1861,0
20070323,30.716,30.971,30.716,30.971,23265,0
20070326,30.232,30.232,30.232,30.232,440,0
20070327,30.296,30.844,30.269,30.844,657,0
20070328,30.854,30.854,30.204,30.854,2211,0
20070329,30.854,30.854,30.854,30.854,1005,0
20070402,30.214,30.981,30.195,30.981,1095,0
20070403,30.625,30.679,30.625,30.679,221,0
20070405,30.578,30.578,30.578,30.578,106,0
20070409,30.049,30.89,29.611,29.611,546,0
20070411,30.131,30.141,30.131,30.141,255,0
20070419,29.373,29.373,29.373,29.373,106,0
20070420,29.629,29.738,29.611,29.738,1057,0
20070423,29.646,29.646,29.566,29.566,1535,0
20070424,29.665,29.665,29.665,29.665,106,0
20070426,29.328,29.328,29.328,29.328,106,0
20070427,29.738,29.738,29.738,29.738,4974,0
20070501,29.646,29.738,29.646,29.738,4162,0
20070502,29.738,30.808,29.738,30.223,3520,0
20070504,29.365,29.757,29.365,29.757,233,0
20070507,29.968,30.808,29.831,30.186,4816,0
20070510,29.766,29.803,29.766,29.803,221,0
20070516,30.113,30.113,29.738,29.738,388,0
20070517,29.738,29.738,29.566,29.566,451,0
20070518,29.301,29.301,29.301,29.301,106,0
20070521,29.729,29.729,29.301,29.301,2078,0
20070522,28.925,29.072,28.925,29.072,221,0
20070530,29.199,29.199,29.199,29.199,106,0
20070531,29.109,29.109,29.109,29.109,106,0
20070604,29.072,29.1,28.451,28.451,1753,0
20070605,28.405,28.405,28.232,28.232,794,0
20070607,28.487,28.633,28.277,28.633,24612,0
20070608,27.994,28.405,26.534,27.994,9042,0
20070612,28.652,28.652,28.506,28.506,326,0
20070613,27.948,28.003,27.52,28.003,1753,0
20070618,28.341,28.341,27.785,28.332,655,0
20070619,27.684,27.684,27.684,27.684,223,0
20070621,27.656,27.656,27.656,27.656,896,0
20070625,27.666,27.666,27.345,27.345,1474,0
20070626,27.619,27.619,27.619,27.619,106,0
20070627,27.61,27.874,27.61,27.874,671,0
20070628,28.021,28.021,28.021,28.021,326,0
20070629,28.05,28.05,27.747,27.967,1535,0
20070710,27.674,27.674,27.656,27.656,273,0
20070711,27.711,27.711,27.666,27.666,326,0
20070712,27.693,27.693,27.656,27.656,767,0
20070713,28.359,28.405,28.359,28.405,25247,0
20070717,28.314,28.314,28.14,28.14,489,0
20070723,27.967,27.967,27.958,27.958,221,0
20070724,28.359,28.359,28.359,28.359,106,0
20070725,27.738,27.738,27.345,27.354,1463,0
20070726,27.382,27.492,27.354,27.354,546,0
20070727,27.392,28.251,27.354,28.251,326,0
20070730,27.345,27.865,27.345,27.865,221,0
20070801,28.378,28.387,28.378,28.387,221,0
20070802,28.396,28.396,28.396,28.396,106,0
20070806,27.3,27.345,25.775,25.775,1766,0
20070807,26.981,27.921,26.752,26.842,4715,0
20070808,27.126,27.126,27.126,27.126,106,0
20070810,27.265,27.265,26.842,26.842,766,0
20070813,26.852,26.852,26.852,26.852,221,0
20070815,26.422,26.422,26.422,26.422,169,0
20070816,26.633,26.633,26.633,26.633,106,0
20070817,26.633,26.633,26.633,26.633,1149,0
20070822,26.633,26.633,26.633,26.633,326,0
20070823,26.633,26.898,25.828,25.828,1007,0
20070824,26.633,26.633,26.578,26.633,1753,0
20070828,26.633,26.633,26.633,26.633,221,0
20070905,26.633,26.633,25.82,25.93,655,0
20070907,26.186,26.322,26.186,26.322,1642,0
20070910,26.633,27.008,26.633,27.008,444,0
20070919,26.186,26.186,26.186,26.186,235,0
20070928,26.706,27.218,26.706,27.218,12589,0
20071011,27.3,27.3,27.3,27.3,106,0
20071012,28.131,28.131,28.122,28.122,221,0
20071015,27.3,27.812,27.3,27.812,439,0
20071019,27.848,28.497,27.848,28.497,221,0
20071024,27.52,28.26,27.52,28.186,822,0
20071025,26.944,27.328,26.944,27.328,358,0
20071101,27.364,27.364,27.364,27.364,106,0
20071102,27.409,27.409,27.409,27.409,1861,0
20071106,26.706,26.706,26.706,26.706,221,0
20071107,28.405,29.109,27.574,27.994,3942,0
20071108,28.597,28.633,28.597,28.633,1095,0
20071109,28.158,28.158,28.158,28.158,348,0
20071114,28.405,28.405,28.405,28.405,106,0
20071115,28.405,28.405,28.405,28.405,106,0
20071120,27.628,27.628,27.628,27.628,221,0
20071123,28.405,28.405,28.405,28.405,106,0
20071128,27.574,27.574,27.547,27.547,655,0
20071130,27.556,27.556,27.52,27.52,655,0
20071204,27.574,27.574,27.483,27.574,254,0
20071206,28.351,28.351,28.351,28.351,221,0
20071207,27.994,27.994,27.994,27.994,106,0
20071212,26.25,26.525,26.205,26.205,1955,0
20071214,28.268,28.268,27.874,27.874,298,0
20071217,25.976,26.186,25.976,26.186,394,0
20071218,25.647,26.633,25.647,26.633,221,0
20071226,26.642,26.642,26.633,26.633,221,0
20071227,26.633,26.633,26.633,26.633,326,0
20071228,27.291,27.3,27.291,27.3,653,0
20071231,26.633,26.825,26.314,26.314,929,0
20080104,26.03,26.03,26.03,26.03,546,0
20080107,26.03,26.03,26.03,26.03,546,0
20080108,25.19,26.799,25.19,26.77,572,0
20080109,26.77,26.77,25.93,25.93,3188,0
20080114,25.93,25.93,25.081,25.081,273,0
20080117,26.808,26.808,26.515,26.515,326,0
20080122,27.666,27.666,26.825,26.825,439,0
20080124,26.825,28.387,26.825,28.387,1970,0
20080125,28.615,29.501,28.615,29.501,546,0
20080128,28.615,28.615,28.615,28.615,221,0
20080205,28.57,28.57,28.57,28.57,221,0
20080206,28.615,28.615,28.615,28.615,169,0
20080215,28.268,28.268,28.26,28.26,2189,0
20080220,27.291,27.291,27.291,27.291,106,0
20080221,27.273,27.273,27.273,27.273,106,0
20080229,27.273,27.273,26.543,26.543,876,0
20080311,26.825,27.181,26.825,27.181,333,0
20080312,26.441,26.441,26.441,26.441,326,0
20080317,26.25,26.25,26.25,26.25,326,0
20080324,26.78,26.78,26.78,26.78,221,0
20080325,25.93,25.949,25.93,25.93,1535,0
20080326,26.78,27.016,25.391,25.93,2134,0
20080401,25.428,25.93,25.428,25.93,2189,0
20080403,25.93,25.93,25.93,25.93,1535,0
20080404,25.93,25.93,25.93,25.93,1095,0
20080407,25.976,25.976,25.976,25.976,106,0
20080408,25.884,25.884,25.884,25.884,8543,0
20080416,25.976,25.976,25.838,25.838,9362,0
20080418,25.483,25.483,25.455,25.455,439,0
20080421,26.176,26.286,26.176,26.286,439,0
20080423,25.582,25.582,25.573,25.573,106,0
20080424,26.834,27.181,26.816,27.073,1642,0
20080425,27.354,27.72,27.354,27.584,655,0
20080428,27.72,27.72,27.72,27.72,858,0
20080429,27.72,28.167,27.72,28.167,4777,0
20080430,26.898,28.167,26.898,28.167,106,0
20080505,27.3,27.3,26.377,26.377,2814,0
20080507,26.422,26.422,26.422,26.422,169,0
20080509,25.957,26.158,25.501,26.158,876,0
20080514,26.076,26.076,26.076,26.076,106,0
20080519,25.884,25.884,25.884,25.884,247,0
20080529,25.93,25.93,25.711,25.711,718,0
20080530,25.739,25.739,25.711,25.711,1397,0
20080604,25.902,25.902,25.711,25.711,608,0
20080609,28.076,28.167,26.825,28.167,5671,0
20080610,28.167,28.167,28.076,28.158,1261,0
20080611,28.177,28.177,28.167,28.167,1861,0
20080616,28.14,28.167,28.14,28.167,546,0
20080619,28.167,28.167,28.167,28.167,439,0
20080620,26.277,27.72,26.277,27.72,221,0
20080624,26.167,26.167,26.167,26.167,1710,0
20080625,26.387,26.387,26.377,26.377,1203,0
20080627,26.405,26.405,26.167,26.167,326,0
20080630,26.167,26.186,26.167,26.167,546,0
20080701,28.122,28.158,26.158,26.167,1432,0
20080702,26.158,26.158,23.967,23.967,9524,0
20080703,24.14,25.036,24.14,24.14,1531,0
20080707,25.911,25.911,25.483,25.483,1203,0
20080714,24.057,24.057,24.057,24.057,106,0
20080715,24.075,25.428,24.049,25.428,876,0
20080716,25.436,25.436,24.049,24.049,221,0
20080717,24.049,24.851,23.894,24.851,2339,0
20080718,24.816,24.816,24.816,24.816,119,0
20080721,24.861,24.861,24.851,24.861,655,0
20080722,25.428,25.428,24.56,24.569,2957,0
20080723,24.816,25.436,24.816,25.436,3176,0
20080724,22.852,25.436,22.852,25.436,221,0
20080725,25.401,25.94,25.401,25.94,705,0
20080728,25.94,25.94,25.94,25.94,590,0
20080729,25.94,25.94,25.94,25.94,1601,0
20080731,26.825,26.825,26.825,26.825,221,0
20080801,26.825,26.825,26.825,26.825,987,0
20080805,25.436,26.696,25.436,26.696,777,0
20080806,26.696,26.696,26.696,26.696,326,0
20080807,26.696,26.696,26.696,26.696,668,0
20080808,25.957,25.957,25.949,25.949,655,0
20080812,26.688,26.688,26.688,26.688,111,0
20080814,26.377,26.377,26.377,26.377,593,0
20080820,26.387,27.538,26.377,26.396,3065,0
20080821,26.377,27.674,26.377,27.674,107,0
20080829,26.825,26.825,26.825,26.825,1203,0
20080902,27.455,27.455,26.377,26.377,366,0
20080905,27.265,27.265,27.265,27.265,326,0
20080909,27.273,27.273,26.606,27.273,524,0
20080912,26.615,26.633,26.067,26.067,1969,0
20080916,25.711,25.711,25.711,25.711,2400,0
20080917,25.036,25.036,25.036,25.036,106,0
20080918,24.587,26.067,24.587,25.036,608,0
20080919,26.377,26.377,26.377,26.377,822,0
20080922,24.149,24.185,24.149,24.185,383,0
20080925,24.816,24.816,24.368,24.368,1044,0
20080930,24.149,24.185,24.14,24.14,2312,0
20081001,24.577,24.577,24.577,24.577,106,0
20081002,24.149,24.149,24.149,24.149,523,0
20081006,24.185,24.185,24.185,24.185,106,0
20081007,24.14,24.14,24.14,24.14,1095,0
20081008,23.245,23.245,23.245,23.245,1449,0
20081009,23.245,23.245,23.062,23.062,2517,0
20081010,24.13,24.14,23.984,24.14,1315,0
20081013,23.391,23.391,23.144,23.144,460,0
20081014,24.121,24.98,24.121,24.943,1298,0
20081015,24.989,24.989,24.14,24.14,354,0
20081017,24.989,24.989,24.989,24.989,106,0
20081020,24.989,24.989,23.025,23.025,1203,0
20081021,26.825,26.825,24.14,25.036,1183,0
20081023,25.036,26.825,25.036,26.825,2054,0
20081024,26.825,26.825,25.036,25.036,1213,0
20081027,25.483,26.314,25.036,25.036,1170,0
20081028,24.213,25.483,24.195,25.483,1041,0
20081029,24.185,25.036,23.967,25.036,2957,0
20081030,25.93,25.93,25.036,25.93,765,0
20081031,25.838,25.838,25.838,25.838,106,0
20081103,25.757,25.757,25.757,25.757,106,0
20081105,25.93,25.93,25.93,25.93,106,0
20081106,25.921,25.921,25.921,25.921,114,0
20081107,25.036,25.036,25.036,25.036,168,0
20081110,25.036,25.036,25.036,25.036,170,0
20081112,25.902,25.902,25.902,25.902,106,0
20081113,25.875,25.875,25.875,25.875,127,0
20081117,25.921,25.921,25.921,25.921,106,0
20081120,24.195,24.195,24.185,24.185,260,0
20081121,25.93,25.93,24.497,25.838,3079,0
20081125,25.263,25.263,25.263,25.263,655,0
20081201,25.93,25.93,25.263,25.93,761,0
20081202,26.633,26.633,25.93,25.93,222,0
20081203,24.533,24.533,24.533,24.533,546,0
20081208,24.121,24.121,24.112,24.112,221,0
20081209,24.56,24.56,24.14,24.14,514,0
20081211,24.14,24.14,23.025,23.025,1034,0
20081212,23.025,23.025,22.952,23.025,1760,0
20081215,22.158,22.578,22.131,22.578,1019,0
20081216,24.55,24.55,24.55,24.55,221,0
20081217,24.587,24.587,24.587,24.587,106,0
20081218,24.587,26.816,22.285,26.816,3832,0
20081219,22.55,22.55,22.55,22.55,126,0
20081222,22.514,25.027,22.349,25.027,3143,0
20081230,23.648,24.533,23.245,24.533,326,0
20081231,24.943,24.952,22.423,22.432,439,0
20090102,24.935,24.952,24.889,24.952,1890,0
20090105,24.057,24.057,24.057,24.057,2189,0
20090106,23.92,24.368,23.92,24.368,1095,0
20090107,25.474,25.474,23.373,23.738,3299,0
20090108,25.181,25.181,23.984,23.984,383,0
20090109,23.3,25.228,22.55,22.642,1203,0
20090113,22.642,23.446,22.642,23.446,546,0
20090114,23.446,23.446,22.642,22.642,582,0
20090115,21.94,23.418,21.94,23.383,1316,0
20090116,23.418,23.418,23.418,23.418,106,0
20090120,23.446,23.865,23.236,23.848,439,0
20090122,24.752,24.752,22.806,22.806,175,0
20090123,25.501,25.693,23.564,25.693,944,0
20090126,25.684,25.684,20.487,22.541,13420,0
20090127,23.071,23.071,22.632,22.669,1422,0
20090128,22.816,22.99,22.816,22.962,4054,0
20090130,22.99,22.99,22.99,22.99,106,0
20090202,22.632,22.632,21.866,22.331,2978,0
20090203,22.962,22.962,22.962,22.962,221,0
20090204,22.98,26.861,22.02,23.446,17112,0
20090205,22.614,23.527,22.614,23.456,4741,0
20090206,25.291,25.291,25.291,25.291,221,0
20090209,24.478,24.615,24.478,24.615,655,0
20090210,25.327,26.916,25.327,25.921,546,0
20090211,26.14,26.14,26.14,26.14,106,0
20090212,26.103,26.103,26.094,26.094,221,0
20090213,23.656,23.656,23.591,23.629,546,0
20090218,23.583,25.181,23.583,25.181,221,0
20090219,25.228,25.228,25.228,25.228,106,0
20090223,23.583,23.583,22.541,22.541,1587,0
20090224,24.715,24.752,23.446,23.446,326,0
20090226,23.437,23.437,23.437,23.437,106,0
20090227,23.446,23.446,23.437,23.446,805,0
20090302,23.446,23.446,21.044,21.044,1970,0
20090303,20.733,20.788,20.487,20.733,1422,0
20090304,20.733,21.199,20.047,21.199,5961,0
20090305,20.769,21.546,20.769,21.161,766,0
20090306,21.546,22.541,19.93,21.19,6076,0
20090310,23.263,23.263,22.541,22.541,482,0
20090311,21.921,21.921,21.921,21.921,116,0
20090312,23.446,25.693,23.446,24.341,1926,0
20090313,25.693,25.693,25.693,25.693,375,0
20090318,24.432,24.432,24.341,24.341,439,0
20090323,24.185,25.828,24.185,25.828,326,0
20090324,25.245,25.245,23.894,23.894,766,0
20090325,23.912,23.912,23.894,23.894,221,0
20090326,24.331,24.331,23.536,23.536,221,0
20090327,23.536,23.536,23.536,23.536,1861,0
20090331,24.715,24.797,24.715,24.797,766,0
20090401,24.797,24.797,24.797,24.797,438,0
20090402,24.569,24.569,24.569,24.569,221,0
20090403,25.245,25.245,25.245,25.245,268,0
20090406,24.797,24.797,24.797,24.797,221,0
20090413,24.569,24.569,24.569,24.569,439,0
20090414,24.916,24.916,24.569,24.569,876,0
20090416,24.569,24.569,24.569,24.569,178,0
20090420,24.377,24.569,24.377,24.569,908,0
20090421,24.341,24.377,24.341,24.377,382,0
20090424,24.35,24.35,24.35,24.35,106,0
20090430,24.797,24.797,24.797,24.797,1970,0
20090501,24.569,25.245,24.569,24.569,1792,0
20090504,25.245,25.245,25.245,25.245,655,0
20090505,25.254,25.254,25.245,25.245,607,0
20090506,26.241,26.241,25.245,25.245,987,0
20090507,26.149,26.359,26.149,26.359,312,0
20090508,26.368,26.596,26.368,26.596,1547,0
20090511,25.921,25.921,25.291,25.291,312,0
20090513,25.245,25.245,25.245,25.245,597,0
20090518,25.254,25.254,25.254,25.254,106,0
20090521,25.245,25.245,25.245,25.245,326,0
20090526,25.017,25.017,24.569,24.569,1861,0
20090528,25.017,25.017,25.017,25.017,221,0
20090529,25.017,25.017,25.017,25.017,221,0
20090610,25.291,25.291,25.291,25.291,220,0
20090615,26.734,26.734,25.291,25.291,679,0
20090616,25.291,25.308,25.291,25.291,533,0
20090617,26.743,26.743,25.327,26.725,4179,0
20090619,26.596,26.596,26.422,26.441,766,0
20090624,26.515,26.515,26.506,26.506,546,0
20090625,26.578,26.578,26.56,26.56,546,0
20090629,27.054,27.054,27.016,27.054,3176,0
20090630,27.09,27.09,27.08,27.09,439,0
20090701,27.09,27.501,27.09,27.501,1149,0
20090702,27.09,27.09,25.355,25.355,939,0
20090706,26.368,26.368,26.368,26.368,221,0
20090715,26.149,26.149,26.149,26.149,221,0
20090721,27.364,27.501,27.364,27.501,1315,0
20090722,28.368,28.405,28.177,28.177,547,0
20090723,28.405,29.656,28.405,29.529,1738,0
20090724,29.566,29.566,28.04,28.04,276,0
20090727,28.04,28.04,28.04,28.04,0,0
20090728,28.04,28.04,28.04,28.04,0,0
20090729,27.328,29.602,27.328,29.602,326,0
20090730,29.602,29.602,29.602,29.602,0,0
20090731,30.204,30.524,29.602,29.602,855,0
20090803,30.378,30.607,29.693,30.607,477,0
20090804,27.948,30.597,27.473,27.948,1599,0
20090805,27.948,27.948,27.948,27.948,0,0
20090806,27.766,27.766,27.766,27.766,169,0
20090807,27.766,27.766,27.766,27.766,0,0
20090810,27.766,27.766,27.766,27.766,0,0
20090811,27.766,27.766,27.766,27.766,0,0
20090812,27.766,27.766,27.766,27.766,0,0
20090813,28.852,28.852,28.852,28.852,106,0
20090814,28.852,28.852,28.852,28.852,106,0
20090824,28.852,28.852,28.852,28.852,0,0
20090825,28.852,28.852,28.852,28.852,0,0
20090826,28.433,28.524,28.405,28.405,636,0
20090828,28.424,28.633,28.424,28.624,868,0
20090831,29.209,29.209,28.66,28.66,326,0
20090901,28.652,29.529,28.652,29.529,987,0
20090902,28.624,28.624,28.624,28.624,128,0
20090903,28.852,28.852,28.852,28.852,326,0
20090909,28.086,29.301,28.086,29.209,1038,0
20090914,27.977,27.977,27.948,27.948,1279,0
20090915,27.948,27.948,27.948,27.948,439,0
20090916,28.158,28.158,28.158,28.158,326,0
20090917,28.177,28.177,28.177,28.177,106,0
20090922,27.61,27.61,27.601,27.601,326,0
20090924,29.519,29.529,28.624,28.624,6570,0
20090925,28.852,29.209,27.84,27.977,909,0
20090928,27.958,27.958,27.565,27.565,570,0
20091001,28.158,28.158,28.158,28.158,430,0
20091007,27.948,27.948,27.948,27.948,169,0
20091009,27.948,27.948,27.948,27.948,106,0
20091013,27.684,28.743,26.149,26.149,1861,0
20091019,26.149,26.149,26.149,26.149,439,0
20091021,27.273,27.3,26.149,26.149,973,0
20091023,26.596,26.734,26.596,26.734,655,0
20091026,26.825,26.825,26.825,26.825,106,0
20091028,26.405,26.405,26.405,26.405,221,0
20091029,26.149,26.149,25.528,25.693,460,0
20091103,27.948,27.948,27.948,27.948,2101,0
20091104,25.949,26.46,25.949,26.46,221,0
20091106,27.931,27.948,27.931,27.948,439,0
20091109,28.487,29.172,28.405,28.405,1834,0
20091111,28.405,28.405,28.405,28.405,221,0
20091120,27.948,27.977,27.948,27.958,890,0
20091124,27.958,27.958,27.948,27.948,544,0
20091125,27.273,27.273,27.273,27.273,435,0
20091201,27.501,27.501,26.606,26.606,852,0
20091202,26.696,27.063,26.606,26.606,1056,0
20091204,28.789,28.789,28.789,28.789,106,0
20091207,28.405,28.405,28.405,28.405,106,0
20091209,28.405,28.405,27.948,27.948,655,0
20091210,28.396,28.396,28.396,28.396,221,0
20091211,28.405,28.405,28.405,28.405,822,0
20091214,28.835,28.852,28.405,28.852,2798,0
20091216,28.852,28.852,28.761,28.835,597,0
20091217,28.835,28.852,28.835,28.852,221,0
20091218,28.852,28.852,28.852,28.852,221,0
20091221,29.1,29.1,29.1,29.1,106,0
20091222,29.209,29.209,29.209,29.209,106,0
20091228,27.948,28.835,27.858,28.835,655,0
20091229,28.405,28.405,28.405,28.405,177,0
20091231,27.729,27.729,27.674,27.674,221,0
20100104,27.574,27.986,27.556,27.556,2305,0
20100105,27.638,27.638,27.501,27.501,439,0
20100106,28.615,29.51,28.615,29.51,655,0
20100107,29.71,29.719,27.884,29.719,876,0
20100108,28.341,29.784,28.341,29.738,743,0
20100111,29.738,29.738,28.241,28.387,1068,0
20100112,27.529,27.874,27.529,27.693,1125,0
20100114,28.907,29.738,28.907,29.738,1805,0
20100119,29.045,29.045,29.045,29.045,221,0
20100121,29.053,29.053,29.009,29.018,1045,0
20100122,29.053,29.053,29.053,29.053,455,0
20100125,29.053,29.053,29.053,29.053,221,0
20100127,29.081,29.081,29.063,29.081,546,0
20100128,28.012,29.738,28.012,29.738,766,0
20100129,29.674,29.738,29.674,29.738,235,0
20100201,29.738,30.634,28.378,28.378,1700,0
20100202,29.199,29.199,29.19,29.199,546,0
20100203,30.762,30.762,29.968,29.968,655,0
20100204,29.968,29.968,29.968,29.968,546,0
20100205,29.081,29.538,29.081,29.538,221,0
20100208,29.19,29.894,29.072,29.877,766,0
20100210,29.877,29.877,29.877,29.877,326,0
20100211,29.072,30.735,29.072,30.735,326,0
20100212,30.67,30.67,29.775,29.775,439,0
20100216,29.51,29.51,29.51,29.51,546,0
20100217,29.867,29.867,29.867,29.867,106,0
20100222,30.405,30.405,29.693,29.693,546,0
20100225,29.784,29.877,29.738,29.738,932,0
20100226,29.703,29.703,29.693,29.693,1095,0
20100301,29.646,29.646,29.646,29.646,546,0
20100304,29.646,29.646,28.953,28.953,1378,0
20100305,30.415,30.415,30.415,30.415,323,0
20100308,30.405,30.405,30.405,30.405,106,0
20100309,28.615,30.405,28.605,30.405,646,0
20100315,29.51,29.51,29.51,29.51,1182,0
20100316,29.091,29.117,29.053,29.053,766,0
20100317,29.848,29.911,29.053,29.053,987,0
20100319,29.483,29.483,29.483,29.483,486,0
20100322,29.968,29.968,29.968,29.968,176,0
20100323,29.958,29.968,29.958,29.968,1851,0
20100324,29.968,30.104,29.968,30.104,1790,0
20100325,29.538,29.968,28.707,28.981,7933,0
20100326,30.323,30.323,29.968,30.296,546,0
20100329,29.501,29.877,29.501,29.877,1203,0
20100330,30.415,31.51,30.415,31.51,359,0
20100331,31.154,31.483,31.154,31.483,987,0
20100401,31.236,31.236,31.19,31.209,1673,0
20100405,31.556,31.556,31.556,31.556,106,0
20100406,31.154,31.209,30.871,30.916,2090,0
20100407,31.127,31.127,30.744,30.744,766,0
20100409,31.374,31.374,31.009,31.109,1697,0
20100412,31.556,31.556,30.871,30.871,714,0
20100413,31.455,31.455,30.925,31.118,962,0
20100414,31.548,31.784,31.338,31.784,1358,0
20100415,33.52,34.498,31.455,31.455,1642,0
20100416,32.323,32.323,32.233,32.233,546,0
20100419,34.479,34.479,32.47,32.688,7936,0
20100420,32.323,32.734,32.004,32.734,876,0
20100421,32.688,32.688,32.688,32.688,106,0
20100422,33.136,33.136,32.688,32.917,2190,0
20100423,32.691,32.71,32.691,32.71,439,0
20100426,32.698,32.734,32.688,32.734,546,0
20100427,32.688,32.734,32.688,32.688,987,0
20100428,32.688,33.146,32.688,32.688,1710,0
20100429,32.688,32.688,32.688,32.688,221,0
20100430,32.688,32.698,32.688,32.698,876,0
20100503,32.688,32.743,32.688,32.743,326,0
20100505,32.743,32.981,32.743,32.981,2353,0
20100506,32.826,32.826,32.826,32.826,106,0
20100507,32.688,32.688,32.597,32.643,822,0
20100510,33.017,33.017,33.017,33.017,499,0
20100511,33.146,33.154,32.781,32.781,1009,0
20100513,33.429,34.553,32.781,32.781,1438,0
20100514,32.688,34.278,32.688,33.208,326,0
20100517,32.734,32.734,32.707,32.707,546,0
20100518,32.844,34.049,32.844,33.464,1095,0
20100520,34.049,34.469,33.31,34.341,973,0
20100521,33.264,33.264,33.264,33.264,106,0
20100525,33.338,33.338,33.338,33.338,122,0
20100526,34.269,34.387,33.301,33.384,764,0
20100528,33.401,34.26,33.401,34.26,273,0
20100601,34.251,34.251,34.251,34.251,106,0
20100603,34.251,34.507,34.251,34.507,886,0
20100604,33.146,34.196,33.146,34.196,221,0
20100607,33.593,33.593,33.593,33.593,106,0
20100614,34.479,34.479,33.199,33.199,546,0
20100615,33.32,33.32,33.32,33.32,139,0
20100618,34.507,34.507,34.507,34.507,106,0
20100625,34.434,34.46,34.434,34.443,326,0
20100628,34.415,34.507,34.415,34.507,1341,0
20100629,34.406,34.507,32.826,33.401,2849,0
20100630,33.684,33.684,33.509,33.526,1315,0
20100701,34.434,34.434,33.686,33.686,326,0
20100706,32.323,32.826,32.323,32.826,876,0
20100707,32.826,32.826,32.826,32.826,221,0
20100708,32.826,32.826,32.826,32.826,106,0
20100712,34.323,34.323,34.323,34.323,766,0
20100713,33.728,33.728,33.728,33.728,106,0
20100714,33.32,33.32,33.32,33.32,169,0
20100716,33.301,33.556,33.292,33.556,1514,0
20100719,33.905,33.959,33.905,33.959,2129,0
20100720,33.959,34.049,33.959,34.049,1095,0
20100721,34.507,34.507,33.867,33.867,1642,0
20100723,34.963,34.963,34.963,34.963,106,0
20100727,34.963,34.963,33.338,33.338,1149,0
20100728,33.356,33.356,33.347,33.347,326,0
20100802,33.438,33.858,33.282,33.282,546,0
20100804,33.473,34.049,33.464,33.858,1370,0
20100810,34.744,34.744,34.744,34.744,326,0
20100811,33.593,34.772,33.593,34.772,439,0
20100816,33.621,33.64,33.621,33.64,221,0
20100817,34.907,34.907,33.63,33.95,725,0
20100818,33.775,34.049,33.64,33.64,2049,0
20100819,34.278,34.872,33.649,34.872,678,0
20100820,33.667,33.667,31.803,31.858,2026,0
20100824,32.707,33.593,32.688,33.593,3115,0
20100825,32.734,32.734,32.734,32.734,106,0
20100826,32.688,34.926,32.688,34.926,1475,0
20100827,32.323,33.95,32.012,33.867,802,0
20100830,34.963,34.963,34.954,34.954,249,0
20100831,34.51,34.51,34.51,34.51,546,0
20100901,34.498,34.498,34.443,34.443,326,0
20100909,34.734,34.734,34.734,34.734,151,0
20100913,33.686,33.738,33.686,33.738,221,0
20100915,34.049,34.049,33.831,34.049,546,0
20100917,35.412,35.412,35.412,35.412,451,0
20100920,35.412,35.867,34.425,35.867,1007,0
20100921,37.685,37.685,36.982,36.982,876,0
20100922,36.771,37.228,36.771,37.228,766,0
20100923,37.209,37.228,36.342,36.342,439,0
20100924,36.323,36.323,35.412,35.412,789,0
20100927,35.986,35.986,35.986,35.986,106,0
20100928,36.323,36.323,34.68,34.999,1380,0
20100929,34.926,34.926,34.597,34.597,1192,0
20100930,34.115,34.289,34.115,34.161,789,0
20101004,34.049,34.397,34.049,34.278,876,0
20101005,34.049,34.058,33.738,33.867,1712,0
20101006,33.667,33.686,33.667,33.686,283,0
20101007,33.686,34.278,33.686,34.278,2189,0
20101008,34.469,34.469,34.469,34.469,153,0
20101012,34.507,34.507,34.415,34.415,439,0
20101013,34.507,34.507,33.693,34.46,14563,0
20101018,33.712,35.775,33.712,34.606,4394,0
20101019,34.625,36.297,34.278,35.867,929,0
20101020,34.278,35.686,34.049,34.99,1422,0
20101021,36.159,36.159,35.738,35.858,739,0
20101026,36.233,36.233,35.5,35.548,1203,0
20101027,36.233,37.138,36.233,36.242,1656,0
20101028,36.323,36.771,36.242,36.544,5815,0
20101029,36.327,37.164,36.327,36.327,2517,0
20101101,36.954,36.954,35.421,36.123,3432,0
20101102,36.323,36.323,36.323,36.323,1095,0
20101103,35.686,35.867,35.593,35.867,655,0
20101105,35.593,37.173,35.593,36.689,602,0
20101108,36.908,37.228,36.908,37.228,1315,0
20101110,37.64,37.64,37.411,37.458,546,0
20101115,37.685,38.086,37.64,38.086,890,0
20101116,38.086,40.498,38.086,38.598,3883,0
20101117,38.141,38.141,38.141,38.141,106,0
20101119,38.178,38.36,38.159,38.36,1861,0
20101122,39.722,39.722,39.722,39.722,131,0
20101123,40.224,40.224,39.175,39.175,493,0
20101126,39.922,39.922,38.772,38.772,439,0
20101129,37.784,39.036,37.685,38.954,1095,0
20101130,38.143,38.143,38.134,38.134,755,0
20101201,38.689,38.698,38.59,38.59,546,0
20101202,39.264,39.264,37.685,38.141,3295,0
20101203,39.191,39.191,39.191,39.191,106,0
20101207,39.028,39.338,38.369,38.369,766,0
20101209,39.274,39.274,38.909,39.046,876,0
20101210,39.503,39.503,39.046,39.046,546,0
20101213,39.137,39.137,39.137,39.137,310,0
20101216,39.046,39.046,38.954,39.046,876,0
20101217,38.524,38.59,38.517,38.59,766,0
20101220,38.661,39.046,38.59,38.59,1422,0
20101221,38.973,39.182,38.973,39.182,1642,0
20101222,40.864,40.864,40.406,40.406,601,0
20101228,38.817,39.95,38.817,39.95,602,0
20101230,40.806,40.86,39.742,40.41,2525,0
20110103,41.767,41.767,39.054,39.137,1046,0
20110104,38.863,38.863,38.863,38.863,106,0
20110106,42.479,42.479,39.547,41.1,7694,0
20110107,42.416,42.416,41.1,41.1,4075,0
20110110,41.1,41.1,41.1,41.1,546,0
20110111,41.584,41.584,41.558,41.558,546,0
20110118,45.256,45.256,42.187,42.187,221,0
20110119,42.159,42.159,41.238,41.247,655,0
20110120,42.379,44.188,42.124,43.193,1212,0
20110121,43.842,43.842,43.247,43.393,1561,0
20110126,46.892,46.892,45.485,45.576,1474,0
20110127,44.298,45.667,44.289,44.635,3236,0
20110131,45.664,45.664,45.664,45.664,221,0
20110201,46.581,46.581,45.888,45.888,396,0
20110203,43.842,45.567,43.842,45.567,653,0
20110207,45.888,46.553,45.256,46.553,516,0
20110209,46.508,46.581,46.489,46.489,689,0
20110210,44.845,44.845,44.845,44.845,106,0
20110214,47.038,47.038,44.662,45.942,442,0
20110215,45.466,45.466,45.439,45.439,221,0
20110216,45.869,45.895,45.869,45.895,326,0
20110218,45.895,46.38,45.759,45.759,951,0
20110222,45.888,45.888,45.888,45.888,106,0
20110223,45.567,45.713,45.22,45.713,1109,0
20110228,47.043,47.043,47.043,47.043,341,0
20110301,45.679,46.129,45.679,45.853,1052,0
20110302,45.669,45.669,45.642,45.642,221,0
20110303,45.66,45.669,45.66,45.669,326,0
20110307,44.671,44.671,44.671,44.671,220,0
20110309,43.896,44.298,43.896,44.298,439,0
20110311,44.581,44.627,44.581,44.627,728,0
20110314,45.649,45.649,45.649,45.649,106,0
20110315,45.623,45.623,45.623,45.623,106,0
20110321,44.981,44.981,44.615,44.615,357,0
20110322,44.596,44.935,44.596,44.935,221,0
20110323,45.667,45.667,45.667,45.667,106,0
20110324,45.21,46.581,45.21,46.581,763,0
20110328,44.773,44.874,44.379,44.379,1861,0
20110331,45.925,47.047,45.925,47.047,546,0
20110401,46.037,46.551,46.037,46.551,221,0
20110404,46.578,46.578,44.762,45.229,326,0
20110408,45.891,45.891,45.891,45.891,325,0
20110411,41.09,46.809,41.09,46.809,1634,0
20110414,46.221,46.35,45.891,46,983,0
20110415,45.891,46.854,45.891,46.854,1408,0
20110418,46.854,46.854,46.854,46.854,544,0
20110419,47.359,47.359,47.359,47.359,220,0
20110420,47.341,47.725,47.219,47.219,348,0
20110421,47.707,47.725,47.267,47.267,1282,0
20110426,47.671,47.679,47.671,47.679,763,0
20110429,47.317,48.554,47.317,48.554,651,0
20110502,47.267,47.267,47.267,47.267,983,0
20110503,47.267,47.267,47.267,47.267,267,0
20110504,47.725,48.589,47.267,47.964,1861,0
20110506,46.909,46.909,46.909,46.909,107,0
20110509,46.918,47.725,46.918,47.028,1677,0
20110510,48.635,48.635,47.184,47.725,925,0
20110513,47,47.541,46.991,47.496,544,0
20110516,47.514,47.955,47.514,47.725,1346,0
20110517,47.725,47.725,46.972,47,4216,0
20110518,47.725,47.91,47.725,47.725,7995,0
20110519,47.037,47.725,47.037,47.725,7192,0
20110523,47.91,47.91,47.541,47.541,871,0
20110524,47.219,47.219,47.219,47.219,544,0
20110525,47.725,47.725,47.725,47.725,7298,0
20110527,47.248,47.955,47.248,47.91,871,0
20110531,47.723,47.835,47.695,47.835,1913,0
20110606,47.689,47.689,47.689,47.689,220,0
20110607,47.245,47.559,47.245,47.559,544,0
20110609,47.559,48.178,47.559,47.817,1259,0
20110610,47.771,48.148,47.725,47.725,763,0
20110613,47.248,48.176,47.248,47.579,1853,0
20110615,47.275,47.368,47.257,47.368,325,0
20110616,48.186,48.186,47.634,47.634,1740,0
20110617,48.186,48.186,47.688,48.159,441,0
20110620,48.138,48.184,48.12,48.157,4077,0
20110621,48.644,48.644,48.157,48.157,220,0
20110622,48.639,48.648,48.196,48.196,1890,0
20110627,48.611,48.639,47.901,47.901,1089,0
20110629,47.864,48.426,47.855,48.426,763,0
20110630,48.188,48.582,47.776,48.582,651,0
20110701,48.556,50.428,48.556,50.428,279,0
20110706,50.39,50.39,47.781,47.781,325,0
20110707,49.8,50.473,49.339,49.773,2106,0
20110708,49.791,49.791,49.781,49.781,324,0
20110713,50.713,50.722,50.603,50.722,1259,0
20110718,50.234,50.695,50.234,50.234,218,0
20110719,50.658,50.695,50.658,50.695,218,0
20110720,50.28,50.28,50.261,50.261,1120,0
20110722,49.8,49.8,49.8,49.8,217,0
20110725,49.081,49.081,49.081,49.081,107,0
20110726,49.8,50.722,49.763,50.722,2038,0
20110727,49.92,50.722,49.92,50.722,528,0
20110728,50.722,50.722,50.722,50.722,133,0
20110801,50.722,50.722,50.722,50.722,489,0
20110802,48.975,49.002,48.965,49.002,979,0
20110803,50.703,50.852,49.33,50.722,9893,0
20110804,50.686,51.552,49.467,51.185,4415,0
20110805,50.713,50.713,49.522,50.335,730,0
20110808,50.17,50.722,50.17,50.722,690,0
20110809,51.645,53.027,49.874,52.567,13648,0
20110810,51.691,51.738,48.371,50.151,20801,0
20110811,50.566,50.649,49.349,50.492,3043,0
20110815,49.487,49.487,49.487,49.487,106,0
20110817,50.603,50.695,49.062,50.631,1250,0
20110818,50.584,50.722,50.031,50.031,435,0
20110819,49.368,49.467,49.339,49.339,1084,0
20110822,49.8,49.8,48.048,48.048,5990,0
20110829,48.96,48.96,48.001,48.066,1612,0
20110830,47.956,47.956,47.034,47.034,435,0
20110831,45.255,47.064,43.362,45.19,2829,0
20110901,45.143,45.143,44.728,44.728,324,0
20110902,44.731,44.731,43.072,43.288,2971,0
20110906,42.42,42.883,42.188,42.883,7755,0
20110907,44.255,44.255,43.624,43.792,662,0
20110909,42.911,43.576,42.902,43.299,1410,0
20110912,44.028,44.028,42.957,43.344,830,0
20110914,43.013,43.594,42.92,43.594,786,0
20110915,43.003,43.189,42.883,43.16,5487,0
20110919,42.902,43.344,42.902,43.344,542,0
20110922,42.883,43.649,42.883,43.114,4988,0
20110923,43.996,43.996,43.996,43.996,435,0
20110926,42.976,43.511,42.957,43.335,542,0
20110927,42.883,44.037,42.883,42.883,482,0
20110929,42.717,43.255,42.651,43.255,1884,0
20110930,42.978,43.976,42.978,43.976,979,0
20111003,42.846,43.347,42.846,43.347,774,0
20111005,42.911,43.115,42.883,42.883,1331,0
20111006,43.115,43.115,43.115,43.115,1079,0
20111007,43.949,43.949,42.986,43.023,1604,0
20111010,44.044,44.044,43.58,43.58,539,0
20111011,43.431,43.431,42.838,42.838,5421,0
20111012,44.044,44.044,43.207,43.302,444,0
20111013,43.58,43.58,43.58,43.58,111,0
20111017,44.265,44.265,43.551,43.551,519,0
20111019,44.274,44.274,44.274,44.274,226,0
20111020,44.284,44.284,43.551,43.58,1636,0
20111021,44.228,44.228,44.218,44.218,539,0
20111024,44.878,46.314,43.671,43.7,1437,0
20111025,44.044,44.044,44.044,44.044,105,0
20111027,44.274,44.274,44.237,44.274,746,0
20111031,44.043,44.043,44.043,44.043,628,0
20111101,43.607,45.368,43.607,43.607,539,0
20111102,43.589,43.589,43.58,43.58,408,0
20111103,43.58,44.044,43.58,43.671,1079,0
20111104,42.792,46.36,42.792,46.36,490,0
20111108,44.515,44.515,44.08,44.08,321,0
20111109,43.58,43.949,43.58,43.921,1113,0
20111111,43.783,43.783,43.58,43.624,1833,0
20111114,43.783,43.82,43.58,43.82,2045,0
20111117,44.506,44.506,44.044,44.044,645,0
20111118,44.061,44.061,44.044,44.044,539,0
20111121,44.052,44.052,43.58,43.58,329,0
20111122,43.996,43.996,43.58,43.996,901,0
20111125,43.375,43.375,43.375,43.375,105,0
20111128,45.286,45.286,45.202,45.202,539,0
20111130,45.387,45.387,45.387,45.387,105,0
20111202,44.691,44.691,44.691,44.691,165,0
20111205,44.691,44.691,44.691,44.691,432,0
20111206,45.517,46.353,45.517,45.517,321,0
20111207,45.78,45.78,44.59,44.74,863,0
20111208,44.777,45.05,44.506,44.553,1003,0
20111213,44.58,44.58,43.393,43.486,1801,0
20111214,44.228,45.276,44.218,45.276,1510,0
20111215,45.759,45.759,44.922,44.922,2157,0
20111216,44.872,44.872,43.624,43.624,1399,0
20111219,45.655,45.655,45.238,45.238,801,0
20111220,46.239,46.239,43.671,43.671,217,0
20111221,44.46,44.46,44.376,44.376,217,0
20111222,43.766,46.127,43.7,44.449,2864,0
20111223,44.693,45.433,44.693,45.433,432,0
20111227,45.424,45.424,45.424,45.424,176,0
20111229,45.255,45.255,45.152,45.152,321,0
20111230,45.091,45.091,43.765,44.321,1834,0
20120103,44.412,45.808,44.412,45.667,2491,0
20120104,45.574,45.574,45.097,45.097,1053,0
20120105,45.031,45.667,44.75,45.433,1295,0
20120109,46.146,46.146,45.724,45.724,766,0
20120110,46.38,46.38,46.38,46.38,104,0
20120111,46.802,46.802,46.802,46.802,104,0
20120113,47.692,47.776,47.692,47.776,1134,0
20120117,47.786,48.375,47.786,48.254,781,0
20120118,47.786,47.786,47.786,47.786,428,0
20120123,50.55,50.55,47.41,47.41,450,0
20120131,48.682,48.72,48.25,48.25,1011,0
20120201,48.254,48.582,47.786,48.544,2870,0
20120202,50.55,50.55,50.55,50.55,104,0
20120203,50.888,51.159,50.597,50.597,1297,0
20120206,49.274,50.436,48.769,50.436,1083,0
20120208,48.263,48.722,48.254,48.263,748,0
20120209,49.659,50.315,49.284,50.127,557,0
20120210,49.284,49.284,49.237,49.237,215,0
20120216,47.008,50.597,47.008,50.597,663,0
20120217,50.878,50.878,49.95,49.95,822,0
20120221,50.726,50.726,47.803,48.582,1955,0
20120222,48.703,50.924,48.254,49.379,4986,0
20120223,49.36,51.393,49.36,50.961,3094,0
20120224,52.011,52.011,50.127,50.597,4252,0
20120227,50.118,50.118,48.722,48.722,2178,0
20120228,49.274,49.884,48.722,48.722,2446,0
20120229,48.912,49.195,48.902,49.195,318,0
20120302,49.671,49.671,49.567,49.567,537,0
20120305,49.659,50.502,49.659,50.034,318,0
20120306,49.614,50.565,49.614,50.565,318,0
20120309,49.612,50.597,49.612,50.436,3700,0
20120312,49.762,50.597,49.762,50.597,428,0
20120313,49.808,50.597,49.808,50.597,1058,0
20120314,50.324,50.511,50.127,50.511,639,0
20120315,50.127,50.493,49.79,49.79,639,0
20120319,50.408,50.408,50.034,50.127,696,0
20120320,50.483,50.587,50.408,50.587,1068,0
20120321,50.193,50.193,49.191,49.698,4267,0
20120322,49.462,49.659,49.462,49.659,1364,0
20120323,49.585,49.69,49.585,49.661,748,0
20120326,49.753,50.597,49.753,50.597,3608,0
20120327,49.753,53.35,49.294,51.542,6949,0
20120328,50.783,52.948,50.783,52.47,2241,0
20120330,52.704,53.331,52.085,52.882,3189,0
20120402,52.974,54.301,52.88,54.301,2883,0
20120403,52.852,53.576,50.603,50.603,1960,0
20120404,50.395,51.441,50.395,51.298,2333,0
20120405,51.76,54.583,51.76,54.112,850,0
20120409,53.379,53.379,51.111,51.111,2821,0
20120410,51.111,52.164,51.111,51.93,2663,0
20120411,52.052,54.056,52.052,54.056,1062,0
20120412,54.197,55.818,53.839,54.679,4678,0
20120413,53.877,54.546,53.661,54.311,1659,0
20120416,54.169,54.451,54.169,54.451,2019,0
20120417,54.49,55.536,52.937,52.937,4051,0
20120418,54.349,55.432,54.311,54.451,8306,0
20120419,55.149,55.149,54.03,54.451,4781,0
20120420,54.442,54.583,53.944,54.03,2824,0
20120423,53.793,54.03,53.087,53.503,4652,0
20120424,54.546,54.546,52.852,53.512,8305,0
20120425,53.652,54.988,53.512,54.301,9684,0
20120426,54.254,55.949,52.73,54.518,2745,0
20120427,54.593,54.593,54.359,54.442,2338,0
20120430,54.433,54.433,53.652,54.368,2658,0
20120501,54.593,55.29,54.527,54.575,636,0
20120502,54.292,54.301,54.292,54.301,807,0
20120503,54.283,54.593,53.924,53.924,3242,0
20120504,53.924,53.924,53.011,53.67,2416,0
20120507,54.593,54.593,53.793,53.793,2393,0
20120508,53.887,54.02,53.614,54.02,1877,0
20120509,53.537,53.633,52.984,52.984,2008,0
20120510,54.197,54.499,53.34,53.849,2308,0
20120511,53.803,53.803,53.503,53.503,815,0
20120514,53.397,55.479,53.36,55.479,11646,0
20120515,55.215,55.403,54.555,55.403,772,0
20120516,54.121,54.696,54.112,54.311,1880,0
20120517,53.483,53.512,53.483,53.512,214,0
20120521,54.311,55.432,54.311,54.781,2869,0
20120522,53.7,54.499,53.7,54.499,317,0
20120524,54.669,54.669,54.669,54.669,110,0
20120525,54.669,54.781,54.669,54.781,362,0
20120529,55.177,55.177,54.274,54.819,670,0
20120530,54.885,54.885,54.274,54.509,519,0
20120531,53.284,55.29,53.284,54.97,757,0
20120601,55.158,55.158,55.11,55.11,214,0
20120604,55.101,55.101,53.331,53.331,214,0
20120605,53.297,54.972,53.297,54.972,769,0
20120606,55.236,55.236,54.244,54.45,636,0
20120607,57.799,57.799,54.593,54.763,1576,0
20120608,55.488,56.193,55.206,56.127,2687,0
20120611,55.882,57.182,55.007,55.007,1168,0
20120612,55.007,55.498,54.565,54.593,988,0
20120613,54.555,54.593,53.766,54.583,850,0
20120614,55.799,55.845,54.311,54.593,4575,0
20120615,55.52,55.54,54.252,54.489,2975,0
20120618,55.44,56.881,54.688,56.711,3102,0
20120619,56.588,57.416,56.588,57.341,2975,0
20120620,57.323,57.416,56.588,56.833,5833,0
20120621,57.003,57.416,56.523,57.05,4069,0
20120622,56.938,57.419,55.444,56.389,171931,0
20120625,55.77,57.04,55.77,56.203,963,0
20120626,56.842,56.842,56.053,56.335,1898,0
20120627,56.382,56.382,56.288,56.288,648,0
20120628,56.096,56.832,55.935,55.935,1274,0
20120629,56.316,56.947,56.316,56.918,7698,0
20120702,56.899,57.713,56.899,57.419,2860,0
20120703,57.445,57.445,57.04,57.416,1821,0
20120705,57.231,57.231,56.559,56.871,731,0
20120706,56.919,56.919,55.794,56.919,887,0
20120709,56.399,56.72,54.583,56.237,4167,0
20120710,56.862,56.862,55.54,56.577,1149,0
20120712,56.059,56.805,56.059,56.587,720,0
20120713,56.36,57.361,56.36,57.361,1053,0
20120716,57.419,57.419,56.502,57.183,632,0
20120717,56.748,56.757,56.247,56.247,1922,0
20120718,56.257,57.183,56.257,57.004,729,0
20120719,56.55,57.174,56.077,56.077,532,0
20120720,56.72,56.767,56.72,56.767,1166,0
20120723,57.136,57.287,56.956,56.975,2202,0
20120724,57.287,57.534,57.013,57.24,1447,0
20120726,57.297,57.665,57.022,57.665,1183,0
20120727,56.994,57.665,56.994,57.608,1858,0
20120730,57.419,57.854,57.419,57.458,2140,0
20120731,57.334,58.328,57.334,57.391,3820,0
20120801,57.551,57.551,56.815,56.815,1775,0
20120802,56.399,56.605,56.012,56.077,1939,0
20120803,57.325,57.636,56.832,57.636,994,0
20120806,57.022,57.438,57.022,57.438,495,0
20120807,57.352,57.352,56.247,56.616,994,0
20120808,56.389,56.71,56.389,56.474,882,0
20120809,56.701,56.701,56.426,56.55,1058,0
20120810,55.797,55.797,55.797,55.797,155,0
20120813,55.823,56.691,55.823,56.691,216,0
20120814,56.72,56.72,56.72,56.72,774,0
20120815,56.286,56.677,56.286,56.436,1103,0
20120816,56.71,56.72,56.71,56.72,838,0
20120817,57.07,57.352,57.07,57.193,1540,0
20120821,56.919,56.919,56.541,56.73,771,0
20120822,56.541,56.607,56.17,56.607,1117,0
20120827,63.328,63.328,56.502,60.303,503,0
20120828,59.99,59.99,58.44,58.44,1821,0
20120829,59.557,59.557,59.547,59.547,646,0
20120830,59.509,59.557,59.367,59.367,952,0
20120904,59.518,59.518,59.518,59.518,364,0
20120905,59.557,59.557,59.007,59.557,1392,0
20120906,58.799,58.904,58.799,58.904,778,0
20120907,60.453,60.463,59.792,60.463,661,0
20120910,59.083,59.083,58.384,58.384,1017,0
20120911,58.137,58.61,58.137,58.61,1286,0
20120912,58.61,59.046,58.61,59.046,755,0
20120913,59.083,59.547,58.847,59.547,1922,0
20120914,59.509,60.321,59.509,60.321,2115,0
20120917,59.688,60.029,58.649,58.649,5184,0
20120918,60.029,60.264,59.972,60.029,4411,0
20120919,60.274,60.274,60.029,60.029,680,0
20120920,59.537,59.537,59.083,59.083,530,0
20120921,60.264,60.264,60.029,60.236,5053,0
20120924,60.312,61.381,60.312,61.088,2381,0
20120925,60.831,62.344,60.473,60.737,2782,0
20120926,60.88,60.88,60.691,60.691,503,0
20120927,61.049,61.882,61.049,61.806,2164,0
20120928,61.806,61.806,60.889,60.907,489,0
20121001,61.919,61.948,59.557,61.21,4294,0
20121002,61.39,61.39,61.39,61.39,632,0
20121003,61.636,62.865,61.588,61.588,2231,0
20121004,63.13,63.195,63.091,63.091,1857,0
20121005,64.373,64.373,64.192,64.192,315,0
20121008,64.534,64.534,64.534,64.534,104,0
20121009,64.533,65.455,63.68,63.68,1791,0
20121010,63.585,64.495,63.585,64.486,361,0
20121011,64.999,65.749,62.78,65.388,1804,0
20121012,78.143,78.143,65.055,65.055,3614,0
20121015,68.292,68.292,63.825,66.859,2120,0
20121016,66.802,74.357,66.204,66.736,2884,0
20121017,66.83,67.505,66.83,67.505,315,0
20121018,66.432,67.096,65.721,65.721,1590,0
20121019,66.432,66.432,64.088,64.088,1037,0
20121022,65.759,66.338,60.871,63.111,1338,0
20121023,63.111,66.261,63.111,64.316,1586,0
20121024,64.107,65.34,64.059,64.999,1153,0
20121025,65.294,65.294,65.122,65.122,215,0
20121026,65.284,66.365,64.324,64.324,1259,0
20121031,63.204,64.486,62.161,64.486,1539,0
20121101,64.534,67.192,61.668,67.192,12053,0
20121102,66.669,66.669,65.264,65.427,1732,0
20121105,66.148,66.148,64.573,65.427,1541,0
20121106,65.739,65.948,65.739,65.909,1004,0
20121107,64.667,64.809,63.347,64.05,1775,0
20121108,64.653,65.236,58.867,61.686,3456,0
20121109,61.659,61.907,58.84,61.497,4437,0
20121114,62.038,62.038,57.169,58.319,7356,0
20121115,58.365,61.686,58.365,58.735,1377,0
20121116,58.565,59.627,58.128,58.128,2108,0
20121119,59.571,59.883,57.937,59.466,2079,0
20121120,58.319,58.84,58.27,58.84,753,0
20121121,58.261,59.505,58.261,58.365,1686,0
20121123,59.086,59.599,59.086,59.599,618,0
20121126,59.19,59.19,57.947,58.517,1011,0
20121127,58.043,58.858,57.464,58.319,1728,0
20121128,57.217,57.415,56.943,57.397,2887,0
20121129,58.28,58.877,56.951,58.65,1330,0
20121130,57.348,59.076,57.348,58.526,1438,0
20121203,58.811,58.811,56.751,56.943,1701,0
20121204,57.407,57.415,57.303,57.303,3411,0
20121205,57.415,59.076,57.415,57.643,2969,0
20121206,57.862,58.84,57.502,57.502,1282,0
20121207,58.222,58.222,58.119,58.119,953,0
20121210,58.754,58.82,57.605,58.526,1609,0
20121211,58.84,59.77,58.603,59.599,2701,0
20121212,57.179,57.179,57.179,57.179,556,0
20121213,57.198,58.299,57.198,57.937,2031,0
20121214,57.89,57.89,57.464,57.663,1278,0
20121217,57.189,58.146,57.189,58.146,708,0
20121218,58.222,58.84,57.852,58.84,1228,0
20121220,58.024,58.679,57.464,58.289,1794,0
20121221,58.754,59.076,58.725,59.03,4340,0
20121224,58.791,58.791,57.871,57.871,233,0
20121226,58.811,59.949,58.811,59.182,4832,0
20121227,59.731,59.789,59.258,59.258,1042,0
20121228,59.162,59.162,58.85,59.115,1397,0
20121231,59.086,60.738,57.227,59.408,5150,0
20130102,59.438,61.686,59.438,60.908,3202,0
20130103,61.849,63.443,61.649,61.849,3547,0
20130104,61.734,62.626,61.63,62.626,776,0
20130107,62.445,62.445,61.914,62.189,2900,0
20130108,62.382,62.669,60.707,62.247,2210,0
20130109,62.294,62.294,62.294,62.294,103,0
20130111,62.476,62.908,61.041,62.908,4735,0
20130114,62.476,63.673,62.476,63.673,1590,0
20130115,65.05,65.05,63.175,63.175,1726,0
20130117,63.128,64.582,63.128,64.582,402,0
20130118,64.581,64.581,63.5,63.739,2981,0
20130122,64.582,66.494,64.582,66.112,2489,0
20130123,66.476,66.476,64.974,66.017,1246,0
20130124,64.142,64.142,64.142,64.142,467,0
20130125,64.773,64.773,64.104,64.573,1053,0
20130128,65.357,66.199,64.879,66.199,1599,0
20130129,66.246,66.447,65.874,66.447,760,0
20130130,66.419,66.591,66.419,66.591,1829,0
20130131,66.591,66.62,66.285,66.447,2487,0
20130201,66.974,66.974,65.519,65.826,2863,0
20130204,65.826,66.466,65.538,66.428,1571,0
20130205,66.974,68.925,66.476,68.925,1338,0
20130206,68.887,68.887,66.591,67.51,1765,0
20130207,67.165,67.547,66.486,67.547,2430,0
20130208,67.012,67.012,66.017,66.112,2297,0
20130211,67.641,67.641,67.641,67.641,210,0
20130212,67.586,68.17,67.431,68.17,2893,0
20130213,68.935,68.935,68.935,68.935,159,0
20130214,68.877,68.877,68.877,68.877,135,0
20130215,69.126,69.261,67.93,68.045,1352,0
20130219,68.81,68.81,66.294,67.901,1066,0
20130220,67.547,67.547,67.117,67.117,1594,0
20130221,66.927,66.927,66.017,66.017,871,0
20130222,66.361,67.739,66.256,67.739,574,0
20130225,67.93,67.93,65.395,65.395,1286,0
20130226,65.558,66.591,65.558,66.504,547,0
20130227,65.647,66.945,65.647,66.945,338,0
20130228,66.601,66.937,66.275,66.937,1033,0
20130301,66.984,67.26,66.984,67.26,562,0
20130304,67.519,67.519,66.208,66.696,1589,0
20130305,66.993,67.93,66.945,67.155,999,0
20130306,66.859,69.787,66.859,68.772,3859,0
20130307,68.313,68.819,67.059,68.677,2032,0
20130311,68.074,68.6,67.696,68.007,1676,0
20130312,67.759,68.591,67.759,68.591,763,0
20130313,68.552,68.552,68.026,68.465,418,0
20130314,68.265,68.408,67.557,67.844,624,0
20130315,67.93,67.93,67.596,67.653,2605,0
20130318,67.631,67.631,67.631,67.631,313,0
20130319,67.681,67.681,67.681,67.681,124,0
20130320,67.93,67.93,67.921,67.93,618,0
20130322,66.027,66.027,66.027,66.027,1312,0
20130325,66.4,67.049,66.256,66.256,837,0
20130326,67.165,67.165,66.209,66.639,865,0
20130328,66.954,66.954,66.686,66.686,1097,0
20130401,66.343,67.413,66.169,66.4,1365,0
20130402,66.639,66.974,66.017,66.37,1209,0
20130403,66.294,66.294,66.256,66.275,981,0
20130404,66.974,66.974,66.256,66.752,1199,0
20130405,66.294,66.294,66.256,66.294,1231,0
20130408,66.265,66.314,65.982,66.314,1069,0
20130409,65.602,65.978,65.471,65.471,1130,0
20130410,66.736,66.754,66.062,66.754,1542,0
20130411,67.159,67.227,67.159,67.227,209,0
20130412,65.602,66.045,65.602,66.045,815,0
20130415,65.411,65.411,65.065,65.065,1389,0
20130416,66.745,67.149,66.227,66.505,1083,0
20130417,65.592,66.361,65.506,65.602,2532,0
20130418,65.526,65.592,63.404,63.442,3132,0
20130419,63.692,64.96,63.692,64.585,1338,0
20130422,64.441,64.441,64.344,64.344,209,0
20130423,65.016,65.45,64.815,65.45,1547,0
20130424,64.988,65.737,64.988,65.737,334,0
20130425,65.516,65.516,65.516,65.516,251,0
20130426,66.241,66.241,65.353,65.757,2239,0
20130429,65.949,66.218,65.304,65.978,1668,0
20130430,66.151,66.151,64.969,65.314,4972,0
20130501,65.602,65.833,62.193,62.491,3586,0
20130502,63.001,64.344,63.001,63.932,1061,0
20130503,63.279,63.279,63.279,63.279,554,0
20130506,64.249,64.249,64.182,64.182,879,0
20130507,64.115,65.238,64.115,65.238,819,0
20130508,65.296,65.353,65.296,65.353,216,0
20130509,65.881,65.881,64.162,64.162,579,0
20130510,64.576,64.576,63.097,63.346,927,0
20130513,63.788,65.516,63.788,65.353,1771,0
20130514,65.804,65.804,63.375,63.913,8833,0
20130515,63.577,63.856,62.424,62.424,6610,0
20130516,62.328,63.509,61.347,61.551,3400,0
20130517,61.732,62.904,61.732,61.991,2222,0
20130520,62.079,62.088,61.848,61.848,596,0
20130521,62.587,63.826,62.376,62.76,2188,0
20130522,62.847,62.847,61.434,61.434,559,0
20130523,61.339,61.953,60.532,61.608,1859,0
20130524,61.243,63.279,61.243,63.087,1714,0
20130528,62.424,62.76,61.703,62.328,2850,0
20130529,62.645,62.645,62.645,62.645,103,0
20130530,62.424,62.442,61.569,61.944,1145,0
20130531,61.886,61.935,61.174,61.204,1715,0
20130603,55.404,61.934,55.404,61.531,5362,0
20130604,59.639,61.368,59.495,60.532,4450,0
20130605,59.955,60.888,59.735,59.735,7856,0
20130606,59.927,61.204,59.255,60.513,6796,0
20130607,60.696,60.696,59.265,59.822,3874,0
20130610,60.004,60.023,59.342,59.715,5388,0
20130611,59.543,59.544,58.425,58.63,4634,0
20130612,58.784,59.725,58.784,59.274,3399,0
20130613,58.583,59.544,58.583,59.495,6845,0
20130614,59.072,59.354,58.103,58.275,7354,0
20130617,58.775,59.342,58.131,58.909,2726,0
20130618,58.659,59.534,58.659,59.226,2317,0
20130619,59.398,59.398,58.88,58.88,1126,0
20130620,58.391,58.87,58.169,58.169,1848,0
20130621,58.689,58.689,58.131,58.486,3603,0
20130624,58.496,58.852,56.931,58.746,2981,0
20130625,58.948,59.476,58.679,59.476,2172,0
20130626,59.544,59.544,58.429,59.303,2316,0
20130627,59.534,60.503,59.437,59.965,4214,0
20130628,60.688,66.679,60.688,65.911,30596,0
20130701,65.113,66.294,64.786,66.265,6478,0
20130702,65.872,66.361,65.065,65.304,5250,0
20130703,65.113,65.516,64.921,65.516,2801,0
20130705,66.188,67.236,66.188,67.236,436,0
20130708,66.82,66.82,65.954,66.117,2173,0
20130709,66.07,66.07,65.144,65.519,829,0
20130710,65.356,66.127,65.356,65.789,710,0
20130711,65.963,68.065,65.135,68.065,1393,0
20130712,66.542,67.014,66.542,67.014,633,0
20130715,66.956,67.14,65.751,66.696,12327,0
20130716,66.34,66.898,66.271,66.706,3330,0
20130717,67.09,67.477,66.492,67.477,7474,0
20130718,67.728,69.336,67.487,69.336,4353,0
20130719,68.721,70.262,68.555,70.262,5223,0
20130722,68.17,68.267,67.071,67.071,2168,0
20130723,67.458,68.99,67.458,68.845,8248,0
20130724,68.441,68.441,67.823,68.19,2782,0
20130725,67.688,68.228,67.688,68.228,1068,0
20130726,67.188,69.222,67.188,68.894,1360,0
20130729,65.539,68.748,65.539,68.055,1404,0
20130730,68.624,69.164,68.055,68.692,4621,0
20130731,69.124,69.424,68.692,69.279,7393,0
20130801,69.694,71.139,68.653,69.79,9508,0
20130802,70.369,70.369,69.462,69.905,6753,0
20130805,69.597,70.079,69.251,69.664,5526,0
20130806,69.502,69.597,68.634,68.778,8215,0
20130807,68.942,69.134,66.522,67.264,4457,0
20130808,66.908,67.477,65.896,67.38,5539,0
20130809,66.194,67.362,66.194,67.052,2301,0
20130812,66.522,67.09,66.512,66.87,2076,0
20130813,66.34,66.975,66.33,66.975,4869,0
20130814,67.022,68.045,66.706,68.045,2830,0
20130815,67.148,68.354,66.377,68.122,3309,0
20130816,67.862,68.575,67.274,67.274,3213,0
20130819,67.497,68.151,66.995,67.254,3585,0
20130820,67.274,67.573,66.667,66.898,5376,0
20130821,66.995,67.148,66.551,66.706,2197,0
20130822,66.86,66.86,65.789,66.657,946,0
20130823,66.387,67.553,66.224,66.715,4212,0
20130826,66.57,66.984,66.127,66.33,3444,0
20130827,65.577,65.789,64.324,64.796,2520,0
20130828,65.144,66.011,65.144,65.211,987,0
20130829,65.694,66.417,64.777,64.777,1331,0
20130830,66.079,66.527,64.519,64.519,2241,0
20130903,64.738,65.22,64.296,64.576,4719,0
20130904,64.478,65.066,63.63,64.333,1919,0
20130905,64.247,67.573,64.247,67.573,10329,0
20130906,67.14,74.224,67.057,71.776,8176,0
20130909,71.574,71.574,70.272,70.272,1775,0
20130910,69.858,69.886,68.982,68.982,1223,0
20130911,69.404,70.079,67.63,68.007,5485,0
20130912,68.845,68.922,67.189,67.428,4890,0
20130913,68.286,68.286,66.29,66.772,4330,0
20130916,67.236,67.428,66.56,67.09,3441,0
20130917,67.071,67.071,65.549,65.954,2021,0
20130918,65.847,66.194,64.97,65.779,2547,0
20130919,65.183,65.202,64.276,64.402,2920,0
20130920,64.306,67.022,64.306,64.604,3081,0
20130923,64.816,65.718,64.816,65.211,3723,0
20130924,63.64,65.519,63.64,64.247,7158,0
20130925,64.083,65.202,64.083,65.076,2178,0
20130926,64.912,65.164,64.17,64.912,2386,0
20130927,64.412,64.884,64.412,64.711,520,0
20130930,64.987,68.135,64.812,68.135,4710,0
20131001,66.492,66.492,64.238,65.066,2506,0
20131002,64.566,65.12,64.566,64.681,2964,0
20131003,64.566,65.042,64.392,64.623,3152,0
20131004,65.066,66.995,64.786,65.154,6328,0
20131007,65.664,67.017,64.903,66.04,5451,0
20131008,66.079,66.466,66.079,66.341,1447,0
20131009,66.476,66.476,66.476,66.476,310,0
20131010,66.949,67.502,66.949,67.405,619,0
20131011,67.725,67.725,66.486,67.725,1447,0
20131014,67.744,67.82,67.414,67.414,619,0
20131015,66.291,67.705,66.291,67.094,1240,0
20131016,67.695,69.535,67.695,69.535,2048,0
20131017,69.447,70.347,67.744,67.956,723,0
20131018,68.227,70.435,68.227,70.435,4124,0
20131021,70.996,70.996,70.114,70.124,1032,0
20131022,70.849,70.869,70.154,70.154,1160,0
20131023,70.628,71.13,70.628,70.647,1137,0
20131024,69.786,70.181,69.786,70.181,207,0
20131025,70.154,70.154,70.124,70.124,518,0
20131028,71.034,71.034,70.163,70.163,518,0
20131029,69.058,69.058,69.058,69.058,207,0
20131030,69.098,70.792,69.098,70.792,1757,0
20131031,70.503,71.127,70.503,70.874,2154,0
20131101,70.511,71.12,63.882,69.311,2377,0
20131104,71.11,71.11,70.618,70.618,1032,0
20131105,70.163,70.357,70.163,70.357,310,0
20131106,70.646,70.646,70.299,70.307,1220,0
20131107,70.357,70.357,70.357,70.357,197,0
20131111,70.52,70.52,70.52,70.52,103,0
20131112,70.453,70.588,70.405,70.588,959,0
20131113,70.405,71.615,70.405,71.081,5051,0
20131114,71.557,72.418,71.508,72.409,5275,0
20131115,71.943,72.012,71.615,71.615,2169,0
20131118,71.179,71.508,70.676,70.908,1447,0
20131119,70.83,71.498,70.725,71.277,3927,0
20131120,70.986,71.672,70.637,70.647,3796,0
20131121,70.666,72.002,70.657,71.324,4030,0
20131122,70.976,75.485,70.839,74.808,8060,0
20131125,75.293,76.995,75.002,76.027,2997,0
20131126,76.551,76.551,75.92,75.92,2067,0
20131127,76.551,76.551,75.679,76.027,2894,0
20131129,76.049,77.082,76.049,77.082,617,0
20131202,76.211,76.211,75.002,75.649,2894,0
20131203,76.712,76.742,75.494,76.098,13545,0
20131204,76.605,76.878,75.377,76.878,11976,0
20131205,76.663,76.663,75.865,76.01,2808,0
20131206,75.988,75.988,74.808,75.293,4856,0
20131209,74.808,75.032,74.17,75.032,4546,0
20131210,74.741,74.992,74.237,74.672,7543,0
20131211,74.344,74.761,74.054,74.634,2169,0
20131212,74.761,75.37,74.275,75.37,2997,0
20131213,74.973,75.485,74.517,75.466,10334,0
20131216,75.322,75.988,75.322,75.969,2585,0
20131217,75.35,76.434,75.195,75.583,11191,0
20131218,75.893,76.453,75.466,76.182,8060,0
20131219,76.732,76.975,76.059,76.322,8824,0
20131220,75.903,77.102,75.679,77.102,27806,0
20131223,77.064,77.082,76.752,77.082,4001,0
20131224,77.054,77.073,76.742,76.985,2735,0
20131226,76.507,76.995,76.312,76.985,10671,0
20131227,76.819,76.897,76.215,76.605,4001,0
20131230,76.965,76.965,76.292,76.439,2707,0
20131231,76.859,77.092,76.42,76.497,1832,0
20140102,76.489,76.556,75.669,76.148,4054,0
20140103,76.605,76.605,75.766,76.215,1579,0
20140106,75.002,75.679,74.692,75.679,3927,0
20140107,75.243,75.679,74.827,75.679,6961,0
20140108,76.02,76.029,75.698,76.02,4001,0
20140109,75.757,76.215,75.543,76.059,3488,0
20140110,75.971,77.054,75.533,76.507,4207,0
20140113,76.039,76.849,75.903,76.079,3181,0
20140114,76.264,76.722,76.098,76.312,1437,0
20140115,76.234,76.829,76.234,76.829,1232,0
20140116,76.342,76.985,76.215,76.41,1333,0
20140117,76.752,76.752,76.381,76.605,1642,0
20140121,76.02,76.752,75.622,76.732,4310,0
20140122,76.878,76.878,76.166,76.712,2360,0
20140123,76.148,76.595,76.118,76.342,2078,0
20140124,76.274,76.507,76.274,76.352,1800,0
20140127,76.312,76.702,76.234,76.644,5355,0
20140128,76.985,76.985,76.371,76.371,1539,0
20140129,76.391,76.507,75.309,76.264,4617,0
20140130,75.942,77.092,75.942,76.702,5997,0
20140131,76.702,76.702,76.264,76.585,3386,0
20140203,76.517,76.887,75.875,76.654,4656,0
20140204,76.322,76.595,76.215,76.595,4598,0
20140205,76.02,76.271,76.02,76.264,3119,0
20140206,76.264,76.264,75.523,75.523,3556,0
20140207,75.523,76.02,75.523,75.592,3121,0
20140210,75.679,75.913,74.451,75.152,2414,0
20140211,74.695,75.632,74.071,74.968,2823,0
20140213,74.754,75.602,74.754,75.602,5966,0
20140214,75.046,75.981,75.046,75.056,1058,0
20140218,75.632,75.727,75.632,75.679,1890,0
20140219,75.981,75.981,75.454,75.543,3188,0
20140220,75.358,76.595,75.358,76.274,11596,0
20140221,75.971,76.566,75.885,76.449,4643,0
20140224,76.459,76.575,76.312,76.566,2230,0
20140225,76.556,76.575,76.41,76.575,1521,0
20140226,76.575,76.575,76.575,76.575,418,0
20140227,76.595,76.595,76.566,76.566,747,0
20140228,78.944,78.944,76.312,76.312,4032,0
20140303,76.595,76.595,76.166,76.459,1488,0
20140304,76.595,76.595,76.575,76.585,4965,0
20140305,76.575,76.595,76.381,76.381,6734,0
20140306,75.162,76.381,75.142,75.572,5068,0
20140307,76.595,76.595,75.142,76.312,3498,0
20140310,76.479,76.497,76.332,76.332,799,0
20140311,76.332,76.332,76.128,76.128,946,0
20140312,76.507,76.507,75.162,76.41,1657,0
20140313,75.826,76.507,75.826,76.029,2676,0
20140317,75.922,76.595,75.922,76.166,3329,0
20140319,76.595,76.595,76.469,76.479,1253,0
20140320,72.862,76.585,72.862,76.401,1240,0
20140321,76.401,76.401,75.649,75.981,1785,0
20140324,74.169,76.039,74.169,76.02,1788,0
20140325,74.295,76.585,74.295,76.459,1044,0
20140326,75.553,75.727,75.553,75.727,1333,0
20140327,75.727,75.865,75.727,75.757,824,0
20140328,75.835,75.913,75.835,75.913,1134,0
20140331,75.932,76.556,75.932,76.507,2402,0
20140401,75.368,75.368,74.86,75.221,1233,0
20140402,70.494,74.558,70.494,73.72,4494,0
20140403,74.071,74.558,71.176,71.469,1942,0
20140404,71.643,71.643,70.397,70.397,1763,0
20140407,68.779,69.198,64.442,68.653,2952,0
20140408,68.485,69.464,66.989,68.976,4991,0
20140409,72.212,72.212,68.976,70.443,1960,0
20140410,72.35,72.35,68.485,68.682,4524,0
20140411,68.485,69.12,67.605,68.653,5221,0
20140414,76.206,76.206,70.638,74.062,2579,0
20140415,72.4,73.377,72.4,73.083,1339,0
20140416,74.356,74.356,72.506,73.867,1260,0
20140417,72.703,74.248,72.419,72.459,1353,0
20140421,72.4,73.348,70.981,71.901,1766,0
20140422,72.888,72.888,71.176,72.077,3215,0
20140423,72.4,72.4,66.931,71.068,2795,0
20140424,71.127,71.127,67.136,69.395,3501,0
20140425,68.046,68.447,66.539,67.311,4257,0
20140428,68.976,68.976,67.116,67.508,2125,0
20140429,68.056,68.437,67.997,68.389,1878,0
20140430,69.464,70.443,67.624,68.006,25402,0
20140501,67.459,71.988,67.459,68.877,6737,0
20140502,70.434,70.434,68.398,70.197,2275,0
20140505,68.633,69.171,68.633,69.171,1018,0
20140506,70.833,72.4,68.994,70.452,8229,0
20140507,70.619,70.619,68.692,69.649,1516,0
20140508,69.953,70.051,68.515,68.759,1339,0
20140509,69.366,70.434,68.544,69.112,2905,0
20140512,69.953,70.727,69.62,70.727,1866,0
20140513,69.709,71.45,69.709,70.246,3009,0
20140514,69.494,69.494,68.389,68.534,12915,0
20140515,68.828,68.828,67.018,68.241,4683,0
20140516,68.485,69.405,67.234,69.259,3625,0
20140519,67.439,71.304,67.439,70.737,6248,0
20140520,70.452,72.771,70.394,72.212,5719,0
20140521,72.106,72.301,70.932,71.909,7396,0
20140522,71.919,72.341,71.176,71.832,2500,0
20140523,71.216,73.123,71.176,73.123,1583,0
20140527,71.47,72.644,71.47,72.644,2093,0
20140528,70.727,72.008,70.727,71.314,3041,0
20140529,71.489,72.4,71.137,72.4,5622,0
20140530,72.987,72.987,71.137,71.216,1626,0
20140602,71.45,73.33,70.452,71.44,2001,0
20140603,71.371,71.421,70.002,71.391,4059,0
20140604,71.411,73.083,70.932,72.37,6317,0
20140605,70.638,73.808,70.638,73.026,2060,0
20140606,73.026,73.026,72.486,72.486,1532,0
20140609,73.918,73.918,72.605,73.28,1441,0
20140610,72.713,74.151,72.713,73.808,1125,0
20140611,74.151,74.6,73.574,74.6,1877,0
20140612,74.605,75.618,74.6,75.207,2312,0
20140613,75.765,75.765,75.765,75.765,1043,0
20140616,76.312,76.889,73.377,76.157,6280,0
20140617,76.411,76.411,74.366,74.816,2396,0
20140618,73.945,74.161,73.172,73.964,2769,0
20140619,73.036,73.584,73.036,73.574,3207,0
20140620,74.395,75.863,73.231,73.261,10646,0
20140623,73.231,74.307,72.017,72.439,5753,0
20140624,72.439,73.123,69.709,71.117,6319,0
20140625,72.859,72.859,69.778,71.021,8356,0
20140626,70.589,72.888,70.345,71.813,6044,0
20140627,71.909,74.405,70.443,74.405,192659,0
20140630,74.454,78.269,73.867,77.682,12855,0
20140701,78.22,86.967,77.781,80.412,11702,0
20140702,77.476,80.217,77.476,79.15,6030,0
20140707,77.839,78.759,77.839,78.759,2528,0
20140708,80.781,80.781,77.089,77.747,3407,0
20140709,77.925,77.934,77.64,77.934,408,0
20140710,79.485,80.378,79.121,79.898,2886,0
20140714,79.809,81.576,78.769,79.073,3456,0
20140715,77.551,79.908,77.551,78.847,2632,0
20140716,78.307,81.978,78.307,79.515,6184,0
20140717,79.515,80.497,79.515,80.418,3295,0
20140718,80.408,80.497,80.113,80.497,2501,0
20140721,80.497,80.545,80.143,80.369,13657,0
20140722,80.497,82.479,80.497,81.576,9836,0
20140723,81.772,81.821,80.997,81.596,5626,0
20140724,81.419,81.772,80.879,81.478,3852,0
20140725,80.643,81.488,80.497,81.488,3014,0
20140728,82.017,82.017,80.977,81.389,2493,0
20140729,80.977,81.772,80.497,80.958,5308,0
20140730,81.723,81.762,80.054,81.762,2024,0
20140731,80.987,81.066,80.044,81.066,2324,0
20140801,80.054,80.054,79.073,79.073,1751,0
20140804,78.857,81.448,78.857,81.448,859,0
20140806,81.968,81.968,81.743,81.743,331,0
20140807,81.782,81.841,81.379,81.841,2129,0
20140808,81.703,82.214,81.232,82.214,1067,0
20140811,82.47,82.47,81.664,81.664,873,0
20140812,81.762,84.324,81.389,81.968,2926,0
20140813,81.968,81.968,81.527,81.527,1763,0
20140814,81.379,81.379,81.379,81.379,652,0
20140815,81.379,81.379,81.232,81.232,484,0
20140818,80.054,82.146,80.054,81.723,617,0
20140819,80.879,81.292,80.879,81.292,1723,0
20140820,80.054,81.007,80.054,81.007,1115,0
20140821,80.25,81.478,80.054,80.497,5737,0
20140822,80.054,80.054,79.564,80.054,1484,0
20140825,81.367,81.367,80.143,81.193,975,0
20140826,80.064,80.967,80.054,80.967,1234,0
20140827,80.839,86.673,80.054,81.576,2648,0
20140828,81.606,81.616,81.576,81.586,1210,0
20140902,80.054,80.084,80.054,80.054,3302,0
20140903,79.574,80.497,79.574,80.153,2029,0
20140904,80.153,80.153,79.613,79.613,754,0
20140905,80.477,80.477,79.524,80.054,2202,0
20140908,80.202,80.202,80.054,80.054,657,0
20140910,80.497,80.589,80.064,80.064,6502,0
20140911,79.574,80.594,79.574,79.966,3167,0
20140912,80.163,80.486,79.976,79.976,1812,0
20140915,80.25,80.25,79.985,79.985,749,0
20140916,80.25,80.398,80.054,80.054,992,0
20140917,80.104,80.113,79.995,79.995,1530,0
20140918,79.908,80.403,79.564,80.202,4543,0
20140922,80.123,80.123,79.613,79.651,3392,0
20140923,79.73,80.388,79.073,79.141,3303,0
20140924,80.035,80.28,79.77,79.77,1563,0
20140926,79.651,79.76,79.651,79.651,581,0
20140929,80.497,80.497,80.054,80.054,450,0
20140930,80.378,80.398,80.054,80.054,1183,0
20141001,80.054,80.054,79.691,79.779,736,0
20141003,80.25,80.25,80.25,80.25,102,0
20141006,80.005,80.163,80.005,80.163,611,0
20141007,80.369,80.369,80.369,80.369,260,0
20141008,80.329,80.634,80.329,80.634,627,0
20141014,79.763,80.625,79.763,80.231,685,0
20141015,80.024,80.615,79.058,80.615,2840,0
20141016,80.9,80.9,80.236,80.625,5692,0
20141017,81.413,81.413,80.772,81.275,1621,0
20141021,81.206,81.206,79.354,79.768,5219,0
20141024,79.837,79.915,79.837,79.915,892,0
20141027,81.511,81.511,81.511,81.511,314,0
20141028,80.763,80.999,80.575,80.772,2425,0
20141029,80.871,80.871,80.634,80.634,1969,0
20141030,81.499,81.499,80.772,80.772,236,0
20141031,81.511,81.511,80.349,80.802,2742,0
20141103,80.329,80.861,80.329,80.329,898,0
20141104,80.339,80.772,79.837,80.772,1190,0
20141105,81.501,81.501,80.526,81.472,2163,0
20141106,80.189,81.491,80.189,81.482,787,0
20141107,81.472,82.417,81.472,82.417,637,0
20141110,83.727,88.456,83.325,85.698,2662,0
20141111,87.027,87.421,84.91,84.91,10620,0
20141112,84.919,86.949,84.91,84.978,558,0
20141113,86.555,86.555,86.555,86.555,499,0
20141114,86.111,86.111,86.111,86.111,600,0
20141117,85.047,85.047,85.047,85.047,268,0
20141118,86.298,89.411,85.038,89.411,1132,0
20141119,86.776,87.677,86.776,87.421,5547,0
20141120,87.658,87.658,86.929,87.106,381,0
20141121,87.628,87.628,86.466,86.466,305,0
20141124,84.22,84.22,84.22,84.22,1555,0
20141125,87.175,88.15,84.269,84.772,6089,0
20141126,84.9,84.9,84.9,84.9,290,0
20141201,84.22,84.22,84.22,84.22,195,0
20141203,85.205,85.205,85.097,85.205,1291,0
20141204,85.205,85.205,82.24,82.24,373,0
20141208,82.742,82.742,82.742,82.742,718,0
20141209,82.713,82.742,82.703,82.742,1252,0
20141210,81.019,81.019,81.019,81.019,336,0
20141211,82.791,82.791,81.314,82.575,1258,0
20141212,80.437,81.417,80.437,80.802,866,0
20141215,82.742,82.742,82.742,82.742,322,0
20141216,82.742,82.742,80.418,82.25,645,0
20141217,80.477,81.413,79.295,81.126,36351,0
20141218,83.708,86.88,81.954,86.88,2403,0
20141219,86.683,86.683,81.964,86.042,1117,0
20141222,88.653,88.653,82.299,82.742,2400,0
20141223,82.989,82.989,82.496,82.496,778,0
20141224,82.555,82.605,82.555,82.605,446,0
20141226,82.752,88.485,82.752,86.633,856,0
20141229,82.742,82.743,82.742,82.743,500,0
20141230,82.9,84.22,81.954,84.22,1872,0
20141231,83.727,85.707,83.727,85.707,379,0
20150105,82.742,82.742,82.742,82.742,438,0
20150106,82.742,84.348,82.742,84.22,2030,0
20150107,84.48,84.48,84.48,84.48,227,0
20150108,85,88.36,85,88.36,1566,0
20150109,89.36,89.36,84.66,86.04,737,0
20150114,84.001,84.02,84.001,84.02,304,0
20150115,84.21,87.36,84.21,87.36,876,0
20150116,87.37,87.37,82.24,82.24,322,0
