Date,Open,High,Low,Close,Volume,OpenInt
20050225,16.49,16.92,16.49,16.75,228786,0
20050228,16.5,17.13,16.05,16.68,142051,0
20050301,16.73,16.78,16.33,16.69,409057,0
20050302,16.45,16.66,16.15,16.46,174008,0
20050303,16.9,16.9,16.42,16.57,83573,0
20050304,17,17.12,16.69,16.76,103572,0
20050307,16.88,17.2,16.75,16.84,109755,0
20050308,17,17.22,16.75,16.8,80549,0
20050309,17,17,16.69,16.83,91901,0
20050310,17.08,17.13,16.45,16.77,84130,0
20050311,16.8,17.15,16.76,17.03,73129,0
20050314,17.15,17.22,17,17.11,112971,0
20050315,17.23,17.67,17.16,17.37,133110,0
20050316,17.1,17.66,17.1,17.14,94832,0
20050317,17.32,17.59,17.08,17.49,84596,0
20050318,17.52,17.84,17.2,17.33,170563,0
20050321,17.46,17.72,16.99,17.32,67679,0
20050322,17.48,17.48,16.72,17.01,75709,0
20050323,17.18,17.25,16.35,16.66,142313,0
20050324,16.58,16.97,16.46,16.68,75201,0
20050328,16.65,17.59,16.63,17.35,176091,0
20050329,17.18,17.5,17.1,17.35,89136,0
20050330,17.24,17.5,16.94,16.96,97954,0
20050331,16.92,17.19,16.78,17.09,151097,0
20050401,16.97,17.35,16.21,16.73,208483,0
20050404,16.96,16.96,16.07,16.3,101293,0
20050405,16.46,16.76,16.24,16.64,60439,0
20050406,16.81,16.85,16.13,16.23,116202,0
20050407,16.38,16.38,15.91,16.12,73792,0
20050408,16.29,16.55,15.6,15.88,106965,0
20050411,15.75,16.15,15.59,15.84,110109,0
20050412,15.64,16.4,15.58,16.24,50153,0
20050413,16.39,16.61,15.85,15.97,37405,0
20050414,16.05,16.05,15.18,15.21,124778,0
20050415,15.21,15.38,14.89,14.92,52418,0
20050418,14.93,15.18,14.86,15.01,191428,0
20050419,15.16,15.29,14.85,15.21,47811,0
20050420,15.26,15.62,15.17,15.31,54271,0
20050421,15.29,15.54,15.23,15.3,85307,0
20050422,15.18,15.36,14.93,15.2,56408,0
20050425,15.13,15.4,15.01,15.3,32302,0
20050426,15.38,15.55,14.9,14.9,70061,0
20050427,14.86,15.09,14.71,14.93,94780,0
20050428,14.82,14.82,13.89,13.89,96826,0
20050429,14,14.04,13.21,13.79,326355,0
20050502,13.85,14.09,13.84,14,67389,0
20050503,14,14.08,13.63,13.83,38006,0
20050504,13.9,14.1,13.69,13.73,109230,0
20050505,13.73,15.04,13.73,14.89,200654,0
20050506,15,15.31,14.82,14.85,81965,0
20050509,14.92,15.71,14.81,15.71,176159,0
20050510,15.82,16.07,15.61,15.93,220106,0
20050511,15.81,16.11,15.44,15.93,97584,0
20050512,15.9,16.25,15.45,15.5,100146,0
20050513,15.33,15.67,14.3,14.55,127248,0
20050516,14.72,15.06,13.77,14.42,172485,0
20050517,14,15.13,13.88,14.96,467510,0
20050518,15.22,15.43,14.87,15.08,155658,0
20050519,15.2,15.25,15,15.18,114156,0
20050520,15.18,15.18,14.75,15.01,58846,0
20050523,15,15,14.43,14.56,112640,0
20050524,14.49,14.67,14.03,14.49,106991,0
20050525,14.28,15.58,14.28,14.98,440479,0
20050526,15.16,15.75,14.93,15.52,222014,0
20050527,15.75,15.89,15.53,15.67,106156,0
20050531,15.6,16.39,15.6,16.01,286344,0
20050601,15.98,16.51,15.98,16.33,241830,0
20050602,16.31,16.51,16,16.18,82963,0
20050603,16.15,16.21,16.01,16.1,89001,0
20050606,16.12,16.25,15.36,16.14,178824,0
20050607,16.11,16.39,15.92,16.11,166127,0
20050608,16.12,16.12,15.36,15.43,208917,0
20050609,15.43,15.43,15.23,15.32,100207,0
20050610,15.21,15.79,15.11,15.46,92502,0
20050613,15.5,15.9,15.18,15.89,99438,0
20050614,15.89,16.11,15.85,16.05,122664,0
20050615,15.97,15.97,15.4,15.54,104745,0
20050616,15.51,15.83,15.41,15.69,131624,0
20050617,15.75,15.82,15.53,15.7,155759,0
20050620,15.74,15.85,15.51,15.8,194279,0
20050621,15.82,15.93,15.75,15.87,301472,0
20050622,15.95,16.06,15.33,15.51,320846,0
20050623,15.47,15.63,15.4,15.47,139683,0
20050624,15.55,15.58,14.83,15.2,87092,0
20050627,15.19,15.42,14.89,15.4,55668,0
20050628,15.42,15.49,14.96,15.32,74301,0
20050629,15.36,15.36,14.89,14.89,51363,0
20050630,15.15,15.94,15.15,15.59,359663,0
20050701,15.62,15.74,15.36,15.5,122295,0
20050705,15.54,15.71,15.51,15.61,211087,0
20050706,15.43,15.98,15.43,15.94,237629,0
20050707,15.7,15.75,15.54,15.65,104782,0
20050708,15.67,15.95,15.67,15.93,135715,0
20050711,15.85,16.29,15.77,16.05,192050,0
20050712,16.02,16.15,15.84,15.86,97992,0
20050713,15.85,16.35,15.73,16.19,118354,0
20050714,16.3,16.3,15.95,16.02,175992,0
20050715,15.92,16.19,15.87,16.16,245913,0
20050718,16.13,16.13,15.8,16,158571,0
20050719,15.96,17.19,15.69,17.07,336397,0
20050720,17.1,18.1,16.88,18.03,389008,0
20050721,18.05,18.47,17.87,18.44,243058,0
20050722,18.64,19.6,18.48,19.54,427615,0
20050725,19.54,19.61,19.1,19.26,322243,0
20050726,19.17,19.52,18.98,19.52,306839,0
20050727,19.9,20.5,19.68,20.04,658840,0
20050728,19.76,20.95,19.76,20.84,306924,0
20050729,20.84,20.95,20.39,20.78,214165,0
20050801,20.98,21.18,20.09,21.13,260825,0
20050802,21.18,21.67,21.1,21.52,219280,0
20050803,21.65,21.65,21.06,21.46,186644,0
20050804,21.37,21.4,21.04,21.12,201527,0
20050805,21.09,21.66,20.49,21.15,225168,0
20050808,20.94,21.36,20.83,20.98,208942,0
20050809,20.87,22.08,20.8,22,238362,0
20050810,22.11,22.73,21.84,22.44,188634,0
20050811,22.39,22.73,22.09,22.7,132887,0
20050812,22.47,22.82,22.21,22.4,201522,0
20050815,22.51,22.55,22.14,22.5,244641,0
20050816,22.53,22.58,22.1,22.24,148489,0
20050817,21.84,22.84,21.64,22.6,149012,0
20050818,22.41,23.46,21.89,23.25,263700,0
20050819,23.12,24.16,23.12,23.99,288837,0
20050822,24.05,24.15,23.64,24.06,297101,0
20050823,24.07,24.18,23.89,23.99,196900,0
20050824,23.99,24.23,23.7,23.85,220724,0
20050825,23.87,23.9,22.86,23.62,305149,0
20050826,23.5,23.9,23.15,23.54,229241,0
20050829,23.36,24.27,22.61,24.09,279069,0
20050830,24.05,24.75,23.99,24.47,297902,0
20050831,24.51,25.4,24.34,25.14,345143,0
20050901,25.25,25.31,24.75,25.21,216808,0
20050902,25.3,25.3,24.6,24.99,198051,0
20050906,25,25.44,24.75,25.1,248625,0
20050907,25.1,25.61,24.89,25.57,189861,0
20050908,25.63,25.8,24.83,24.9,172413,0
20050909,24.91,25.14,24.67,24.81,162310,0
20050912,24.99,25.56,24.41,25.31,194117,0
20050913,25.21,25.31,24.8,25,105486,0
20050914,25,25.16,24.41,24.8,129268,0
20050915,24.8,24.9,24.21,24.52,102399,0
20050916,24.67,25,24.38,24.86,227973,0
20050919,24.83,25.19,24.48,25.07,147071,0
20050920,25.05,25.21,24.35,24.94,242127,0
20050921,24.78,24.94,23.7,24.1,198418,0
20050922,24.08,24.11,23.44,23.78,202058,0
20050923,23.71,24.18,23.43,24,129126,0
20050926,23.89,24.62,23.73,24.35,229888,0
20050927,24.17,24.45,23.84,24.19,101247,0
20050928,24.14,25.03,24.05,24.9,278305,0
20050929,24.81,25.29,24.39,24.98,250232,0
20050930,25.09,25.28,24.49,24.95,157123,0
20051003,25.02,25.31,24.94,24.99,188680,0
20051004,25.01,25.27,24.53,24.58,158760,0
20051005,24.46,24.49,23.18,23.43,410762,0
20051006,23.7,24.72,23.4,24.12,369236,0
20051007,24.19,24.27,23.14,23.74,164403,0
20051010,23.77,23.86,23.28,23.57,109414,0
20051011,23.8,23.8,22.47,22.55,297352,0
20051012,22.44,22.62,21.57,22.3,408869,0
20051013,22.19,22.19,21.53,22.02,271215,0
20051014,22.03,22.6,21.79,22.44,170162,0
20051017,22.38,22.57,21.87,22.19,107388,0
20051018,22.24,22.24,21.55,21.91,118956,0
20051019,21.8,22.4,21.02,22.2,196018,0
20051020,22.1,22.4,21.5,21.58,230648,0
20051021,21.53,22.76,21.53,22.73,312523,0
20051024,22.79,23.9,22.7,23.69,377757,0
20051025,23.57,23.87,23.45,23.75,142144,0
20051026,23.7,24.08,22.64,23,295165,0
20051027,22.91,23.37,22.65,23.27,256768,0
20051028,23.39,23.55,23.1,23.42,217551,0
20051031,23.48,23.99,23.43,23.86,204324,0
20051101,23.78,23.86,22.74,23.16,161046,0
20051102,23.02,24,23.02,23.5,184734,0
20051103,23.74,23.74,23.21,23.34,165642,0
20051104,23.27,23.5,23.01,23.25,135973,0
20051107,23.23,23.33,22.95,23.2,106538,0
20051108,23.07,23.19,22.83,22.9,153792,0
20051109,22.96,23.1,22.52,22.7,95623,0
20051110,22.86,23.22,22.4,23.2,125993,0
20051111,23.13,23.73,23.13,23.43,170457,0
20051114,23.51,23.52,23.33,23.5,144650,0
20051115,23.54,23.54,23.07,23.21,107543,0
20051116,23.22,23.5,23.16,23.4,165165,0
20051117,23.5,23.8,23.32,23.68,109407,0
20051118,23.63,24.01,23.54,24,189061,0
20051121,24.02,24.02,23.35,23.91,116419,0
20051122,23.87,24.24,23.77,24.2,111824,0
20051123,24.17,24.18,23.96,24.03,125328,0
20051125,24.11,24.23,23.99,24.16,18208,0
20051128,24.01,24.13,23.92,24.06,85701,0
20051129,24.17,24.91,24.12,24.83,116237,0
20051130,25,25.42,24.82,25.25,306431,0
20051201,25.42,26.17,25.27,25.94,170512,0
20051202,25.83,25.83,25.61,25.7,125491,0
20051205,25.79,25.82,25.4,25.63,157304,0
20051206,25.83,25.91,25.64,25.7,141874,0
20051207,25.96,26,25.69,25.87,102453,0
20051208,25.9,26.51,25.75,26.32,192975,0
20051209,26.5,26.77,25.88,26.22,70508,0
20051212,26.38,26.85,26.15,26.78,108941,0
20051213,26.92,27,26.61,26.85,86519,0
20051214,27,27.51,27,27.39,103091,0
20051215,27.52,27.95,26.14,27.85,355576,0
20051216,28,28.32,27.36,27.69,439334,0
20051219,27.72,27.84,27.13,27.31,139874,0
20051220,27.48,27.64,27.12,27.4,143612,0
20051221,27.53,27.88,26.2,26.34,247580,0
20051222,22.3,22.56,17.51,18.92,5587253,0
20051223,18.76,19.2,18.75,19,1075882,0
20051227,19,19,17.4,17.55,1004503,0
20051228,17.44,17.79,17.3,17.5,601095,0
20051229,17.52,17.69,17.32,17.46,178141,0
20051230,17.46,17.5,17.28,17.36,203414,0
20060103,17.36,17.6,16.79,16.99,259181,0
20060104,17.02,17.02,16.4,16.46,619468,0
20060105,16.39,16.64,15.96,16,509516,0
20060106,16,16,15.4,15.58,769787,0
20060109,15.56,15.7,15.49,15.59,270978,0
20060110,15.59,15.75,15.29,15.39,224106,0
20060111,15.4,15.5,14.9,15.15,866636,0
20060112,15.15,15.44,15,15.04,253780,0
20060113,15,15.08,14.78,14.84,121872,0
20060117,14.65,14.99,14.52,14.95,396339,0
20060118,14.74,15.47,14.71,15.29,459477,0
20060119,15.39,16.25,15.36,16,481464,0
20060120,16.05,16.11,15.56,15.86,245855,0
20060123,15.91,16,15.39,15.47,262397,0
20060124,15.5,15.64,15.41,15.59,157742,0
20060125,15.65,16.18,15.6,16.12,473148,0
20060126,16.2,16.7,15.96,16.64,172750,0
20060127,16.6,16.77,16.45,16.76,234465,0
20060130,16.83,16.98,16.6,16.86,412189,0
20060131,16.9,16.93,16.4,16.46,269706,0
20060201,16.36,16.5,16.16,16.24,204758,0
20060202,16.28,16.39,15.76,16.19,100870,0
20060203,16.05,16.36,15.97,16.3,222131,0
20060206,16.36,16.7,16.2,16.66,149187,0
20060207,16.7,17,16.63,16.92,339231,0
20060208,17,17,16.5,16.57,307133,0
20060209,16.66,16.9,16.35,16.46,155617,0
20060210,16.46,16.46,16.05,16.27,440828,0
20060213,16.2,16.44,15.86,16.05,212537,0
20060214,16.05,16.12,15.53,16.11,141934,0
20060215,15.91,16.33,15.8,16,102957,0
20060216,15.87,16.07,15.57,15.65,185412,0
20060217,15.56,17.69,15.56,17.52,1007252,0
20060221,17.64,18.03,16.87,17.46,372042,0
20060222,17.56,18,17.22,17.85,267620,0
20060223,17.89,17.89,16.71,17.15,419947,0
20060224,17.11,17.11,16.5,16.64,365303,0
20060227,16.64,16.86,16.55,16.59,278420,0
20060228,16.37,16.86,16.17,16.59,148129,0
20060301,16.69,16.69,16.13,16.58,228511,0
20060302,16.61,16.63,16.35,16.43,118063,0
20060303,16.4,16.8,16.25,16.44,175030,0
20060306,16.39,16.44,15.94,15.95,446081,0
20060307,15.91,16.17,15.85,16.04,254759,0
20060308,15.95,16.21,15.89,15.97,209762,0
20060309,15.97,16.06,15.82,15.86,121877,0
20060310,15.82,16,15.74,16,142964,0
20060313,16.09,16.64,15.99,16.25,182622,0
20060314,16.18,16.29,15.94,16.2,77079,0
20060315,16.14,16.43,15.95,16.43,46683,0
20060316,16.52,16.57,16.26,16.38,79562,0
20060317,16.42,16.69,16.23,16.5,248078,0
20060320,16.49,16.99,16.38,16.49,157274,0
20060321,16.42,16.57,16.21,16.33,123317,0
20060322,16.25,16.66,16.21,16.6,102456,0
20060323,16.53,17.64,16.53,17.64,143777,0
20060324,17.55,18.52,17.37,18.4,326576,0
20060327,18.34,18.38,17.88,18.01,133396,0
20060328,17.94,18.12,17.9,18.1,99716,0
20060329,18.05,18.77,18.05,18.72,140499,0
20060330,18.72,18.84,18.31,18.72,106233,0
20060331,18.84,19.29,18.65,18.94,511077,0
20060403,18.93,18.96,17.84,17.92,207972,0
20060404,17.86,18.27,17.69,17.73,184631,0
20060405,17.77,18.25,17.63,18.01,224780,0
20060406,17.94,18,17.64,17.88,60169,0
20060407,18.05,18.09,17.33,17.49,149284,0
20060410,17.43,17.66,16.66,17.09,242344,0
20060411,17.05,17.44,16.75,16.89,164241,0
20060412,16.89,17.15,16.73,16.97,91868,0
20060413,16.92,17.35,16.81,17.31,75609,0
20060417,17.37,17.41,16.78,16.93,94449,0
20060418,17.01,17.97,17.01,17.92,137862,0
20060419,17.85,19.1,17.85,18.96,264805,0
20060420,18.91,19,18.68,18.68,150517,0
20060421,18.84,19.07,18.54,18.69,179485,0
20060424,18.75,18.82,18.49,18.8,93069,0
20060425,18.75,19.16,18.67,18.78,140285,0
20060426,18.75,20.05,18.75,19.99,301488,0
20060427,19.99,20.43,19.54,20.4,97302,0
20060428,20.3,20.75,20.15,20.15,176415,0
20060501,20.06,20.43,19.58,19.64,145257,0
20060502,19.6,19.71,19.07,19.07,121964,0
20060503,19.02,19.23,18.75,18.79,324900,0
20060504,18.5,18.5,14.5,14.71,4837970,0
20060505,14.82,14.93,14.31,14.53,1112920,0
20060508,14.47,14.92,14.37,14.65,570781,0
20060509,14.65,14.84,14.4,14.7,345894,0
20060510,14.7,14.74,13.86,13.91,379548,0
20060511,13.91,14.09,12.88,12.89,828962,0
20060512,12.9,13.04,12.59,12.77,540080,0
20060515,12.67,12.89,12.2,12.43,240283,0
20060516,12.43,12.58,12.36,12.41,309415,0
20060517,12.31,12.46,12.11,12.23,514975,0
20060518,12.23,12.45,11.44,11.58,561303,0
20060519,11.55,11.97,10.83,11.24,774011,0
20060522,11.3,11.43,10.99,10.99,455024,0
20060523,11.06,11.32,10.65,10.67,650363,0
20060524,10.71,11.24,10.49,11,474459,0
20060525,11.07,11.8,11.02,11.6,1504120,0
20060526,11.62,11.81,11.32,11.36,787868,0
20060530,11.37,11.75,11.37,11.65,366212,0
20060531,11.64,11.94,11.6,11.92,341975,0
20060601,11.91,12.19,11.85,12.12,622996,0
20060602,12.2,12.4,12,12.07,335771,0
20060605,12.08,12.16,11.69,11.71,352680,0
20060606,11.79,11.9,11.57,11.69,194197,0
20060607,11.64,12.2,11.56,11.71,164441,0
20060608,11.7,12.09,11.55,11.99,366761,0
20060609,11.97,12.05,11.65,11.65,120172,0
20060612,11.6,11.72,11.35,11.37,162106,0
20060613,11.33,11.86,11.03,11.03,305633,0
20060614,11,11.49,11,11.41,153728,0
20060615,11.47,12.09,11.47,11.94,154905,0
20060616,11.88,12,11.48,11.56,479334,0
20060619,11.53,11.66,11.25,11.32,93466,0
20060620,11.28,11.38,10.97,10.99,162289,0
20060621,10.99,11.22,10.85,10.93,238966,0
20060622,10.84,11.06,10.83,10.99,223117,0
20060623,10.89,11.07,10.89,10.98,110133,0
20060626,10.99,11.22,10.92,11,103902,0
20060627,11.05,11.17,10.75,10.75,198374,0
20060628,10.82,10.91,10.67,10.78,355675,0
20060629,10.83,11.12,10.75,10.98,607396,0
20060630,11.02,11.1,10.75,10.79,532377,0
20060703,10.81,10.95,10.7,10.75,143959,0
20060705,10.58,10.95,10.5,10.79,265672,0
20060706,10.82,10.89,10.5,10.58,133491,0
20060707,10.49,10.74,10.41,10.47,216042,0
20060710,10.47,10.73,10.31,10.35,195090,0
20060711,10.27,10.37,10.12,10.3,164128,0
20060712,10.25,10.41,10.01,10.02,123992,0
20060713,9.98,10.05,9.62,9.63,126221,0
20060714,9.59,9.71,9.45,9.6,415646,0
20060717,9.55,9.72,9.5,9.55,157192,0
20060718,9.62,9.85,9.33,9.44,206273,0
20060719,9.41,10.19,9.36,10.07,292955,0
20060720,10.04,10.21,9.78,9.81,149810,0
20060721,9.8,9.93,9.76,9.85,176080,0
20060724,9.95,10.15,9.67,9.72,292732,0
20060725,9.69,9.79,9.54,9.74,209283,0
20060726,9.62,9.79,9.29,9.49,255091,0
20060727,9.51,9.6,9.11,9.16,314955,0
20060728,9.19,9.5,9.16,9.4,423089,0
20060731,9.34,10.36,9.25,9.96,408508,0
20060801,9.84,9.84,9.53,9.7,191518,0
20060802,9.79,10.23,9.72,10.05,198241,0
20060803,9,9.15,8.33,8.6,1575125,0
20060804,8.72,8.85,8.52,8.79,1299215,0
20060807,8.73,9.17,8.63,8.81,194005,0
20060808,8.67,8.73,8.23,8.55,316533,0
20060809,8.68,9.01,8.5,8.52,153706,0
20060810,8.49,8.71,8.49,8.61,157210,0
20060811,8.61,8.8,8.58,8.7,229363,0
20060814,8.8,9.12,8.75,9.02,93855,0
20060815,9.15,9.25,8.94,9.07,141008,0
20060816,9.18,9.37,8.99,9.32,71909,0
20060817,9.36,9.43,9.04,9.31,309122,0
20060818,9.36,9.4,8.92,9.39,116693,0
20060821,9.32,9.32,9.03,9.1,82617,0
20060822,9.04,9.24,9.02,9.2,90457,0
20060823,9.21,9.39,9.03,9.09,71591,0
20060824,9.09,9.29,9.05,9.26,48453,0
20060825,9.22,9.39,9.08,9.25,44497,0
20060828,9.27,9.37,9.14,9.3,51201,0
20060829,9.35,10.15,9.13,10.08,126594,0
20060830,10.08,10.19,9.86,9.93,128054,0
20060831,9.98,10.3,9.91,10.02,99868,0
20060901,10.04,10.41,9.99,10.39,111887,0
20060905,10.36,11.16,10.11,11.11,243728,0
20060906,10.98,11.19,10.87,10.87,183095,0
20060907,10.79,10.94,10.58,10.58,100166,0
20060908,10.62,10.62,9.99,10.25,148202,0
20060911,10.15,10.46,10.04,10.19,91514,0
20060912,10.24,11.09,10.14,11.01,93361,0
20060913,11.04,11.51,11.04,11.3,215252,0
20060914,11.31,11.34,10.85,11,201305,0
20060915,11.08,11.19,10.92,10.93,432363,0
20060918,10.87,10.93,10.8,10.86,124565,0
20060919,10.8,11.1,10.57,10.83,205989,0
20060920,10.89,11.19,10.87,11,222147,0
20060921,10.99,11.01,10.67,10.73,85144,0
20060922,10.66,10.9,10.6,10.84,80998,0
20060925,10.83,10.83,10.62,10.76,74688,0
20060926,10.71,10.74,10.21,10.21,318859,0
20060927,10.15,10.78,10.15,10.45,184676,0
20060928,10.51,10.61,10.14,10.15,141081,0
20060929,10.12,10.19,9.78,9.8,266418,0
20061002,9.82,10.05,9.61,9.71,140755,0
20061003,9.64,9.81,9.53,9.57,256747,0
20061004,9.51,9.52,9.1,9.2,359456,0
20061005,9.2,9.55,9.2,9.45,146195,0
20061006,9.38,9.58,9.35,9.38,120527,0
20061009,9.32,9.83,9.27,9.82,139243,0
20061010,9.79,10.03,9.67,9.96,477971,0
20061011,9.94,9.98,9.76,9.83,197928,0
20061012,9.92,10.8,9.9,10.79,170821,0
20061013,10.83,11.03,10.51,11,321790,0
20061016,10.94,11.22,10.88,11.12,132889,0
20061017,11.01,11.46,10.21,11.25,155116,0
20061018,11.26,11.31,10.98,11.19,170039,0
20061019,11.13,11.48,11.13,11.4,141166,0
20061020,11.47,11.47,11.13,11.17,152332,0
20061023,11.09,11.41,11.07,11.29,87355,0
20061024,11.3,11.34,11.15,11.18,236973,0
20061025,11.13,11.38,11.06,11.26,119932,0
20061026,11.28,11.77,11.2,11.77,146685,0
20061027,11.69,11.98,11.51,11.56,187060,0
20061030,11.5,12.19,11.5,12.06,119848,0
20061031,12.02,12.19,11.42,11.69,154028,0
20061101,13,15.7,13,14.99,1171479,0
20061102,14.92,15.38,14.92,15.03,324115,0
20061103,15.03,15.47,15.02,15.29,520757,0
20061106,15.41,15.86,15.39,15.7,382282,0
20061107,15.76,16.44,15.52,16.4,390511,0
20061108,16.38,17.23,16.17,17,484172,0
20061109,17,17.02,16.51,16.89,303303,0
20061110,16.92,17.05,16.58,16.65,240683,0
20061113,16.6,17.02,16.6,16.83,308651,0
20061114,16.75,17.46,16.75,16.9,422181,0
20061115,16.97,17.32,16.9,17,470929,0
20061116,17.05,17.41,17.05,17.25,351029,0
20061117,17.26,17.45,16.86,17.45,308127,0
20061120,17.41,17.89,16.9,16.99,277281,0
20061121,17.06,17.52,17,17.27,339056,0
20061122,17.37,17.81,17.13,17.71,227098,0
20061124,17.65,17.8,17.51,17.58,114176,0
20061127,17.83,17.83,16.93,17.09,270574,0
20061128,17.01,17.79,16.89,17.66,420566,0
20061129,17.84,18.11,17.59,17.87,325832,0
20061130,17.95,18.08,17.84,17.85,351876,0
20061201,17.87,17.99,17.32,17.6,308512,0
20061204,17.43,17.86,17.33,17.48,494443,0
20061205,17.62,17.62,17.19,17.32,249173,0
20061206,17.24,17.34,17.08,17.21,184604,0
20061207,17.19,17.35,16.89,17.22,202367,0
20061208,17.21,17.3,16.6,16.94,202453,0
20061211,16.97,17.18,16.28,17.02,502981,0
20061212,16.94,17.3,16.73,17.25,546769,0
20061213,17.25,17.25,16.79,17.09,209069,0
20061214,17.14,17.14,16.9,17.05,240413,0
20061215,17.04,17.29,16.97,17.23,203960,0
20061218,17.18,17.46,16.09,16.1,261877,0
20061219,15.92,16.56,15.52,16.43,175037,0
20061220,16.37,16.88,16.26,16.53,139552,0
20061221,16.35,16.96,16.35,16.65,111337,0
20061222,16.58,16.92,16.39,16.72,58575,0
20061226,16.79,16.96,16.35,16.87,69726,0
20061227,16.84,17.3,16.84,17.15,97762,0
20061228,17.06,17.36,16.95,17.19,95359,0
20061229,17.22,17.29,16.57,16.68,258324,0
20070103,16.68,16.98,16.53,16.67,221435,0
20070104,16.67,16.79,16.25,16.68,180078,0
20070105,16.31,16.57,16.07,16.25,196552,0
20070108,16.33,16.51,15.89,16.35,181974,0
20070109,16.43,16.51,15.97,16.12,178877,0
20070110,16.03,16.39,16.01,16.24,157829,0
20070111,16.21,17.02,16.21,16.63,202593,0
20070112,16.56,16.99,16.4,16.66,105405,0
20070116,16.82,17.4,16.82,17.01,262436,0
20070117,16.92,17,16.52,16.55,142583,0
20070118,16.7,16.8,15.86,15.89,121068,0
20070119,15.84,16.24,15.57,15.91,126822,0
20070122,15.94,16.04,15.57,15.66,126319,0
20070123,15.58,16.09,15.52,16.06,104230,0
20070124,16.1,16.61,15.8,16.52,102464,0
20070125,16.5,16.53,15.59,15.81,81157,0
20070126,15.87,16.08,15.57,15.8,88543,0
20070129,15.79,16.28,15.74,15.99,71296,0
20070130,16.05,16.05,15.5,15.59,75236,0
20070131,15.51,16.04,15.48,15.79,186373,0
20070201,15.87,16.1,15.24,15.67,117558,0
20070202,15.74,16.9,15.53,16.75,441336,0
20070205,16.76,17.03,16.15,16.8,436512,0
20070206,16.92,16.92,16.4,16.9,419197,0
20070207,17.04,17.16,16.65,16.97,518846,0
20070208,16.41,17.99,16.41,17.8,382213,0
20070209,17.7,17.7,16.08,16.46,409421,0
20070212,16.25,17.13,16.21,16.89,284193,0
20070213,17,17.1,16.8,17,334251,0
20070214,16.98,17.27,16.83,17.02,147436,0
20070215,17,17.24,16.87,16.99,168105,0
20070216,16.99,17.17,16.8,17.08,153827,0
20070220,17,17.52,16.32,17.31,268681,0
20070221,16.9,17.85,16.9,17.6,239580,0
20070222,17.5,17.6,16.96,17.58,164370,0
20070223,17.52,17.78,17.34,17.47,171028,0
20070226,17.47,17.91,17.46,17.65,105351,0
20070227,17.37,17.56,16.27,16.52,213107,0
20070228,16.51,16.66,15.92,16.28,238641,0
20070301,16.08,16.38,15.3,16.05,210688,0
20070302,15.91,16.13,15.32,15.48,286964,0
20070305,15.28,15.85,15.14,15.32,179061,0
20070306,15.49,15.79,15.13,15.55,190634,0
20070307,15.57,15.58,15.14,15.24,138130,0
20070308,15.33,16.07,15.15,15.23,158174,0
20070309,15.34,16.25,15.26,15.98,163950,0
20070312,15.97,16.25,15.59,15.75,95653,0
20070313,15.75,16.49,15.48,15.57,231774,0
20070314,15.54,15.83,15.12,15.53,114700,0
20070315,15.59,16.25,15.48,16.22,87288,0
20070316,16.21,16.21,15.39,15.69,238937,0
20070319,15.81,16.34,15.65,16.04,288537,0
20070320,16.07,16.28,15.91,16.18,137109,0
20070321,16.22,16.92,15.89,16.91,118709,0
20070322,16.9,17.14,16.65,16.97,169038,0
20070323,17.07,17.38,16.82,17,146718,0
20070326,17.04,17.05,16.3,16.61,136801,0
20070327,16.59,16.75,15.81,15.96,88834,0
20070328,15.86,15.97,15.56,15.71,223782,0
20070329,15.82,15.98,15.34,15.53,93819,0
20070330,15.6,15.91,15.41,15.59,156762,0
20070402,15.65,15.65,14.46,14.73,165047,0
20070403,14.76,15.12,14.66,14.85,274390,0
20070404,14.87,14.97,14.57,14.81,113717,0
20070405,14.77,15,14.71,14.91,116498,0
20070409,14.9,14.97,14.5,14.68,241086,0
20070410,14.71,14.95,14.62,14.91,78819,0
20070411,14.94,14.94,14.21,14.28,80696,0
20070412,14.26,14.94,13.95,14.88,195547,0
20070413,14.92,15.36,14.67,15.33,134805,0
20070416,15.38,15.91,15.24,15.91,104566,0
20070417,15.89,15.91,15.46,15.62,115088,0
20070418,15.52,15.6,15.3,15.5,167781,0
20070419,15.37,15.95,15.18,15.73,150505,0
20070420,15.93,16.42,15.6,16.42,195551,0
20070423,16.32,16.38,16,16.18,149081,0
20070424,16.17,16.25,15.99,16.12,131031,0
20070425,16.17,16.88,16.17,16.77,130413,0
20070426,16.73,16.73,16.03,16.38,143103,0
20070427,16.22,16.53,16.17,16.32,158557,0
20070430,16.32,16.53,16.06,16.31,258757,0
20070501,16.17,16.59,16.13,16.53,213575,0
20070502,16.46,17.13,16.46,16.93,190921,0
20070503,18.44,19.2,18.38,18.83,909451,0
20070504,18.8,19.04,18.62,18.94,405785,0
20070507,18.89,19.18,18.76,19.06,400876,0
20070508,18.9,19.19,18.81,18.84,429923,0
20070509,18.79,19.29,18.7,19.14,502271,0
20070510,19.04,19.17,18.76,18.88,286069,0
20070511,19.14,19.31,18.91,19.14,200552,0
20070514,19.36,20.25,19.31,19.48,310120,0
20070515,19.54,19.94,19.4,19.62,434793,0
20070516,19.69,20.14,19.51,20.13,186660,0
20070517,20.04,20.98,19.64,20.67,481023,0
20070518,20.7,21.41,20.63,21.3,426045,0
20070521,21.35,22.15,21.28,21.41,435864,0
20070522,21.3,21.85,21.3,21.58,338636,0
20070523,21.66,22.2,21.45,21.57,314471,0
20070524,21.45,21.57,20.81,21,443243,0
20070525,21.01,21.35,20.74,21,429072,0
20070529,21.03,21.58,21.03,21.49,539437,0
20070530,21.27,21.65,21.2,21.6,463227,0
20070531,21.61,21.71,21.38,21.58,456370,0
20070601,21.6,21.71,21.38,21.6,563696,0
20070604,21.38,21.7,21.34,21.58,481830,0
20070605,21.6,21.84,21.3,21.61,266299,0
20070606,21.5,21.9,21.4,21.81,256239,0
20070607,21.66,21.87,21.29,21.5,269550,0
20070608,21.5,21.68,21.3,21.47,166873,0
20070611,21.45,21.54,20.86,20.95,242880,0
20070612,20.81,21.28,20.8,21.06,321035,0
20070613,21.09,21.37,21.06,21.17,499286,0
20070614,21.14,21.28,20.99,21.1,250305,0
20070615,21.42,21.43,20.96,21.15,468948,0
20070618,21.23,21.23,20.09,20.17,344574,0
20070619,20.06,20.84,19.93,20.79,358626,0
20070620,20.9,21.05,20.48,20.79,366317,0
20070621,20.74,20.76,20.35,20.65,380356,0
20070622,20.6,20.79,20.18,20.29,525455,0
20070625,20.41,20.67,19.96,20.27,387640,0
20070626,20.15,20.15,19.74,19.99,343577,0
20070627,19.84,20.5,19.68,20.4,365887,0
20070628,20.45,21.38,20.45,21,375503,0
20070629,21.03,21.48,20.85,21.39,483930,0
20070702,21.42,21.73,21.22,21.56,336022,0
20070703,21.68,21.92,21.5,21.71,142044,0
20070705,21.71,21.9,21.46,21.75,156798,0
20070706,21.67,22.13,21.64,21.94,125295,0
20070709,21.86,22.06,21.7,21.9,237327,0
20070710,21.75,21.96,21.27,21.29,130168,0
20070711,21.33,22.24,21.33,22.21,333793,0
20070712,22.29,22.77,22.29,22.68,351174,0
20070713,22.55,22.55,21.99,22.02,210738,0
20070716,18.4,18.46,16.79,17.07,2209408,0
20070717,17.16,18.07,17.07,18.05,1211411,0
20070718,17.91,18.21,17.49,18.19,604143,0
20070719,18.2,18.65,18.2,18.53,375303,0
20070720,18.49,18.49,17.94,18.29,477394,0
20070723,18.4,18.78,18.25,18.68,376286,0
20070724,18.45,18.8,18.27,18.57,593312,0
20070725,18.6,18.79,18.27,18.68,473145,0
20070726,18.75,18.75,17.32,17.75,886885,0
20070727,17.72,17.72,16.57,16.66,436286,0
20070730,16.59,16.8,16.23,16.65,266990,0
20070731,16.79,17.29,16.43,16.5,413305,0
20070801,16.43,16.55,16.02,16.35,331673,0
20070802,16.45,16.45,15.91,16.01,410490,0
20070803,16.03,16.52,15.53,15.55,268107,0
20070806,15.52,15.75,14.83,15.57,469780,0
20070807,15.46,15.65,14.83,14.88,549929,0
20070808,15.04,16.57,14.58,14.86,744018,0
20070809,14.58,14.59,13.82,14.26,949612,0
20070810,14,15,13.62,14.88,427255,0
20070813,15,15.74,13.96,14.63,531858,0
20070814,14.63,15.02,13.93,14.01,242972,0
20070815,14.02,14.25,13.42,13.57,252086,0
20070816,13.45,14.33,13.01,13.76,334740,0
20070817,14.31,14.47,13.3,13.75,217372,0
20070820,13.92,14.42,13.74,14.01,172945,0
20070821,13.92,14.25,13.74,13.87,87660,0
20070822,14,15.92,14,14.91,422427,0
20070823,15.01,15.41,14.67,15.06,225492,0
20070824,15.04,15.3,14.88,15.18,162358,0
20070827,15.08,15.42,14.71,14.84,122667,0
20070828,14.71,14.78,13.85,13.85,134579,0
20070829,13.91,14.32,13.69,14.23,159404,0
20070830,14.06,14.25,13.6,13.93,147655,0
20070831,14.06,14.06,13.85,14.02,176410,0
20070904,13.97,14,13.63,13.91,182999,0
20070905,13.77,14.23,13.74,14.04,329444,0
20070906,14.07,14.43,13.52,13.9,244890,0
20070907,13.64,13.8,12.04,12.81,525497,0
20070910,12.85,13.32,12.16,12.78,259329,0
20070911,12.89,13.54,12.76,13.52,303368,0
20070912,13.49,13.84,13.43,13.66,323475,0
20070913,13.77,14,13.5,13.72,245092,0
20070914,13.62,13.89,13.39,13.69,288016,0
20070917,13.64,13.82,13.55,13.65,279122,0
20070918,13.75,14.48,13.75,14.39,278358,0
20070919,14.48,15.1,14.17,14.63,258656,0
20070920,14.24,14.31,12.71,13.06,433532,0
20070921,13.18,13.37,12.92,13.21,412608,0
20070924,13.21,13.46,13.05,13.05,270591,0
20070925,12.98,13.5,12.95,13.06,150404,0
20070926,13.17,13.26,12.99,13.14,211533,0
20070927,13.23,13.41,12.66,12.97,163877,0
20070928,12.94,13.18,12.7,12.73,195427,0
20071001,12.71,13.8,12.57,13.73,171395,0
20071002,13.77,13.95,13.45,13.92,193940,0
20071003,13.8,14.09,13.73,13.96,145330,0
20071004,14,14.08,13.69,14.01,134748,0
20071005,14.15,15.02,14,14.71,316603,0
20071008,14.7,14.7,14.15,14.51,175524,0
20071009,14.54,14.99,14.26,14.69,283421,0
20071010,14.68,14.8,14.34,14.59,343503,0
20071011,14.68,15.17,14.5,14.8,226826,0
20071012,14.79,14.83,14.3,14.5,155245,0
20071015,14.48,14.57,14.02,14.27,235867,0
20071016,14.2,14.25,13.87,13.91,148139,0
20071017,14.1,14.37,13.7,14.01,382311,0
20071018,13.95,14.19,13.65,13.82,153703,0
20071019,13.79,13.83,13.13,13.4,200731,0
20071022,12.96,13.3,12.55,13.28,256553,0
20071023,13.54,13.54,12.45,12.8,218295,0
20071024,12.67,12.79,12.16,12.78,203636,0
20071025,12.77,12.96,11.88,11.94,289463,0
20071026,12.04,12.11,11.45,11.94,287376,0
20071029,12.04,12.1,11.06,11.24,273790,0
20071030,11.2,11.98,11.11,11.64,591028,0
20071031,11.7,11.75,11.2,11.48,650848,0
20071101,11.29,11.31,10.51,10.52,456670,0
20071102,10.6,10.87,10.03,10.2,277840,0
20071105,10.04,10.19,9.4,9.45,325841,0
20071106,9.54,9.8,9.29,9.68,676478,0
20071107,9.53,9.71,8.87,9,487421,0
20071108,9.09,9.16,8.63,8.94,413063,0
20071109,8.82,9.03,8.41,8.88,512171,0
20071112,8.75,9.4,8.66,9.05,549658,0
20071113,9.11,9.56,8.92,9.44,380265,0
20071114,9.53,9.74,9.38,9.7,318576,0
20071115,9.67,9.98,9.57,9.76,274668,0
20071116,9.77,10.02,9.57,9.95,379172,0
20071119,9.86,10.12,9.74,9.84,267069,0
20071120,9.81,9.89,9.1,9.41,493264,0
20071121,9.26,9.45,8.9,8.93,259227,0
20071123,8.99,9.2,8.94,9.09,76568,0
20071126,9.07,9.23,8.94,9,159843,0
20071127,9.03,9.15,8.2,8.45,391715,0
20071128,8.56,8.94,8.38,8.87,456954,0
20071129,8.83,8.94,8.71,8.86,150797,0
20071130,9,9.17,8.78,8.91,211690,0
20071203,8.93,9.1,8.52,8.68,188862,0
20071204,8.57,8.67,8.02,8.08,296535,0
20071205,8.24,8.6,8,8.32,287802,0
20071206,8.33,9.02,8.33,9.01,152603,0
20071207,9.05,9.05,8.71,8.97,147536,0
20071210,8.99,9.31,8.96,9.26,203606,0
20071211,9.32,9.32,8.46,8.5,235160,0
20071212,8.78,8.89,8.34,8.55,246557,0
20071213,8.49,8.64,8.26,8.57,221878,0
20071214,8.43,8.79,8.39,8.48,340600,0
20071217,8.44,8.5,8.1,8.1,284723,0
20071218,8.2,8.4,8.08,8.36,187088,0
20071219,8.36,8.36,8.03,8.11,93009,0
20071220,8.21,8.23,7.85,8.17,134711,0
20071221,8.32,8.47,8.22,8.35,435190,0
20071224,8.41,8.8,8.12,8.8,247430,0
20071226,8.74,8.88,8.49,8.82,266411,0
20071227,8.82,8.87,8.3,8.33,188385,0
20071228,8.41,8.63,7.82,7.89,277052,0
20071231,7.84,8.49,7.81,8.41,453487,0
20080102,8.38,8.51,7.41,7.5,330597,0
20080103,7.63,7.66,7.02,7.03,296284,0
20080104,7,7.03,6.43,6.59,217023,0
20080107,6.61,6.84,6.32,6.74,243989,0
20080108,6.79,7.05,6.52,6.8,313623,0
20080109,6.77,7.09,6.7,7,267043,0
20080110,6.89,7.29,6.51,6.99,212305,0
20080111,6.92,6.92,6.53,6.54,184928,0
20080114,6.6,6.79,6.55,6.59,258184,0
20080115,6.5,6.59,6.17,6.24,207064,0
20080116,6.23,6.91,6.23,6.51,271350,0
20080117,6.53,6.64,6.16,6.25,122404,0
20080118,6.27,7.51,6.22,6.26,441308,0
20080122,6,6.72,6,6.33,413813,0
20080123,6.16,6.68,5.82,6.66,662572,0
20080124,6.69,6.9,6.45,6.78,216793,0
20080125,6.88,6.97,6.61,6.82,144723,0
20080128,6.82,6.82,6.3,6.53,245626,0
20080129,6.56,6.75,6.3,6.57,120929,0
20080130,6.51,7.49,6.44,7.12,229018,0
20080131,6.98,6.98,6.51,6.81,182274,0
20080201,6.9,7.22,6.6,7.21,141219,0
20080204,7.18,7.24,6.7,7.16,417555,0
20080205,6.97,7.18,6.72,6.89,308640,0
20080206,6.96,7.19,6.79,6.83,155353,0
20080207,6.75,7.18,6.15,6.34,393942,0
20080208,6.31,6.97,6.21,6.64,1392209,0
20080211,6.64,6.93,6.56,6.83,211388,0
20080212,6.92,7.12,6.75,6.97,265402,0
20080213,7.05,7.39,6.92,7.23,352393,0
20080214,7.28,7.72,7.25,7.25,205633,0
20080215,7.18,7.43,6.81,6.88,269239,0
20080219,7.02,7.33,6.95,7.2,98070,0
20080220,7.12,7.38,7,7.24,72805,0
20080221,7.19,7.48,6.82,6.88,275964,0
20080222,6.87,7.28,6.87,7.19,175527,0
20080225,7.16,7.81,6.92,7.77,208907,0
20080226,7.69,8.33,7.69,8.03,327137,0
20080227,7.92,8.4,7.68,8.13,151354,0
20080228,8.05,8.35,7.76,7.8,189935,0
20080229,7.69,7.99,7.4,7.45,222953,0
20080303,7.42,7.58,7.04,7.07,187585,0
20080304,6.98,7.44,6.8,7.39,121883,0
20080305,7.43,7.64,7.17,7.49,116728,0
20080306,7.45,7.67,7,7,182193,0
20080307,6.91,7.62,6.83,7.21,113430,0
20080310,7.27,7.47,6.95,6.96,99499,0
20080311,7.17,8.4,7.17,8.35,301497,0
20080312,8.36,8.38,7.55,7.67,169500,0
20080313,7.57,7.98,7.35,7.94,123260,0
20080314,7.99,7.99,7.28,7.37,175485,0
20080317,7.15,7.96,7,7.65,73247,0
20080318,7.87,8.2,7.53,8.17,157431,0
20080319,8.3,8.45,8.09,8.16,143074,0
20080320,8.29,8.73,7.75,8.68,469842,0
20080324,8.7,9.46,8.59,9.18,193342,0
20080325,9.22,9.54,8.53,9.52,178577,0
20080326,9.46,9.54,9.21,9.48,211883,0
20080327,9.47,9.54,9.2,9.28,155574,0
20080328,9.31,9.78,9.04,9.09,229373,0
20080331,9.07,9.1,8.45,8.47,162471,0
20080401,8.66,8.97,8.47,8.96,169827,0
20080402,9.03,9.1,8.74,9.02,160383,0
20080403,8.92,9.32,8.63,8.75,152481,0
20080404,8.79,9.11,8.67,9,98762,0
20080407,9.01,9.03,8.64,8.78,103071,0
20080408,8.62,9.25,8.61,9.08,136158,0
20080409,9.12,9.2,8.23,8.33,174764,0
20080410,8.27,9.1,8.25,8.64,126576,0
20080411,8.52,8.68,8.35,8.46,142433,0
20080414,8.44,8.69,8.08,8.4,125382,0
20080415,8.44,9.18,8.44,9.06,62378,0
20080416,9.17,9.45,9.15,9.31,109451,0
20080417,9.29,9.3,8.65,8.85,68755,0
20080418,9.05,9.45,8.74,9.34,92641,0
20080421,9.25,9.25,8.97,9,43140,0
20080422,8.94,8.94,8.51,8.65,95611,0
20080423,8.7,8.7,8.11,8.36,141112,0
20080424,8.38,9.09,8.31,8.89,128775,0
20080425,8.94,9.09,8.57,9.05,66897,0
20080428,9.02,9.05,8.85,9.05,97382,0
20080429,9.05,9.05,8.88,8.95,126757,0
20080430,9,9.18,8.83,8.87,110591,0
20080501,8.88,9.78,8.83,9.76,125521,0
20080502,9.83,9.86,9.07,9.07,98483,0
20080505,9.16,9.34,8.8,8.98,115303,0
20080506,9.8,10.9,9.73,10.81,370828,0
20080507,10.82,10.93,10.63,10.7,198885,0
20080508,10.72,10.85,10.64,10.64,281580,0
20080509,10.45,10.84,10.45,10.69,156643,0
20080512,10.74,11.18,10.68,11.03,169437,0
20080513,11.07,11.18,11.07,11.18,184315,0
20080514,11.21,11.4,11.09,11.13,163444,0
20080515,11.11,11.62,11.02,11.47,135253,0
20080516,11.55,11.69,11.17,11.62,202753,0
20080519,11.59,12.19,11.38,11.73,272914,0
20080520,11.65,11.9,11.65,11.89,157643,0
20080521,11.85,11.9,11.16,11.21,119249,0
20080522,11.27,11.57,11,11.46,96792,0
20080523,11.38,11.4,10.95,11.25,238356,0
20080527,11.24,11.94,11.24,11.76,132734,0
20080528,11.98,12,11.34,11.47,109361,0
20080529,11.45,12.55,11.45,12.27,200005,0
20080530,12.37,12.6,12.27,12.53,281440,0
20080602,12.48,12.65,12.1,12.33,249464,0
20080603,12.48,12.64,12.11,12.33,153383,0
20080604,12.26,12.58,12.17,12.4,163347,0
20080605,12.42,13,12.1,12.98,219427,0
20080606,12.84,12.94,12,12.05,242292,0
20080609,12.26,12.47,11.91,12.01,587584,0
20080610,11.8,12.54,11.8,12.25,534255,0
20080611,12.19,12.22,11.1,11.1,332040,0
20080612,11.22,11.5,11,11.01,316234,0
20080613,11.18,11.49,10.74,11.48,249071,0
20080616,11.46,11.66,11.19,11.52,246610,0
20080617,11.41,11.47,11.02,11.36,302309,0
20080618,11.3,11.44,10.82,11.1,213063,0
20080619,11.09,11.65,10.92,11.65,265839,0
20080620,11.57,11.77,10.76,10.81,254559,0
20080623,10.94,11.26,10.51,10.64,179814,0
20080624,10.53,10.96,10.32,10.65,386803,0
20080625,10.68,11.01,10.52,10.86,104343,0
20080626,10.61,10.61,9.75,10.25,227541,0
20080627,10.24,11.34,10.24,10.97,1079614,0
20080630,11.31,11.31,10.45,10.47,307445,0
20080701,10.21,10.52,10.04,10.45,262224,0
20080702,10.45,10.59,9.64,9.66,224813,0
20080703,9.73,9.86,9.45,9.76,122057,0
20080707,9.88,10.46,9.74,10.07,317093,0
20080708,9.92,10.35,9.83,10.28,327820,0
20080709,10.14,10.73,10.02,10.03,222308,0
20080710,10.05,10.64,10.04,10.18,183222,0
20080711,9.93,10.21,9.73,10.02,158496,0
20080714,10.18,10.18,9.6,9.7,138292,0
20080715,9.5,10.21,9.47,9.93,198693,0
20080716,10,10.46,9.65,10.26,207100,0
20080717,10.48,10.6,9.95,10.04,201659,0
20080718,9.87,10.09,9.58,9.92,182211,0
20080721,9.93,10.08,9.5,9.82,113085,0
20080722,9.57,10.33,9.47,10.29,218461,0
20080723,10.23,10.49,9.91,10.34,223228,0
20080724,10.42,10.42,9.81,9.87,187506,0
20080725,10.04,10.49,9.72,10.3,137144,0
20080728,10.21,10.21,9.41,9.49,168570,0
20080729,9.53,10.3,9.06,10.08,151397,0
20080730,10.43,10.46,9.83,10.09,214251,0
20080731,8.83,10.75,8.6,8.91,245052,0
20080801,8.98,9.43,8.86,9.22,199705,0
20080804,9.23,9.39,8.64,8.83,181746,0
20080805,9,9.8,8.85,9.69,224595,0
20080806,9.61,9.86,9.16,9.66,117031,0
20080807,9.6,10.49,9.6,9.78,200904,0
20080808,9.77,10.99,9.72,10.94,169287,0
20080811,10.76,11.72,10.41,11.63,162063,0
20080812,11.54,11.67,11.08,11.28,135782,0
20080813,11.3,11.77,11.25,11.46,260173,0
20080814,11.26,11.65,11.21,11.65,83395,0
20080815,11.82,11.94,11.03,11.38,135149,0
20080818,11.4,11.4,10.5,10.66,92316,0
20080819,10.54,10.8,10.21,10.28,165894,0
20080820,10.36,10.73,9.84,10.38,220994,0
20080821,10.25,10.46,9.76,10,170852,0
20080822,9.88,9.94,9.4,9.6,184655,0
20080825,9.52,9.61,9.07,9.08,173819,0
20080826,9.11,9.56,9.11,9.37,123630,0
20080827,9.41,9.52,9,9.44,93021,0
20080828,9.49,9.49,9.15,9.41,117232,0
20080829,9.34,9.34,9.1,9.21,129645,0
20080902,9.48,9.6,8.95,9.01,129821,0
20080903,8.99,9.72,8.99,9.61,198482,0
20080904,9.53,9.74,9.15,9.15,149318,0
20080905,9.05,9.38,9.05,9.25,185136,0
20080908,9.53,9.83,9.25,9.57,128111,0
20080909,9.62,10.22,9.36,9.38,318121,0
20080910,9.69,10.03,9.36,9.78,190973,0
20080911,9.57,9.99,9.45,9.65,210945,0
20080912,9.53,9.75,9.44,9.64,132330,0
20080915,8.48,8.79,7.76,7.93,258941,0
20080916,7.77,8.39,7.76,8.24,258424,0
20080917,8.08,8.25,7.25,7.28,330540,0
20080918,7.49,7.73,6.8,7.15,301566,0
20080919,7.73,7.86,6.92,7.55,510356,0
20080922,7.62,7.83,6.91,6.93,119732,0
20080923,6.93,7.84,6.9,7.54,242296,0
20080924,7.54,8.08,7.27,7.61,200535,0
20080925,7.71,7.97,7.62,7.9,139865,0
20080926,7.66,7.83,7.3,7.59,214252,0
20080929,7.4,7.66,6.67,6.69,137669,0
20080930,6.74,6.99,6.39,6.95,169867,0
20081001,6.86,7.25,6.71,6.94,153880,0
20081002,6.86,7.25,6.37,6.37,104232,0
20081003,6.5,6.71,5.72,5.73,135391,0
20081006,5.6,6.04,4.9,5.3,172640,0
20081007,5.42,5.81,4.48,4.53,139275,0
20081008,4.43,4.64,4.03,4.09,417504,0
20081009,4.2,5.1,4.12,4.65,671377,0
20081010,4.36,5.53,4.26,5.38,763280,0
20081013,5.71,5.71,5,5.52,283817,0
20081014,5.67,5.67,4.99,5.26,203284,0
20081015,5.2,5.3,4.71,4.99,324760,0
20081016,5.15,5.46,4.82,5.43,220228,0
20081017,5.18,5.58,4.97,4.99,273674,0
20081020,5.1,5.1,4.71,5.04,120558,0
20081021,4.75,5.02,4.6,4.77,240785,0
20081022,4.58,4.72,4.53,4.66,121730,0
20081023,4.65,4.83,4.48,4.67,186749,0
20081024,4.35,4.6,4.22,4.39,140994,0
20081027,4.31,4.34,3.91,4.13,161101,0
20081028,4.15,4.45,3.97,4.43,230703,0
20081029,3.92,4.74,3.8,4.37,266452,0
20081030,4.57,4.57,4,4.22,184826,0
20081031,4.19,5.25,3.88,5.24,242486,0
20081103,5.23,5.48,5.14,5.35,153558,0
20081104,5.43,5.43,4.99,5.22,133589,0
20081105,5.11,5.2,4.5,4.54,139504,0
20081106,4.5,4.5,4.04,4.06,77619,0
20081107,4.12,4.52,4.02,4.36,123801,0
20081110,4.52,4.58,4.22,4.33,77050,0
20081111,4.3,4.45,4.16,4.19,54717,0
20081112,4.08,4.36,3.93,4.01,119842,0
20081113,4.04,4.8,3.86,4.77,133073,0
20081114,4.63,4.89,4.15,4.33,185316,0
20081117,4.26,4.92,4.03,4.11,92400,0
20081118,4.14,4.29,3.73,3.84,79304,0
20081119,3.83,4.28,3.39,3.42,93953,0
20081120,3.4,3.8,3.16,3.16,90246,0
20081121,3.25,3.3,2,2.87,365072,0
20081124,2.82,3.3,2.55,2.81,183592,0
20081125,2.87,2.99,2.79,2.87,145992,0
20081126,2.76,3.1,2.76,3.1,186542,0
20081128,3.02,3.24,2.97,3.14,31253,0
20081201,3,3.32,2.61,2.64,93508,0
20081202,2.63,2.99,2.27,2.99,85188,0
20081203,2.86,3.21,2.79,3.13,105827,0
20081204,3.07,3.29,2.82,2.89,89814,0
20081205,2.81,3.02,2.74,3.02,84290,0
20081208,3.14,3.32,2.97,3.26,103608,0
20081209,3.19,3.68,3.1,3.13,91296,0
20081210,3.2,3.67,3.03,3.31,131083,0
20081211,3.27,3.44,2.99,3.2,172516,0
20081212,3.09,3.58,3.05,3.33,147457,0
20081215,3.36,3.4,2.93,2.96,130646,0
20081216,3.04,3.38,2.94,3.28,129128,0
20081217,3.22,3.31,3,3.03,192173,0
20081218,3.16,3.25,2.82,2.87,85645,0
20081219,2.97,3.35,2.97,3.25,329659,0
20081222,3.26,3.26,2.66,2.93,203003,0
20081223,2.98,3.1,2.92,3.06,52876,0
20081224,3.07,3.07,2.74,2.75,35232,0
20081226,2.78,2.94,2.73,2.79,21555,0
20081229,2.78,3.19,2.59,3.18,121407,0
20081230,3.23,3.37,3.11,3.34,106918,0
20081231,3.35,3.42,3.23,3.35,147338,0
20090102,3.35,3.43,3.2,3.31,78211,0
20090105,3.32,3.4,3.07,3.31,179573,0
20090106,3.36,3.67,3.35,3.55,73769,0
20090107,3.45,3.6,3.41,3.43,80025,0
20090108,3.41,3.67,3.37,3.57,56654,0
20090109,3.56,3.56,2.9,3,213903,0
20090112,3,3.08,2.9,2.99,81740,0
20090113,2.98,3.37,2.98,3.13,80595,0
20090114,3.06,3.18,2.82,2.86,131082,0
20090115,2.86,2.93,2.83,2.89,110006,0
20090116,2.89,2.93,2.8,2.9,73982,0
20090120,2.86,2.89,2.76,2.82,45800,0
20090121,2.86,2.92,2.86,2.9,83798,0
20090122,2.81,2.99,2.6,2.67,51963,0
20090123,2.52,2.83,2.47,2.49,68357,0
20090126,2.5,2.7,2.5,2.69,58617,0
20090127,2.69,2.85,2.66,2.83,53554,0
20090128,2.88,3.03,2.81,3,73973,0
20090129,2.96,2.99,2.61,2.61,62537,0
20090130,2.65,2.76,2.4,2.46,48906,0
20090202,2.42,2.65,2.34,2.39,119685,0
20090203,2.42,2.67,2.38,2.45,128130,0
20090204,2.46,2.57,2.43,2.43,26260,0
20090205,2.41,2.59,2.33,2.54,141602,0
20090206,2.54,3,2.54,3,103962,0
20090209,2.98,3,2.68,2.96,82748,0
20090210,2.93,2.99,2.4,2.4,46489,0
20090211,2.42,2.48,2.35,2.37,60009,0
20090212,2.31,2.41,2.24,2.38,42751,0
20090213,2.39,2.72,2.35,2.41,25729,0
20090217,2.2,2.3,2.01,2.08,60753,0
20090218,2.1,2.33,2.07,2.21,109381,0
20090219,2.24,2.31,2.06,2.09,31356,0
20090220,2.05,2.07,1.82,1.83,43756,0
20090223,1.84,1.94,1.5,1.51,68794,0
20090224,1.54,1.77,1.54,1.57,102455,0
20090225,1.6,1.94,1.3,1.3,79353,0
20090226,1.31,1.46,1.02,1.12,202319,0
20090227,1.11,1.54,1.11,1.16,351711,0
20090302,1.13,1.63,1,1.02,64404,0
20090303,1.05,1.3,1,1.04,139749,0
20090304,1.07,1.21,1,1.03,86132,0
20090305,1.07,1.08,0.81,0.83,184452,0
20090306,0.85,0.99,0.68,0.86,91628,0
20090309,0.85,1.19,0.85,0.87,69736,0
20090310,0.9,1.34,0.85,0.92,200727,0
20090311,0.93,1.05,0.88,0.89,116853,0
20090312,0.88,1.05,0.85,0.93,108518,0
20090313,0.93,1.03,0.82,0.82,113713,0
20090316,0.84,0.97,0.82,0.84,289595,0
20090317,0.85,0.95,0.85,0.95,140863,0
20090318,0.98,1.05,0.9,0.93,160741,0
20090319,0.94,1.05,0.75,0.8,300061,0
20090320,0.82,0.9,0.75,0.78,242931,0
20090323,0.82,0.95,0.75,0.87,261534,0
20090324,0.86,0.93,0.8,0.88,273684,0
20090325,0.9,0.94,0.88,0.94,84216,0
20090326,0.97,1.3,0.93,1.28,191540,0
20090327,1.36,1.59,1.07,1.1,235142,0
20090330,1.07,1.14,1.01,1.01,57805,0
20090331,1.03,1.13,1.03,1.11,171709,0
20090401,1.09,1.36,1.09,1.19,96486,0
20090402,1.19,1.4,1.19,1.31,168206,0
20090403,1.32,1.47,1.27,1.47,146790,0
20090406,1.45,1.45,1.3,1.4,101999,0
20090407,1.37,1.4,1.29,1.29,40374,0
20090408,1.36,1.38,1.31,1.38,36986,0
20090409,1.43,1.81,1.36,1.57,91368,0
20090413,1.54,1.61,1.5,1.59,80527,0
20090414,1.55,1.55,1.49,1.49,78196,0
20090415,1.5,1.65,1.5,1.61,20841,0
20090416,1.71,1.73,1.65,1.71,42285,0
20090417,1.72,2.06,1.67,1.81,118665,0
20090420,1.75,1.76,1.65,1.69,71456,0
20090421,1.69,1.87,1.69,1.87,103553,0
20090422,1.87,1.87,1.8,1.85,62295,0
20090423,1.85,1.85,1.65,1.7,88225,0
20090424,1.73,1.81,1.72,1.81,42292,0
20090427,1.76,1.76,1.65,1.67,38484,0
20090428,1.67,1.75,1.66,1.72,22669,0
20090429,1.82,1.85,1.7,1.83,30223,0
20090430,1.85,1.9,1.64,1.64,120089,0
20090501,1.65,1.74,1.65,1.65,43320,0
20090504,1.68,1.78,1.65,1.76,122579,0
20090505,1.66,2.05,1.66,1.98,139822,0
20090506,2,2.63,1.76,2.39,226551,0
20090507,2.51,2.51,2.1,2.27,101603,0
20090508,2.32,2.4,2.12,2.21,82009,0
20090511,1.96,2.1,1.96,2.06,43757,0
20090512,2.08,2.45,2.08,2.3,45874,0
20090513,2.26,2.38,2.11,2.11,102654,0
20090514,2.13,2.23,2.01,2.11,84126,0
20090515,2.1,2.1,2,2.02,172910,0
20090518,2.05,2.24,2.05,2.24,50961,0
20090519,2.16,2.32,2.05,2.16,91875,0
20090520,2.19,2.19,2.13,2.19,76898,0
20090521,2.16,2.25,2,2.01,97178,0
20090522,2.02,2.06,1.76,1.78,207245,0
20090526,1.8,2.04,1.8,2.03,119237,0
20090527,2.02,2.08,1.93,1.99,167002,0
20090528,2.02,2.1,1.91,2,135330,0
20090529,2.02,2.05,1.86,1.96,567069,0
20090601,2.02,2.2,2.02,2.18,89948,0
20090602,2.16,2.28,2.06,2.27,61013,0
20090603,2.25,2.32,2.03,2.13,83814,0
20090604,2.14,2.29,2.14,2.25,53407,0
20090605,2.29,2.39,2.23,2.24,64277,0
20090608,2.24,2.24,2.03,2.11,66917,0
20090609,2.13,2.19,1.93,2.01,95951,0
20090610,2.03,2.03,1.94,1.97,61363,0
20090611,1.98,2.09,1.98,2.02,53427,0
20090612,2,2.02,1.82,1.95,57613,0
20090615,1.93,1.98,1.89,1.95,51679,0
20090616,1.99,1.99,1.78,1.82,82564,0
20090617,1.83,1.9,1.8,1.83,74099,0
20090618,1.82,2,1.82,1.91,42920,0
20090619,1.96,1.97,1.8,1.8,107863,0
20090622,1.8,1.86,1.8,1.8,142028,0
20090623,1.9,2.09,1.9,2.09,135945,0
20090624,2.1,2.23,1.96,1.99,128224,0
20090625,1.96,2.15,1.93,2.07,92773,0
20090626,2.05,2.07,1.76,1.76,5658686,0
20090629,1.83,1.99,1.83,1.94,214396,0
20090630,1.99,2,1.8,1.96,97987,0
20090701,1.93,1.99,1.84,1.85,35441,0
20090702,1.79,1.95,1.79,1.86,38823,0
20090706,1.87,1.92,1.82,1.82,111704,0
20090707,1.79,1.87,1.79,1.83,26097,0
20090708,1.8,1.86,1.78,1.82,46276,0
20090709,1.82,1.83,1.78,1.8,68545,0
20090710,1.79,1.83,1.75,1.75,55211,0
20090713,1.76,1.82,1.7,1.81,60200,0
20090714,1.8,1.85,1.76,1.85,29450,0
20090715,1.88,2.03,1.86,1.94,91540,0
20090716,1.95,2.04,1.89,2.04,29420,0
20090717,2.01,2.01,1.93,1.98,13358,0
20090720,1.9,1.94,1.9,1.93,13391,0
20090721,1.9,1.95,1.88,1.91,41772,0
20090722,1.91,2,1.88,1.92,44396,0
20090723,1.9,1.93,1.9,1.9,22722,0
20090724,1.86,1.98,1.86,1.96,14530,0
20090727,1.96,2.07,1.96,1.96,113402,0
20090728,1.95,2.06,1.92,1.99,93029,0
20090729,2.01,2.12,2,2.11,84792,0
20090730,2.11,2.11,1.96,2,142261,0
20090731,1.95,2.12,1.94,2.12,44444,0
20090803,2.15,2.27,2.12,2.25,198663,0
20090804,2.25,2.25,2.2,2.24,29721,0
20090805,2.2,2.29,2.18,2.27,28092,0
20090806,2.23,2.32,2.14,2.28,61526,0
20090807,2.31,2.66,2.29,2.65,103249,0
20090810,2.74,2.87,2.59,2.72,79387,0
20090811,2.73,2.73,2.4,2.53,112165,0
20090812,2.52,2.53,2.4,2.53,45052,0
20090813,2.52,3.15,2.52,3,159262,0
20090814,3.03,3.21,2.81,3,49222,0
20090817,2.9,2.96,2.74,2.75,113781,0
20090818,2.8,2.9,2.69,2.9,226064,0
20090819,3,3,2.8,2.85,20723,0
20090820,2.89,2.89,2.73,2.75,14245,0
20090821,2.75,2.82,2.74,2.76,50755,0
20090824,2.8,2.85,2.77,2.82,45821,0
20090825,2.81,2.86,2.78,2.86,43872,0
20090826,2.81,2.98,2.81,2.95,58819,0
20090827,2.95,3.4,2.95,3.37,92147,0
20090828,3.37,3.59,3.27,3.48,71839,0
20090831,3.5,3.88,3.5,3.76,61400,0
20090901,3.69,3.99,3.69,3.73,89060,0
20090902,3.81,3.92,3.7,3.73,314081,0
20090903,3.79,4.04,3.73,3.74,203767,0
20090904,3.7,3.74,3.65,3.73,39020,0
20090908,3.72,3.73,3.49,3.49,81258,0
20090909,3.67,3.85,3.49,3.72,90243,0
20090910,3.58,3.81,3.58,3.72,11986,0
20090911,3.92,3.92,3.63,3.63,23752,0
20090914,3.69,3.75,3.55,3.75,57319,0
20090915,3.73,3.73,3.59,3.66,100789,0
20090916,3.63,3.66,3.59,3.64,62575,0
20090917,3.59,3.74,3.59,3.71,62966,0
20090918,3.66,3.78,3.59,3.74,261269,0
20090921,3.68,3.79,3.6,3.67,56159,0
20090922,3.69,3.71,3.63,3.63,29922,0
20090923,3.75,3.75,3.65,3.65,24170,0
20090924,3.78,3.78,3.51,3.57,62240,0
20090925,3.6,3.6,3.35,3.39,31466,0
20090928,3.39,3.4,3.08,3.13,130793,0
20090929,3.09,3.12,2.95,3.05,90711,0
20090930,3,3.08,2.89,3.04,225851,0
20091001,3.1,3.14,3,3.04,114413,0
20091002,3,3.13,2.99,3.13,59710,0
20091005,3.09,3.15,3.02,3.08,43245,0
20091006,3.06,3.1,3,3.08,30310,0
20091007,3.08,3.1,3.01,3.03,13077,0
20091008,3,3.1,3,3.04,30413,0
20091009,3.06,3.2,3.05,3.14,46388,0
20091012,3.2,3.25,3.02,3.05,53383,0
20091013,3.05,3.29,3.01,3.27,65264,0
20091014,3.26,3.39,3.23,3.31,97684,0
20091015,3.34,4.14,3.21,4.08,151636,0
20091016,4.03,4.12,3.92,3.95,33942,0
20091019,3.95,3.95,3.6,3.65,76279,0
20091020,3.61,3.77,3.52,3.73,49725,0
20091021,3.77,3.99,3.68,3.89,92910,0
20091022,3.85,3.85,3.56,3.71,68655,0
20091023,3.72,3.72,3.5,3.63,39717,0
20091026,3.73,3.73,3.63,3.66,25725,0
20091027,4,4,3.61,3.84,19925,0
20091028,3.77,4.29,3.64,3.64,50118,0
20091029,3.7,3.92,3.5,3.5,52504,0
20091030,3.52,3.52,3.17,3.24,39839,0
20091102,3.27,3.36,3.22,3.25,11070,0
20091103,3.2,3.57,3.18,3.57,31624,0
20091104,3.39,3.77,3.26,3.64,76487,0
20091105,3.61,3.79,3.59,3.77,32973,0
20091106,3.68,3.7,3.59,3.62,27617,0
20091109,3.7,3.87,3.62,3.78,41727,0
20091110,3.74,3.76,3.6,3.68,59268,0
20091111,3.75,4.09,3.73,3.81,100013,0
20091112,3.9,4.01,3.88,3.9,47720,0
20091113,3.97,4,3.9,3.95,35087,0
20091116,4.01,4.1,3.98,4.05,150257,0
20091117,4.02,4.34,4.02,4.2,58071,0
20091118,4.2,4.34,4.18,4.31,22001,0
20091119,4.23,4.34,4.23,4.31,15082,0
20091120,4.11,4.4,4.11,4.25,62837,0
20091123,4.29,4.29,4.15,4.18,9009,0
20091124,4.16,4.17,4.01,4.12,39185,0
20091125,4.08,4.15,4,4.05,19276,0
20091127,4.03,4.07,4,4,715,0
20091130,4,4.12,3.95,4.02,38921,0
20091201,4.05,4.12,3.97,4.12,55737,0
20091202,4.05,4.14,4,4.07,20841,0
20091203,4.04,4.12,3.89,4.01,50073,0
20091204,3.88,4.21,3.88,4.21,94720,0
20091207,4.2,4.37,4.15,4.31,57403,0
20091208,4.3,4.38,4.26,4.28,8650,0
20091209,4.26,4.59,4.22,4.5,59069,0
20091210,4.39,4.39,3.99,4.04,207806,0
20091211,4.11,4.23,4,4.18,14194,0
20091214,4.22,4.27,4.15,4.21,27159,0
20091215,4.24,4.61,4.21,4.55,44999,0
20091216,4.61,4.61,4.43,4.43,23567,0
20091217,4.33,4.43,4.09,4.2,8936,0
20091218,4.22,4.8,4.22,4.8,88433,0
20091221,4.74,4.75,4.63,4.7,31035,0
20091222,4.73,5,4.67,4.74,40413,0
20091223,4.74,4.75,4.34,4.44,26195,0
20091224,4.5,4.5,4.42,4.48,17673,0
20091228,4.34,4.45,4.16,4.29,30162,0
20091229,4.37,5.19,4.35,4.95,120993,0
20091230,4.9,4.97,4.8,4.97,41432,0
20091231,4.89,4.89,4.66,4.75,36052,0
20100104,4.75,4.9,4.75,4.8,87316,0
20100105,4.81,4.9,4.79,4.88,147718,0
20100106,4.8,4.9,4.71,4.82,190797,0
20100107,4.73,4.75,4.6,4.6,13419,0
20100108,4.6,4.73,4.36,4.73,8350,0
20100111,4.69,4.81,4.55,4.7,11148,0
20100112,4.6,4.67,4.53,4.6,7255,0
20100113,4.5,4.7,4.33,4.58,47629,0
20100114,4.56,4.7,4.44,4.64,17714,0
20100115,4.52,4.7,4.2,4.7,53069,0
20100119,4.69,4.8,4.63,4.66,102199,0
20100120,4.65,4.72,4.43,4.65,15210,0
20100121,4.54,4.54,4.26,4.26,9650,0
20100122,4.33,4.33,4.2,4.27,11258,0
20100125,4.28,4.63,4.28,4.44,4707,0
20100126,4.52,4.52,4.19,4.43,10341,0
20100127,4.38,4.4,4.31,4.31,1800,0
20100128,4.29,4.53,4.19,4.24,27014,0
20100129,4.25,4.25,4.09,4.09,13500,0
20100201,4.23,4.41,4.15,4.21,36498,0
20100202,4,4.52,4,4.32,67988,0
20100203,4.33,4.55,4.19,4.5,54332,0
20100204,4.48,4.51,4.17,4.28,47964,0
20100205,4.21,4.42,4.21,4.3,7122,0
20100208,4.27,4.61,4.25,4.32,11898,0
20100209,4.34,4.58,4.34,4.42,16785,0
20100210,4.63,4.63,4.44,4.5,23358,0
20100211,4.5,4.65,4.45,4.5,32110,0
20100212,4.47,4.7,4.2,4.59,46861,0
20100216,4.61,4.69,4.5,4.6,65759,0
20100217,4.56,4.56,4.49,4.55,46261,0
20100218,4.51,4.57,4.47,4.55,24853,0
20100219,4.49,4.53,4.49,4.53,16388,0
20100222,4.5,4.5,4.31,4.44,4693,0
20100223,4.47,4.48,4.25,4.42,29144,0
20100224,4.41,4.49,4.39,4.49,9284,0
20100225,4.46,4.55,4.4,4.46,10471,0
20100226,4.31,4.67,4.31,4.36,99002,0
20100301,4.42,4.53,4.41,4.43,8175,0
20100302,4.49,4.5,4.41,4.47,22638,0
20100303,4.45,4.55,4.44,4.52,33307,0
20100304,4.53,4.55,4.37,4.54,26834,0
20100305,4.45,4.9,4.37,4.87,147749,0
20100308,4.88,5.1,4.71,5.03,169865,0
20100309,4.98,5.13,4.89,4.98,38328,0
20100310,5.02,5.11,4.93,5.09,33824,0
20100311,5.05,5.13,5.03,5.13,223822,0
20100312,5.15,5.19,5.1,5.17,50953,0
20100315,5.19,5.22,5.16,5.22,56065,0
20100316,4.99,5.56,4.99,5.38,36266,0
20100317,5.42,5.51,5.32,5.32,47464,0
20100318,5.33,5.4,5.12,5.2,31322,0
20100319,5.14,5.14,4.58,4.74,184491,0
20100322,4.72,4.72,4.59,4.6,47041,0
20100323,4.6,4.65,4.43,4.43,31837,0
20100324,4.44,4.69,4.37,4.37,65397,0
20100325,4.46,5.16,4.37,4.95,249899,0
20100326,4.88,4.88,4.64,4.73,58203,0
20100329,4.73,4.9,4.73,4.78,45882,0
20100330,4.81,4.84,4.7,4.81,21169,0
20100331,4.35,4.5,4.35,4.38,1360785,0
20100401,4.42,4.5,4.37,4.47,271942,0
20100405,4.49,4.56,4.4,4.56,130850,0
20100406,4.55,4.6,4.5,4.55,195842,0
20100407,4.61,4.65,4.5,4.61,110651,0
20100408,4.62,4.63,4.52,4.6,63825,0
20100409,4.61,4.68,4.6,4.65,55751,0
20100412,4.65,4.79,4.64,4.7,106137,0
20100413,4.72,4.79,4.55,4.72,120113,0
20100414,4.74,5.02,4.62,5.02,176952,0
20100415,5.03,5.29,4.99,5.25,183975,0
20100416,5.24,5.29,5.12,5.22,116119,0
20100419,5.16,5.22,5.03,5.15,52375,0
20100420,5.16,5.35,5,5.26,58440,0
20100421,5.29,5.43,5.19,5.42,56989,0
20100422,5.29,5.66,5.21,5.6,106696,0
20100423,5.59,5.76,5.5,5.76,36343,0
20100426,5.73,6.02,5.66,5.99,314790,0
20100427,5.9,5.92,5.73,5.87,185870,0
20100428,5.85,5.95,5.8,5.83,190836,0
20100429,5.8,5.97,5.72,5.8,60915,0
20100430,5.86,5.95,5.61,5.61,68020,0
20100503,5.64,5.81,5.5,5.65,98217,0
20100504,5.61,5.66,5.58,5.61,72895,0
20100505,5.55,5.64,5.46,5.48,181088,0
20100506,5.41,5.56,5.13,5.32,409120,0
20100507,5.26,5.5,5.03,5.07,153981,0
20100510,5.48,5.48,5.11,5.17,43496,0
20100511,5.03,5.2,4.95,5.16,111636,0
20100512,5.21,5.38,5.19,5.37,64201,0
20100513,5.32,5.32,5.11,5.15,42120,0
20100514,5.14,5.14,4.93,5.02,318261,0
20100517,5.01,5.14,4.87,5.06,59717,0
20100518,5.15,5.3,5.11,5.12,63702,0
20100519,5.12,5.12,4.95,5.02,33952,0
20100520,4.94,4.97,4.49,4.55,108203,0
20100521,4.41,4.81,4.3,4.72,154720,0
20100524,4.68,5.4,4.65,5.24,229267,0
20100525,5.05,5.11,4.93,5.04,250981,0
20100526,5.05,5.06,4.92,5,48848,0
20100527,5.09,5.1,5.04,5.04,110743,0
20100528,4.98,5.15,4.9,5.12,127735,0
20100601,5.03,5.11,4.92,4.97,51323,0
20100602,4.96,4.99,4.77,4.93,93495,0
20100603,4.94,5,4.91,5,57854,0
20100604,4.97,5.01,4.9,4.9,51840,0
20100607,4.76,4.89,4.64,4.75,40191,0
20100608,4.69,4.69,4.45,4.51,38717,0
20100609,4.56,4.76,4.5,4.67,71320,0
20100610,4.77,5.12,4.64,5.1,268366,0
20100611,4.99,5.25,4.99,5.15,73904,0
20100614,5.16,5.17,4.99,5.17,73716,0
20100615,5.18,5.18,5.04,5.15,31879,0
20100616,5.09,5.13,4.99,5.1,29007,0
20100617,5.1,5.16,5.1,5.16,71576,0
20100618,5.13,5.36,5.03,5.06,190245,0
20100621,5.17,5.3,5.05,5.18,49402,0
20100622,5.2,5.22,5.08,5.1,103152,0
20100623,5.12,5.31,5.02,5.27,210558,0
20100624,5.21,5.37,5.18,5.31,130067,0
20100625,5.33,5.56,5.14,5.36,4595228,0
20100628,5.36,5.36,4.88,4.95,233671,0
20100629,4.87,4.88,4.35,4.41,209921,0
20100630,4.42,4.54,4.34,4.4,201310,0
20100701,4.4,4.5,4.16,4.19,310059,0
20100702,4.22,4.43,3.95,4.03,88688,0
20100706,4.12,4.36,3.8,3.94,231124,0
20100707,3.96,4.18,3.87,4.1,178782,0
20100708,4.15,4.25,3.93,3.95,131279,0
20100709,3.96,4.2,3.86,4.03,77645,0
20100712,4.03,4.19,3.93,3.96,76867,0
20100713,4.03,4.23,4.01,4.18,140016,0
20100714,4.15,4.24,4.15,4.18,49068,0
20100715,4.2,4.2,4.03,4.08,79721,0
20100716,4.04,4.04,3.81,3.85,121695,0
20100719,3.87,3.87,3.6,3.69,166280,0
20100720,3.64,3.67,3.56,3.67,116748,0
20100721,3.7,3.84,3.64,3.7,46521,0
20100722,3.76,4.45,3.7,4.38,235733,0
20100723,4.34,4.6,4.17,4.42,141992,0
20100726,4.42,4.45,4.19,4.43,198257,0
20100727,4.47,4.81,4.28,4.55,95857,0
20100728,4.53,4.66,4.25,4.26,61198,0
20100729,4.28,4.39,4.06,4.33,93893,0
20100730,4.26,4.47,4.19,4.45,139578,0
20100802,4.52,4.63,4.45,4.58,85327,0
20100803,4.55,4.71,4.41,4.53,63280,0
20100804,4.54,4.58,4.38,4.5,37536,0
20100805,4.46,4.46,4.2,4.21,22461,0
20100806,4.15,4.15,3.81,4.06,57740,0
20100809,3.53,4.24,3.53,4.21,52098,0
20100810,4.01,4.19,3.97,4.08,84137,0
20100811,4,4.09,3.89,3.9,98445,0
20100812,3.83,3.89,3.71,3.77,49068,0
20100813,3.77,3.83,3.64,3.67,52773,0
20100816,3.65,4.04,3.52,3.6,40976,0
20100817,3.66,3.73,3.52,3.72,82442,0
20100818,3.71,3.77,3.64,3.67,39121,0
20100819,3.66,3.74,3.31,3.32,74647,0
20100820,3.3,3.4,3.2,3.3,81996,0
20100823,3.31,3.33,3.15,3.21,30366,0
20100824,3.24,3.24,3,3.01,38318,0
20100825,3,3.15,3,3.1,83137,0
20100826,3.11,3.27,3.05,3.07,25807,0
20100827,3.11,3.21,3.03,3.2,55505,0
20100830,3.18,3.36,3.06,3.08,49077,0
20100831,3.09,3.11,2.99,3,131850,0
20100901,3.05,3.37,2.93,3.06,160711,0
20100902,3.07,3.33,2.98,3.06,95097,0
20100903,3.1,3.49,3.1,3.36,140105,0
20100907,3.39,3.39,3.09,3.12,123879,0
20100908,3.12,3.24,3.11,3.13,156767,0
20100909,3.18,3.18,3.06,3.09,102236,0
20100910,3.14,3.14,3.04,3.05,92229,0
20100913,3.09,3.26,3.09,3.25,92412,0
20100914,3.25,3.25,3.1,3.16,100993,0
20100915,3.16,3.3,3.15,3.25,205253,0
20100916,3.24,3.26,3.08,3.11,106344,0
20100917,3.14,3.38,3.1,3.25,111113,0
20100920,3.25,3.66,3.24,3.64,86201,0
20100921,3.63,3.7,3.49,3.49,72210,0
20100922,3.47,3.51,3.26,3.5,45966,0
20100923,3.47,3.59,3.38,3.43,52700,0
20100924,3.48,3.6,3.47,3.52,78604,0
20100927,3.53,3.53,3.39,3.48,31811,0
20100928,3.5,3.5,3.29,3.39,53193,0
20100929,3.39,3.42,3.3,3.33,66520,0
20100930,3.37,3.49,3.32,3.44,79745,0
20101001,3.48,3.48,3.38,3.41,28902,0
20101004,3.41,3.55,3.31,3.48,80962,0
20101005,3.53,3.66,3.47,3.65,99698,0
20101006,3.62,3.62,3.51,3.55,59645,0
20101007,3.59,3.59,3.41,3.51,41902,0
20101008,3.48,3.57,3.43,3.54,57707,0
20101011,3.48,3.51,3.47,3.49,25182,0
20101012,3.47,3.51,3.38,3.48,32784,0
20101013,3.5,3.66,3.41,3.64,78624,0
20101014,3.62,3.67,3.5,3.55,113742,0
20101015,3.61,3.61,3.48,3.5,71700,0
20101018,3.52,3.59,3.49,3.57,56737,0
20101019,3.5,3.53,3.48,3.51,104276,0
20101020,3.54,3.56,3.48,3.53,64340,0
20101021,3.56,3.57,3.41,3.55,57405,0
20101022,3.3,3.56,3.3,3.51,40310,0
20101025,3.54,3.7,3.43,3.46,38872,0
20101026,3.45,3.52,3.37,3.4,50419,0
20101027,3.37,3.53,3.33,3.51,96480,0
20101028,3.55,3.55,3.46,3.47,24572,0
20101029,3.43,3.52,3.43,3.52,55715,0
20101101,3.54,3.73,3.52,3.7,154678,0
20101102,3.77,3.9,3.73,3.88,191353,0
20101103,3.85,3.9,3.65,3.83,205158,0
20101104,3.9,3.92,3.79,3.9,100445,0
20101105,3.85,3.87,3.74,3.85,90344,0
20101108,3.75,3.81,3.68,3.75,106557,0
20101109,3.72,3.75,3.6,3.63,59124,0
20101110,3.66,3.69,3.54,3.65,93319,0
20101111,3.6,3.63,3.56,3.59,35682,0
20101112,3.54,3.6,3.51,3.52,38715,0
20101115,3.53,3.76,3.52,3.74,270258,0
20101116,3.69,3.69,3.6,3.65,64851,0
20101117,3.67,3.75,3.62,3.68,49795,0
20101118,3.72,3.85,3.69,3.85,29324,0
20101119,3.83,3.95,3.75,3.93,68285,0
20101122,3.9,3.95,3.79,3.85,13294,0
20101123,3.81,3.81,3.75,3.8,33711,0
20101124,3.82,3.99,3.82,3.99,39764,0
20101126,3.95,4.06,3.94,4.06,9295,0
20101129,4.01,4.11,3.92,4.1,20311,0
20101130,4.04,4.16,4.02,4.08,41057,0
20101201,4.15,4.15,4.02,4.05,81560,0
20101202,4.06,4.12,3.93,4.12,313290,0
20101203,4.03,4.27,4.03,4.27,48723,0
20101206,4.25,4.6,4.25,4.57,118081,0
20101207,4.72,4.83,4.65,4.67,113295,0
20101208,4.7,5.14,4.65,5.1,108281,0
20101209,5.15,5.4,5.11,5.28,125660,0
20101210,5.27,5.38,5.02,5.35,51165,0
20101213,5.35,5.37,5.22,5.22,64794,0
20101214,5.25,5.25,5.08,5.1,69547,0
20101215,5.05,5.11,4.91,4.99,49994,0
20101216,5.02,5.22,4.91,5.2,72900,0
20101217,5.19,5.39,5.19,5.31,194791,0
20101220,5.33,5.63,5.31,5.53,149732,0
20101221,5.57,5.77,5.56,5.7,45471,0
20101222,5.75,5.84,5.65,5.82,31202,0
20101223,5.83,5.85,5.78,5.83,30102,0
20101227,5.75,5.85,5.63,5.83,63462,0
20101228,5.85,5.85,5.68,5.83,28073,0
20101229,5.85,5.85,5.77,5.83,20262,0
20101230,5.8,6,5.8,5.92,56662,0
20101231,5.95,6.01,5.82,5.83,44471,0
20110103,5.86,6.03,5.84,5.93,35069,0
20110104,5.97,5.97,5.37,5.39,79883,0
20110105,5.39,5.61,5.34,5.6,36494,0
20110106,5.59,5.73,5.47,5.53,57092,0
20110107,5.56,5.56,5.22,5.3,54179,0
20110110,5.25,5.38,5.18,5.33,25475,0
20110111,5.34,5.34,5.2,5.25,23665,0
20110112,5.32,5.48,5.21,5.48,51362,0
20110113,5.48,5.64,5.31,5.64,42491,0
20110114,5.66,5.7,5.52,5.65,30717,0
20110118,5.61,5.62,5.5,5.59,11217,0
20110119,5.55,5.6,5.06,5.06,49937,0
20110120,5.05,5.05,4.87,4.93,65324,0
20110121,5.08,5.43,5.08,5.19,60563,0
20110124,5.2,5.56,5.13,5.41,43730,0
20110125,5.35,5.36,5.15,5.26,27617,0
20110126,5.25,5.56,5.23,5.51,56219,0
20110127,5.53,5.53,5.29,5.5,56009,0
20110128,5.49,5.49,5.24,5.29,76221,0
20110131,5.29,5.75,5.29,5.52,82982,0
20110201,5.55,5.74,5.43,5.57,57562,0
20110202,5.53,5.62,5.49,5.61,30077,0
20110203,5.62,5.68,5.49,5.5,22600,0
20110204,5.48,5.65,5.42,5.6,56695,0
20110207,5.63,5.68,5.51,5.59,65698,0
20110208,5.56,5.78,5.48,5.75,22146,0
20110209,5.7,6.1,5.67,5.98,642892,0
20110210,5.95,6,5.7,5.96,54719,0
20110211,5.98,6.6,5.93,6.48,173525,0
20110214,6.49,7.03,6.41,6.92,260558,0
20110215,6.22,6.36,5.92,6.22,411876,0
20110216,6.27,6.45,6.16,6.36,111891,0
20110218,6.4,6.53,6.3,6.46,46556,0
20110222,6.37,6.55,6.18,6.4,203746,0
20110223,6.4,6.92,6.4,6.59,152999,0
20110224,6.66,6.66,6.22,6.33,99779,0
20110225,6.33,6.64,6.2,6.61,89991,0
20110228,6.68,6.84,6.56,6.71,102744,0
20110301,6.63,6.83,6.55,6.57,102710,0
20110302,6.52,6.59,6.46,6.56,54876,0
20110303,6.66,6.78,6.58,6.71,82190,0
20110304,6.74,6.77,6.48,6.56,108137,0
20110307,6.59,6.61,6.48,6.52,57285,0
20110308,6.55,7.11,6.55,6.72,173798,0
20110309,6.62,6.78,6.5,6.55,73589,0
20110310,6.49,6.6,6.18,6.24,132224,0
20110311,6.21,6.7,6.2,6.52,96393,0
20110314,6.4,6.51,6.22,6.25,48383,0
20110315,6.11,6.14,5.99,6.04,93179,0
20110316,6,6.06,5.8,5.82,239907,0
20110317,5.95,6.02,5.8,5.82,86881,0
20110318,5.9,6.12,5.84,6.1,201083,0
20110321,6.12,6.66,6.12,6.65,81444,0
20110322,6.66,6.68,6.42,6.45,44853,0
20110323,6.42,6.42,6.14,6.32,42032,0
20110324,6.31,6.36,6.06,6.25,37385,0
20110325,6.19,6.51,6.17,6.43,33444,0
20110328,6.48,6.48,6.28,6.41,40747,0
20110329,6.33,6.43,6.2,6.43,30164,0
20110330,6.43,6.57,6.43,6.49,40698,0
20110331,6.49,6.63,6.41,6.5,63304,0
20110401,6.62,6.63,6.32,6.37,44758,0
20110404,6.37,6.6,6.25,6.48,58701,0
20110405,6.44,6.5,6.36,6.45,29516,0
20110406,6.54,6.66,6.42,6.59,49539,0
20110407,6.6,6.63,6.48,6.48,12735,0
20110408,6.56,6.56,5.98,6.02,93756,0
20110411,6.02,6.05,5.92,5.92,30735,0
20110412,5.87,5.9,5.71,5.73,74064,0
20110413,5.6,5.79,5.57,5.65,68447,0
20110414,5.62,5.87,5.58,5.8,55580,0
20110415,5.78,5.83,5.7,5.74,79596,0
20110418,5.6,5.66,5.53,5.59,30770,0
20110419,5.64,5.65,5.42,5.57,48138,0
20110420,5.72,6.08,5.72,6.08,50741,0
20110421,6.07,6.12,5.86,5.98,44534,0
20110425,6,6,5.82,5.9,18431,0
20110426,5.85,6.17,5.81,6.15,40602,0
20110427,6.02,6.12,5.96,6.04,22186,0
20110428,6,6.05,5.78,6.05,36665,0
20110429,6.06,6.11,5.86,6.03,48739,0
20110502,6.07,6.07,5.57,5.58,84168,0
20110503,5.49,5.63,5.46,5.5,140822,0
20110504,5.5,5.57,5.36,5.36,110929,0
20110505,5.31,5.44,5.13,5.21,81273,0
20110506,5.36,5.37,5.17,5.21,31259,0
20110509,5.18,5.27,5.02,5.24,120660,0
20110510,5.29,5.3,5.12,5.16,130082,0
20110511,5.14,5.2,5.07,5.11,27686,0
20110512,5.06,5.2,5.06,5.2,40223,0
20110513,5.22,5.23,5.15,5.18,59396,0
20110516,5.12,5.13,4.86,4.86,93926,0
20110517,4.8,4.86,4.54,4.57,132171,0
20110518,4.58,4.81,4.45,4.72,389455,0
20110519,4.83,5.06,4.75,4.97,179812,0
20110520,4.98,5.26,4.9,5.11,117580,0
20110523,4.96,5.09,4.87,4.95,48257,0
20110524,4.99,4.99,4.57,4.58,74538,0
20110525,4.55,4.78,4.46,4.66,71883,0
20110526,4.62,4.72,4.58,4.7,64007,0
20110527,4.7,4.75,4.66,4.75,15799,0
20110531,4.84,5.26,4.75,5.25,62909,0
20110601,5.24,5.24,4.56,4.57,73860,0
20110602,4.58,4.77,4.49,4.72,53041,0
20110603,4.59,4.75,4.57,4.7,81841,0
20110606,4.69,4.77,4.59,4.7,75641,0
20110607,4.76,4.77,4.6,4.6,75027,0
20110608,4.59,4.66,4.41,4.47,85641,0
20110609,4.51,4.65,4.45,4.61,64566,0
20110610,4.55,4.58,4.48,4.49,45053,0
20110613,4.52,4.54,4.4,4.41,52238,0
20110614,4.49,4.59,4.39,4.54,46222,0
20110615,4.5,4.55,4.39,4.43,111676,0
20110616,4.45,4.54,4.45,4.52,75003,0
20110617,4.56,4.59,4.51,4.59,167186,0
20110620,4.55,4.83,4.55,4.8,45408,0
20110621,4.86,5.3,4.81,5.24,72905,0
20110622,5.2,5.23,5.04,5.08,82178,0
20110623,5.01,5.12,4.98,5.06,77424,0
20110624,5.08,5.27,4.69,5.01,1198313,0
20110627,4.99,5.13,4.88,5.08,87204,0
20110628,5.13,5.31,5.03,5.3,63628,0
20110629,5.34,5.34,5.1,5.25,53924,0
20110630,5.27,5.36,5.21,5.35,44143,0
20110701,5.35,5.48,5.27,5.37,136356,0
20110705,5.35,5.38,5.09,5.25,29369,0
20110706,5.25,6.11,5.23,5.95,181171,0
20110707,6.07,6.16,5.92,6.03,132274,0
20110708,5.92,6,5.81,5.87,37513,0
20110711,5.77,5.86,5.6,5.66,53882,0
20110712,5.63,5.83,5.54,5.58,67153,0
20110713,5.61,5.92,5.59,5.71,35681,0
20110714,5.69,5.69,5.48,5.59,44431,0
20110715,5.61,5.8,5.54,5.77,76943,0
20110718,5.73,5.73,5.41,5.46,38045,0
20110719,5.59,5.9,5.39,5.89,47284,0
20110720,5.9,5.9,5.45,5.46,18838,0
20110721,5.49,6.01,5.48,5.99,78512,0
20110722,5.98,6.02,5.88,5.88,40893,0
20110725,5.78,5.85,5.67,5.82,63151,0
20110726,5.8,6.13,5.79,6,118435,0
20110727,5.86,6.16,5.86,6.02,122550,0
20110728,6.04,6.07,5.85,5.95,88194,0
20110729,5.83,6.01,5.83,5.99,83835,0
20110801,6.08,6.15,5.86,5.99,93095,0
20110802,5.95,5.95,5.46,5.47,119274,0
20110803,5.5,5.5,5.17,5.28,112338,0
20110804,5.17,5.35,4.68,4.8,359291,0
20110805,4.98,5.14,4.66,4.98,238872,0
20110808,4.16,5.11,4,4.03,245133,0
20110809,4.2,4.75,4.18,4.57,326972,0
20110810,4.49,4.56,4,4.01,123342,0
20110811,4.03,4.51,3.99,4.51,122300,0
20110812,4.51,4.62,4.38,4.52,104129,0
20110815,4.6,4.72,4.49,4.7,48635,0
20110816,4.59,4.63,4.5,4.55,65813,0
20110817,4.62,4.85,4.51,4.74,128006,0
20110818,4.6,4.79,4.17,4.31,126848,0
20110819,4.21,4.34,4.08,4.2,87471,0
20110822,4.29,4.41,4.1,4.21,58202,0
20110823,4.25,4.67,4.11,4.67,79635,0
20110824,4.64,4.85,4.41,4.8,73941,0
20110825,4.73,4.88,4.41,4.51,113975,0
20110826,4.42,4.79,4.42,4.7,37241,0
20110829,4.81,5.23,4.69,5.21,117041,0
20110830,4.93,5.44,4.75,5.42,87803,0
20110831,5.47,5.47,5.19,5.26,107377,0
20110901,5.06,5.27,4.76,4.97,115026,0
20110902,4.74,4.74,4.39,4.6,90611,0
20110906,4.29,4.62,4.29,4.59,91853,0
20110907,4.72,4.74,4.43,4.53,227361,0
20110908,4.63,4.76,4.54,4.56,97091,0
20110909,4.46,4.47,4.1,4.21,133273,0
20110912,4.03,4.17,3.84,3.92,111720,0
20110913,3.96,4.11,3.85,4.03,122761,0
20110914,4.13,4.15,3.84,4.08,104994,0
20110915,4.03,4.28,3.95,4.26,74450,0
20110916,4.29,4.36,4.07,4.35,320112,0
20110919,4.18,4.22,3.9,4,74113,0
20110920,3.93,4.03,3.91,3.99,106161,0
20110921,3.89,4.03,3.51,3.53,310720,0
20110922,3.57,3.68,3.17,3.29,112828,0
20110923,3.24,3.81,3.22,3.43,73167,0
20110926,3.31,3.49,3.3,3.4,59796,0
20110927,3.55,3.77,3.46,3.53,167062,0
20110928,3.55,3.67,3.33,3.33,100061,0
20110929,3.42,3.49,3.28,3.4,77536,0
20110930,3.31,3.52,3.3,3.42,95664,0
20111003,3.38,3.55,3.05,3.08,117880,0
20111004,3.05,3.99,3.05,3.92,214079,0
20111005,3.79,3.93,3.58,3.74,81740,0
20111006,3.73,3.81,3.68,3.74,88731,0
20111007,3.78,3.78,3.49,3.57,111980,0
20111010,3.71,4.04,3.56,4,103088,0
20111011,3.92,4.01,3.83,3.87,84033,0
20111012,3.93,4.03,3.86,3.98,81315,0
20111013,3.94,4.24,3.83,4.18,47329,0
20111014,4.27,4.5,4.14,4.44,125053,0
20111017,4.27,4.36,3.99,4.02,66830,0
20111018,4.06,4.26,3.96,4.18,93543,0
20111019,4.17,4.33,3.95,3.99,110361,0
20111020,4.02,4.04,3.81,3.93,87306,0
20111021,4.03,4.09,3.94,4.06,107022,0
20111024,4.07,4.48,3.9,4.44,104990,0
20111025,4.37,4.49,4.12,4.18,69593,0
20111026,4.28,4.55,4.07,4.53,82761,0
20111027,4.82,5.48,4.25,5.2,258213,0
20111028,5.17,5.21,4.71,4.79,134323,0
20111031,4.67,4.86,4.52,4.63,81128,0
20111101,4.24,4.53,3.94,4.01,97599,0
20111102,4.15,4.18,3.8,4.14,158765,0
20111103,4.25,4.9,4.07,4.75,90776,0
20111104,4.71,4.75,4.34,4.43,60806,0
20111107,4.33,4.42,3.97,4.22,58034,0
20111108,4.29,4.79,4.17,4.75,59620,0
20111109,4.49,4.63,4.11,4.14,134763,0
20111110,4.26,4.38,4.03,4.17,79669,0
20111111,4.25,4.75,4.23,4.71,95301,0
20111114,4.5,4.77,4.5,4.62,87039,0
20111115,4.55,4.61,4.34,4.6,82470,0
20111116,4.49,4.82,4.27,4.6,99937,0
20111117,4.64,4.93,4.58,4.62,102025,0
20111118,4.66,4.74,4.61,4.71,65080,0
20111121,4.74,4.77,4.5,4.58,101982,0
20111122,4.55,4.69,4.43,4.44,63823,0
20111123,4.36,4.44,4.08,4.12,100329,0
20111125,4.15,4.25,3.96,3.97,59707,0
20111128,4.12,4.28,4.07,4.15,142972,0
20111129,4.16,4.48,4.16,4.27,58542,0
20111130,4.62,4.73,4.35,4.72,185636,0
20111201,4.52,5,4.51,4.71,103217,0
20111202,4.75,5,4.64,4.99,67361,0
20111205,5.04,5.17,4.73,4.95,121659,0
20111206,4.96,4.99,4.78,4.86,87579,0
20111207,4.78,5,4.63,4.89,74532,0
20111208,4.8,4.92,4.5,4.51,77682,0
20111209,4.56,5.23,4.5,5.13,94919,0
20111212,4.99,5.13,4.75,4.87,71390,0
20111213,4.93,5.05,4.58,4.64,54659,0
20111214,4.54,4.78,4.44,4.75,126040,0
20111215,4.89,4.89,4.74,4.81,55811,0
20111216,4.82,4.9,4.74,4.83,132960,0
20111219,4.87,4.9,4.61,4.64,64857,0
20111220,4.84,4.98,4.72,4.96,96988,0
20111221,4.89,5.07,4.84,5.06,59664,0
20111222,5.11,5.13,4.92,5.02,71845,0
20111223,5.05,5.05,4.92,4.93,26542,0
20111227,4.9,5.04,4.9,5.01,35621,0
20111228,5.02,5.03,4.8,4.83,55684,0
20111229,4.87,5.01,4.71,4.8,131625,0
20111230,4.83,4.87,4.7497,4.79,42974,0
20120103,5.03,5.03,4.88,4.94,69589,0
20120104,4.89,4.93,4.76,4.8,41245,0
20120105,4.74,4.88,4.66,4.72,75874,0
20120106,4.72,4.8,4.59,4.68,80758,0
20120109,4.74,4.75,4.65,4.7,56193,0
20120110,4.82,4.91,4.66,4.75,122125,0
20120111,4.71,4.79,4.58,4.72,66789,0
20120112,4.69,4.79,4.67,4.75,57906,0
20120113,4.7,4.75,4.64,4.71,51901,0
20120117,4.78,4.85,4.66,4.69,60870,0
20120118,4.69,4.78,4.6,4.72,71332,0
20120119,4.73,4.8,4.65,4.76,42083,0
20120120,4.74,5.25,4.74,5.24,51850,0
20120123,5.22,5.25,4.99,5.16,43034,0
20120124,5.09,5.37,5.09,5.34,65428,0
20120125,5.33,5.68,5.33,5.68,59061,0
20120126,5.69,5.74,5.45,5.52,65660,0
20120127,5.49,5.55,5.41,5.49,70995,0
20120130,5.4,5.4,5.22,5.27,50290,0
20120131,5.32,5.38,5.07,5.35,56868,0
20120201,5.39,5.5,5.27,5.35,193840,0
20120202,5.36,5.37,5.23,5.29,43884,0
20120203,5.43,5.6,5.32,5.6,75323,0
20120206,5.53,5.56,5.41,5.49,38897,0
20120207,5.4,5.46,5.26,5.35,33603,0
20120208,5.35,5.39,5.25,5.31,71526,0
20120209,5.32,5.37,5.21,5.27,74616,0
20120210,5.28,5.28,4.92,4.93,55931,0
20120213,5.02,5.16,5.02,5.05,43084,0
20120214,5,5.07,4.97,5.06,53326,0
20120215,5.11,5.11,4.91,4.93,75061,0
20120216,4.98,5.01,4.91,5,48053,0
20120217,5.01,5.05,4.94,4.98,49427,0
20120221,5.08,5.09,4.76,4.76,56601,0
20120222,4.81,4.83,4.65,4.71,43293,0
20120223,4.62,4.75,4.62,4.7,51500,0
20120224,4.51,4.66,4.42,4.49,234694,0
20120227,4.42,4.45,4.29,4.35,95186,0
20120228,4.29,4.41,4.29,4.39,20381,0
20120229,4.5,4.61,4.42,4.47,104628,0
20120301,4.6,4.76,4.53,4.59,138201,0
20120302,4.51,4.67,4.5,4.55,114556,0
20120305,4.49,4.7,4.46,4.61,69438,0
20120306,4.56,4.64,4.52,4.6,84669,0
20120307,4.62,4.65,4.6,4.65,13599,0
20120308,4.72,4.87,4.52,4.78,52565,0
20120309,4.78,5.19,4.71,5.08,68763,0
20120312,5.11,5.11,4.93,5.06,121921,0
20120313,5.14,5.37,5.05,5.35,53641,0
20120314,5.16,5.37,5.16,5.32,33220,0
20120315,5.24,5.4,5.22,5.4,31883,0
20120316,5.4,5.61,5.34,5.58,132908,0
20120319,5.58,5.91,5.52,5.79,68386,0
20120320,5.73,5.8,5.58,5.65,32373,0
20120321,5.71,5.71,5.5,5.52,40149,0
20120322,5.48,5.48,5.12,5.19,36055,0
20120323,5.2,5.34,5.08,5.33,33909,0
20120326,5.43,5.79,5.34,5.76,48414,0
20120327,5.75,5.8,5.41,5.44,74449,0
20120328,5.44,5.46,5.23,5.37,33958,0
20120329,5.29,5.5,5.18,5.48,50616,0
20120330,5.55,5.55,5.33,5.38,47611,0
20120402,5.34,5.44,5.24,5.36,109476,0
20120403,5.34,5.42,5.01,5.03,50441,0
20120404,4.94,5.06,4.94,5.01,73620,0
20120405,4.95,5.04,4.95,4.98,28596,0
20120409,4.86,5.19,4.86,5.04,171355,0
20120410,5.04,5.09,4.95,5,200304,0
20120411,5.05,5.15,4.97,5.1,333911,0
20120412,5.1,5.31,5.02,5.09,138162,0
20120413,5.06,5.08,4.95,5.01,142015,0
20120416,5.08,5.49,4.95,5.48,265941,0
20120417,5.56,5.98,5.55,5.89,638920,0
20120418,5.84,5.84,5.47,5.56,50134,0
20120419,5.55,5.65,5.34,5.47,82775,0
20120420,5.72,5.79,5.39,5.47,74585,0
20120423,5.33,5.47,5.11,5.2,84346,0
20120424,5.19,5.43,5.17,5.38,94145,0
20120425,5.48,5.72,5.27,5.34,71657,0
20120426,5.32,5.39,5.11,5.13,93953,0
20120427,5.17,5.58,5.04,5.51,201979,0
20120430,4.504,5.9,4.504,5.44,53179,0
20120501,5,5.1,4.95,5.01,173238,0
20120502,4.99,4.99,4.83,4.97,91433,0
20120503,4.96,5,4.72,4.8,83431,0
20120504,4.77,4.78,4.45,4.6,137633,0
20120507,4.49,4.68,4.35,4.46,149397,0
20120508,4.41,4.44,4.19,4.27,89785,0
20120509,4.19,4.47,4.19,4.41,133143,0
20120510,4.45,4.45,4.24,4.27,22412,0
20120511,4.22,4.22,4.06,4.14,127082,0
20120514,4.07,4.3,4.07,4.19,40824,0
20120515,4.18,4.23,4.02,4.03,23978,0
20120516,4.05,4.2,4.03,4.13,47968,0
20120517,4.13,4.19,4.01,4.01,37995,0
20120518,3.97,4.17,3.96,4.1,89781,0
20120521,4.11,4.15,4.01,4.15,39574,0
20120522,4.16,4.25,3.83,3.86,68119,0
20120523,3.81,4.05,3.72,3.99,60647,0
20120524,3.98,4.14,3.89,4.1,77805,0
20120525,4.11,4.34,3.91,3.93,31654,0
20120529,3.83,4.26,3.83,4.14,454870,0
20120530,4.08,4.08,3.92,4,71219,0
20120531,4.03,4.14,3.81,3.95,74624,0
20120601,3.86,3.86,3.53,3.55,59213,0
20120604,3.65,3.91,3.59,3.9,187104,0
20120605,3.76,3.9,3.73,3.79,78728,0
20120606,3.91,4.03,3.82,4.03,66521,0
20120607,4.06,4.08,3.83,3.85,61524,0
20120608,3.86,3.92,3.81,3.87,41197,0
20120611,3.93,3.93,3.67,3.67,68498,0
20120612,3.7,3.73,3.48,3.54,35581,0
20120613,3.55,3.55,3.26,3.32,78306,0
20120614,3.33,3.5,3.23,3.48,49631,0
20120615,3.47,3.85,3.39,3.8,211269,0
20120618,3.79,3.9,3.48,3.63,74217,0
20120619,3.65,3.88,3.59,3.85,110068,0
20120620,3.83,3.85,3.68,3.71,128229,0
20120621,3.7,3.77,3.5,3.55,48989,0
20120622,3.56,3.73,3.47,3.66,409216,0
20120625,3.58,3.58,3.3,3.49,56532,0
20120626,3.51,3.6,3.4,3.52,81564,0
20120627,3.54,3.68,3.53,3.67,87467,0
20120628,3.63,3.71,3.6,3.69,36908,0
20120629,3.74,4.33,3.74,4.17,311805,0
20120702,4.16,4.25,3.94,4.17,174382,0
20120703,4.13,4.25,4.08,4.16,39141,0
20120705,4.13,4.22,4.1,4.15,114724,0
20120706,4.1,4.2,3.99,4.12,137716,0
20120709,4.09,4.1,3.78,4.03,86005,0
20120710,4.06,4.09,3.9,3.99,150949,0
20120711,3.98,4.17,3.9,4.13,149161,0
20120712,4.08,4.26,3.98,4.24,40754,0
20120713,4.23,4.33,4.15,4.32,47533,0
20120716,4.29,4.44,4.2,4.29,25400,0
20120717,4.35,4.52,4.1899,4.49,75510,0
20120718,4.49,4.62,4.39,4.42,54583,0
20120719,4.44,4.5,4.34,4.4,67432,0
20120720,4.39,4.47,4.35,4.41,51072,0
20120723,4.3,4.4,3.98,4.35,76894,0
20120724,4.36,4.36,4.16,4.19,45722,0
20120725,4.25,4.27,4.06,4.15,61772,0
20120726,4.26,4.5,4.25,4.41,146300,0
20120727,4.45,4.59,4.32,4.59,78571,0
20120730,4.59,4.65,4.5,4.51,41991,0
20120731,4.45,4.59,4.41,4.55,168575,0
20120801,4.58,4.58,4.2,4.22,90388,0
20120802,4.13,4.187,4.05,4.06,56119,0
20120803,4.19,4.37,4.08,4.29,64265,0
20120806,4.31,4.65,4.29,4.63,51627,0
20120807,4.7,4.7,4.34,4.37,83078,0
20120808,4.35,4.4,4.14,4.27,49352,0
20120809,4.24,4.32,4.08,4.1,33656,0
20120810,4.11,4.13,3.87,3.93,34151,0
20120813,3.92,4.05,3.89,4.03,43597,0
20120814,4.09,4.09,3.86,3.86,13849,0
20120815,3.84,4.21,3.84,4.11,23572,0
20120816,4.11,4.45,4.0701,4.42,32116,0
20120817,4.4,4.7,4.32,4.69,50105,0
20120820,4.67,4.6801,4.5,4.53,42609,0
20120821,4.57,4.7,4.37,4.37,46633,0
20120822,4.59,4.59,3.95,4.2,16077,0
20120823,4.19,4.23,4.07,4.22,18733,0
20120824,4.18,4.61,4.17,4.47,47120,0
20120827,4.49,4.65,4.46,4.635,10244,0
20120828,4.65,4.65,4.15,4.58,61119,0
20120829,4.58,4.68,4.53,4.64,46747,0
20120830,4.6,4.66,4.44,4.6,23978,0
20120831,4.67,4.68,4.53,4.64,12442,0
20120904,4.66,4.66,4.3512,4.54,26073,0
20120905,4.6,4.73,4.5,4.61,49656,0
20120906,4.65,4.7,4.49,4.63,62445,0
20120907,4.68,4.68,4.3299,4.42,81244,0
20120910,4.39,4.47,4.3,4.39,26981,0
20120911,4.42,4.47,4.25,4.46,21621,0
20120912,4.46,4.53,4.33,4.41,30443,0
20120913,4.41,4.7,4.36,4.6,69148,0
20120914,4.65,4.66,4.48,4.66,81923,0
20120917,4.6,4.73,4.53,4.72,45000,0
20120918,4.71,4.71,4.56,4.66,35332,0
20120919,4.65,4.65,4.47,4.54,32842,0
20120920,4.49,4.5,4.35,4.46,15562,0
20120921,4.59,4.59,4.38,4.5,163450,0
20120924,4.47,4.63,4.47,4.59,86447,0
20120925,4.64,4.64,4.51,4.57,65878,0
20120926,4.6,4.64,4.52,4.63,37732,0
20120927,4.65,4.65,4.36,4.58,44208,0
20120928,4.54,4.54,4.371,4.46,170526,0
20121001,4.5,4.65,4.5,4.57,57945,0
20121002,4.62,4.62,4.57,4.59,29507,0
20121003,4.62,4.65,4.52,4.55,55245,0
20121004,4.6,4.65,4.51,4.64,41289,0
20121005,4.65,4.65,4.37,4.6,84712,0
20121008,4.55,4.62,4.5,4.52,35701,0
20121009,4.46,4.46,4.36,4.38,10953,0
20121010,4.38,4.47,4.38,4.47,7060,0
20121011,4.55,4.55,4.44,4.46,15294,0
20121012,4.5,4.52,4.36,4.49,33216,0
20121015,4.5,4.5,4.38,4.5,20784,0
20121016,4.55,4.55,4.46,4.5,18926,0
20121017,4.51,4.6,4.38,4.57,38983,0
20121018,4.55,4.63,4.09,4.24,47229,0
20121019,4.17,4.26,4.01,4.1,68562,0
20121022,4.09,4.13,4.03,4.09,18203,0
20121023,4.03,4.08,3.991,4.06,31097,0
20121024,4.09,4.16,4.02,4.11,28404,0
20121025,4.18,4.18,4.08,4.11,16876,0
20121026,4.12,4.205,4.12,4.16,46418,0
20121031,4.15,4.15,3.99,4.04,24870,0
20121101,4.08,4.41,4.08,4.37,76234,0
20121102,4.41,4.48,4.24,4.29,49087,0
20121105,4.3,4.5,4.3,4.38,30390,0
20121106,4.47,4.58,4.39,4.47,25984,0
20121107,4.37,4.59,4.22,4.395,78316,0
20121108,4.45,4.5,4.39,4.42,186079,0
20121109,4.33,4.52,4.32,4.37,287972,0
20121112,4.38,4.51,4.31,4.35,25526,0
20121113,4.31,4.51,4.27,4.37,41858,0
20121114,4.4,4.43,4,4.03,41477,0
20121115,4.04,4.08,3.82,3.97,65589,0
20121116,3.9,4.17,3.87,4.03,75500,0
20121119,4.06,4.3,4.06,4.2,52590,0
20121120,4.15,4.18,4.08,4.1,17963,0
20121121,4.12,4.25,4.05,4.22,20396,0
20121123,4.23,4.23,4.03,4.2,16668,0
20121126,4.19,4.3,4.19,4.21,73663,0
20121127,4.21,4.43,4.2,4.32,21875,0
20121128,4.33,4.41,4.33,4.4,3131,0
20121129,4.47,4.54,4.39,4.5,22204,0
20121130,4.45,4.5499,4.34,4.39,28459,0
20121203,4.46,4.46,4.35,4.44,18850,0
20121204,4.46,4.46,4.285,4.39,20077,0
20121205,4.44,4.44,4.18,4.23,26051,0
20121206,4.15,4.34,4.15,4.33,11930,0
20121207,4.31,4.38,4.2,4.23,15206,0
20121210,4.23,4.28,4.05,4.16,18630,0
20121211,4.14,4.27,4.11,4.21,66547,0
20121212,4.22,4.24,4.1,4.12,28867,0
20121213,4.14,4.22,4.02,4.08,16030,0
20121214,4.05,4.23,3.96,4.15,71333,0
20121217,4.18,4.39,4.06,4.38,37066,0
20121218,4.41,4.71,4.23,4.63,267319,0
20121219,4.58,4.65,4.44,4.62,59090,0
20121220,4.48,4.58,4.3584,4.57,59125,0
20121221,4.42,4.56,4.38,4.52,199754,0
20121224,4.43,4.57,4.42,4.51,7990,0
20121226,4.49,4.57,4.43,4.49,22650,0
20121227,4.51,4.51,4.425,4.45,36020,0
20121228,4.5,4.5,4.4,4.45,35892,0
20121231,4.45,4.56,4.45,4.48,44253,0
20130102,4.65,4.85,4.45,4.74,120121,0
20130103,4.7,4.8,4.63,4.67,88486,0
20130104,4.71,4.7895,4.58,4.66,66623,0
20130107,4.6,4.77,4.5,4.5,19824,0
20130108,4.51,4.74,4.5,4.56,30316,0
20130109,4.61,4.73,4.6,4.68,76130,0
20130110,4.7,4.77,4.64,4.7,10165,0
20130111,4.72,4.9,4.6,4.67,25770,0
20130114,4.67,4.6825,4.63,4.64,30752,0
20130115,4.58,4.71,4.58,4.67,33545,0
20130116,4.64,4.65,4.55,4.57,6142,0
20130117,4.6,4.67,4.55,4.64,15536,0
20130118,4.6,4.65,4.55,4.64,30572,0
20130122,4.63,4.6393,4.35,4.54,27961,0
20130123,4.55,4.7,4.53,4.66,56405,0
20130124,4.67,4.7,4.6,4.62,13110,0
20130125,4.67,4.67,4.4,4.43,16103,0
20130128,4.47,4.74,4.47,4.73,26535,0
20130129,4.71,4.78,4.58,4.76,41811,0
20130130,4.73,4.73,4.55,4.58,17848,0
20130131,4.58,4.82,4.56,4.81,51453,0
20130201,4.85,4.85,4.66,4.71,42232,0
20130204,4.71,4.77,4.45,4.5,59735,0
20130205,4.53,4.6695,4.53,4.6,8343,0
20130206,4.49,4.62,4.42,4.53,17243,0
20130207,4.55,4.63,4.35,4.4,14386,0
20130208,4.42,4.46,4.39,4.4,14110,0
20130211,4.42,4.42,4.23,4.29,35575,0
20130212,4.28,4.4,4.26,4.37,15633,0
20130213,4.3,4.37,4.22,4.3,16754,0
20130214,4.27,4.353,4.26,4.34,8381,0
20130215,4.39,4.39,4.2313,4.26,44674,0
20130219,4.29,4.54,4.29,4.45,99586,0
20130220,4.47,4.51,4.18,4.24,49966,0
20130221,4.22,4.22,4,4.08,66749,0
20130222,4.12,4.24,4.07,4.24,42866,0
20130225,4.27,4.29,3.88,3.9,51208,0
20130226,3.94,4.14,3.91,3.99,29231,0
20130227,3.97,4.1,3.96,3.99,33989,0
20130228,3.99,4.02,3.65,3.68,150243,0
20130301,3.67,3.77,3.56,3.76,27682,0
20130304,3.76,3.8,3.71,3.77,16073,0
20130305,3.86,3.93,3.76,3.92,33098,0
20130306,3.93,4.03,3.85,3.92,24770,0
20130307,3.91,4.07,3.86,4.01,77531,0
20130308,4.08,4.14,4.055,4.09,36379,0
20130311,4.06,4.095,3.963,3.99,11132,0
20130312,3.97,4.058,3.9501,3.97,28764,0
20130313,3.97,4.04,3.91,3.93,27700,0
20130314,3.95,4.11,3.89,4.11,157313,0
20130315,4.12,4.22,4,4.11,242187,0
20130318,4.07,4.12,4,4.09,93201,0
20130319,4.12,4.13,3.66,3.72,73022,0
20130320,3.74,3.95,3.74,3.93,36712,0
20130321,3.9,4.02,3.82,3.85,42800,0
20130322,3.87,3.95,3.86,3.9,15215,0
20130325,3.93,4,3.9299,3.99,97098,0
20130326,4.03,4.06,3.95,4.02,49641,0
20130327,3.97,3.99,3.83,3.84,17599,0
20130328,3.87,3.98,3.828,3.94,50300,0
20130401,3.92,3.92,3.63,3.64,30381,0
20130402,3.88,3.88,3.49,3.53,27942,0
20130403,3.331,3.72,3.331,3.63,36487,0
20130404,3.65,3.72,3.59,3.66,17495,0
20130405,3.58,3.92,3.58,3.78,33238,0
20130408,3.83,3.83,3.58,3.63,47975,0
20130409,3.65,3.73,3.57,3.66,40425,0
20130410,3.68,3.75,3.53,3.61,35466,0
20130411,3.61,3.64,3.47,3.52,14928,0
20130412,3.57,3.57,3.43,3.55,25107,0
20130415,3.51,3.62,3.46,3.47,65569,0
20130416,3.57,3.59,3.4,3.5,48882,0
20130417,3.45,3.47,3.08,3.17,97749,0
20130418,3.3,3.36,3.231,3.3,73412,0
20130419,3.29,3.34,3.09,3.27,62267,0
20130422,3.16,3.4,3.16,3.35,113638,0
20130423,3.31,3.39,3.23,3.3,21343,0
20130424,3.32,3.34,3.23,3.26,20950,0
20130425,3.26,3.34,3.23,3.26,69017,0
20130426,3.3,3.3,3.07,3.09,63579,0
20130429,3.19,3.19,3.09,3.18,51391,0
20130430,3.25,3.34,3.21,3.3,111104,0
20130501,3.27,3.28,2.56,2.86,139201,0
20130502,2.87,2.87,2.72,2.74,128765,0
20130503,2.77,3.05,2.77,3,80924,0
20130506,2.93,3.1,2.91,3.1,83381,0
20130507,3,3,2.62,2.8,75468,0
20130508,2.68,2.76,2.68,2.73,37702,0
20130509,2.72,2.77,2.63,2.7,67059,0
20130510,2.72,2.78,2.65,2.72,126818,0
20130513,2.68,2.78,2.53,2.54,95680,0
20130514,2.55,2.61,2.39,2.42,226366,0
20130515,2.4,2.43,2.1,2.2,114329,0
20130516,2.2,2.23,2.11,2.18,118569,0
20130517,2.2,2.35,2.2,2.32,147453,0
20130520,2.3,2.34,2.285,2.33,64425,0
20130521,2.32,2.41,2.31,2.35,97206,0
20130522,2.34,2.48,2.34,2.47,93463,0
20130523,2.45,2.54,2.41,2.5,33592,0
20130524,2.5,2.5,2.4,2.42,47485,0
20130528,2.48,2.53,2.41,2.46,73342,0
20130529,2.44,2.46,2.39,2.4,75226,0
20130530,2.4,2.44,2.36,2.41,77391,0
20130531,2.41,2.43,2.23,2.31,151428,0
20130603,2.33,2.6,2.2915,2.52,229155,0
20130604,2.56,2.66,2.43,2.5,215021,0
20130605,2.51,2.73,2.49,2.56,168078,0
20130606,2.57,2.57,2.53,2.56,144250,0
20130607,2.58,2.6,2.49,2.5,147410,0
20130610,2.51,2.6,2.46,2.56,134917,0
20130611,2.52,2.55,2.47,2.5,95933,0
20130612,2.52,2.52,2.47,2.48,120264,0
20130613,2.48,2.569,2.47,2.55,62420,0
20130614,2.56,2.56,2.48,2.5,62918,0
20130617,2.54,2.54,2.44,2.47,76091,0
20130618,2.49,2.49,2.2816,2.47,73965,0
20130619,2.47,2.52,2.43,2.5,58511,0
20130620,2.44,2.52,2.4,2.44,64740,0
20130621,2.46,2.46,2.35,2.46,198103,0
20130624,2.44,2.5,2.33,2.35,198638,0
20130625,2.36,2.39,2.28,2.32,225678,0
20130626,2.33,2.37,2.28,2.3,106175,0
20130627,2.33,2.39,2.27,2.31,143898,0
20130628,2.31,2.74,2.25,2.48,4976614,0
20130701,2.46,2.61,2.44,2.5,90033,0
20130702,2.39,2.68,2.36,2.49,145540,0
20130703,2.55,2.63,2.52,2.58,41689,0
20130705,2.58,2.58,2.45,2.5,46473,0
20130708,2.48,2.51,2.42,2.49,105947,0
20130709,2.42,2.51,2.42,2.48,32928,0
20130710,2.44,2.52,2.42,2.45,108132,0
20130711,2.49,2.49,2.39,2.43,56395,0
20130712,2.42,2.5,2.4,2.5,49038,0
20130715,2.38,2.49,2.38,2.44,51117,0
20130716,2.46,2.47,2.37,2.43,47596,0
20130717,2.44,2.5,2.42,2.48,27912,0
20130718,2.46,2.52,2.42,2.49,74560,0
20130719,2.41,2.52,2.41,2.51,219131,0
20130722,2.51,2.58,2.5,2.56,70843,0
20130723,2.54,2.59,2.52,2.52,29213,0
20130724,2.5,2.56,2.38,2.47,78136,0
20130725,2.48,2.53,2.48,2.5,32810,0
20130726,2.5,2.5,2.41,2.45,23982,0
20130729,2.42,2.53,2.38,2.5,35573,0
20130730,2.51,2.56,2.44,2.55,77276,0
20130731,2.5508,2.5508,2.11,2.37,385309,0
20130801,2.5,2.5,2.35,2.46,74818,0
20130802,2.42,2.42,2.27,2.4,44000,0
20130805,2.38,2.39,2.3,2.39,69723,0
20130806,2.36,2.41,2.34,2.39,34760,0
20130807,2.31,2.44,2.29,2.4,69200,0
20130808,2.39,2.5,2.35,2.47,36528,0
20130809,2.51,2.84,2.42,2.71,85229,0
20130812,2.71,2.84,2.64,2.68,83559,0
20130813,2.74,2.8,2.7,2.78,24050,0
20130814,2.7,2.839,2.65,2.78,35131,0
20130815,2.71,2.7199,2.52,2.65,32068,0
20130816,2.94,2.99,2.63,2.7,7955,0
20130819,2.66,2.949,2.5101,2.65,32826,0
20130820,2.61,2.76,2.59,2.63,57578,0
20130821,2.632,2.632,2.56,2.56,17502,0
20130822,2.56,2.6,2.5,2.5,16081,0
20130823,2.55,2.6,2.52,2.52,30254,0
20130826,2.55,2.58,2.51,2.54,47483,0
20130827,2.52,2.571,2.52,2.53,10540,0
20130828,2.54,2.71,2.54,2.63,48734,0
20130829,2.83,2.83,2.63,2.72,27074,0
20130830,2.75,2.8,2.66,2.74,34498,0
20130903,2.75,2.8,2.67,2.73,54484,0
20130904,2.7,2.85,2.7,2.82,25040,0
20130905,2.82,3.26,2.82,3.26,274217,0
20130906,3.25,3.25,3.08,3.1,109087,0
20130909,3.1,3.269,3.01,3.1,210963,0
20130910,3.12,3.19,2.81,3.02,148444,0
20130911,3.03,3.089,3,3.08,150852,0
20130912,3.05,3.15,3,3,148585,0
20130913,3,3.06,3,3.03,10684,0
20130916,3.09,3.14,3.09,3.11,69394,0
20130917,3.11,3.19,3.05,3.16,38643,0
20130918,3.11,3.18,3.1,3.13,284252,0
20130919,3.15,3.25,3.11,3.14,22068,0
20130920,3.12,3.24,3.1,3.18,26375,0
20130923,3.18,3.18,3.05,3.14,23869,0
20130924,3.14,3.16,3.1,3.15,30700,0
20130925,3.16,3.23,3.14,3.2,54500,0
20130926,3.23,3.38,3.22,3.31,55300,0
20130927,3.3,3.33,3.24,3.28,47300,0
20130930,3.27,3.29,3.18,3.24,36687,0
20131001,3.27,3.33,3.211,3.24,5560,0
20131002,3.27,3.44,3.2,3.39,29592,0
20131003,3.36,3.44,3.36,3.4,24732,0
20131004,3.43,3.53,3.43,3.47,59600,0
20131007,3.42,3.44,3.34,3.39,42035,0
20131008,3.34,3.4,3.28,3.3,48500,0
20131009,3.34,3.43,3.34,3.39,172900,0
20131010,3.41,3.43,3.35,3.37,6400,0
20131011,3.28,3.46,3.28,3.42,10600,0
20131014,3.37,3.38,3.25,3.37,8600,0
20131015,3.38,3.46,3.37,3.46,3100,0
20131016,3.45,3.45,3.31,3.41,25441,0
20131017,3.41,3.41,3.27,3.32,37800,0
20131018,3.28,3.39,3.26,3.36,44185,0
20131021,3.39,3.39,3.35,3.39,30100,0
20131022,3.45,3.5,3.35,3.37,37645,0
20131023,3.42,3.44,3.38,3.4,22200,0
20131024,3.45,3.45,3.36,3.4,24009,0
20131025,3.43,3.43,3.38,3.39,12900,0
20131028,3.36,3.45,3.34,3.34,112900,0
20131029,3.5,3.5,3.35,3.38,26600,0
20131030,3.38,3.5,3.37,3.5,42000,0
20131031,3.5,3.5,3.25,3.25,86847,0
20131101,3.25,3.25,3.1,3.2,27900,0
20131104,3.22,3.46,3.22,3.41,24900,0
20131105,3.47,3.5,3.45,3.45,17798,0
20131106,3.44,3.47,3.14,3.19,69380,0
20131107,3.18,3.25,3.06,3.16,45514,0
20131108,3.17,3.3,3.11,3.11,17300,0
20131111,3.11,3.24,3.11,3.14,30300,0
20131112,3.13,3.2675,3.13,3.18,28501,0
20131113,3.44,3.44,3.21,3.22,17848,0
20131114,3.25,3.27,3.14,3.15,30353,0
20131115,3.13,3.24,3.09,3.13,25300,0
20131118,3.21,3.27,3.12,3.16,39100,0
20131119,3.19,3.29,3.16,3.24,35000,0
20131120,3.23,3.27,3.2,3.23,27113,0
20131121,3.24,3.41,3.23,3.4,225000,0
20131122,3.4,3.53,3.33,3.5,166600,0
20131125,3.47,3.5,3.3,3.43,32600,0
20131126,3.41,3.45,3.35,3.38,97700,0
20131127,3.36,3.45,3.36,3.45,64300,0
20131129,3.43,3.49,3.3,3.42,52587,0
20131202,3.39,3.51,3.31,3.5,186800,0
20131203,3.5,3.53,3.4,3.5,52400,0
20131204,3.46,3.5,3.41,3.42,60542,0
20131205,3.45,3.51,3.33,3.45,62831,0
20131206,3.47,3.53,3.44,3.48,26900,0
20131209,3.46,3.51,3.36,3.45,113600,0
20131210,3.5,3.68,3.47,3.5,136500,0
20131211,3.47,3.53,3.3,3.49,75100,0
20131212,3.45,3.68,3.45,3.63,197900,0
20131213,3.64,4.23,3.55,4.19,351000,0
20131216,4.27,4.27,3.97,4.03,72100,0
20131217,3.97,3.97,3.9,3.93,21789,0
20131218,3.96,3.96,3.81,3.86,34300,0
20131219,3.85,3.88,3.81,3.81,7500,0
20131220,3.8,3.98,3.5,3.94,62900,0
20131223,3.93,4.03,3.76,3.9,39800,0
20131224,3.96,3.96,3.83,3.88,6497,0
20131226,3.91,3.91,3.78,3.83,14500,0
20131227,3.84,3.87,3.64,3.86,50500,0
20131230,3.82,4,3.77,3.94,89412,0
20131231,3.93,4.04,3.89,4.02,45151,0
20140102,4,4.14,3.95,4.07,37440,0
20140103,4.08,4.15,4.0584,4.13,16934,0
20140106,4.15,4.15,4,4.06,32700,0
20140107,4.05,4.05,3.88,3.9,65100,0
20140108,3.81,4.01,3.79,3.97,17600,0
20140109,3.97,4,3.9,3.95,13500,0
20140110,3.95,3.98,3.89,3.9,553600,0
20140113,3.9,3.94,3.86,3.94,17500,0
20140114,3.95,4.03,3.91,4,23100,0
20140115,4.02,4.03,3.98,4.01,9021,0
20140116,4.01,4.07,4,4.01,11200,0
20140117,4.02,4.06,4.01,4.02,6000,0
20140121,3.99,4,3.81,3.83,34900,0
20140122,3.85,4.17,3.85,4.13,74500,0
20140123,4.09,4.1099,3.99,4.09,34198,0
20140124,4.07,4.1,3.95,3.99,47043,0
20140127,4,4.07,3.95,3.95,31980,0
20140128,3.95,4.06,3.95,3.99,15800,0
20140129,4.01,4.02,3.95,3.99,21500,0
20140130,4.02,4.04,3.95,3.99,26531,0
20140131,3.95,4,3.95,3.97,14000,0
20140203,3.97,4.01,3.95,3.97,53411,0
20140204,3.97,4.03,3.95,3.96,23041,0
20140205,3.96,4.03,3.95,3.98,27553,0
20140206,4.01,4.0104,3.98,4.01,7907,0
20140207,4,4.03,3.96,4.01,17197,0
20140210,3.98,3.98,3.95,3.96,11028,0
20140211,3.96,3.98,3.94,3.95,18887,0
20140212,3.95,4,3.95,3.97,9877,0
20140213,3.97,3.97,3.83,3.93,29283,0
20140214,3.9,3.96,3.77,3.81,18052,0
20140218,3.77,3.84,3.67,3.84,39965,0
20140219,3.84,3.87,3.8,3.83,19551,0
20140220,3.86,3.86,3.71,3.76,22674,0
20140221,3.76,3.79,3.71,3.74,16957,0
20140224,3.75,3.83,3.6204,3.65,30479,0
20140225,3.63,3.74,3.63,3.65,21994,0
20140226,3.62,3.62,3.5,3.56,24254,0
20140227,3.52,3.56,3.32,3.5,80237,0
20140228,3.5,3.65,3.45,3.58,53537,0
20140303,3.58,3.58,3.34,3.42,34147,0
20140304,3.44,3.574,3.31,3.39,45436,0
20140305,3.45,3.87,3.43,3.74,86584,0
20140306,3.71,4,3.68,3.87,74376,0
20140307,3.97,3.97,3.61,3.81,54832,0
20140310,3.81,3.99,3.55,3.63,43799,0
20140311,3.61,3.728,3.41,3.48,11477,0
20140312,3.48,3.64,3.45,3.63,27528,0
20140313,3.6,3.814,3.39,3.59,44644,0
20140314,3.61,3.77,3.4,3.6,15178,0
20140317,3.74,3.98,3.59,3.85,49072,0
20140318,3.86,4,3.59,3.62,56140,0
20140319,3.75,3.75,3.64,3.65,18918,0
20140320,3.65,3.65,3.62,3.63,15007,0
20140321,3.63,3.71,3.54,3.55,193320,0
20140324,3.57,3.68,3.51,3.54,25615,0
20140325,3.55,3.8,3.39,3.78,137071,0
20140326,3.66,3.78,3.55,3.56,13000,0
20140327,3.5,3.7,3.44,3.67,28596,0
20140328,3.64,3.781,3.64,3.74,27973,0
20140331,3.79,3.85,3.71,3.78,10355,0
20140401,3.73,3.87,3.68,3.78,51417,0
20140402,3.78,3.83,3.72,3.81,32521,0
20140403,3.8,3.81,3.6,3.68,37200,0
20140404,3.66,3.73,3.65,3.69,45011,0
20140407,3.64,3.64,3.45,3.55,81237,0
20140408,3.55,3.65,3.5001,3.55,7485,0
20140409,3.59,3.59,3.45,3.52,7462,0
20140410,3.5,3.85,3.46,3.67,29305,0
20140411,3.67,3.67,3.46,3.53,21669,0
20140414,3.48,3.67,3.45,3.63,21630,0
20140415,3.77,3.77,3.64,3.66,6192,0
20140416,3.65,3.65,3.517,3.59,6801,0
20140417,3.55,3.58,3.45,3.49,24625,0
20140421,3.49,3.69,3.45,3.65,37462,0
20140422,3.72,3.72,3.54,3.65,7023,0
20140423,3.63,3.64,3.54,3.58,2304,0
20140424,3.48,3.59,3.45,3.56,40886,0
20140425,3.6,3.6,3.49,3.5,3338,0
20140428,3.41,3.59,3.4,3.51,26488,0
20140429,3.6,3.64,3.5,3.55,25853,0
20140430,3.5,3.61,3.4,3.55,86522,0
20140501,3.58,3.58,3.4,3.53,51282,0
20140502,3.5,3.58,3.4741,3.55,12178,0
20140505,3.45,3.55,3.39,3.5,25447,0
20140506,3.51,3.55,3.41,3.5,19611,0
20140507,3.56,3.56,3.41,3.44,13187,0
20140508,3.42,3.55,3.41,3.51,10694,0
20140509,3.59,3.59,3.33,3.44,10033,0
20140512,3.46,3.5,3.42,3.46,20386,0
20140513,3.48,3.536,3.45,3.51,45897,0
20140514,3.46,3.51,3.45,3.5,2179,0
20140515,3.52,3.52,3.45,3.48,13878,0
20140516,3.45,3.57,3.45,3.54,9285,0
20140519,3.53,3.55,3.51,3.53,9903,0
20140520,3.52,3.58,3.46,3.53,7485,0
20140521,3.52,3.6,3.46,3.54,31559,0
20140522,3.47,3.55,3.45,3.52,24127,0
20140523,3.54,3.64,3.45,3.64,12401,0
20140527,4,4.33,3.88,3.97,177959,0
20140528,3.82,3.95,3.82,3.95,62192,0
20140529,3.81,3.99,3.81,3.88,29210,0
20140530,3.84,4,3.81,3.97,16628,0
20140602,3.71,3.97,3.7005,3.87,9236,0
20140603,3.85,3.91,3.81,3.89,4715,0
20140604,3.9,4.15,3.78,3.96,48694,0
20140605,4.15,4.15,3.91,3.94,7643,0
20140606,3.94,3.96,3.79,3.95,55527,0
20140609,3.72,4,3.72,4,17880,0
20140610,3.91,3.94,3.84,3.88,5700,0
20140611,3.69,4.01,3.69,3.88,17778,0
20140612,3.73,3.92,3.73,3.76,10391,0
20140613,3.71,3.86,3.64,3.68,14235,0
20140616,3.67,3.67,3.61,3.64,5368,0
20140617,3.46,3.7,3.46,3.51,12547,0
20140618,3.52,3.665,3.52,3.645,16550,0
20140619,3.57,3.72,3.56,3.7,17005,0
20140620,3.7,3.99,3.6,3.97,41172,0
20140623,3.95,3.97,3.73,3.935,9161,0
20140624,3.85,3.93,3.84,3.88,7004,0
20140625,3.8,4,3.8,3.92,31612,0
20140626,3.87,4,3.87,3.97,13805,0
20140627,3.88,4.04,3.7,4.04,207296,0
20140630,3.98,4.02,3.8601,3.93,6736,0
20140701,3.7763,4.06,3.7763,4.01,5323,0
20140702,3.95,4.05,3.89,4.03,9300,0
20140703,4.01,4.03,3.9176,4.02,4421,0
20140707,3.92,3.96,3.84,3.845,5707,0
20140708,4,4.04,3.77,3.82,33895,0
20140709,3.8,3.9,3.67,3.77,29866,0
20140710,3.68,3.9,3.68,3.88,20392,0
20140711,3.86,4.04,3.77,3.99,3509,0
20140714,3.97,4.01,3.77,3.97,23351,0
20140715,3.97,4.02,3.93,3.98,1173,0
20140716,3.84,3.9101,3.84,3.9,10381,0
20140717,3.92,4.02,3.63,3.685,33263,0
20140718,3.64,3.85,3.64,3.83,33143,0
20140721,3.8,3.88,3.69,3.75,19840,0
20140722,3.82,3.83,3.77,3.83,2487,0
20140723,3.78,3.88,3.73,3.86,11260,0
20140724,3.81,3.88,3.751,3.87,6422,0
20140725,3.86,3.952,3.86,3.91,12561,0
20140728,3.94,3.95,3.9,3.94,8117,0
20140729,3.92,3.95,3.91,3.95,39434,0
20140730,3.91,3.94,3.87,3.94,10017,0
20140731,3.88,3.9,3.78,3.85,51309,0
20140801,3.7,3.79,3.62,3.7,30490,0
20140804,3.7,3.7,3.54,3.58,22994,0
20140805,3.6,3.689,3.49,3.59,67653,0
20140806,3.57,3.62,3.51,3.57,68868,0
20140807,3.73,3.74,3.49,3.55,14608,0
20140808,3.53,3.56,3.5,3.54,9767,0
20140811,3.64,3.7,3.6,3.65,17457,0
20140812,3.55,3.75,3.49,3.645,154121,0
20140813,3.67,3.68,3.51,3.605,40457,0
20140814,3.61,3.61,3.56,3.59,7753,0
20140815,3.57,3.65,3.55,3.6,11009,0
20140818,3.6201,3.706,3.6201,3.67,26984,0
20140819,3.67,3.7,3.65,3.66,33691,0
20140820,3.66,3.71,3.6,3.61,70926,0
20140821,3.65,3.74,3.63,3.67,34526,0
20140822,3.66,3.75,3.65,3.69,47083,0
20140825,3.71,3.74,3.7,3.72,27706,0
20140826,3.73,3.84,3.73,3.74,18059,0
20140827,3.76,3.8,3.74,3.76,17181,0
20140828,3.76,3.88,3.76,3.81,20427,0
20140829,3.83,3.89,3.83,3.86,8457,0
20140902,3.87,3.92,3.83,3.85,27722,0
20140903,3.89,3.89,3.83,3.83,17845,0
20140904,3.9,3.9,3.82,3.82,18539,0
20140905,3.86,3.88,3.8,3.81,16466,0
20140908,3.8,3.83,3.74,3.74,32303,0
20140909,3.72,3.83,3.72,3.75,16689,0
20140910,3.75,3.75,3.72,3.72,17483,0
20140911,3.72,3.77,3.7,3.71,38792,0
20140912,3.7,3.78,3.7,3.74,11739,0
20140915,3.71,3.76,3.71,3.72,16610,0
20140916,3.7,3.72,3.7,3.71,27893,0
20140917,3.73,3.76,3.71,3.71,58314,0
20140918,3.715,3.7899,3.7,3.73,322230,0
20140919,3.71,3.78,3.66,3.75,185423,0
20140922,3.75,3.78,3.66,3.69,47727,0
20140923,3.68,3.77,3.68,3.72,20174,0
20140924,3.7,3.78,3.7,3.74,108942,0
20140925,3.74,3.8,3.68,3.75,29338,0
20140926,3.79,3.8,3.76,3.78,6803,0
20140929,3.78,3.78,3.76,3.77,8812,0
20140930,3.75,3.81,3.74,3.78,20039,0
20141001,3.79,3.79,3.7,3.75,20914,0
20141002,3.79,3.79,3.72,3.75,7586,0
20141003,3.82,3.82,3.74,3.77,14076,0
20141006,3.79,3.84,3.79,3.815,8732,0
20141007,3.7,3.76,3.65,3.75,32028,0
20141008,3.75,3.84,3.73,3.82,4349,0
20141009,3.75,3.77,3.75,3.75,8096,0
20141010,3.73,3.77,3.69,3.75,7909,0
20141013,3.8,3.83,3.72,3.77,14606,0
20141014,3.75,3.76,3.56,3.61,52180,0
20141015,3.7,3.7,3.35,3.35,197465,0
20141016,3.3,3.52,3.3,3.4,36864,0
20141017,3.5,3.7,3.42,3.43,39852,0
20141020,3.45,3.46,3.27,3.3,72355,0
20141021,3.46,3.7,3.33,3.49,59924,0
20141022,3.51,3.565,3.15,3.29,69483,0
20141023,3.34,3.49,3.16,3.33,429210,0
20141024,3.34,3.45,3.32,3.34,20459,0
20141027,3.44,3.44,3.32,3.43,32183,0
20141028,3.41,3.5,3.34,3.42,37500,0
20141029,3.44,3.45,3.4,3.41,16524,0
20141030,3.49,3.49,3.36,3.4,24048,0
20141031,3.49,3.49,3.36,3.41,38836,0
20141103,3.45,3.46,3.33,3.34,44960,0
20141104,3.31,3.4,3.31,3.34,29052,0
20141105,3.46,3.46,3.31,3.32,23105,0
20141106,3.41,3.59,3.39,3.51,48327,0
20141107,3.5,3.53,3.4,3.5,16686,0
20141110,3.53,3.6,3.31,3.4,124178,0
20141111,3.43,3.49,3.36,3.4,30885,0
20141112,3.4,3.49,3.4,3.42,45486,0
20141113,3.43,3.495,3.385,3.41,44762,0
20141114,3.42,3.5,3.3,3.37,56554,0
20141117,3.33,3.34,3.18,3.21,34578,0
20141118,3.21,3.26,3.08,3.09,51273,0
20141119,3.09,3.27,2.94,2.98,65518,0
20141120,2.98,3.02,2.9,2.98,17950,0
20141121,3.01,3.04,2.81,2.86,31600,0
20141124,2.82,2.93,2.75,2.83,91917,0
20141125,2.86,2.86,2.76,2.78,27927,0
20141126,2.8,2.85,2.75,2.81,191101,0
20141128,2.91,2.93,2.78,2.805,23194,0
20141201,2.82,2.82,2.686,2.7,184278,0
20141202,2.72,2.795,2.72,2.74,12312,0
20141203,2.73,2.85,2.72,2.85,29828,0
20141204,2.88,2.9,2.815,2.89,24239,0
20141205,2.89,3,2.89,2.98,49687,0
20141208,2.95,2.95,2.83,2.88,24031,0
20141209,2.9,2.93,2.805,2.88,11940,0
20141210,2.89,2.95,2.76,2.76,34710,0
20141211,2.76,2.89,2.76,2.8,43809,0
20141212,2.8,2.92,2.795,2.82,12589,0
20141215,2.785,2.92,2.785,2.92,26686,0
20141216,2.92,2.95,2.86,2.89,38790,0
20141217,2.88,2.94,2.855,2.865,10432,0
20141218,2.91,2.94,2.89,2.89,133828,0
20141219,2.87,2.98,2.85,2.98,42846,0
20141222,2.98,2.98,2.9164,2.95,15315,0
20141223,2.93,3.04,2.93,3,30654,0
20141224,3,3.02,2.91,3.01,13572,0
20141226,3.04,3.1,3,3.05,37570,0
20141229,3.01,3.14,2.8805,3.09,60125,0
20141230,3.12,3.19,3.04,3.08,22363,0
20141231,3.09,3.19,3.09,3.095,8290,0
20150102,3,3.13,2.96,3.085,48648,0
20150105,3.03,3.18,2.965,3.07,27099,0
20150106,3.03,3.15,2.96,3.09,36379,0
20150107,3.04,3.1,2.94,3,42918,0
20150108,3.19,3.21,3.015,3.015,2770,0
20150109,3.12,3.16,3,3.03,15382,0
20150112,3.04,3.04,2.95,2.97,2896,0
20150113,3.2299,3.2299,2.8,2.89,34043,0
20150114,2.76,2.7601,2.58,2.69,87663,0
20150115,2.69,2.8,2.6,2.7,13126,0
20150116,2.91,2.94,2.74,2.75,7589,0
