Date,Open,High,Low,Close,Volume,OpenInt
20071119,38.624,38.624,38.382,38.398,2427,0
20071120,38.753,38.801,38.753,38.801,930,0
20071121,37.777,37.777,37.777,37.777,247,0
20071126,38.874,38.882,38.793,38.882,1291,0
20071127,38.874,40.364,38.471,38.471,53413,0
20071128,38.624,38.768,38.624,38.768,663,0
20071129,39.672,39.704,39.639,39.704,2502,0
20071130,39.72,40.042,39.72,40.042,1540,0
20071203,40.291,40.291,40.26,40.26,868,0
20071204,40.001,40.001,39.865,39.929,7333,0
20071205,40.283,40.283,39.912,40.034,4392,0
20071206,40.299,40.493,40.283,40.493,18605,0
20071207,40.767,40.823,40.767,40.823,3997,0
20071210,40.51,40.671,40.51,40.671,4444,0
20071211,41.065,41.67,40.993,41.13,16060,0
20071212,41.088,41.088,40.381,40.381,4988,0
20071213,40.204,40.204,39.019,39.067,10752,0
20071214,38.245,38.245,37.939,37.939,1749,0
20071217,41.662,41.662,36.038,36.167,18382,0
20071218,36.248,36.505,36.248,36.368,1644,0
20071219,46.729,46.729,36.545,36.618,9298,0
20071220,38.866,38.866,36.657,36.657,4744,0
20071221,37.157,48.075,36.948,37.278,18098,0
20071224,45.118,45.932,38.689,38.689,10191,0
20071226,43.804,52.546,37.987,38.269,56938,0
20071227,39.317,39.478,37.721,37.858,17792,0
20071228,37.891,37.891,37.278,37.754,29818,0
20071231,39.075,39.075,37.866,38.107,14071,0
20080102,38.51,38.51,37.915,37.947,25033,0
20080103,38.866,38.866,37.479,37.729,18547,0
20080104,38.003,38.236,37.463,37.97,7867,0
20080107,37.06,37.141,36.417,36.57,24400,0
20080108,36.586,36.657,36.183,36.183,6468,0
20080109,36.972,37.06,36.206,36.214,5803,0
20080110,36.996,36.996,35.731,35.739,4051,0
20080111,34.975,35.192,34.975,35.062,4734,0
20080114,33.435,35.611,33.435,35.554,4999,0
20080115,35.288,35.288,33.984,34.079,6484,0
20080116,34.555,35.425,33.838,33.878,6380,0
20080117,35.039,35.28,33.153,33.162,15139,0
20080118,36.473,36.473,33.46,34.249,14891,0
20080122,32.8,33.91,32.783,33.814,9097,0
20080123,32.734,33.073,32.419,32.945,20252,0
20080124,34.523,34.829,34.507,34.821,9916,0
20080125,38.245,40.283,35.135,35.45,18625,0
20080128,32.871,35.537,32.871,35.514,3425,0
20080129,39.14,39.14,35.409,35.474,11751,0
20080130,35.257,36.731,35.013,35.257,5680,0
20080131,36.248,36.248,35.731,36.111,3847,0
20080201,39.317,39.317,35.933,36.392,4774,0
20080204,37.77,40.638,37.045,37.197,118224,0
20080205,37.608,37.858,35.288,35.425,39054,0
20080206,37.408,37.408,35.643,36.07,11882,0
20080207,35.481,35.498,34.99,35.49,11267,0
20080208,37.97,37.97,34.273,34.692,16953,0
20080211,33.016,35.933,33.016,35.151,5328,0
20080212,37.005,37.005,33.113,34.208,10522,0
20080213,35.481,35.481,34.62,34.997,15207,0
20080214,37.309,37.309,34.644,34.7,21373,0
20080215,34.74,34.942,34.74,34.942,372,0
20080219,36.368,36.972,34.99,35.159,17909,0
20080220,35.723,35.723,34.724,35.184,12822,0
20080221,36.062,36.062,34.258,34.258,3977,0
20080222,34.121,34.829,33.226,34.192,11562,0
20080225,34.121,35.047,33.17,34.709,11990,0
20080226,35.49,36.98,34.877,35.474,35027,0
20080227,35.764,36.948,35.636,35.965,9464,0
20080228,34.667,35.997,33.895,35.988,4921,0
20080229,35.175,35.175,34.137,34.798,7005,0
20080303,36.288,36.288,33.741,34.523,17215,0
20080304,34.868,34.868,32.816,33.927,12317,0
20080305,33.653,35.529,33.274,34.096,84036,0
20080306,34.474,37.463,34.015,34.418,15072,0
20080307,34.62,35.079,33.307,34.079,6937,0
20080310,34.168,34.483,32.55,32.679,27517,0
20080311,33.032,35.039,33.001,33.717,18954,0
20080312,33.75,34.563,33.354,33.354,17158,0
20080313,34.515,34.531,32.767,32.952,50276,0
20080314,32.493,33.435,32.349,32.8,4356,0
20080317,33.274,33.274,32.936,33.274,1654,0
20080318,33.758,34.071,33.758,33.838,1141,0
20080319,35.055,35.45,32.259,32.259,8365,0
20080320,32.88,34.709,32.388,34.709,9718,0
20080324,34.724,36.248,33.477,33.547,25326,0
20080325,35.28,35.28,34.04,34.515,7388,0
20080326,35.013,35.013,33.5,33.717,13415,0
20080327,33.332,34.015,33.332,33.435,3625,0
20080328,35.071,35.071,32.758,34.273,8777,0
20080331,34.523,35.208,34.483,34.942,4616,0
20080401,36.473,36.473,34.748,35.378,7243,0
20080402,37.045,37.045,35.636,35.925,5042,0
20080403,35.523,36.98,35.523,36.102,7475,0
20080404,35.941,37.045,35.941,35.941,3418,0
20080407,36.988,36.988,36.054,36.078,2737,0
20080408,36.722,36.722,35.852,36.013,22689,0
20080409,36.657,38.107,34.572,35.03,11589,0
20080410,36.191,36.255,34.653,34.877,9643,0
20080411,34.644,34.66,34.418,34.467,5190,0
20080414,33.854,34.361,33.854,34.361,1916,0
20080415,34.628,34.628,34.402,34.49,2955,0
20080416,34.79,36.715,34.79,35.249,8072,0
20080417,35.369,35.393,33.597,35.393,17576,0
20080418,35.361,35.773,35.361,35.773,3680,0
20080421,36.255,36.255,34.821,35.852,16601,0
20080422,35.803,35.803,34.829,35.498,12004,0
20080423,35.988,35.988,35.659,35.868,1096,0
20080424,35.868,35.884,35.49,35.884,130553,0
20080425,36.102,36.255,35.773,36.054,24857,0
20080428,36.457,36.52,36.36,36.52,4408,0
20080429,36.594,36.594,36.441,36.457,1181,0
20080430,36.57,38.647,36.417,36.417,5244,0
20080501,36.102,36.578,36.102,36.578,6720,0
20080502,37.06,39.075,31.904,37.102,7741,0
20080505,37.318,37.318,37.094,37.181,15775,0
20080506,37.02,37.368,37.005,37.368,3236,0
20080507,37.866,39.478,36.255,36.255,7703,0
20080508,36.505,36.682,36.295,36.464,10594,0
20080509,36.739,36.739,35.797,35.941,15177,0
20080512,36.142,36.199,35.852,36.191,10313,0
20080513,36.175,36.175,35.852,35.933,14888,0
20080514,36.062,36.408,36.062,36.255,4236,0
20080515,36.295,36.336,36.167,36.288,4630,0
20080516,36.441,36.441,36.263,36.433,5143,0
20080519,36.248,36.312,36.038,36.038,35879,0
20080520,35.803,35.803,35.386,35.458,3936,0
20080521,35.184,35.321,35.005,35.005,2217,0
20080522,35.691,35.691,35.047,35.079,4044,0
20080523,35.096,35.096,34.773,34.893,1319,0
20080527,35.844,35.844,34.184,35.013,11958,0
20080528,34.934,34.934,34.523,34.885,10154,0
20080529,34.837,35.288,34.459,34.893,10011,0
20080530,34.967,35.128,34.967,35.128,1414,0
20080602,34.717,34.837,34.467,34.684,6769,0
20080603,34.756,34.756,34.258,34.314,4109,0
20080604,34.474,34.66,34.353,34.427,13203,0
20080605,34.37,34.934,34.37,34.902,36512,0
20080606,34.281,34.281,33.556,33.556,13739,0
20080609,33.637,33.701,33.21,33.25,11894,0
20080610,32.808,32.831,32.629,32.693,25660,0
20080611,32.55,32.55,32.074,32.074,54911,0
20080612,32.146,32.388,31.92,31.986,16592,0
20080613,31.961,32.106,31.727,32.025,10399,0
20080616,32.371,37.512,31.704,31.84,22261,0
20080617,32.709,32.709,32.452,32.573,2479,0
20080618,32.589,32.589,32.324,32.38,6412,0
20080619,32.139,32.154,31.961,32.089,2436,0
20080620,31.784,31.888,31.647,31.711,3771,0
20080623,31.413,31.413,31.196,31.276,5390,0
20080624,31.188,31.3,31.082,31.123,10368,0
20080625,31.647,31.647,30.832,30.849,5016,0
20080626,30.599,30.599,29.972,29.972,12502,0
20080627,30.172,30.18,30.043,30.067,1155,0
20080630,30.092,30.165,29.907,30.14,4557471,0
20080701,29.359,29.866,29.326,29.793,139189,0
20080702,29.641,29.69,29.052,29.092,20507,0
20080703,29.415,29.415,29.045,29.399,3511,0
20080707,29.802,30.043,29.431,29.745,62519,0
20080708,29.399,29.81,29.077,29.81,14807,0
20080709,29.899,30.06,28.278,29.303,35572,0
20080710,29.423,29.793,29.303,29.793,11876,0
20080711,29.286,29.286,28.972,29.206,11576,0
20080714,29.27,30.205,28.876,29.06,62008,0
20080715,28.391,28.922,27.819,28.432,221268,0
20080716,28.158,28.528,27.901,28.464,13875,0
20080717,29.029,29.303,28.851,29.197,55434,0
20080718,28.747,29.431,28.747,29.431,5634,0
20080721,28.618,30.052,28.618,29.858,51330,0
20080722,29.673,30.197,29.673,30.189,27140,0
20080723,30.817,30.962,30.535,30.825,7498,0
20080724,31.058,31.058,30.413,30.43,31663,0
20080725,30.252,30.405,30.1,30.285,11238,0
20080728,30.115,30.115,29.665,29.698,5341,0
20080729,29.431,29.827,29.375,29.81,13699,0
20080730,30.036,30.268,29.922,30.268,54948,0
20080731,29.899,30.132,29.036,29.777,72762,0
20080801,29.849,29.849,29.52,29.633,4063,0
20080804,29.576,29.576,29.318,29.326,27577,0
20080805,29.583,29.995,29.561,29.995,15270,0
20080806,29.576,29.939,29.576,29.939,12066,0
20080807,29.471,29.471,28.9,28.964,10484,0
20080808,28.641,29.197,28.641,29.197,151522,0
20080811,29.23,29.545,29.23,29.423,8200,0
20080812,29.463,29.463,29.173,29.286,4765,0
20080813,28.698,28.778,28.336,28.618,10220,0
20080814,27.996,28.263,27.917,28.199,17570,0
20080815,28.109,28.125,27.964,28.109,7798,0
20080818,28.327,28.327,27.803,27.844,28443,0
20080819,27.329,27.369,27.216,27.273,104372,0
20080820,27.651,27.651,27.473,27.57,14924,0
20080821,27.506,27.788,27.506,27.764,27757,0
20080822,27.852,28.005,27.819,27.819,10944,0
20080825,27.972,27.972,27.538,27.57,41969,0
20080826,27.626,27.949,27.626,27.852,87428,0
20080827,27.819,27.925,27.659,27.893,20592,0
20080828,28.175,28.207,28.101,28.207,6232,0
20080829,28.432,28.504,28.27,28.295,10366,0
20080902,28.287,28.368,27.996,28.013,33251,0
20080903,27.756,27.868,27.682,27.868,8519,0
20080904,27.643,27.643,26.588,26.588,30193,0
20080905,26.459,26.563,25.452,26.555,87843,0
20080908,27.739,27.868,27.273,27.594,16581,0
20080909,27.457,27.514,26.789,26.789,4160,0
20080910,27.562,27.659,27.295,27.594,52123,0
20080911,26.797,27.329,26.668,27.329,14544,0
20080912,27.441,27.876,27.401,27.844,98778,0
20080915,26.668,26.974,26.473,26.473,12432,0
20080916,25.652,27.344,25.652,26.281,22200,0
20080917,25.612,25.684,25.073,25.073,41173,0
20080918,24.678,26.185,24.678,26.087,26545,0
20080919,27.408,29.591,27.167,27.489,16922,0
20080922,27.28,27.28,26.748,26.748,14440,0
20080923,26.378,26.563,25.894,26.079,16420,0
20080924,26.177,26.232,25.967,26.063,50171,0
20080925,26.426,26.651,26.426,26.596,4005,0
20080926,25.829,26.216,25.821,26.136,8414,0
20080929,24.879,24.879,22.776,22.776,59703,0
20080930,24.082,24.629,23.903,24.477,11061,0
20081001,24.082,24.774,23.872,24.379,39559,0
20081002,24.147,24.147,23.348,23.348,19156,0
20081003,23.47,23.912,22.945,22.945,4676,0
20081006,21.987,21.987,20.489,21.213,51730,0
20081007,22.042,22.042,20.489,20.489,23219,0
20081008,20.391,20.996,20.125,20.27,375421,0
20081009,20.295,20.44,18.828,19.006,482921,0
20081010,17.942,18.804,17.242,18.466,30030,0
20081013,19.601,20.512,19.554,20.512,13257,0
20081014,21.141,21.141,19.964,20.497,59427,0
20081015,20.286,20.286,18.481,18.481,8386,0
20081016,19.215,20.118,18.433,20.118,24099,0
20081017,19.038,20.125,19.038,19.369,13175,0
20081020,19.715,20.512,19.715,20.512,28895,0
20081021,19.746,20.101,19.699,19.699,7005,0
20081022,18.596,18.596,17.482,17.774,59125,0
20081023,18.047,21.318,17.338,17.757,23416,0
20081024,17.064,17.435,16.959,17.435,59519,0
20081027,16.758,17.322,16.404,16.484,30978,0
20081028,16.444,17.122,16.048,17.122,15305,0
20081029,16.984,17.87,15.76,16.944,23616,0
20081030,17.765,17.837,17.305,17.692,24094,0
20081031,17.958,18.796,17.911,18.402,910934,0
20081103,18.426,18.94,18.394,18.828,26434,0
20081104,19.303,20.286,19.24,20.166,103237,0
20081105,19.803,19.948,19.127,19.127,4044,0
20081106,18.433,18.683,17.798,17.798,52341,0
20081107,18.168,18.563,18.168,18.273,33747,0
20081110,18.571,18.571,17.765,17.949,14593,0
20081111,18.007,18.007,17.113,17.289,27583,0
20081112,16.999,17.257,16.533,16.847,38755,0
20081113,16.839,17.572,16.139,17.572,26514,0
20081114,16.71,17.113,16.412,16.412,32522,0
20081117,16.13,16.58,15.911,15.968,25629,0
20081118,15.695,16.259,15.371,15.379,65785,0
20081119,15.404,15.752,14.664,14.695,35675,0
20081120,14.381,14.59,13.414,13.696,123397,0
20081121,14.406,14.534,13.439,14.534,483691,0
20081124,14.727,15.71,14.727,15.421,92642,0
20081125,16.122,16.122,15.243,15.582,104247,0
20081126,15.533,16.467,15.533,16.387,22341,0
20081128,16.436,16.894,16.436,16.717,21860,0
20081201,16.202,16.251,15.461,15.565,220469,0
20081202,15.953,16.347,15.799,16.025,85788,0
20081203,15.558,16.13,15.558,16.001,66479,0
20081204,15.453,15.743,15.041,15.276,41980,0
20081205,15.413,15.855,15.001,15.71,33784,0
20081208,15.936,16.371,15.936,16.218,113535,0
20081209,16.371,16.58,16.097,16.259,58301,0
20081210,16.999,17.168,16.774,17.113,19063,0
20081211,17.313,17.54,16.871,17.073,22578,0
20081212,16.476,17.056,16.476,16.871,6654,0
20081215,17.257,17.257,16.791,17.152,36153,0
20081216,16.991,17.717,16.991,17.717,19853,0
20081217,17.668,18.224,17.668,18.079,21937,0
20081218,17.911,18.386,17.531,17.644,24586,0
20081219,18.193,18.193,17.628,17.991,37220,0
20081222,18.193,18.193,17.097,17.45,19031,0
20081223,17.37,17.805,17.37,17.644,106060,0
20081224,17.524,17.774,17.394,17.491,26315,0
20081226,17.507,17.742,17.362,17.684,20173,0
20081229,17.684,17.886,17.16,17.305,78645,0
20081230,17.588,17.749,17.418,17.652,67307,0
20081231,17.475,18.143,17.467,17.613,686116,0
20090102,17.805,18.442,17.805,18.442,77095,0
20090105,18.409,18.498,18.224,18.369,13034,0
20090106,18.523,18.957,18.523,18.893,28777,0
20090107,18.853,18.853,18.386,18.386,64043,0
20090108,18.45,18.514,18.184,18.313,19872,0
20090109,18.45,18.45,17.927,17.991,20369,0
20090112,17.862,17.862,17.322,17.362,51522,0
20090113,16.903,16.999,16.605,16.758,47411,0
20090114,16.887,16.887,15.783,15.984,46783,0
20090115,15.953,16.21,15.55,16.097,6145,0
20090116,16.347,16.347,15.88,16.17,23954,0
20090120,15.791,15.791,14.977,15.155,40018,0
20090121,15.203,15.653,15.139,15.653,22879,0
20090122,15.59,15.598,15.348,15.598,10277,0
20090123,15.22,15.606,15.106,15.582,18595,0
20090126,15.516,15.695,15.516,15.646,4834,0
20090127,15.719,15.984,15.719,15.743,19474,0
20090128,16.114,16.363,16.082,16.226,17786,0
20090129,15.872,15.92,15.59,15.606,14459,0
20090130,15.752,15.815,15.421,15.421,202016,0
20090202,15.429,15.662,15.429,15.662,50118,0
20090203,15.47,15.791,15.332,15.686,17026,0
20090204,15.461,15.494,15.22,15.364,2690,0
20090205,15.122,15.525,15.122,15.516,9054,0
20090206,15.436,16.017,15.436,15.984,24589,0
20090209,15.864,16.185,15.864,16.025,22689,0
20090210,15.936,15.976,15.348,15.356,208198,0
20090211,15.646,15.71,15.348,15.47,17624,0
20090212,14.856,15.243,14.809,15.186,168957,0
20090213,15.098,15.323,15.098,15.195,288295,0
20090217,14.478,14.478,14.108,14.132,71738,0
20090218,14.172,15.678,13.979,14.164,52493,0
20090219,14.261,14.261,13.785,13.963,21203,0
20090220,13.414,13.913,13.414,13.913,7809,0
20090223,13.777,13.777,13.165,13.318,34176,0
20090224,13.197,13.818,13.197,13.64,45860,0
20090225,13.518,13.777,13.294,13.543,26334,0
20090226,13.785,13.785,13.357,13.357,11987,0
20090227,13.261,13.64,13.197,13.504,758258,0
20090302,12.923,13.075,12.698,12.835,759338,0
20090303,12.843,13.044,12.729,12.802,12933,0
20090304,13.109,13.6,13.1,13.406,35811,0
20090305,12.826,13.012,12.52,12.722,9233,0
20090306,12.592,12.592,12.093,12.415,146186,0
20090309,11.996,12.166,11.754,11.787,64694,0
20090310,12.343,12.737,12.343,12.673,13480,0
20090311,13.012,13.02,12.657,12.851,7498,0
20090312,12.916,13.326,12.859,13.286,42590,0
20090313,13.487,13.56,13.35,13.487,4896,0
20090316,14.067,14.132,13.946,13.946,4928,0
20090317,13.963,14.228,13.946,14.228,30570,0
20090318,14.284,14.695,14.092,14.679,7706,0
20090319,14.703,14.809,14.615,14.719,6181,0
20090320,14.478,14.632,14.164,14.164,12236,0
20090323,14.784,15.485,14.784,15.485,32378,0
20090324,14.864,15.227,14.864,14.977,8344,0
20090325,14.977,15.508,14.832,15.041,98714,0
20090326,15.379,15.525,15.259,15.47,5847,0
20090327,15.34,15.508,15.34,15.508,5725,0
20090330,14.792,14.792,14.397,14.495,59291,0
20090331,14.623,15.017,14.607,14.946,2068679,0
20090401,14.954,15.429,14.946,15.234,65543,0
20090402,16.025,16.533,16.025,16.371,31542,0
20090403,16.234,16.404,16.185,16.404,3528,0
20090406,16.105,16.347,16.033,16.347,26104,0
20090407,16.048,16.154,15.872,15.953,9378,0
20090408,16.185,16.21,15.945,16.001,10695,0
20090409,16.605,16.894,16.605,16.894,6233,0
20090413,17.25,17.25,16.774,17.225,23662,0
20090414,16.83,17.313,16.83,16.975,65356,0
20090415,16.903,17.081,16.717,17.081,3023,0
20090416,17.218,17.305,16.984,17.176,8001,0
20090417,17.233,17.427,17.152,17.33,57213,0
20090420,16.854,16.879,16.355,16.541,13774,0
20090421,16.284,16.597,16.259,16.516,2705,0
20090422,16.322,16.766,16.322,16.355,19043,0
20090423,16.83,16.83,16.476,16.678,26556,0
20090424,16.959,17.105,16.839,17.008,7842,0
20090427,16.484,16.613,16.371,16.371,18852,0
20090428,16.185,16.379,16.139,16.139,8214,0
20090429,16.5,16.944,16.5,16.814,18522,0
20090430,17.073,17.322,16.71,16.71,157248,0
20090501,16.944,16.952,16.791,16.919,14322,0
20090504,17.347,17.974,17.347,17.974,1843,0
20090505,17.709,17.87,17.652,17.765,10736,0
20090506,18.087,18.458,18.056,18.369,4880,0
20090507,18.402,18.58,17.942,18.014,17763,0
20090508,18.386,18.675,18.216,18.643,10530,0
20090511,18.514,18.514,18.16,18.16,5198,0
20090512,18.458,18.458,18.095,18.095,2738,0
20090513,17.862,17.862,17.443,17.45,15217,0
20090514,17.636,17.854,17.613,17.805,4919,0
20090515,17.886,17.942,17.459,17.7,12933,0
20090518,18.031,18.24,17.927,18.216,29009,0
20090519,18.305,18.531,18.305,18.426,56547,0
20090520,18.683,18.82,18.369,18.531,24280,0
20090521,18.064,18.257,18.039,18.127,10886,0
20090522,18.418,18.603,18.418,18.539,10953,0
20090526,18.796,19.585,18.796,19.44,10399,0
20090527,19.788,19.828,19.377,19.377,31820,0
20090528,19.594,19.771,19.369,19.691,8689,0
20090529,20.15,20.368,20.141,20.238,687036,0
20090601,20.922,21.052,20.827,20.835,7413,0
20090602,20.802,20.972,20.673,20.891,771700,0
20090603,20.577,20.762,20.352,20.505,6760,0
20090604,20.512,20.609,20.376,20.448,24478,0
20090605,20.592,20.592,20.215,20.335,3956,0
20090608,20.15,20.215,19.755,19.989,5173,0
20090609,19.996,20.376,19.989,20.32,13173,0
20090610,20.528,20.609,20.109,20.489,7334,0
20090611,20.649,20.859,20.545,20.729,17232,0
20090612,20.625,20.875,20.585,20.827,771235,0
20090615,20.521,20.521,20.085,20.238,20427,0
20090616,20.399,20.399,19.803,19.876,28658,0
20090617,19.972,19.989,19.585,19.989,13721,0
20090618,19.812,19.996,19.746,19.892,13744,0
20090619,20.118,20.118,19.924,19.924,26702,0
20090622,19.53,19.53,19.038,19.038,8138,0
20090623,19.07,19.303,18.974,19.183,8687,0
20090624,19.659,19.795,19.303,19.53,301289,0
20090625,19.666,20.27,19.634,20.27,153723,0
20090626,20.384,20.521,20.206,20.512,10084,0
20090629,20.521,20.617,20.384,20.585,12700,0
20090630,20.303,20.311,19.94,20.198,35971,0
20090701,20.391,20.512,20.158,20.158,133986,0
20090702,19.972,19.972,19.715,19.892,120567,0
20090706,19.989,20.158,19.924,20.158,61869,0
20090707,19.86,19.901,19.352,19.352,93100,0
20090708,19.328,19.336,19.03,19.191,11086,0
20090709,19.385,19.394,19.183,19.303,22194,0
20090710,19.24,19.385,19.215,19.385,3738,0
20090713,19.223,19.546,19.021,19.546,24300,0
20090714,19.666,19.771,19.489,19.771,17667,0
20090715,19.795,20.521,19.795,20.456,15301,0
20090716,20.32,20.625,20.231,20.553,13023,0
20090717,20.617,20.738,20.553,20.665,11133,0
20090720,21.1,21.213,20.859,21.213,29259,0
20090721,21.311,21.311,20.955,21.261,12357,0
20090722,20.947,21.141,20.827,21.092,24539,0
20090723,21.229,21.698,21.117,21.624,17346,0
20090724,21.487,21.648,21.286,21.624,21397,0
20090727,21.568,21.616,21.44,21.608,8207,0
20090728,21.608,21.801,21.512,21.801,45729,0
20090729,21.528,21.528,21.246,21.35,16116,0
20090730,21.801,21.987,21.778,21.778,34217,0
20090731,21.913,22.276,21.913,22.124,259030,0
20090803,22.744,22.833,22.607,22.639,107775,0
20090804,22.519,22.833,22.366,22.744,128206,0
20090805,22.624,22.744,22.438,22.728,34814,0
20090806,22.986,22.986,22.567,22.656,35940,0
20090807,22.656,22.776,22.462,22.671,325620,0
20090810,22.607,22.776,22.559,22.639,443229,0
20090811,22.615,22.615,22.293,22.35,181750,0
20090812,22.381,22.898,22.381,22.801,65833,0
20090813,22.793,22.905,22.695,22.825,52294,0
20090814,23.058,23.082,22.68,22.873,56467,0
20090817,22.156,22.156,21.979,22.003,33097,0
20090818,22.229,22.454,22.124,22.398,15210,0
20090819,22.173,22.503,22.173,22.413,43845,0
20090820,22.454,22.639,22.438,22.607,146598,0
20090821,22.825,23.033,22.825,22.994,29878,0
20090824,23.187,23.284,23.011,23.042,29769,0
20090825,23.171,23.413,23.171,23.219,35411,0
20090826,23.203,23.259,23.106,23.18,25341,0
20090827,23.308,23.421,22.977,23.405,25347,0
20090828,23.558,23.558,23.251,23.276,32472,0
20090831,23.148,23.148,22.921,22.986,164095,0
20090901,22.728,22.977,22.366,22.487,205298,0
20090902,22.47,22.582,22.317,22.462,72236,0
20090903,22.736,22.857,22.599,22.857,70827,0
20090904,23.123,23.501,23.033,23.38,44608,0
20090908,24.13,24.162,23.977,24.122,55531,0
20090909,24.169,24.557,24.169,24.525,58891,0
20090910,24.477,24.678,24.234,24.654,76214,0
20090911,24.621,24.717,24.5,24.597,40223,0
20090914,24.371,24.686,24.363,24.686,38516,0
20090915,24.549,24.783,24.299,24.734,175229,0
20090916,24.846,25.112,24.751,25.097,29379,0
20090917,24.808,25.023,24.606,24.694,60050,0
20090918,24.887,24.936,24.701,24.903,24208,0
20090921,24.421,24.549,24.065,24.315,59051,0
20090922,24.606,24.646,24.363,24.597,51677,0
20090923,24.477,24.5,24.073,24.073,41055,0
20090924,24.114,24.114,23.525,23.671,19109,0
20090925,23.453,23.816,23.453,23.671,44858,0
20090928,23.702,24.018,23.702,23.856,26926,0
20090929,23.96,23.969,23.711,23.791,95331,0
20090930,24.032,24.073,23.607,23.702,124088,0
20091001,23.582,23.678,23.156,23.187,61112,0
20091002,22.793,23.212,22.793,22.864,125076,0
20091005,22.857,23.187,22.857,23.148,20525,0
20091006,23.565,23.903,23.565,23.783,56486,0
20091007,23.895,24.219,23.895,24.219,41974,0
20091008,24.412,24.629,24.363,24.5,24615,0
20091009,24.307,24.516,24.307,24.516,28943,0
20091012,24.67,24.717,24.485,24.565,187302,0
20091013,24.339,24.477,24.284,24.379,17804,0
20091014,24.879,25,24.808,24.976,28869,0
20091015,24.854,25.057,24.816,25.057,10901,0
20091016,24.734,24.808,24.565,24.734,19351,0
20091019,25.226,25.386,24.984,25.347,33723,0
20091020,25.347,25.555,25.202,25.362,73341,0
20091021,25.418,25.637,25.29,25.29,14224,0
20091022,25.168,25.403,24.952,25.395,17388,0
20091023,25.21,25.274,24.936,25.008,169554,0
20091026,25.097,25.177,24.492,24.629,26251,0
20091027,24.412,24.477,24.097,24.139,174861,0
20091028,23.759,23.775,23.164,23.171,24331,0
20091029,23.59,24.04,23.565,23.96,21834,0
20091030,24.032,24.242,23.485,23.525,95933,0
20091102,23.775,24.032,23.509,23.856,55354,0
20091103,23.646,23.727,23.308,23.687,23551,0
20091104,23.889,24.169,23.825,23.825,19500,0
20091105,23.928,24.073,23.889,24.009,34813,0
20091106,24.073,24.097,23.92,24.04,24061,0
20091109,24.485,24.734,24.428,24.734,30087,0
20091110,24.444,24.572,24.291,24.469,28000,0
20091111,24.621,24.92,24.621,24.783,20624,0
20091112,24.646,24.686,24.259,24.291,20753,0
20091113,24.525,24.783,24.421,24.701,22470,0
20091116,24.701,25.202,24.701,25.097,45013,0
20091117,24.783,24.887,24.614,24.854,33844,0
20091118,24.751,24.751,24.46,24.581,24622,0
20091119,24.307,24.307,23.977,24.147,19972,0
20091120,23.791,24.009,23.791,23.977,35359,0
20091123,24.202,24.444,24.202,24.363,34871,0
20091124,24.307,24.307,24.04,24.177,64671,0
20091125,24.219,24.347,24.106,24.347,72214,0
20091127,23.453,23.816,23.363,23.702,34766,0
20091130,23.759,24.21,23.759,24.155,211505,0
20091201,24.276,24.791,24.276,24.533,63962,0
20091202,24.557,24.678,24.396,24.485,242466,0
20091203,24.774,24.823,24.485,24.508,106896,0
20091204,24.838,24.903,24.46,24.629,76215,0
20091207,24.541,24.717,24.492,24.5,25559,0
20091208,24.276,24.276,24.002,24.09,31254,0
20091209,24.049,24.323,24.032,24.259,21141,0
20091210,24.267,24.267,24.065,24.162,40806,0
20091211,24.259,24.259,23.969,24.097,23985,0
20091214,24.347,24.347,24.097,24.259,71282,0
20091215,24.13,24.194,24.049,24.065,41895,0
20091216,24.21,24.276,24.106,24.122,23249,0
20091217,23.881,23.881,23.702,23.791,29690,0
20091218,23.759,23.759,23.509,23.735,31731,0
20091221,22.801,22.808,22.519,22.624,151863,0
20091222,22.752,22.752,22.479,22.615,120113,0
20091223,22.695,22.921,22.68,22.816,39474,0
20091224,22.864,23.011,22.864,23.011,15181,0
20091228,23.164,23.164,22.994,23.058,47170,0
20091229,23.164,23.234,23.09,23.114,13428,0
20091230,23.131,23.219,23.106,23.219,25809,0
20091231,23.38,23.437,22.864,23.3,333361,0
20100104,23.638,23.825,23.47,23.808,91490,0
20100105,23.92,24.018,23.881,23.985,37493,0
20100106,23.92,23.953,23.727,23.912,36436,0
20100107,23.8,23.8,23.663,23.735,61462,0
20100108,23.767,23.895,23.694,23.881,185603,0
20100111,24.114,24.114,23.881,24.032,46436,0
20100112,23.783,23.832,23.63,23.702,67978,0
20100113,23.646,23.767,23.525,23.752,66616,0
20100114,23.599,23.694,23.517,23.622,32226,0
20100115,23.622,23.622,23.363,23.405,88104,0
20100119,23.533,23.727,23.494,23.727,62933,0
20100120,23.333,23.333,22.969,23.195,54891,0
20100121,23.042,23.066,22.495,22.591,311725,0
20100122,22.479,22.728,22.156,22.204,317054,0
20100125,22.639,22.68,22.454,22.591,17450,0
20100126,22.35,22.47,22.22,22.252,37504,0
20100127,22.14,22.22,21.987,22.083,44300,0
20100128,22.293,22.293,21.89,22.1,33117,0
20100129,22.18,22.261,21.801,21.89,619317,0
20100201,22.092,22.173,21.987,22.156,51726,0
20100202,22.18,22.639,22.18,22.574,110276,0
20100203,22.446,22.527,22.317,22.398,41955,0
20100204,22.22,22.22,21.706,21.706,91531,0
20100205,21.528,21.656,21.182,21.544,84178,0
20100208,21.568,21.616,21.294,21.294,58729,0
20100209,21.568,21.898,21.423,21.736,86705,0
20100210,21.648,21.826,21.568,21.728,30431,0
20100211,21.648,21.963,21.648,21.922,28584,0
20100212,21.536,21.866,21.536,21.843,19006,0
20100216,22.036,22.212,21.81,22.14,23011,0
20100217,22.325,22.325,22.036,22.075,27020,0
20100218,22.156,22.268,22.116,22.268,37431,0
20100219,21.994,22.028,21.793,21.994,205463,0
20100222,22.131,22.131,21.955,22.011,23876,0
20100223,22.196,22.22,21.866,21.913,31211,0
20100224,22.131,22.317,22.042,22.229,37736,0
20100225,21.938,22.212,21.866,22.212,25988,0
20100226,22.237,22.422,22.124,22.422,18099,0
20100301,22.639,22.688,22.567,22.671,9536,0
20100302,22.728,22.953,22.728,22.857,9254,0
20100303,22.801,23.099,22.801,22.921,233067,0
20100304,23.042,23.042,22.801,22.921,330936,0
20100305,22.945,23.276,22.945,23.276,54087,0
20100308,23.38,23.38,23.243,23.284,24785,0
20100309,23.219,23.462,23.164,23.325,23962,0
20100310,23.259,23.348,23.18,23.348,21235,0
20100311,23.219,23.276,23.075,23.276,101646,0
20100312,23.293,23.356,23.276,23.317,30666,0
20100315,23.308,23.308,23.106,23.3,28305,0
20100316,23.437,23.582,23.325,23.582,32136,0
20100317,23.671,23.8,23.622,23.719,31111,0
20100318,23.663,23.663,23.478,23.558,21437,0
20100319,23.517,23.517,23.203,23.227,34125,0
20100322,23.212,23.333,23.066,23.317,12462,0
20100323,23.187,23.251,23.09,23.251,22478,0
20100324,22.808,22.833,22.736,22.801,37303,0
20100325,23.05,23.09,22.719,22.728,153896,0
20100326,23.058,23.203,22.994,23.099,163378,0
20100329,23.234,23.517,23.234,23.509,94460,0
20100330,23.694,23.694,23.478,23.478,96993,0
20100331,23.429,23.429,23.276,23.293,1329971,0
20100401,23.533,23.719,23.525,23.63,929014,0
20100405,23.889,23.928,23.533,23.881,58694,0
20100406,23.791,23.84,23.638,23.783,146370,0
20100407,23.687,23.783,23.574,23.687,199318,0
20100408,23.565,23.702,23.494,23.687,66038,0
20100409,23.735,23.847,23.735,23.808,30149,0
20100412,23.872,23.872,23.775,23.8,16137,0
20100413,23.872,23.872,23.615,23.702,280506,0
20100414,23.994,24.09,23.928,24.09,54842,0
20100415,24.065,24.147,24.009,24.073,40452,0
20100416,23.912,23.912,23.47,23.55,55705,0
20100419,23.3,23.356,23.011,23.325,25516,0
20100420,23.485,23.494,23.38,23.494,31945,0
20100421,23.437,23.453,23.3,23.437,13063,0
20100422,23.227,23.325,23.05,23.317,145925,0
20100423,23.2,23.419,23.161,23.419,100626,0
20100426,23.494,23.494,23.3,23.388,107804,0
20100427,23.026,23.156,22.664,22.695,27824,0
20100428,22.953,22.953,22.591,22.648,178758,0
20100429,22.945,23.139,22.921,23.123,23776,0
20100430,23.251,23.251,22.953,23.002,83944,0
20100503,23.219,23.363,23.05,23.284,106682,0
20100504,22.744,22.744,22.293,22.366,55850,0
20100505,21.963,22.261,21.906,21.972,15508,0
20100506,21.906,22.285,17.87,21.342,55323,0
20100507,21.753,21.979,20.609,21.149,57022,0
20100510,22.833,22.833,21.858,21.987,258813,0
20100511,21.665,22.011,21.632,21.744,66208,0
20100512,22.067,22.067,21.843,21.947,43589,0
20100513,21.955,22.003,21.785,21.793,34465,0
20100514,21.591,21.591,21.166,21.367,28533,0
20100517,21.318,21.398,21.004,21.398,37836,0
20100518,21.616,21.616,20.852,20.908,72239,0
20100519,20.955,20.955,20.585,20.939,47982,0
20100520,20.32,20.399,20.013,20.109,22770,0
20100521,19.957,20.456,19.771,20.36,85436,0
20100524,20.44,20.665,20.36,20.36,55548,0
20100525,19.844,20.206,19.554,20.15,39685,0
20100526,20.166,20.254,19.916,19.94,45982,0
20100527,20.497,20.996,20.497,20.996,37393,0
20100528,21.092,21.092,20.634,20.771,21718,0
20100601,20.432,20.859,20.432,20.489,29057,0
20100602,20.762,21.141,20.754,21.141,36835,0
20100603,21.166,21.221,20.875,21.076,12015,0
20100604,21.029,21.029,20.231,20.311,365619,0
20100607,20.577,20.577,20.141,20.141,48223,0
20100608,20.303,20.399,20.085,20.399,513822,0
20100609,20.673,20.771,20.352,20.376,55883,0
20100610,20.835,21.166,20.835,21.166,37599,0
20100611,20.915,21.109,20.899,21.109,8486,0
20100614,21.326,21.454,21.205,21.205,30068,0
20100615,21.375,21.818,21.375,21.793,67927,0
20100616,21.462,21.818,21.462,21.728,46079,0
20100617,21.728,21.728,21.591,21.673,24950,0
20100618,21.648,21.689,21.536,21.591,19447,0
20100621,21.801,21.801,21.229,21.269,29982,0
20100622,21.479,21.536,21.149,21.182,34187,0
20100623,21.334,21.334,21.084,21.286,17027,0
20100624,21.237,21.237,20.955,21.021,15403,0
20100625,21.076,21.174,20.915,21.109,24931,0
20100628,21.221,21.221,20.964,21.059,25682,0
20100629,20.569,20.69,20.335,20.399,103135,0
20100630,20.368,20.475,20.118,20.21,50414,0
20100701,20.231,20.399,20.037,20.384,74782,0
20100702,20.528,20.601,20.278,20.368,50113,0
20100706,20.706,20.98,20.625,20.641,17218,0
20100707,20.859,21.253,20.859,21.253,71951,0
20100708,21.326,21.326,21.124,21.269,98550,0
20100709,21.269,21.423,21.269,21.423,27497,0
20100712,21.382,21.448,21.311,21.35,50460,0
20100713,21.632,21.673,21.487,21.656,40779,0
20100714,21.665,21.712,21.591,21.608,26488,0
20100715,21.698,21.698,21.415,21.504,86417,0
20100716,21.552,21.552,21.067,21.092,40828,0
20100719,21.294,21.423,21.205,21.375,30672,0
20100720,21.246,21.736,21.246,21.721,38709,0
20100721,21.761,21.761,21.382,21.44,34122,0
20100722,21.826,22.092,21.826,22.011,38426,0
20100723,22.036,22.309,22.036,22.261,20116,0
20100726,22.342,22.47,22.342,22.47,20687,0
20100727,22.703,22.703,22.438,22.582,28406,0
20100728,22.479,22.495,22.373,22.405,29222,0
20100729,22.607,22.664,22.35,22.511,45905,0
20100730,22.237,22.511,22.196,22.229,241370,0
20100802,22.801,23.148,22.736,23.114,120112,0
20100803,23.066,23.082,22.873,22.986,123218,0
20100804,23.099,23.099,22.889,22.986,98454,0
20100805,22.977,22.977,22.776,22.938,30725,0
20100806,22.744,22.977,22.728,22.962,19818,0
20100809,22.969,23.033,22.913,22.977,19137,0
20100810,22.591,22.913,22.591,22.761,24306,0
20100811,22.446,22.446,22.156,22.188,121735,0
20100812,21.866,22.173,21.866,22.1,35395,0
20100813,22.036,22.204,22.036,22.05,28579,0
20100816,21.866,22.244,21.866,22.188,32198,0
20100817,22.422,22.656,22.422,22.454,10237,0
20100818,22.728,22.728,22.479,22.582,26627,0
20100819,22.559,22.656,22.309,22.43,28369,0
20100820,22.309,22.309,22.156,22.285,42401,0
20100823,22.293,22.422,22.156,22.156,50838,0
20100824,22.019,22.124,21.906,22.059,28028,0
20100825,21.906,22.244,21.906,22.173,16214,0
20100826,22.285,22.333,22.075,22.131,24345,0
20100827,22.244,22.542,22.14,22.542,28456,0
20100830,22.519,22.519,22.212,22.229,24172,0
20100831,22.373,22.446,22.188,22.203,514841,0
20100901,22.567,22.945,22.567,22.945,58538,0
20100902,22.969,23.033,22.849,23.033,15382,0
20100903,23.139,23.3,23.131,23.227,25359,0
20100907,23.234,23.284,23.148,23.18,115080,0
20100908,23.363,23.453,23.268,23.325,47841,0
20100909,23.607,23.607,23.341,23.445,29000,0
20100910,23.38,23.462,23.371,23.445,14831,0
20100913,23.775,23.791,23.663,23.791,25497,0
20100914,23.565,23.96,23.565,23.928,26075,0
20100915,23.808,23.937,23.744,23.937,18754,0
20100916,23.541,23.744,23.541,23.702,42480,0
20100917,23.711,23.808,23.599,23.687,37863,0
20100920,23.969,24.21,23.847,24.21,22075,0
20100921,24.226,24.339,24.057,24.21,24099,0
20100922,24.186,24.194,24.018,24.114,11752,0
20100923,23.895,24.106,23.791,23.895,695238,0
20100924,24.259,24.477,24.259,24.469,28959,0
20100927,24.388,24.508,24.388,24.388,30427,0
20100928,24.516,24.629,24.332,24.629,392158,0
20100929,24.701,24.701,24.549,24.597,36336,0
20100930,24.837,24.837,24.554,24.586,319751,0
20101001,24.854,24.976,24.816,24.96,103597,0
20101004,24.83,24.936,24.726,24.863,23952,0
20101005,24.984,25.378,24.984,25.371,80910,0
20101006,25.395,25.629,25.395,25.555,37150,0
20101007,25.758,25.758,25.54,25.652,26002,0
20101008,25.742,25.846,25.58,25.821,33930,0
20101011,25.87,25.878,25.717,25.812,24485,0
20101012,25.742,25.886,25.588,25.854,187123,0
20101013,26.048,26.177,25.983,26.079,19802,0
20101014,25.911,26.298,25.911,26.224,60192,0
20101015,26.185,26.232,26.055,26.208,37261,0
20101018,26.096,26.232,25.974,26.2,57758,0
20101019,25.837,25.837,25.515,25.588,63516,0
20101020,25.766,26.055,25.677,25.991,48934,0
20101021,25.999,25.999,25.523,25.709,47478,0
20101022,25.749,25.829,25.749,25.821,23979,0
20101025,26.087,26.087,25.846,25.927,20047,0
20101026,25.854,25.854,25.725,25.812,47548,0
20101027,25.612,25.644,25.403,25.644,13062,0
20101028,25.87,25.87,25.668,25.758,19137,0
20101029,25.647,25.696,25.58,25.688,13386,0
20101101,25.959,25.983,25.749,25.846,301565,0
20101102,25.991,26.177,25.991,26.143,93836,0
20101103,26.16,26.369,26.055,26.369,70038,0
20101104,26.797,26.893,26.748,26.885,37642,0
20101105,26.876,26.934,26.717,26.918,45490,0
20101108,26.781,26.781,26.555,26.717,59087,0
20101109,26.773,26.773,26.192,26.192,83741,0
20101110,26.273,26.273,25.927,26.208,29606,0
20101111,25.935,25.935,25.734,25.878,32667,0
20101112,25.829,25.854,25.499,25.605,49492,0
20101115,25.717,25.758,25.555,25.555,18043,0
20101116,25.515,25.515,24.911,25,211084,0
20101117,24.96,25.089,24.944,25.057,50207,0
20101118,25.386,25.435,25.298,25.371,25380,0
20101119,25.137,25.185,24.887,25.185,34195,0
20101122,25.008,25.008,24.581,24.887,24887,0
20101123,24.347,24.469,24.177,24.315,77165,0
20101124,24.533,24.678,24.533,24.67,42196,0
20101126,24.477,24.477,24.363,24.371,14679,0
20101129,24.251,24.404,24.114,24.396,217598,0
20101130,24.116,24.229,24.076,24.164,87895,0
20101201,24.597,24.774,24.549,24.758,102999,0
20101202,24.766,25.152,24.758,25.089,72069,0
20101203,25.048,25.242,25.016,25.242,52841,0
20101206,25.057,25.137,24.96,25.129,126023,0
20101207,25.354,25.378,25.112,25.129,11047,0
20101208,25.097,25.097,24.92,25.057,141183,0
20101209,25.242,25.242,24.976,25.081,71061,0
20101210,25.193,25.193,24.976,25.121,31327,0
20101213,25.281,25.411,25.234,25.315,38807,0
20101214,25.46,25.508,25.315,25.347,66012,0
20101215,25.16,25.315,25,25.089,25904,0
20101216,25.168,25.168,24.96,25.137,36988,0
20101217,24.96,25.008,24.791,24.911,34513,0
20101220,24.226,24.46,24.21,24.307,78002,0
20101221,24.299,24.549,24.299,24.541,51815,0
20101222,24.621,24.709,24.621,24.67,24222,0
20101223,24.694,24.726,24.606,24.694,26103,0
20101227,24.774,24.823,24.686,24.799,41271,0
20101228,24.799,24.823,24.734,24.816,33003,0
20101229,24.931,25.096,24.931,25.08,384842,0
20101230,25.146,25.146,24.972,25.088,78931,0
20101231,25.162,25.238,24.987,24.987,113586,0
20110103,25.54,25.564,25.307,25.476,59524,0
20110104,25.629,25.629,25.274,25.46,29014,0
20110105,25.468,25.621,25.427,25.564,61875,0
20110106,25.629,25.629,25.266,25.339,134667,0
20110107,25.395,25.395,25.081,25.202,33124,0
20110110,25.121,25.137,24.903,25.137,24222,0
20110111,25.249,25.281,25.146,25.249,30732,0
20110112,25.468,25.629,25.468,25.629,23135,0
20110113,25.572,25.79,25.572,25.588,35879,0
20110114,25.386,25.717,25.386,25.717,21994,0
20110118,25.87,25.903,25.766,25.878,210520,0
20110119,26.143,26.143,25.66,25.725,53256,0
20110120,25.54,25.54,25.266,25.427,22626,0
20110121,25.468,25.468,25.097,25.137,773308,0
20110124,25.16,25.46,25.16,25.435,57821,0
20110125,25.411,25.418,25.281,25.362,48001,0
20110126,25.515,25.597,25.468,25.54,236941,0
20110127,25.605,25.605,25.362,25.403,45939,0
20110128,25.483,25.483,24.903,24.928,42669,0
20110131,25.062,25.321,24.995,25.162,94160,0
20110201,25.362,25.612,25.362,25.523,74443,0
20110202,25.476,25.58,25.46,25.515,30724,0
20110203,25.515,25.547,25.403,25.508,58206,0
20110204,25.644,25.644,25.354,25.588,109504,0
20110207,25.7,25.7,25.46,25.572,66324,0
20110208,25.629,25.629,25.347,25.499,53387,0
20110209,25.395,25.395,25.048,25.105,102692,0
20110210,24.83,25.016,24.783,24.96,28199,0
20110211,25.097,25.097,24.863,25.04,108972,0
20110214,24.887,25.177,24.887,25.146,45130,0
20110215,25.105,25.105,24.92,25.008,23231,0
20110216,25.137,25.347,24.96,25.258,162052,0
20110218,25.411,25.612,25.411,25.531,26459,0
20110222,25.137,25.226,24.816,24.816,337727,0
20110223,25.023,25.065,24.774,24.968,92572,0
20110224,25.016,25.016,24.83,24.984,22787,0
20110225,25.266,25.427,25.185,25.427,27441,0
20110228,25.701,25.744,25.619,25.718,33516,0
20110301,25.648,25.785,25.388,25.388,26274,0
20110302,25.445,25.583,25.437,25.517,40558,0
20110303,25.687,25.833,25.64,25.809,40216,0
20110304,25.684,25.87,25.637,25.806,42593,0
20110307,25.854,25.886,25.46,25.564,28060,0
20110308,25.427,25.806,25.427,25.734,45323,0
20110309,25.725,25.837,25.668,25.812,282637,0
20110310,25.405,25.405,25.138,25.138,38741,0
20110311,24.999,25.267,24.944,25.235,57407,0
20110314,24.701,24.751,24.444,24.661,138791,0
20110315,23.348,24.073,23.227,24.002,64284,0
20110316,23.953,23.953,23.333,23.47,79248,0
20110317,23.677,24.159,23.677,24.024,55183,0
20110318,24.448,24.643,24.424,24.546,16633,0
20110321,25.007,25.186,24.975,25.169,42741,0
20110322,25.081,25.081,24.885,25.007,24726,0
20110323,24.816,25.129,24.816,25.105,13134,0
20110324,25.259,25.413,25.177,25.396,826891,0
20110325,25.323,25.323,25.121,25.138,33153,0
20110328,25.113,25.177,25.048,25.056,37010,0
20110329,24.944,25.138,24.919,25.138,414802,0
20110330,25.323,25.454,25.21,25.413,37105,0
20110331,25.354,25.447,25.321,25.413,421057,0
20110401,25.517,25.632,25.445,25.542,516338,0
20110404,25.6,25.679,25.526,25.591,304751,0
20110405,25.55,25.679,25.462,25.6,32693,0
20110406,25.704,25.802,25.632,25.704,19332,0
20110407,25.704,25.704,25.34,25.575,172521,0
20110408,25.778,25.882,25.655,25.721,51201,0
20110411,25.858,25.858,25.55,25.615,46409,0
20110412,25.51,25.51,25.323,25.396,50844,0
20110413,25.608,25.687,25.437,25.51,19105,0
20110414,25.608,25.802,25.55,25.794,14916,0
20110415,25.663,25.858,25.663,25.817,23289,0
20110418,25.396,25.396,25.121,25.388,30766,0
20110419,25.323,25.51,25.323,25.493,30836,0
20110420,25.85,25.923,25.794,25.908,31435,0
20110421,26.077,26.149,25.996,26.101,75038,0
20110425,26.19,26.19,25.979,26.085,31181,0
20110426,26.214,26.328,26.141,26.272,65085,0
20110427,26.19,26.418,26.085,26.36,16436,0
20110428,26.434,26.498,26.36,26.498,27466,0
20110429,26.583,26.64,26.498,26.616,16752,0
20110502,26.701,26.766,26.589,26.627,38929,0
20110503,26.547,26.547,26.312,26.321,21328,0
20110504,26.321,26.344,26.02,26.127,16292,0
20110505,25.931,26.02,25.721,25.737,28854,0
20110506,26.198,26.304,25.882,25.947,33812,0
20110509,26.045,26.158,25.923,26.158,26965,0
20110510,26.264,26.377,26.198,26.36,32952,0
20110511,26.312,26.312,25.785,25.899,23788,0
20110512,25.956,26.005,25.648,25.947,77548,0
20110513,25.94,26.037,25.583,25.672,18899,0
20110516,25.55,25.802,25.526,25.583,20512,0
20110517,25.558,25.663,25.388,25.663,93413,0
20110518,25.817,25.988,25.761,25.979,5756,0
20110519,26.127,26.183,25.956,26.166,45642,0
20110520,25.996,26.11,25.833,25.947,31560,0
20110523,25.493,25.55,25.356,25.502,41986,0
20110524,25.655,25.704,25.526,25.575,29253,0
20110525,25.47,25.745,25.47,25.704,52480,0
20110526,25.809,25.882,25.632,25.858,8297,0
20110527,25.992,26.117,25.992,26.067,7403,0
20110531,26.45,26.516,26.257,26.516,305510,0
20110601,26.385,26.409,25.988,25.988,27762,0
20110602,26.069,26.223,25.916,26.166,113518,0
20110603,25.923,26.166,25.916,26.093,23228,0
20110606,25.931,26.085,25.77,25.825,32219,0
20110607,26.083,26.125,25.967,25.967,19606,0
20110608,25.876,25.884,25.651,25.701,26764,0
20110609,25.842,25.967,25.744,25.934,30253,0
20110610,25.76,25.76,25.304,25.419,11051,0
20110613,25.267,25.479,25.267,25.364,52159,0
20110614,25.594,25.91,25.594,25.768,18418,0
20110615,25.527,25.594,25.121,25.237,13461,0
20110616,25.02,25.287,25.013,25.129,25310,0
20110617,25.337,25.337,25.178,25.213,69152,0
20110620,25.054,25.178,25.054,25.096,15500,0
20110621,25.428,25.535,25.22,25.436,50469,0
20110622,25.27,25.453,25.253,25.253,67432,0
20110623,24.972,25.138,24.79,25.138,26540,0
20110624,25.153,25.237,25.029,25.08,22354,0
20110627,25.121,25.312,25.112,25.204,27632,0
20110628,25.419,25.462,25.213,25.453,48832,0
20110629,25.643,25.785,25.627,25.744,38376,0
20110630,25.889,26.098,25.88,26.04,222859,0
20110701,26.042,26.332,26.025,26.332,19296,0
20110705,26.274,26.307,26.191,26.215,32558,0
20110706,26.299,26.299,26.067,26.241,47785,0
20110707,26.382,26.424,26.274,26.391,82982,0
20110708,26.034,26.274,26.034,26.249,35269,0
20110711,25.643,25.851,25.518,25.527,22126,0
20110712,25.411,25.744,25.411,25.518,22174,0
20110713,25.668,26.008,25.668,25.744,91105,0
20110714,25.876,25.884,25.535,25.619,18025,0
20110715,25.611,25.693,25.594,25.619,11295,0
20110718,25.511,25.511,25.187,25.295,71880,0
20110719,25.552,25.684,25.485,25.627,26866,0
20110720,25.718,25.876,25.651,25.668,323144,0
20110721,25.901,26.074,25.735,26,17601,0
20110722,26.1,26.117,25.967,26.091,16842,0
20110725,26.051,26.083,25.934,25.992,25223,0
20110726,25.972,26.132,25.972,26.023,38632,0
20110727,26.042,26.042,25.636,25.66,38155,0
20110728,25.701,25.959,25.701,25.701,31933,0
20110729,25.613,25.864,25.613,25.813,177742,0
20110801,25.643,26.134,25.428,25.727,19852,0
20110802,25.631,25.739,25.28,25.321,234319,0
20110803,25.345,25.345,24.888,25.279,23011,0
20110804,24.673,24.673,23.81,23.835,59676,0
20110805,24.033,24.033,22.964,23.661,64060,0
20110808,22.616,22.806,21.785,21.918,51363,0
20110809,22.666,23.279,22.374,23.279,64530,0
20110810,22.848,22.848,22.316,22.325,27047,0
20110811,22.416,23.403,22.416,23.229,17567,0
20110812,23.519,23.519,23.196,23.304,43067,0
20110815,23.719,23.835,23.595,23.819,23390,0
20110816,23.586,23.744,23.429,23.628,42216,0
20110817,23.952,23.993,23.603,23.701,18241,0
20110818,22.922,22.956,22.508,22.698,34443,0
20110819,22.74,23.088,22.525,22.525,26528,0
20110822,22.864,22.989,22.573,22.731,17920,0
20110823,22.723,23.212,22.723,23.171,28521,0
20110824,23.055,23.304,22.922,23.254,171095,0
20110825,23.386,23.445,22.848,22.864,55852,0
20110826,22.748,23.288,22.657,23.254,41417,0
20110829,23.544,23.802,23.544,23.76,10500,0
20110830,23.753,23.985,23.719,23.835,17225,0
20110831,24.051,24.36,24.051,24.278,130918,0
20110901,24.267,24.431,24.05,24.067,109683,0
20110902,23.541,23.792,23.541,23.65,15939,0
20110906,22.864,23.208,22.815,23.191,67287,0
20110907,23.467,23.65,23.365,23.592,24988,0
20110908,23.417,23.476,23.15,23.232,11979,0
20110909,22.731,22.89,22.422,22.531,17556,0
20110912,22.266,22.475,22.018,22.475,30990,0
20110913,22.374,22.449,22.226,22.383,12131,0
20110914,22.325,22.483,21.952,22.266,100420,0
20110915,22.44,22.573,22.242,22.516,13769,0
20110916,22.705,22.705,22.447,22.648,14465,0
20110919,22.067,22.159,21.844,22.134,59227,0
20110920,22.234,22.234,21.926,21.926,21124,0
20110921,21.935,22.018,21.453,21.453,23630,0
20110922,20.902,20.902,20.425,20.476,23579,0
20110923,20.685,20.893,20.551,20.776,56774,0
20110926,20.626,20.893,20.467,20.869,141034,0
20110927,21.303,21.594,21.17,21.17,59988,0
20110928,21.312,21.469,20.893,20.893,24854,0
20110929,21.487,21.512,20.893,21.118,30199,0
20110930,20.866,20.941,20.571,20.875,766704,0
20111003,20.659,20.659,19.991,19.991,144842,0
20111004,19.732,20.209,19.516,20.209,499731,0
20111005,20.099,20.534,20.099,20.525,38054,0
20111006,20.643,21.045,20.643,21.045,29859,0
20111007,21.286,21.353,20.985,21.118,27409,0
20111010,21.394,21.778,21.394,21.762,11995,0
20111011,21.446,21.637,21.379,21.629,14146,0
20111012,22.18,22.372,21.972,22.155,21152,0
20111013,22.071,22.38,22.045,22.288,23640,0
20111014,22.757,22.757,22.472,22.714,20836,0
20111017,22.531,22.531,22.146,22.205,21601,0
20111018,22.197,22.455,21.754,22.372,65158,0
20111019,22.33,22.33,21.946,22.021,54868,0
20111020,21.855,21.972,21.646,21.846,70989,0
20111021,22.297,22.372,22.138,22.372,71477,0
20111024,22.523,22.832,22.523,22.757,86898,0
20111025,22.572,22.572,22.255,22.28,48364,0
20111026,22.615,22.615,22.172,22.58,114561,0
20111027,23.433,23.834,23.349,23.609,111148,0
20111028,23.726,23.859,23.708,23.85,34750,0
20111031,23.316,23.316,22.962,22.97,16928,0
20111101,22.071,22.572,21.637,22.397,44920,0
20111102,22.547,22.739,22.372,22.632,112202,0
20111103,22.648,23.049,22.615,23.008,38082,0
20111104,22.739,22.873,22.556,22.815,59714,0
20111107,22.932,22.932,22.615,22.832,12739,0
20111108,22.799,23.124,22.698,23.124,5949,0
20111109,22.547,22.547,22.013,22.13,87947,0
20111110,22.49,22.49,21.955,22.188,104148,0
20111111,22.422,22.615,22.422,22.58,9162,0
20111114,22.339,22.339,22.097,22.23,61259,0
20111115,22.097,22.264,21.862,22.054,61931,0
20111116,21.688,21.963,21.528,21.528,49915,0
20111117,21.537,21.553,21.094,21.179,16939,0
20111118,21.303,21.327,21.17,21.219,450900,0
20111121,20.877,20.877,20.493,20.685,67277,0
20111122,20.743,20.877,20.643,20.734,21478,0
20111123,20.417,20.476,20.167,20.167,26576,0
20111125,20.283,20.502,20.25,20.25,8325,0
20111128,20.918,20.993,20.801,20.943,82535,0
20111129,21.028,21.227,21.002,21.076,29398,0
20111130,21.935,22.163,21.935,22.095,96024,0
20111201,21.988,22.038,21.813,21.855,33582,0
20111202,21.955,22.021,21.83,21.92,89453,0
20111205,22.071,22.28,21.955,21.996,103516,0
20111206,21.929,21.996,21.72,21.862,499449,0
20111207,21.771,22.054,21.712,22.054,55950,0
20111208,21.72,21.72,21.327,21.336,153002,0
20111209,21.312,21.705,21.312,21.603,46047,0
20111212,21.028,21.059,20.86,20.952,45963,0
20111213,21.17,21.303,20.785,20.785,34218,0
20111214,20.81,20.81,20.509,20.592,43935,0
20111215,20.792,20.81,20.676,20.734,54025,0
20111216,20.818,20.902,20.643,20.719,47728,0
20111219,20.743,20.926,20.434,20.467,49525,0
20111220,20.853,21.144,20.853,21.144,45403,0
20111221,21.052,21.052,20.776,21.045,205604,0
20111222,21.194,21.295,21.111,21.295,156584,0
20111223,21.312,21.379,21.269,21.312,29457,0
20111227,21.26,21.312,21.202,21.202,116560,0
20111228,21.045,21.085,20.844,20.877,48432,0
20111229,20.751,21.094,20.751,21.094,89797,0
20111230,21.067,21.261,21.067,21.093,416904,0
20120103,21.495,21.696,21.469,21.671,113928,0
20120104,21.579,21.637,21.512,21.62,115872,0
20120105,21.327,21.461,21.244,21.42,38517,0
20120106,21.211,21.312,21.127,21.179,37507,0
20120109,21.385,21.385,21.161,21.303,48528,0
20120110,21.771,21.771,21.629,21.662,19660,0
20120111,21.512,21.603,21.42,21.537,133855,0
20120112,21.688,21.821,21.646,21.813,38806,0
20120113,21.696,21.745,21.487,21.728,126357,0
20120117,21.972,22.08,21.887,21.955,29728,0
20120118,22.155,22.288,22.013,22.28,22552,0
20120119,22.556,22.739,22.514,22.69,65123,0
20120120,22.79,22.973,22.765,22.915,37999,0
20120123,23.107,23.183,22.99,23.132,114430,0
20120124,22.848,22.982,22.84,22.906,36225,0
20120125,22.84,23.24,22.84,23.199,28072,0
20120126,23.382,23.441,23.191,23.191,70588,0
20120127,23.224,23.365,23.107,23.299,229097,0
20120130,22.906,23.074,22.873,22.999,321856,0
20120131,23.214,23.214,22.92,22.945,327035,0
20120201,23.365,23.508,23.249,23.334,388549,0
20120202,23.391,23.508,23.382,23.441,88204,0
20120203,23.533,23.708,23.533,23.684,29687,0
20120206,23.508,23.583,23.441,23.583,29896,0
20120207,23.55,23.633,23.45,23.625,42313,0
20120208,23.834,23.859,23.65,23.759,52712,0
20120209,23.909,24.002,23.834,23.952,39476,0
20120210,23.533,23.609,23.45,23.492,22397,0
20120213,23.642,23.743,23.625,23.65,8116,0
20120214,23.809,23.917,23.55,23.726,102808,0
20120215,24.051,24.144,23.934,23.985,27775,0
20120216,23.976,24.252,23.926,24.243,56205,0
20120217,24.411,24.411,24.31,24.385,13463,0
20120221,24.403,24.403,24.235,24.252,16760,0
20120222,24.193,24.193,24.11,24.144,40624,0
20120223,24.184,24.335,24.127,24.26,90961,0
20120224,24.594,24.603,24.452,24.519,23382,0
20120227,24.235,24.452,24.235,24.435,33311,0
20120228,24.568,24.728,24.519,24.702,33583,0
20120229,24.721,24.849,24.559,24.567,46940,0
20120301,24.51,24.653,24.486,24.653,108936,0
20120302,24.604,24.637,24.536,24.612,47547,0
20120305,24.536,24.536,24.385,24.486,14141,0
20120306,23.845,23.981,23.644,23.754,67237,0
20120307,23.871,24.023,23.863,24.023,17374,0
20120308,24.376,24.519,24.326,24.51,58827,0
20120309,24.46,24.578,24.402,24.419,4985,0
20120312,24.31,24.469,24.26,24.411,20558,0
20120313,24.678,24.87,24.586,24.87,36176,0
20120314,24.778,24.912,24.661,24.661,13331,0
20120315,24.728,24.87,24.71,24.82,20148,0
20120316,24.873,24.974,24.873,24.941,20826,0
20120319,24.67,24.912,24.67,24.828,26360,0
20120320,24.545,24.577,24.469,24.528,37151,0
20120321,24.528,24.528,24.294,24.42,34357,0
20120322,24.101,24.127,24.002,24.127,31728,0
20120323,23.939,24.073,23.863,24.056,14931,0
20120326,24.367,24.486,24.224,24.486,59961,0
20120327,24.655,24.671,24.486,24.494,20873,0
20120328,24.443,24.443,24.216,24.342,45909,0
20120329,24.038,24.107,23.778,23.972,197536,0
20120330,24.233,24.25,24.065,24.19,444204,0
20120402,24.216,24.51,24.208,24.494,25882,0
20120403,24.334,24.342,24.03,24.115,17663,0
20120404,23.804,23.813,23.611,23.787,42788,0
20120405,23.669,23.93,23.669,23.821,12319,0
20120409,23.677,23.804,23.568,23.737,49898,0
20120410,23.652,23.652,23.408,23.442,34627,0
20120411,23.702,23.769,23.702,23.745,32718,0
20120412,23.854,24.141,23.854,24.107,30797,0
20120413,24.047,24.098,23.889,23.964,937175,0
20120416,24.141,24.141,23.829,23.998,209558,0
20120417,24.098,24.259,24.073,24.216,8561,0
20120418,24.224,24.276,24.133,24.241,16674,0
20120419,24.224,24.267,23.99,24.141,29041,0
20120420,24.358,24.402,24.285,24.292,37382,0
20120423,23.99,24.03,23.854,24.03,35502,0
20120424,24.233,24.384,24.233,24.308,21221,0
20120425,24.502,24.595,24.469,24.554,138328,0
20120426,24.434,24.696,24.434,24.637,151500,0
20120427,24.721,24.78,24.637,24.703,51692,0
20120430,24.595,24.671,24.51,24.561,44621,0
20120501,24.569,24.738,24.494,24.586,17204,0
20120502,24.469,24.612,24.443,24.612,24726,0
20120503,24.604,24.604,24.402,24.46,27152,0
20120504,24.402,24.402,24.056,24.158,53260,0
20120507,24.015,24.25,24.015,24.208,23666,0
20120508,24.082,24.082,23.795,23.904,195462,0
20120509,23.585,23.778,23.484,23.694,58093,0
20120510,23.981,23.981,23.769,23.778,21312,0
20120511,23.525,23.787,23.525,23.669,8636,0
20120514,23.373,23.576,23.342,23.4,17060,0
20120515,23.265,23.357,23.063,23.097,33251,0
20120516,23.054,23.173,22.835,22.853,223157,0
20120517,22.869,22.895,22.635,22.642,23658,0
20120518,22.819,23.004,22.398,22.439,72375,0
20120521,22.591,22.979,22.566,22.979,39193,0
20120522,22.996,23.046,22.701,22.701,18058,0
20120523,22.558,22.717,22.331,22.717,52850,0
20120524,22.708,22.743,22.465,22.583,18640,0
20120525,22.574,22.651,22.533,22.549,28060,0
20120529,22.979,23.088,22.86,22.97,17241,0
20120530,22.752,22.752,22.54,22.583,36649,0
20120531,22.701,22.701,22.398,22.398,227560,0
20120601,22.314,22.448,22.239,22.264,56979,0
20120604,22.289,22.39,22.163,22.322,145336,0
20120605,22.345,22.54,22.284,22.481,897078,0
20120606,23.149,23.369,23.012,23.276,2894274,0
20120607,23.541,23.541,23.191,23.199,116837,0
20120608,22.968,23.054,22.772,23.054,88127,0
20120611,23.148,23.156,22.734,22.734,264691,0
20120612,22.869,23.104,22.869,23.097,108454,0
20120613,22.987,23.104,22.878,22.962,97251,0
20120614,23.054,23.181,23.013,23.165,71519,0
20120615,23.337,23.413,23.25,23.369,82890,0
20120618,23.282,23.493,23.189,23.468,97606,0
20120619,23.611,23.921,23.602,23.778,193873,0
20120620,23.9,23.926,23.678,23.798,48486,0
20120621,23.747,23.747,23.25,23.25,52272,0
20120622,23.387,23.456,23.337,23.378,368469,0
20120625,23.149,23.199,23.063,23.166,64701,0
20120626,23.294,23.43,23.25,23.369,75433,0
20120627,23.635,23.763,23.559,23.738,136512,0
20120628,23.627,23.738,23.483,23.738,57824,0
20120629,24.182,24.422,24.182,24.388,1058255,0
20120702,24.388,24.619,24.388,24.516,184417,0
20120703,24.516,24.808,24.474,24.73,137993,0
20120705,24.498,24.739,24.498,24.636,102114,0
20120706,24.448,24.575,24.414,24.542,54613,0
20120709,24.406,24.448,24.311,24.414,98251,0
20120710,24.575,24.575,24.199,24.234,71268,0
20120711,24.551,24.611,24.439,24.575,57788,0
20120712,24.354,24.456,24.182,24.388,59039,0
20120713,24.567,24.817,24.49,24.764,69418,0
20120716,24.619,24.782,24.584,24.755,72154,0
20120717,25.029,25.089,24.739,25.073,62681,0
20120718,25.003,25.217,24.987,25.174,48564,0
20120719,25.226,25.303,25.174,25.243,89978,0
20120720,25.012,25.115,24.881,24.918,56047,0
20120723,24.559,24.712,24.388,24.645,93649,0
20120724,24.654,24.669,24.362,24.474,87936,0
20120725,24.696,24.799,24.551,24.687,65976,0
20120726,25.174,25.226,25.055,25.149,106018,0
20120727,25.346,25.628,25.174,25.457,68946,0
20120730,25.475,25.508,25.406,25.482,72065,0
20120731,25.482,25.568,25.406,25.449,146609,0
20120801,25.783,25.783,25.516,25.534,61773,0
20120802,25.303,25.491,25.249,25.413,10826115,0
20120803,25.815,25.996,25.815,25.927,549342,0
20120806,26.004,26.125,26.004,26.021,436429,0
20120807,26.125,26.208,26.081,26.081,304441,0
20120808,25.927,26.073,25.875,25.996,172989,0
20120809,25.944,25.996,25.832,25.902,85307,0
20120810,25.859,25.961,25.774,25.961,147143,0
20120813,26.021,26.021,25.832,25.919,95200,0
20120814,26.004,26.004,25.854,25.884,138843,0
20120815,25.936,25.936,25.824,25.85,89034,0
20120816,25.884,26.041,25.807,25.953,95105,0
20120817,26.089,26.089,25.936,26.021,60921,0
20120820,26.116,26.116,25.783,25.961,108752,0
20120821,26.089,26.125,25.884,25.902,153596,0
20120822,25.893,26.021,25.807,26.004,136240,0
20120823,25.936,25.996,25.832,25.85,99616,0
20120824,25.868,25.987,25.756,25.868,114856,0
20120827,25.876,25.987,25.817,25.824,112510,0
20120828,25.815,25.868,25.79,25.807,132478,0
20120829,25.936,25.961,25.835,25.902,71165,0
20120830,25.678,25.678,25.491,25.491,112897,0
20120831,25.662,25.807,25.62,25.747,148397,0
20120904,25.678,25.687,25.491,25.585,143663,0
20120905,25.687,25.687,25.542,25.675,142023,0
20120906,25.884,26.166,25.884,26.14,73556,0
20120907,26.354,26.441,26.303,26.387,115494,0
20120910,26.235,26.257,26.064,26.073,62548,0
20120911,26.125,26.354,26.116,26.27,338080,0
20120912,26.5,26.578,26.441,26.543,112142,0
20120913,26.526,27.003,26.423,26.911,106259,0
20120914,27.056,27.364,27.056,27.21,155709,0
20120917,27.125,27.14,26.936,26.979,111095,0
20120918,26.945,27.003,26.879,26.936,152019,0
20120919,26.954,27.03,26.893,26.945,149739,0
20120920,26.765,26.842,26.67,26.816,133259,0
20120921,26.979,26.979,26.697,26.723,374916,0
20120924,26.636,26.852,26.636,26.8,104617,0
20120925,26.963,26.989,26.533,26.559,223874,0
20120926,26.705,26.782,26.594,26.653,100314,0
20120927,26.867,27.101,26.816,27.058,127481,0
20120928,26.911,26.911,26.688,26.739,163993,0
20121001,26.954,26.998,26.705,26.8,688039,0
20121002,26.954,26.989,26.731,26.86,52008,0
20121003,26.929,26.941,26.756,26.843,1612005,0
20121004,26.98,27.195,26.98,27.16,99917,0
20121005,27.324,27.367,27.083,27.134,45448,0
20121008,26.971,27.005,26.885,26.989,134827,0
20121009,27.049,27.049,26.814,26.852,100542,0
20121010,26.963,26.963,26.739,26.86,256014,0
20121011,26.98,26.98,26.843,26.843,125553,0
20121012,26.971,27.066,26.852,26.954,78629,0
20121015,26.998,27.195,26.98,27.195,78927,0
20121016,27.367,27.469,27.341,27.452,105155,0
20121017,27.599,27.711,27.53,27.676,97146,0
20121018,27.53,27.624,27.409,27.478,125058,0
20121019,27.487,27.487,27.126,27.126,83478,0
20121022,27.315,27.47,27.289,27.452,72112,0
20121023,27.058,27.169,26.937,27.083,91092,0
20121024,27.332,27.394,27.264,27.315,89532,0
20121025,27.556,27.624,27.452,27.573,80339,0
20121026,27.358,27.53,27.358,27.469,1269548,0
20121031,27.469,27.505,27.221,27.332,397314,0
20121101,27.573,27.754,27.573,27.735,107456,0
20121102,27.676,27.865,27.591,27.591,606480,0
20121105,27.727,27.727,27.582,27.676,618890,0
20121106,27.805,27.935,27.77,27.926,118771,0
20121107,27.822,27.822,27.436,27.608,204571,0
20121108,27.564,27.591,27.256,27.256,102834,0
20121109,27.16,27.389,27.16,27.247,188102,0
20121112,27.203,27.342,27.203,27.256,102038,0
20121113,26.998,27.221,26.954,27.083,277450,0
20121114,26.963,27.23,26.86,26.876,1017897,0
20121115,27.083,27.083,26.903,27.04,240524,0
20121116,27.014,27.118,26.834,27.04,204070,0
20121119,27.332,27.496,27.306,27.469,252799,0
20121120,27.349,27.367,27.169,27.367,206840,0
20121121,27.445,27.445,27.142,27.358,196437,0
20121123,27.615,27.861,27.615,27.839,100083,0
20121126,27.693,27.711,27.591,27.711,138701,0
20121127,27.772,27.772,27.591,27.624,259823,0
20121128,27.469,27.772,27.469,27.756,97345,0
20121129,27.935,27.977,27.822,27.897,162254,0
20121130,27.9,28.055,27.9,28.011,238159,0
20121203,28.149,28.175,28.011,28.063,1391229,0
20121204,28.157,28.157,28.029,28.063,190312,0
20121205,28.131,28.222,27.993,28.131,197385,0
20121206,28.201,28.201,28.012,28.14,124409,0
20121207,28.304,28.364,28.231,28.364,195390,0
20121210,28.381,28.432,28.339,28.416,251491,0
20121211,28.424,28.467,28.356,28.416,102271,0
20121212,28.492,28.647,28.381,28.519,1195926,0
20121213,28.613,28.613,28.321,28.407,135947,0
20121214,27.642,27.711,27.53,27.624,204227,0
20121217,27.711,27.796,27.651,27.788,301560,0
20121218,27.814,27.95,27.633,27.918,146654,0
20121219,27.986,28.011,27.772,27.788,312353,0
20121220,28.081,28.244,28.072,28.244,218261,0
20121221,28.029,28.131,28.011,28.114,223653,0
20121224,28.201,28.364,28.038,28.157,119951,0
20121226,28.235,28.398,28.122,28.166,168790,0
20121227,28.338,28.367,28.132,28.304,159901,0
20121228,28.201,28.201,28.002,28.105,372826,0
20121231,28.209,28.49,28.063,28.476,228564,0
20130102,29.069,29.069,28.691,28.897,299583,0
20130103,28.622,28.699,28.45,28.467,167375,0
20130104,28.364,28.613,28.347,28.544,390343,0
20130107,28.519,28.571,28.37,28.571,175684,0
20130108,28.51,28.51,28.12,28.277,282217,0
20130109,28.45,28.571,28.45,28.535,188375,0
20130110,28.682,28.802,28.639,28.784,312432,0
20130111,28.682,28.682,28.565,28.622,157840,0
20130114,28.604,28.654,28.535,28.639,169026,0
20130115,28.647,28.751,28.567,28.751,211081,0
20130116,28.699,28.699,28.58,28.664,323580,0
20130117,28.655,28.734,28.562,28.655,269440,0
20130118,28.63,28.647,28.492,28.595,227252,0
20130122,28.622,28.655,28.544,28.639,304290,0
20130123,28.587,28.587,28.467,28.527,264319,0
20130124,28.691,28.802,28.673,28.717,200242,0
20130125,28.906,28.906,28.647,28.751,238506,0
20130128,28.725,28.725,28.587,28.604,162363,0
20130129,28.708,28.766,28.604,28.699,244967,0
20130130,28.846,28.9,28.776,28.88,643891,0
20130131,28.854,28.897,28.759,28.759,273378,0
20130201,28.854,28.965,28.802,28.906,197492,0
20130204,28.699,28.708,28.45,28.501,303369,0
20130205,28.381,28.501,28.356,28.398,101436,0
20130206,28.295,28.466,28.277,28.432,405913,0
20130207,28.492,28.492,28.175,28.295,233162,0
20130208,28.364,28.51,28.364,28.484,620697,0
20130211,28.476,28.492,28.372,28.407,153777,0
20130212,28.476,28.61,28.432,28.553,218300,0
20130213,28.673,28.708,28.58,28.604,312522,0
20130214,28.476,28.544,28.458,28.51,149492,0
20130215,28.441,28.519,28.375,28.458,479722,0
20130219,28.751,28.751,28.588,28.708,197385,0
20130220,28.717,28.717,28.381,28.45,183803,0
20130221,28.329,28.329,28.089,28.201,209433,0
20130222,28.398,28.398,28.157,28.313,300675,0
20130225,28.441,28.501,27.959,27.993,349436,0
20130226,28.14,28.364,28.14,28.338,238140,0
20130227,28.458,28.776,28.458,28.743,225825,0
20130228,28.871,28.974,28.708,28.767,270319,0
20130301,28.784,28.965,28.783,28.965,508855,0
20130304,28.906,29.034,28.854,29.034,315725,0
20130305,29.034,29.137,29,29.077,207347,0
20130306,29.197,29.197,29.018,29.077,282793,0
20130307,29.077,29.224,29.077,29.197,181253,0
20130308,29.085,29.12,29.018,29.094,124449,0
20130311,29.137,29.188,29.051,29.188,166442,0
20130312,29.137,29.155,28.919,28.982,276999,0
20130313,29.018,29.018,28.846,28.906,212446,0
20130314,29.137,29.317,29.137,29.301,185193,0
20130315,29.257,29.317,29.172,29.233,332670,0
20130318,29.043,29.094,28.897,29.009,196127,0
20130319,28.948,28.948,28.595,28.784,219440,0
20130320,29.009,29.009,28.906,28.959,151927,0
20130321,28.819,28.906,28.725,28.725,123334,0
20130322,29.032,29.144,28.945,29.092,248597,0
20130325,29.283,29.308,28.988,29.041,178682,0
20130326,29.214,29.395,29.214,29.395,116245,0
20130327,29.343,29.56,29.343,29.551,183265,0
20130328,29.454,29.645,29.386,29.516,429244,0
20130401,29.231,29.231,28.952,28.988,346173,0
20130402,29.714,29.767,29.628,29.698,2272965,0
20130403,29.732,29.749,29.412,29.454,275931,0
20130404,29.879,30.147,29.87,30.147,295225,0
20130405,30.372,30.614,30.164,30.596,276411,0
20130408,30.596,30.803,30.554,30.791,394194,0
20130409,30.484,30.632,30.328,30.536,210263,0
20130410,30.734,30.82,30.657,30.778,181112,0
20130411,30.847,30.939,30.778,30.838,181841,0
20130412,31.167,31.305,31.114,31.305,190621,0
20130415,31.003,31.012,30.605,30.623,222956,0
20130416,30.933,31.063,30.845,31.037,236614,0
20130417,30.838,30.933,30.605,30.725,189687,0
20130418,30.812,30.907,30.657,30.769,197300,0
20130419,31.071,31.253,31.046,31.253,278903,0
20130422,31.046,31.159,30.916,31.123,317921,0
20130423,31.071,31.179,31.003,31.159,266070,0
20130424,31.176,31.364,31.176,31.262,217066,0
20130425,31.357,31.494,31.288,31.365,218442,0
20130426,31.262,31.262,31.089,31.21,479220,0
20130429,31.365,31.59,31.27,31.556,180643,0
20130430,31.452,31.729,31.452,31.703,269195,0
20130501,31.668,31.754,31.487,31.547,381072,0
20130502,31.633,31.78,31.625,31.754,182708,0
20130503,31.909,32.1,31.89,32.056,208066,0
20130506,31.988,32.031,31.918,32.022,198073,0
20130507,31.798,31.945,31.798,31.909,212160,0
20130508,31.816,31.909,31.754,31.9,633993,0
20130509,31.651,31.651,31.391,31.426,266780,0
20130510,31.418,31.418,31.244,31.4,227915,0
20130513,31.235,31.253,31.141,31.218,226197,0
20130514,30.916,30.994,30.657,30.976,219172,0
20130515,30.847,30.898,30.692,30.89,1404835,0
20130516,30.942,30.942,30.752,30.778,275365,0
20130517,31.037,31.244,31.021,31.218,193340,0
20130520,31.15,31.332,31.15,31.318,398573,0
20130521,31.054,31.17,30.933,31.106,238795,0
20130522,30.95,31.137,30.458,30.536,475082,0
20130523,29.542,29.879,29.241,29.87,987331,0
20130524,29.412,29.439,29.294,29.43,1277918,0
20130528,29.828,30.043,29.56,29.61,275854,0
20130529,29.247,29.256,29.024,29.162,388997,0
20130530,28.911,28.911,28.704,28.842,577419,0
20130531,28.623,28.666,28.359,28.359,874219,0
20130603,28.237,28.384,28.159,28.357,573414,0
20130604,28.721,28.842,28.41,28.575,506588,0
20130605,28.193,28.202,27.796,27.83,531711,0
20130606,27.762,27.943,27.554,27.926,502673,0
20130607,28.202,28.47,28.137,28.47,280143,0
20130610,28.332,28.332,28.057,28.082,167121,0
20130611,27.442,27.471,27.244,27.303,580391,0
20130612,27.502,27.545,27.001,27.062,39610778,0
20130613,27.252,27.753,27.252,27.726,1409475,0
20130614,27.744,28.012,27.692,27.771,793688,0
20130617,27.909,28.073,27.762,27.891,533270,0
20130618,28.047,28.285,28.038,28.193,383665,0
20130619,28.082,28.202,27.554,27.589,242440,0
20130620,26.897,26.897,26.298,26.343,211488,0
20130621,26.637,26.664,26.214,26.481,343229,0
20130624,25.938,26.267,25.774,26.075,147373,0
20130625,26.338,26.515,26.173,26.497,77730,0
20130626,26.718,26.84,26.647,26.727,155044,0
20130627,27.155,27.367,27.155,27.305,115005,0
20130628,27.692,27.949,27.692,27.79,710958,0
20130701,27.56,27.691,27.462,27.526,978365,0
20130702,27.753,27.954,27.642,27.762,162552,0
20130703,27.639,27.85,27.639,27.744,73222,0
20130705,27.981,27.99,27.688,27.972,114987,0
20130708,27.771,27.921,27.665,27.806,200262,0
20130709,27.99,28.096,27.921,28.052,120527,0
20130710,27.85,28.079,27.832,27.832,158705,0
20130711,28.499,28.886,28.499,28.842,444938,0
20130712,28.657,28.719,28.508,28.57,50106,0
20130715,28.631,28.762,28.631,28.746,139849,0
20130716,28.623,28.693,28.595,28.657,74364,0
20130717,28.675,28.702,28.517,28.561,62508,0
20130718,28.534,28.604,28.529,28.57,152986,0
20130719,28.517,28.64,28.517,28.631,70407,0
20130722,28.64,28.797,28.64,28.772,46138,0
20130723,28.797,28.938,28.737,28.886,56703,0
20130724,28.824,28.824,28.479,28.543,58518,0
20130725,28.332,28.702,28.332,28.693,50767,0
20130726,28.525,28.57,28.332,28.534,68572,0
20130729,28.394,28.394,28.254,28.297,54229,0
20130730,28.332,28.359,28.1,28.148,38973,0
20130731,27.963,28.166,27.867,27.954,228847,0
20130801,28.359,28.473,28.279,28.386,106998,0
20130802,28.332,28.517,28.27,28.482,87287,0
20130805,28.429,28.543,28.429,28.543,37771,0
20130806,28.543,28.648,28.534,28.587,65813,0
20130807,28.438,28.438,28.27,28.306,92641,0
20130808,28.455,28.684,28.421,28.595,85244,0
20130809,28.508,28.665,28.508,28.57,41275,0
20130812,28.394,28.402,28.322,28.368,46794,0
20130813,28.386,28.543,28.28,28.491,51430,0
20130814,28.447,28.595,28.438,28.455,305414,0
20130815,28.175,28.254,28.013,28.192,55807,0
20130816,28.201,28.323,28.148,28.175,219607,0
20130819,28.104,28.175,27.912,27.981,52770,0
20130820,28.016,28.079,27.937,28.016,53350,0
20130821,27.806,27.841,27.569,27.674,81144,0
20130822,27.648,27.789,27.648,27.657,116712,0
20130823,27.735,27.903,27.718,27.876,54544,0
20130826,27.972,27.972,27.783,27.789,28082,0
20130827,27.569,27.569,27.376,27.41,113849,0
20130828,27.394,27.548,27.358,27.437,129494,0
20130829,27.385,27.517,27.358,27.41,57023,0
20130830,27.719,27.736,27.577,27.648,258992,0
20130903,27.841,27.937,27.639,27.744,245559,0
20130904,27.789,28.052,27.762,28.007,67655,0
20130905,27.885,27.99,27.876,27.963,128446,0
20130906,27.99,28.104,27.797,27.972,86763,0
20130909,28.297,28.657,28.297,28.657,82147,0
20130910,28.788,28.929,28.78,28.929,44323,0
20130911,28.797,28.991,28.746,28.956,96963,0
20130912,28.85,28.859,28.719,28.755,57853,0
20130913,28.824,28.904,28.78,28.895,161085,0
20130916,29.202,29.314,29.096,29.114,93515,0
20130917,29.149,29.272,29.114,29.263,49696,0
20130918,29.193,30.027,29.132,30.009,208103,0
20130919,30.212,30.335,30.132,30.203,63405,0
20130920,30.176,30.176,29.826,29.86,64570,0
20130923,29.878,29.912,29.764,29.887,149949,0
20130924,29.86,29.878,29.694,29.728,54101,0
20130925,29.79,29.808,29.658,29.764,85309,0
20130926,29.71,29.851,29.694,29.799,59683,0
20130927,29.764,29.912,29.746,29.904,107064,0
20130930,29.74,29.839,29.67,29.723,1162833,0
20131001,29.803,29.98,29.652,29.908,154832,0
20131002,29.775,29.846,29.61,29.821,112158,0
20131003,29.794,29.794,29.439,29.564,53359,0
20131004,29.589,29.67,29.511,29.652,102903,0
20131007,29.519,29.519,29.084,29.218,160996,0
20131008,29.245,29.36,29.093,29.119,79506,0
20131009,29.35,29.607,29.35,29.555,164201,0
20131010,29.758,29.997,29.758,29.917,118866,0
20131011,29.794,30.051,29.794,30.025,127437,0
20131014,29.794,30.193,29.794,30.139,118414,0
20131015,29.901,29.917,29.767,29.794,54921,0
20131016,30.006,30.113,29.892,30.096,111536,0
20131017,30.167,30.44,30.157,30.432,36313,0
20131018,30.628,30.699,30.591,30.662,45555,0
20131021,30.742,30.742,30.573,30.628,41501,0
20131022,30.61,30.867,30.61,30.795,46124,0
20131023,30.573,30.573,30.396,30.486,1734710,0
20131024,30.671,30.671,30.468,30.503,38779,0
20131025,30.512,30.512,30.405,30.512,84807,0
20131028,30.449,30.486,30.353,30.423,120444,0
20131029,30.432,30.495,30.414,30.449,53568,0
20131030,30.539,30.539,30.06,30.184,36539,0
20131031,30.175,30.299,30.105,30.113,58343,0
20131101,30.113,30.113,29.945,30.077,45674,0
20131104,30.113,30.13,30.006,30.096,268631,0
20131105,29.839,29.945,29.803,29.908,89221,0
20131106,30.042,30.042,29.865,29.926,114542,0
20131107,29.83,29.846,29.456,29.474,127512,0
20131108,29.528,29.688,29.483,29.688,120105,0
20131111,29.607,29.607,29.511,29.607,172545,0
20131112,29.58,29.688,29.528,29.58,108395,0
20131113,29.483,29.713,29.483,29.713,66071,0
20131114,29.679,29.945,29.679,29.772,670814,0
20131115,29.988,30.272,29.988,30.272,93378,0
20131118,30.317,30.317,30.105,30.121,80634,0
20131119,30.034,30.034,29.892,29.901,75222,0
20131120,29.908,29.908,29.614,29.652,41115,0
20131121,29.607,29.607,29.474,29.573,81988,0
20131122,29.447,29.625,29.447,29.598,155855,0
20131125,29.492,29.492,29.298,29.369,123377,0
20131126,29.332,29.395,29.289,29.332,73642,0
20131127,29.412,29.573,29.412,29.573,375091,0
20131129,29.589,29.625,29.492,29.616,611364,0
20131202,29.447,29.447,29.165,29.218,303026,0
20131203,29.076,29.111,28.96,29.076,153827,0
20131204,28.924,29.076,28.84,28.996,91943,0
20131205,28.898,28.907,28.774,28.791,64603,0
20131206,28.978,29.084,28.916,29.057,90557,0
20131209,28.907,28.978,28.846,28.907,59997,0
20131210,28.898,28.986,28.863,28.986,101837,0
20131211,28.89,28.89,28.508,28.534,106009,0
20131212,28.508,28.534,28.411,28.491,131495,0
20131213,28.411,28.553,28.411,28.499,89881,0
20131216,28.525,28.685,28.525,28.562,77026,0
20131217,28.455,28.455,28.254,28.321,136126,0
20131218,28.514,28.833,28.407,28.698,158193,0
20131219,28.707,28.736,28.553,28.698,179934,0
20131220,28.736,28.938,28.736,28.91,246539,0
20131223,28.861,29.132,28.861,29.113,182626,0
20131224,29.026,29.122,28.919,29.093,70802,0
20131226,29.229,29.277,29.18,29.239,182109,0
20131227,29.538,29.538,29.229,29.239,117092,0
20131230,29.568,29.953,29.403,29.595,199403,0
20131231,29.749,29.856,29.634,29.803,667888,0
20140102,29.605,29.683,29.209,29.257,199343,0
20140103,29.412,29.509,29.257,29.297,239458,0
20140106,29.469,29.469,29.267,29.314,148668,0
20140107,29.383,29.383,29.273,29.334,101338,0
20140108,29.277,29.314,29.219,29.257,112433,0
20140109,29.354,29.354,29.152,29.277,67709,0
20140110,29.267,29.518,29.267,29.479,63567,0
20140113,29.499,29.499,29.219,29.287,778954,0
20140114,29.219,29.364,29.199,29.334,114400,0
20140115,29.354,29.364,29.267,29.324,112316,0
20140116,29.18,29.267,29.152,29.229,151463,0
20140117,29.364,29.518,29.364,29.412,71436,0
20140121,29.568,29.568,29.314,29.432,125995,0
20140122,29.595,29.595,29.432,29.538,188320,0
20140123,29.297,29.354,29.016,29.093,602086,0
20140124,28.881,29.035,28.543,28.543,122062,0
20140127,28.726,28.726,28.34,28.494,165917,0
20140128,28.62,28.774,28.6,28.736,496526,0
20140129,28.455,28.543,28.311,28.35,131067,0
20140130,28.6,28.6,28.436,28.553,168694,0
20140131,28.051,28.301,27.991,28.117,241533,0
20140203,28.176,28.262,27.677,27.712,399602,0
20140204,27.982,28.224,27.857,28.166,233537,0
20140205,28.08,28.138,27.925,28.031,760229,0
20140206,28.186,28.446,28.001,28.407,150665,0
20140207,28.629,28.823,28.514,28.736,108575,0
20140210,28.6,28.658,28.527,28.591,66832,0
20140211,28.688,29.083,28.639,29.016,278841,0
20140212,28.958,29.102,28.958,29.045,124850,0
20140213,28.774,29.074,28.726,29.016,109508,0
20140214,29.026,29.161,28.938,29.142,91981,0
20140218,29.17,29.403,29.17,29.324,116304,0
20140219,29.364,29.489,29.229,29.277,101453,0
20140220,29.267,29.45,29.267,29.441,39842,0
20140221,29.412,29.469,29.334,29.334,71675,0
20140224,29.344,29.518,29.325,29.374,100868,0
20140225,29.344,29.45,29.239,29.287,162262,0
20140226,29.267,29.314,29.142,29.17,59640,0
20140227,28.968,29.247,28.968,29.189,50571,0
20140228,29.17,29.403,29.17,29.277,250815,0
20140303,29.035,29.093,28.865,28.928,75299,0
20140304,29.383,29.479,29.306,29.374,128335,0
20140305,29.422,29.432,29.199,29.219,2083557,0
20140306,29.469,29.661,29.469,29.595,239891,0
20140307,29.499,29.634,29.364,29.45,79549,0
20140310,29.239,29.239,29.074,29.209,82412,0
20140311,29.189,29.239,28.938,28.968,264622,0
20140312,28.793,28.877,28.736,28.746,101138,0
20140313,28.852,28.896,28.407,28.465,101954,0
20140314,28.417,28.562,28.359,28.388,54550,0
20140317,28.61,28.774,28.591,28.649,51651,0
20140318,28.736,28.928,28.651,28.833,90705,0
20140319,28.774,28.774,28.389,28.446,83012,0
20140320,28.156,28.195,28.031,28.089,116208,0
20140321,28.281,28.435,28.107,28.107,122332,0
20140324,28.465,28.465,28.205,28.359,156611,0
20140325,28.601,28.659,28.465,28.563,146334,0
20140326,28.63,28.689,28.446,28.446,157790,0
20140327,28.573,28.805,28.573,28.785,181466,0
20140328,28.874,29.126,28.874,29,86371,0
20140331,29.136,29.282,29.136,29.214,360369,0
20140401,29.184,29.311,29.184,29.282,49993,0
20140402,29.456,29.612,29.456,29.545,129566,0
20140403,29.612,29.612,29.407,29.506,94653,0
20140404,29.701,29.797,29.456,29.466,168381,0
20140407,29.739,29.739,29.545,29.592,224324,0
20140408,29.545,29.733,29.545,29.642,177655,0
20140409,29.701,29.895,29.592,29.865,109995,0
20140410,29.845,29.845,29.545,29.555,195467,0
20140411,29.535,29.592,29.409,29.409,103369,0
20140414,29.555,29.622,29.466,29.577,103883,0
20140415,29.582,29.582,29.311,29.545,98145,0
20140416,29.792,29.817,29.666,29.797,271245,0
20140417,29.797,29.991,29.797,29.923,84775,0
20140421,30.031,30.031,29.817,29.904,72260,0
20140422,30.021,30.079,29.904,29.953,129493,0
20140423,30.031,30.031,29.845,29.845,227943,0
20140424,30.021,30.021,29.818,29.885,106434,0
20140425,29.875,29.885,29.681,29.719,260257,0
20140428,29.885,29.98,29.729,29.895,142493,0
20140429,29.973,30.099,29.973,30.021,79748,0
20140430,29.895,30.06,29.875,30.021,253448,0
20140501,30.021,30.127,30.001,30.099,41650,0
20140502,30.127,30.196,30.04,30.079,77166,0
20140505,30.021,30.127,29.923,30.05,94653,0
20140506,30.186,30.244,30.031,30.108,58192,0
20140507,30.216,30.342,30.147,30.263,193701,0
20140508,30.322,30.409,30.216,30.244,64986,0
20140509,30.293,30.371,30.244,30.253,120587,0
20140512,30.429,30.546,30.342,30.498,116222,0
20140513,30.614,30.662,30.518,30.604,74365,0
20140514,30.672,30.857,30.672,30.74,193351,0
20140515,30.721,30.789,30.643,30.701,97936,0
20140516,30.721,30.886,30.721,30.867,149042,0
20140519,30.779,30.867,30.721,30.828,129538,0
20140520,30.701,30.701,30.517,30.536,111556,0
20140521,30.653,30.73,30.637,30.672,90690,0
20140522,30.653,30.75,30.653,30.682,56584,0
20140523,30.934,31.032,30.847,30.954,163500,0
20140527,31.149,31.168,31.011,31.109,97672,0
20140528,31.07,31.07,30.944,30.983,67068,0
20140529,31.061,31.198,31.061,31.198,36906,0
20140530,31.226,31.287,31.188,31.188,72607,0
20140602,31.285,31.469,31.255,31.45,101557,0
20140603,31.43,31.44,31.343,31.416,207341,0
20140604,31.255,31.343,31.217,31.295,122886,0
20140605,31.314,31.479,31.255,31.421,68787,0
20140606,31.508,31.651,31.508,31.634,35299,0
20140609,31.684,31.712,31.605,31.674,93613,0
20140610,31.566,31.566,31.43,31.508,110371,0
20140611,31.391,31.391,31.255,31.255,141915,0
20140612,31.489,31.498,31.207,31.245,88857,0
20140613,31.245,31.343,31.198,31.235,27369,0
20140616,31.08,31.217,31.08,31.149,100237,0
20140617,31.119,31.129,30.983,31.099,86950,0
20140618,31.285,31.353,31.023,31.324,84915,0
20140619,31.489,31.489,31.343,31.441,60908,0
20140620,31.489,31.596,31.489,31.576,55606,0
20140623,31.44,31.44,31.324,31.421,167688,0
20140624,31.396,31.466,31.248,31.278,102650,0
20140625,31.406,31.535,31.357,31.495,126044,0
20140626,31.643,31.712,31.505,31.663,70412,0
20140627,31.683,31.751,31.623,31.643,81425,0
20140630,31.515,31.703,31.515,31.703,564750,0
20140701,31.821,31.889,31.745,31.821,78252,0
20140702,31.909,31.909,31.801,31.87,82600,0
20140703,31.889,31.889,31.801,31.841,92028,0
20140707,31.673,31.673,31.574,31.594,42237,0
20140708,31.653,31.663,31.328,31.416,77178,0
20140709,31.485,31.653,31.466,31.633,118157,0
20140710,31.416,31.604,31.337,31.515,240166,0
20140711,31.396,31.633,31.396,31.623,84924,0
20140714,31.821,31.821,31.693,31.732,67146,0
20140715,31.889,31.909,31.604,31.732,47160,0
20140716,31.889,32.009,31.889,31.989,101198,0
20140717,31.919,31.929,31.693,31.722,172202,0
20140718,31.929,32.047,31.841,32.037,42159,0
20140721,31.801,31.939,31.791,31.821,261051,0
20140722,31.939,32.067,31.939,32.028,84474,0
20140723,32.047,32.172,32.047,32.156,51256,0
20140724,32.176,32.176,32.037,32.097,41438,0
20140725,31.969,31.969,31.791,31.791,98974,0
20140728,31.87,31.919,31.751,31.919,50450,0
20140729,32.127,32.127,31.928,31.949,35501,0
20140730,32.067,32.067,31.831,31.962,38121,0
20140731,31.87,31.909,31.623,31.658,114496,0
20140801,31.604,31.663,31.505,31.584,78140,0
20140804,31.584,31.673,31.436,31.623,143225,0
20140805,31.456,31.456,31.172,31.258,54480,0
20140806,31.051,31.13,30.893,31.061,75678,0
20140807,31.238,31.238,30.903,30.932,93601,0
20140808,31.022,31.12,30.962,31.09,108863,0
20140811,31.228,31.377,31.218,31.298,76552,0
20140812,31.288,31.308,31.209,31.308,55074,0
20140813,31.485,31.613,31.475,31.564,47857,0
20140814,31.653,31.653,31.544,31.554,435913,0
20140815,31.732,31.861,31.574,31.673,120301,0
20140818,31.821,31.821,31.712,31.801,125908,0
20140819,32.028,32.028,31.899,31.999,55362,0
20140820,31.781,31.919,31.751,31.879,61195,0
20140821,32.077,32.117,31.959,31.999,47012,0
20140822,31.989,32.037,31.879,31.909,34781,0
20140825,31.959,32.087,31.959,32.047,33846,0
20140826,32.067,32.087,32.003,32.037,49030,0
20140827,32.107,32.107,32.009,32.067,25611,0
20140828,32.166,32.166,31.87,31.889,121754,0
20140829,31.899,31.909,31.801,31.811,89682,0
20140902,31.87,31.979,31.693,31.899,83519,0
20140903,32.057,32.146,32.057,32.097,81959,0
20140904,32.097,32.097,31.899,31.929,73383,0
20140905,31.732,31.909,31.732,31.87,205242,0
20140908,31.712,31.741,31.514,31.584,56021,0
20140909,31.406,31.406,31.238,31.298,85348,0
20140910,31.248,31.347,31.199,31.308,56469,0
20140911,31.15,31.19,31.051,31.16,59859,0
20140912,31.12,31.12,30.932,30.952,335257,0
20140915,30.844,30.844,30.706,30.716,76739,0
20140916,30.449,30.794,30.449,30.735,93219,0
20140917,30.647,30.706,30.429,30.429,110684,0
20140918,30.562,30.637,30.548,30.607,65915,0
20140919,30.627,30.696,30.351,30.519,71897,0
20140922,30.341,30.399,30.281,30.321,95323,0
20140923,30.281,30.311,30.143,30.223,127544,0
20140924,30.237,30.266,30.088,30.227,76486,0
20140925,30.068,30.078,29.841,29.869,87013,0
20140926,30.038,30.197,30.008,30.088,145040,0
20140929,29.79,29.84,29.701,29.78,287307,0
20140930,29.79,29.84,29.641,29.82,514905,0
20141001,29.661,29.691,29.485,29.502,207781,0
20141002,29.393,29.462,29.045,29.316,104654,0
20141003,29.254,29.284,29.13,29.224,113383,0
20141006,29.413,29.413,29.274,29.363,84428,0
20141007,29.274,29.343,29.115,29.135,1205885,0
20141008,29.165,29.572,29.085,29.522,206214,0
20141009,29.472,29.492,29.055,29.095,192023,0
20141010,29.125,29.194,28.906,28.916,63531,0
20141013,29.135,29.179,28.817,28.877,126896,0
20141014,29.055,29.147,28.906,28.926,537570,0
20141015,28.797,28.887,28.42,28.817,335553,0
20141016,28.599,29.095,28.47,28.906,84800,0
20141017,29.115,29.284,29.105,29.184,128269,0
20141020,29.214,29.472,29.204,29.462,47978,0
20141021,29.562,29.81,29.562,29.76,137290,0
20141022,29.671,29.8,29.562,29.581,102459,0
20141023,29.919,30.008,29.81,29.899,101553,0
20141024,29.929,29.94,29.8,29.919,43737,0
20141027,29.879,29.969,29.79,29.919,98073,0
20141028,30.197,30.266,30.127,30.217,32939,0
20141029,30.266,30.329,29.949,30.058,93210,0
20141030,30.098,30.376,30.073,30.296,53162,0
20141031,30.961,31.17,30.892,31.08,472188,0
20141103,31.051,31.155,30.971,31.11,160690,0
20141104,30.912,30.912,30.724,30.862,135623,0
20141105,30.663,30.663,30.485,30.544,176759,0
20141106,30.237,30.276,30.088,30.098,55593,0
20141107,30.008,30.048,29.889,30.038,93438,0
20141110,30.187,30.316,30.187,30.296,68545,0
20141111,30.336,30.524,30.336,30.495,42333,0
20141112,30.435,30.564,30.435,30.524,64756,0
20141113,30.495,30.683,30.495,30.604,50589,0
20141114,30.584,30.862,30.584,30.792,91881,0
20141117,30.622,30.703,30.594,30.644,48376,0
20141118,30.644,30.753,30.59,30.673,56332,0
20141119,30.624,30.683,30.475,30.554,283517,0
20141120,30.256,30.415,30.227,30.376,161629,0
20141121,30.693,30.763,30.534,30.604,95175,0
20141124,30.703,30.703,30.594,30.634,51623,0
20141125,30.495,30.673,30.475,30.614,118629,0
20141126,30.663,30.713,30.544,30.683,80126,0
20141128,30.673,30.743,30.524,30.604,1185042,0
20141201,30.673,30.743,30.561,30.634,2557800,0
20141202,30.723,30.862,30.723,30.842,83862,0
20141203,30.733,30.822,30.733,30.802,118503,0
20141204,30.524,30.565,30.432,30.465,58517,0
20141205,30.505,30.505,30.395,30.445,53559,0
20141208,30.256,30.256,30.078,30.108,80320,0
20141209,29.949,30.137,29.939,30.127,1092889,0
20141210,30.247,30.247,29.899,29.919,66077,0
20141211,30.108,30.207,29.979,29.998,52482,0
20141212,30.028,30.028,29.73,29.74,102544,0
20141215,29.77,29.77,29.333,29.363,147256,0
20141216,29.433,29.79,29.433,29.452,202800,0
20141217,29.522,29.963,29.522,29.79,215868,0
20141218,29.869,29.979,29.78,29.979,190269,0
20141219,30.15,30.25,29.95,30.12,174532,0
20141222,30.2,30.41,30.2,30.35,238848,0
20141223,30.15,30.4,30.15,30.33,229470,0
20141224,30.22,30.41,30.22,30.36,47116,0
20141226,30.31,30.66,30.31,30.55,44396,0
20141229,30.33,30.48,30.33,30.4,635720,0
20141230,30.36,30.38,30.29,30.3,106703,0
20141231,30.35,30.37,29.98,30.04,189917,0
20150102,30.17,30.34,30.06,30.11,317332,0
20150105,30.08,30.08,29.81,29.9,227528,0
20150106,29.93,30.05,29.693,29.82,245948,0
20150107,30.07,30.38,30.07,30.29,294699,0
20150108,30.25,30.51,30.25,30.41,1559338,0
20150109,30.49,30.49,30.25,30.34,2432277,0
20150112,30.26,30.43,30.21,30.35,155197,0
20150113,30.67,30.82,30.37,30.56,80773,0
20150114,30.49,30.68,30.42,30.67,99595,0
20150115,30.82,30.94,30.63,30.65,158550,0
20150116,30.72,31.21,30.72,31.16,346149,0
