Date,Open,High,Low,Close,Volume,OpenInt
20100513,40,40,40,40,0,0
20100514,40,41.5,38,39.4,109703,0
20100517,39.7,39.7,32.5,35.3,9100,0
20100518,35.9,36.6,32.5,33,5442,0
20100519,34.9,34.9,31.6,31.8,10177,0
20100520,31.8,31.8,29.5,29.5,13150,0
20100521,29,33,29,32,3139,0
20100524,32.9,32.9,29.2,29.2,3314,0
20100525,31.3,31.3,29.2,29.6,2609,0
20100526,32.1,34.5,29.9,30.4,1840,0
20100527,32.1,33.3,29.4,30,2191,0
20100528,29.1,33,29.1,31.1,3445,0
20100601,31.9,31.9,29.5,30,866,0
20100602,30,30.4,27.9,29.4,2860,0
20100603,29.5,30,28.6,29.6,1154,0
20100604,30,30.5,27.5,27.5,735,0
20100607,30.4,30.4,27.7,27.7,1110,0
20100608,27.5,27.5,25.3,26.6,1448,0
20100609,25.3,25.6,24.6,24.6,2176,0
20100610,24.2,27.9,24.2,26,2478,0
20100611,27.4,27.4,26,26.5,864,0
20100614,27.5,27.5,25,25.7,1161,0
20100615,27.5,29.9,27.4,28.2,4679,0
20100616,28.7,29.2,26.2,28,1830,0
20100617,27.9,27.9,26.4,26.4,690,0
20100618,26.9,29.7,26.5,29.4,2180,0
20100621,28.1,28.7,27,28.6,1607,0
20100622,28,28,27.4,27.7,409,0
20100623,28.4,28.4,27.6,28.1,150,0
20100624,30.4,35.1,27,28,31002,0
20100625,28.1,28.9,27.8,27.8,2592,0
20100628,28,28,27.2,27.5,2617,0
20100629,27.1,27.6,26,26.2,1135,0
20100630,26.1,28.5,25,25.6,1614,0
20100701,25.8,27.8,22.3,24.2,3899,0
20100702,24.8,28,23.7,23.7,4329,0
20100706,24.7,24.7,23.7,23.7,2650,0
20100707,25.4,25.4,23.1,24.1,1614,0
20100708,24.5,25.5,24.1,25,1903,0
20100709,24.1,27,24,26.3,1229,0
20100712,26,26.4,26,26,275,0
20100713,26,26,25.5,26,1735,0
20100714,26.1,27.5,26.1,26.5,838,0
20100715,27.2,27.2,25.8,25.8,965,0
20100716,25.6,25.6,24.5,25,4422,0
20100719,24.7,25.9,24.7,24.8,460,0
20100720,24.5,25,24.5,24.9,610,0
20100721,24.4,25,24.3,24.3,665,0
20100722,24.5,25.5,23.5,23.5,8740,0
20100723,24,24.2,22.6,23.9,22180,0
20100726,24.3,25,24.2,24.5,4834,0
20100727,24.1,25.2,24.1,24.5,4336,0
20100728,24,24,23.5,23.8,1420,0
20100729,24.5,25.2,23.8,24.4,3350,0
20100730,23.9,25.5,23.9,24.2,1690,0
20100802,24.2,25.6,24.2,25.6,875,0
20100803,26.7,28,26.2,26.2,9472,0
20100804,26.3,26.9,26.1,26.2,1853,0
20100805,26.2,26.5,25.6,25.6,2445,0
20100806,25.6,26.5,25.2,25.2,2666,0
20100809,25.1,25.4,24.7,24.8,1380,0
20100810,24.2,26.2,24.1,24.2,2450,0
20100811,24.3,24.3,23.7,23.7,760,0
20100812,23.7,23.7,21.6,22.1,11453,0
20100813,22.4,24.6,22.4,22.6,10884,0
20100816,22.9,24.9,22.9,24.1,7174,0
20100817,24.1,24.5,24.1,24.2,590,0
20100818,24.5,25,23.7,24.2,1027,0
20100819,23.7,24.2,23.1,23.8,27510,0
20100820,23.3,25,23.3,23.5,1601,0
20100823,23,23.2,22.4,22.4,2410,0
20100824,22.4,22.6,22.1,22.5,7975,0
20100825,22.5,23.5,22.2,22.9,1222,0
20100826,22.6,23.3,22,22,3601,0
20100827,22,22.5,21.5,21.7,11519,0
20100830,22,22,21.5,21.6,1031,0
20100831,22.4,22.7,22,22.5,3869,0
20100901,22.5,22.5,21.8,22,1796,0
20100902,22,23,22,22.5,3676,0
20100903,23.5,23.5,23,23.5,899,0
20100907,23,23.9,22.8,23.9,773,0
20100908,23,23,22.5,22.5,760,0
20100909,23,24.6,23,24.2,29946,0
20100910,24.5,24.6,24,24,3692,0
20100913,23.8,23.8,22.9,22.9,6254,0
20100914,23.7,24,22.6,23.2,5460,0
20100915,24,24,23.5,23.5,109,0
20100916,23.2,23.5,22.5,23.1,1370,0
20100917,22.3,23.1,21.5,23.1,43714,0
20100920,23.4,23.4,22,22.8,1662,0
20100921,23,24.9,23,24.1,9192,0
20100922,23.3,23.3,23,23.1,2385,0
20100923,23.3,24.2,23.1,23.1,4770,0
20100924,24.1,24.1,23.1,23.5,730,0
20100927,23.5,24.6,23.1,23.1,3962,0
20100928,23.1,23.5,23,23.1,1515,0
20100929,23.1,23.5,23.1,23.5,130,0
20100930,24,24.1,23.5,23.5,260,0
20101001,23.6,24.1,23.5,24.1,200,0
20101004,23.5,24.4,23.5,24.1,447,0
20101005,23.6,23.7,23.5,23.5,750,0
20101006,24.1,25.4,24.1,25.3,6452,0
20101007,25.4,25.4,24.5,25,880,0
20101008,25,27.4,24.4,27.2,6347,0
20101011,28,31.3,27.5,30.1,26457,0
20101012,30.6,32.9,28.9,32.5,8525,0
20101013,32.5,35,32.5,33.5,15774,0
20101014,34.4,37.9,33.5,37.1,30740,0
20101015,39.4,39.7,37.3,38,14576,0
20101018,38,38,35,35.4,6445,0
20101019,35,35,31.7,32,9262,0
20101020,31.6,34.9,31.6,33.2,8623,0
20101021,35,35,33.5,34.5,5735,0
20101022,34.6,35.4,33.1,33.9,2056,0
20101025,35,35,33.3,34.1,3656,0
20101026,34.5,36.5,34,34.7,5838,0
20101027,33.8,33.8,33.3,33.3,708,0
20101028,33.5,35,33.5,34.2,1223,0
20101029,34.3,34.3,33.3,33.3,650,0
20101101,35,35.5,33.9,34,8170,0
20101102,33.3,34.7,33,33.5,4316,0
20101103,33.7,35.6,33.7,34.7,7182,0
20101104,33.7,34.3,32.5,32.5,11086,0
20101105,33,35,33,33,8170,0
20101108,33.1,35.5,33.1,33.5,5961,0
20101109,33.8,34.5,33,33.4,7917,0
20101110,34,34.3,32.3,32.3,9429,0
20101111,34.4,34.4,33.3,33.5,10083,0
20101112,33.4,35.1,33.4,35.1,5089,0
20101115,35.5,39.4,35.5,36.2,9641,0
20101116,36.4,36.5,34.5,34.5,2767,0
20101117,36,39,35,35.4,11069,0
20101118,37.9,37.9,35,35.8,3021,0
20101119,35.9,36.7,35.9,36.4,3919,0
20101122,36,36.5,35.5,35.5,3451,0
20101123,36,37,34.5,35.2,4113,0
20101124,36.6,36.7,34.6,36,17862,0
20101126,37.3,44.9,37,43,51918,0
20101129,44.3,46.8,42.1,44.7,46685,0
20101130,45.5,45.5,39,43,21141,0
20101201,44.5,44.5,40.2,41.9,13244,0
20101202,43.5,48.5,43.2,46.7,40161,0
20101203,46.5,49.5,45,46.4,24383,0
20101206,46,49,46,49,12220,0
20101207,51.8,54.7,49,50.5,33378,0
20101208,51,52,47.6,50.5,17156,0
20101209,51,51,43.2,45,23566,0
20101210,44.8,45.4,43.8,45.2,8756,0
20101213,45.1,45.1,41.5,42.4,13169,0
20101214,39.6,41.1,38.8,40.4,20560,0
20101215,40.2,40.2,37,37.8,14402,0
20101216,37,38.1,33.8,36.1,26893,0
20101217,34.5,35.4,34,34.7,11229,0
20101220,34.3,37.3,34.1,36.4,11605,0
20101221,37,38.7,35.5,35.6,15386,0
20101222,35.9,35.9,33.1,34.4,6902,0
20101223,33.9,34.9,33,33.7,6642,0
20101227,33.8,33.9,30.3,31.3,13042,0
20101228,30.7,31.2,29.3,30.4,17363,0
20101229,31,34.9,30.4,34.9,9013,0
20101230,34.3,36,33.3,36,7478,0
20101231,33.7,35.3,33.7,34,3069,0
20110103,34.1,35.1,33.2,33.2,9644,0
20110104,32.6,34,31.5,32,9138,0
20110105,31.9,33.4,31.3,31.6,9016,0
20110106,32.2,32.2,29.2,30.8,12818,0
20110107,31.9,32.1,29.9,30.9,6016,0
20110110,31.2,33,30.9,32.8,4716,0
20110111,33,36,33,33.6,10894,0
20110112,33.4,35.9,31.3,32.2,8791,0
20110113,32.1,33.8,31,32.3,8308,0
20110114,32.1,32.1,31.5,31.7,5209,0
20110118,31.7,32,31,31.7,4321,0
20110119,31.9,32,31.2,31.9,4377,0
20110120,32.8,38.9,32.8,35.7,54812,0
20110121,34.9,34.9,32.1,32.3,20381,0
20110124,31.9,32.6,30.9,31,8593,0
20110125,30.7,30.7,27.9,28.8,19406,0
20110126,28.9,31.3,28.8,31,8689,0
20110127,31.3,33.1,31.3,31.4,6631,0
20110128,31.3,31.8,28.1,29.1,9955,0
20110131,28.6,29.4,28.5,29.1,5008,0
20110201,29.4,31.9,29.2,31.1,5564,0
20110202,30.2,30.9,30,30.4,1513,0
20110203,30.6,30.6,29.4,29.8,1855,0
20110204,29.7,30.4,29.7,30.1,1273,0
20110207,29.8,30.1,29.3,29.7,4316,0
20110208,29.4,29.4,28.8,29,5674,0
20110209,28.8,29,28.3,28.4,4748,0
20110210,28.3,28.5,27.2,28.5,9336,0
20110211,28.3,28.4,27.3,27.9,6090,0
20110214,28.1,29,28.1,28.9,2039,0
20110215,28.6,28.7,28.1,28.6,2742,0
20110216,28.7,29.1,28.6,28.7,2865,0
20110218,28.3,28.3,27.1,27.6,3226,0
20110222,27.4,27.4,25.3,26.4,9148,0
20110223,26.3,27,26.1,26.4,5779,0
20110224,26,26.7,25.9,26.1,3240,0
20110225,25.5,26.4,25.5,26.2,3606,0
20110228,26.2,26.2,24.6,25.9,12945,0
20110301,25.5,26.1,25.5,25.9,6972,0
20110302,25.7,26,25.3,26,3620,0
20110303,25.6,26.2,25.3,26,3615,0
20110304,26.4,26.5,25.7,25.9,1588,0
20110307,25.8,26.1,25.1,25.2,3294,0
20110308,25.3,25.8,25.2,25.8,2655,0
20110309,25.7,25.7,25,25,3208,0
20110310,24.6,25,24.5,25,3680,0
20110311,24.6,24.7,23.9,24.3,2946,0
20110314,23,23.2,22.1,23,6045,0
20110315,20.6,21.9,20.5,21.7,10403,0
20110316,21.7,22.2,21.7,21.9,2292,0
20110317,21.9,22.8,21.9,22.5,1797,0
20110318,22,22,21.3,21.8,1158,0
20110321,21.6,22,21,21,2615,0
20110322,21,21.6,20.5,20.8,1456,0
20110323,20.6,21.9,20,21.3,6538,0
20110324,21.7,21.8,21.5,21.8,930,0
20110325,21.9,22.5,21.8,22,7564,0
20110328,21.8,22.2,21.7,21.7,2617,0
20110329,21.6,21.7,21,21,2566,0
20110330,21,21.4,20.9,20.9,3237,0
20110331,20.8,20.9,20.5,20.6,2620,0
20110401,20.7,21.4,20.4,21.3,4759,0
20110404,21.3,21.5,21,21,4168,0
20110405,20.9,20.9,19.2,19.9,13415,0
20110406,20,22.3,20,20.5,9999,0
20110407,20.6,21,20.4,21,2042,0
20110408,21,21.3,20.7,20.7,1563,0
20110411,20.7,20.7,19.3,19.9,7978,0
20110412,20,20.3,19.7,20,2994,0
20110413,19.2,19.4,14.3,18.3,42586,0
20110414,17.8,17.8,16.2,16.3,8833,0
20110415,16.6,18,16.2,17,9243,0
20110418,17.3,17.3,15.5,15.7,4178,0
20110419,15.9,15.9,14.7,14.9,7012,0
20110420,15.1,15.1,14.3,14.6,4635,0
20110421,14.6,15.5,14.4,15.4,2478,0
20110425,15.5,17.5,15.4,17.4,4626,0
20110426,18.1,19.2,17.6,17.9,15422,0
20110427,17.9,18.3,16.7,18.2,6120,0
20110428,18,18,16.6,17.9,11300,0
20110429,17.5,18.2,17.4,18,7283,0
20110502,18,18.4,17.6,18.1,4498,0
20110503,18,18,16.9,17,4385,0
20110504,16.9,17.8,16.3,17.8,4926,0
20110505,18.5,18.5,16.2,16.3,3617,0
20110506,16.3,16.7,16,16.1,1255,0
20110509,16.3,16.7,16.2,16.4,988,0
20110510,16.5,16.8,16.5,16.8,436,0
20110511,16.9,20.7,16.9,19.4,16858,0
20110512,20.2,22.5,19.3,19.7,13417,0
20110513,19.8,19.8,17.6,18.8,9403,0
20110516,19.3,19.3,16.8,17.4,8060,0
20110517,16.9,18.2,16.3,17.1,16597,0
20110518,17,17,15.6,15.6,3943,0
20110519,15,15,13.7,14.5,12917,0
20110520,14.3,19.3,13.3,14.2,19213,0
20110523,13.7,13.9,13.3,13.8,4340,0
20110524,13.4,13.4,9.7,11,27813,0
20110525,10.1,10.2,9.8,9.9,17446,0
20110526,9.9,10.8,9.4,10,13611,0
20110527,10,10.2,9.6,9.9,9198,0
20110531,7.9,7.9,6.1,7.1,45191,0
20110601,6.9,7.4,6.6,7.1,10306,0
20110602,7.2,7.2,7,7.1,4127,0
20110603,7.1,8.1,6.4,7.5,11965,0
20110606,7.5,8,7.5,7.6,5625,0
20110607,7.7,7.7,7.3,7.4,3715,0
20110608,7.5,8.1,7.5,7.9,970,0
20110609,8.1,8.2,8,8,3405,0
20110610,8.5,8.8,8.3,8.3,7205,0
20110613,9,10,8.7,9.3,12763,0
20110614,9.3,9.3,9,9,4307,0
20110615,9.1,9.9,9.1,9.5,3147,0
20110616,10,10.8,9.8,9.9,6713,0
20110617,9.9,10.4,9.9,9.9,9628,0
20110620,9.4,10.6,9.3,10.3,5586,0
20110621,10,10.2,9.9,9.9,1239,0
20110622,9.7,9.8,9.5,9.7,1162,0
20110623,9.7,9.7,9,9,3024,0
20110624,9.2,9.4,9.1,9.1,1170,0
20110627,9,9.3,8.3,9.2,5855,0
20110628,9,9.2,9,9,1077,0
20110629,9,9.4,9,9.1,1558,0
20110630,9.3,9.3,9,9,640,0
20110701,9,10.8,9,10.8,5160,0
20110705,10.4,10.8,10,10.3,3151,0
20110706,10.2,10.2,10,10.1,1196,0
20110707,10.5,10.6,10.1,10.2,1435,0
20110708,10.3,10.8,10.1,10.3,1173,0
20110711,10.2,10.2,9.2,9.3,3785,0
20110712,9.1,10.4,9.1,10.2,7026,0
20110713,10.5,10.6,10.2,10.4,1100,0
20110714,10,11.7,10,11.1,9224,0
20110715,11.1,11.7,11.1,11.2,3000,0
20110718,11,11.7,11,11.7,6997,0
20110719,11.3,12.2,11.1,12,4883,0
20110720,11.9,12.5,11.6,12.5,5996,0
20110721,12.4,15,12.4,14.1,12400,0
20110722,14.3,14.8,13.9,14.5,4662,0
20110725,15.2,15.5,14.1,15.2,3348,0
20110726,15.1,15.2,14.7,14.8,2040,0
20110727,14.7,15.2,14.7,15.2,3519,0
20110728,14.7,15.3,14.6,14.9,2225,0
20110729,15,15.1,14.4,14.9,4679,0
20110801,15,15.2,14.7,14.7,195,0
20110802,14.4,15,14,14,2310,0
20110803,14.4,15.8,14.4,15.4,7050,0
20110804,15.8,15.8,14.2,15,3760,0
20110805,15.1,15.1,9.5,11,8546,0
20110808,9.3,11.9,9.1,10,7225,0
20110809,9.4,11.1,9.4,10,950,0
20110810,10.4,11.8,10.4,11.7,405,0
20110811,11.7,11.9,11,11.1,830,0
20110812,11.3,11.4,11.2,11.2,2229,0
20110815,11.1,12.2,11.1,12,2990,0
20110816,12,12.6,11.5,12.4,990,0
20110817,12.4,12.9,12.4,12.8,120,0
20110818,11.7,12.6,10.6,12.6,277,0
20110819,12.1,12.1,11,11,320,0
20110822,11.8,12.8,11.8,12,1347,0
20110823,11.6,11.6,11.6,11.6,93,0
20110825,12.3,12.4,12.3,12.3,185,0
20110826,11.4,12,11.2,12,670,0
20110829,12,12,11.9,12,2195,0
20110831,10.901,12.4,10.901,12.089,77,0
20110901,11.2,12.1,11.1,12.1,40,0
20110906,11.3,11.3,11.3,11.3,10,0
20110907,10.6,11.5,10.6,11.5,100,0
20110908,10.7,12,10.1,12,1091,0
20110909,11.2,11.2,11,11,20,0
20110912,11,12.4,11,12,3215,0
20110913,11,11.9,11,11.2,70,0
20110914,11.5,12,11.5,12,801,0
20110916,11.1,11.9,10.6,11.9,35,0
20110919,11,13.6,10.5,12,765,0
20110920,11.5,13,10.6,12,485,0
20110921,12,12,11.5,11.5,25,0
20110923,11.5,11.7,10.5,11.7,123,0
20110926,11.1,11.2,10.8,10.8,160,0
20110927,11.5,12,11.3,12,2110,0
20110928,11.5,11.5,11.5,11.5,1800,0
20110929,10.7,10.7,10.7,10.7,20,0
20110930,10.7,10.7,10.2,10.7,312,0
20111003,10.1,10.2,9.7,9.7,316,0
20111004,8.6,8.9,7.5,8.9,897,0
20111005,8.9,10,8.9,9,284,0
20111006,8.9,8.9,8.9,8.9,30,0
20111010,8.9,9,8.9,8.9,6840,0
20111012,8.9,8.9,8.1,8.4,1145,0
20111013,8.1,8.1,7.9,7.9,195,0
20111014,8,8,7.8,7.8,80,0
20111018,7.1,7.8,7.1,7.1,180,0
20111019,7.1,7.1,7.1,7.1,100,0
20111021,7.2,7.2,7.2,7.2,60,0
20111024,10,10,9.9,10,1043,0
20111025,10,10,8.6,8.6,480,0
20111026,9.9,10.6,8.5,9.2,2304,0
20111027,10,10,8.2,9.6,2270,0
20111028,8.7,9,8.7,8.7,203,0
20111031,8.9,10,8.9,10,2010,0
20111101,8.3,11.4,8.3,11.4,1575,0
20111102,11.4,11.4,11.4,11.4,10,0
20111103,10,11,9.3,9.5,137,0
20111104,10.615,10.615,10.615,10.615,10,0
20111107,10.6,10.6,9.1,9.4,186,0
20111109,10.7,10.7,8.6,8.9,170,0
20111110,9.6,9.6,9.2,9.2,144,0
20111111,10.2,10.4,8,9.6,1051,0
20111114,8.2,8.2,7.9,8,351,0
20111116,7.6,8.8,7.1,8.7,431,0
20111117,8,8,7.9,8,210,0
20111118,7.7,8.1,7.1,8.1,940,0
20111121,7.1,7.3,6.6,7.3,987,0
20111129,6.8,7.3,6.2,6.2,2205,0
20111130,6.2,9.9,6.2,7.91,5063,0
20111201,8,8.5,8,8,321,0
20111205,8.6,8.7,8.3,8.3,142,0
20111206,8.266,8.483,8.255,8.255,120,0
20111208,9,9,6.7,6.7,1487,0
20111209,7.8,9.9,6.7,6.7,2346,0
20111212,7.6,7.6,7.1,7.3,235,0
20111213,6.8,6.8,6.6,6.8,420,0
20111214,6.5,7.7,6.4,7,1080,0
20111215,6.8,6.8,6.2,6.2,2159,0
20111216,6.1,6.1,5.7,5.7,880,0
20111219,5.8,5.9,5.6,5.6,1458,0
20111220,5.3,5.4,3.9,4.7,7440,0
20111221,4.4,5.3,4.3,4.6,1650,0
20111222,4.4,5.198,4.4,4.697,1175,0
20111223,4.6,4.972,4.2,4.2,2405,0
20111227,3.8,4.214,3.525,4.099,1345,0
20111228,4.2,4.4,3.6,3.6,1900,0
20111229,3.5,3.79,3.1,3.4,3090,0
20111230,3.398,3.398,3.1,3.1,596,0
20120103,3.2,5.9,3.1,5.7,7461,0
20120104,5.8,5.8,4.9,5.8,2742,0
20120105,5.8,5.8,4.059,4.1,6972,0
20120106,4.2,4.3,4,4.1,840,0
20120109,4.4,5.15,4.305,4.9,873,0
20120110,4.7,4.7,4.3,4.4,1060,0
20120111,4.3,4.326,4.101,4.3,300,0
20120112,4.4,4.896,4.2,4.2,5365,0
20120113,4.1,4.185,3.7,3.871,2238,0
20120117,3.9,4,3.8,3.895,408,0
20120118,4.2,4.2,4.105,4.2,300,0
20120119,4.2,4.71,4.2,4.6,545,0
20120120,4.8,4.8,4.779,4.78,1620,0
20120123,4.7,4.71,4.3,4.6,409,0
20120124,4.3,4.5,4.1,4.4,270,0
20120125,4.1,4.4,4.1,4.4,48,0
20120126,4.1,4.1,4.1,4.1,470,0
20120127,3.9,4,3.3,3.9,2240,0
20120130,3.5,3.7,3.5,3.6,1400,0
20120131,3.7,4.5,3.7,4,2185,0
20120201,4.2,4.3,4,4,682,0
20120202,4.012,5.1,4.012,4.12,1973,0
20120203,4.2,4.2,4,4.197,1459,0
20120206,4.5,4.5,3.8,3.8,608,0
20120207,4,4.1,3.62,4.1,1222,0
20120208,4,4.99,4,4.515,5124,0
20120209,4.8,5.1,4.169,4.799,3571,0
20120210,5.5,6.5,5,6.399,7760,0
20120213,6.5,8.4,6.4,6.6,8040,0
20120214,6.8,8.079,4.818,5.7,3681,0
20120215,5.7,5.9,4.2,4.7,12608,0
20120216,4.9,4.9,4.701,4.8,1373,0
20120217,4.9,5.5,4.7,5.2,3160,0
20120221,4.8,5.1,4.6,4.9,1135,0
20120222,4.7,4.9,4,4.1,5167,0
20120223,4,4.5,4,4.3,2544,0
20120224,4.2,4.3,4.002,4.002,655,0
20120227,4.4,4.4,4,4.002,1078,0
20120228,4.006,4.197,4.001,4.001,598,0
20120229,4,4.2,3.801,4.177,1916,0
20120301,4,4.1,3.999,4,720,0
20120302,4.1,4.5,4.1,4.299,1850,0
20120305,4.5,4.5,4.12,4.48,1240,0
20120306,4.5,4.58,4.5,4.5,2116,0
20120307,4.6,4.6,4.6,4.6,130,0
20120309,4.3,4.7,4.3,4.7,30,0
20120312,4.7,4.7,4.7,4.7,50,0
20120313,4.6,4.7,4.55,4.7,140,0
20120314,4.5,4.5,4,4,250,0
20120315,4.6,4.6,4.2,4.3,2256,0
20120316,4.5,4.7,4.3,4.4,1397,0
20120319,4.4,5,4.399,4.799,177,0
20120320,4.4,4.94,4.111,4.799,824,0
20120322,4.4,4.54,4.4,4.54,238,0
20120326,4.234,4.501,4.234,4.5,654,0
20120327,4.5,4.5,4.5,4.5,90,0
20120328,4.54,4.8,4.54,4.8,88,0
20120329,4.3,4.3,4.2,4.2,355,0
20120402,4.5,4.9,4.5,4.9,1030,0
20120403,4.5,4.5,4.5,4.5,100,0
20120404,4.5,5.447,4.5,4.8,1010,0
20120405,4.9,5,4.4,4.4,860,0
20120409,4.4,4.905,4.001,4.5,919,0
20120410,4.5,4.501,4.23,4.5,1833,0
20120412,4.3,4.997,4.001,4.997,751,0
20120413,3.8,5.4,3.6,5,7762,0
20120416,4.5,4.513,4.002,4.101,738,0
20120417,4.002,4.9,4.002,4.892,1073,0
20120418,4.9,5.2,4.005,4.375,923,0
20120419,4.6,4.6,4.005,4.6,397,0
20120420,4.1,4.8,4.001,4.108,1421,0
20120423,4.5,4.5,3.9,4.2,82,0
20120424,4,4.501,4,4.5,1349,0
20120425,4.1,4.3,4.005,4.005,230,0
20120426,4.1,4.5,4.1,4.1,170,0
20120427,4,4.3,4,4,1159,0
20120501,4.2,4.201,4,4,90,0
20120502,4.1,4.1,4.099,4.1,161,0
20120503,4.1,4.5,4.1,4.49,476,0
20120507,4,4.1,3.5,4.1,350,0
20120508,4.2,4.2,3.8,4,170,0
20120509,4,4,3.52,3.53,540,0
20120510,3.5,4.075,3.5,4.075,800,0
20120511,4,4,3.402,3.402,1805,0
20120514,3.4,3.5,3.4,3.402,666,0
20120515,3.402,3.402,3.401,3.401,291,0
20120517,3.401,3.997,3.401,3.997,626,0
20120518,3.997,3.998,3.997,3.998,130,0
20120521,3.3,4,3.3,3.997,305,0
20120525,3.8,3.8,3.791,3.8,320,0
20120529,3.9,3.998,3.899,3.998,683,0
20120530,3.698,3.997,3.697,3.997,310,0
20120531,3.604,3.604,3.496,3.496,1100,0
20120601,2.8,3.4,2.3,3.1,2450,0
20120604,3.2,3.8,3.099,3.099,661,0
20120605,2.6,2.712,2.513,2.712,1142,0
20120606,3.399,3.4,3.343,3.343,280,0
20120607,3.34,3.34,2.711,2.803,795,0
20120608,2.8,3.099,2.8,2.9,677,0
20120611,2.8,2.809,2.8,2.802,180,0
20120613,2.9,3.38,2.376,2.4,950,0
20120614,2.8,2.801,2.51,2.75,160,0
20120615,2.9,3,2.899,3,875,0
20120618,2.417,2.895,2.402,2.895,210,0
20120619,3,3.001,3,3,60,0
20120622,2.8,3.697,2.8,3.697,813,0
20120625,3.697,3.7,3.697,3.7,196,0
20120626,3.101,3.9,3.101,3.9,30,0
20120627,3.214,3.214,3.214,3.214,120,0
20120629,2.9,2.9,2.8,2.8,530,0
20120702,2.5,2.8,2.5,2.8,420,0
20120703,2.401,3,2.401,3,90,0
20120706,2.5,2.5,2.21,2.21,100,0
20120709,3,3,2.88,2.88,40,0
20120710,2.9,2.9,2.2,2.3,1610,0
20120711,3,3.199,2.38,2.799,410,0
20120712,2.8,2.999,2.501,2.999,435,0
20120713,2.9,2.9,2.9,2.9,260,0
20120717,2.41,2.8,2.4,2.699,170,0
20120718,2.8,2.8,2.746,2.746,40,0
20120719,2.75,2.75,2.749,2.749,1000,0
20120720,2.97,2.97,2.79,2.8,1110,0
20120723,2.7,2.701,2.65,2.7,387,0
20120724,2.7,3,2.7,3,1067,0
20120726,2.702,2.702,2.702,2.702,40,0
20120730,2.7,2.7,2.7,2.7,10,0
20120731,2.899,2.899,2.899,2.899,10,0
20120802,2.6,2.6,2.6,2.6,20,0
20120803,2.2,2.2,2.2,2.2,94,0
20120807,2.203,2.203,2.2,2.2,150,0
20120809,2.2,3,1.81,3,2245,0
20120810,2.701,2.701,2.12,2.12,370,0
20120813,2.499,2.499,2.02,2.02,45,0
20120814,2.2,2.2,2.2,2.2,12,0
20120815,2.5,2.88,2.5,2.88,130,0
20120817,2.85,2.85,2.85,2.85,70,0
20120823,2.3,2.419,1.86,2.419,1607,0
20120824,2.788,2.801,2.215,2.8,664,0
20120827,2.647,2.647,2.277,2.499,282,0
20120828,2.4,2.4,2.4,2.4,10,0
20120829,2.211,2.211,2.21,2.21,100,0
20120830,2.211,2.211,2.211,2.211,15,0
20120831,2.22,2.312,2.212,2.312,110,0
20120904,2.8,3.09,2.8,3,1041,0
20120905,3.2,3.2,3,3,951,0
20120906,3,3,3,3,104,0
20120907,2.5,3,2.123,2.131,1035,0
20120910,2.22,2.422,2.22,2.4,315,0
20120912,2.35,2.64,2.349,2.595,325,0
20120913,2.23,2.636,2.12,2.636,70,0
20120917,2.1,2.6,2.1,2.6,210,0
20120918,2.5,2.5,2.499,2.499,135,0
20120919,1.997,2.5,1.997,2.5,460,0
20120920,2.11,2.3,2.11,2.3,560,0
20120921,2.3,2.39,2.1,2.1,1950,0
20120924,2.1,2.25,1.9,2.249,801,0
20120925,1.81,2.3,1.81,2.3,80,0
20120926,1.91,2.3,1.91,2.3,205,0
20120927,2.3,2.3,2.3,2.3,20,0
20120928,1.75,2.09,1.75,2.09,427,0
20121002,1.8,2,1.8,1.808,320,0
20121003,1.8,2,1.8,1.999,1744,0
20121004,2.597,2.598,1.977,2.38,399,0
20121008,1.85,2.2,1.85,2.2,930,0
20121009,2.72,3.5,2.621,3.4,14271,0
20121010,3.4,3.4,2.516,2.8,511,0
20121011,2.8,2.8,2.8,2.8,220,0
20121015,2.3,2.798,2.2,2.498,1724,0
20121016,2.4,2.49,2.001,2.2,2041,0
20121018,1.6,2.2,1.5,2.1,370,0
20121019,2.5,2.8,2.5,2.536,184,0
20121022,2.796,2.999,2.796,2.99,1293,0
20121023,3,3,3,3,350,0
20121024,2.999,2.999,2.2,2.54,313,0
20121026,2.3,2.899,2.2,2.202,110,0
20121031,2.7,3,2.3,2.7,1367,0
20121102,2.8,3,2.799,3,557,0
20121105,2.4,2.799,2.4,2.799,590,0
20121106,2.05,3.07,2.05,2.94,5494,0
20121108,2.51,2.7983,2.1101,2.4725,2611,0
20121109,2.11,2.17,2.11,2.17,3400,0
20121116,2.1,2.15,2.1,2.15,600,0
20121119,2.03,2.04,1.8761,1.8761,4925,0
20121121,1.57,1.6001,1.56,1.6,1835,0
20121126,1.6,1.65,1.6,1.65,5448,0
20121127,1.85,2.5,1.85,2.3207,12843,0
20121128,2.79,2.85,2.04,2.72,1370,0
20121129,2.34,2.79,2.03,2.4001,19050,0
20121130,2.7099,2.7099,2.3101,2.7099,640,0
20121203,2.7,2.71,2.5,2.5,4890,0
20121204,2.2001,2.5,2.2001,2.2001,210,0
20121205,2.38,2.5,2.22,2.22,2870,0
20121206,2.66,2.9,2.37,2.75,11164,0
20121207,2.9416,3.41,2.9416,3.3999,6009,0
20121210,3.7,3.7,3.5971,3.7,8715,0
20121211,3.93,5.05,3.38,3.73,38291,0
20121212,3.6801,4,3.6801,3.8,2153,0
20121213,3.56,3.56,3.11,3.11,1519,0
20121214,3.19,3.19,2.8,2.8475,7820,0
20121217,2.8501,2.9373,2.72,2.9373,7550,0
20121218,2.94,2.94,2.89,2.8901,3534,0
20121219,2.89,2.89,2.89,2.89,1888,0
20121220,2.89,2.89,2.67,2.7,1531,0
20121221,3.096,3.1385,2.57,2.57,2199,0
20121226,3.2,3.2,2.77,3.05,1834,0
20121228,3.1,3.1,3.0713,3.0722,883,0
20121231,3.07,3.07,3.05,3.05,600,0
20130102,2.97,2.9719,2.96,2.9719,700,0
20130103,2.77,2.77,2.77,2.77,500,0
20130104,2.56,2.66,2.56,2.66,800,0
20130107,2.25,3.18,2.25,3.18,1001,0
20130108,3.11,3.11,3.11,3.11,300,0
20130109,3.07,3.07,3.06,3.06,200,0
20130110,2.94,3.014,2.6101,3,1380,0
20130111,3.1,3.58,3.07,3.12,6857,0
20130115,3.37,3.37,2.46,3.05,3049,0
20130117,2.9,3.36,2.9,3.31,2200,0
20130118,3.35,3.35,2.86,3.15,9760,0
20130122,3.19,3.19,3.19,3.19,400,0
20130123,3.15,3.16,3.15,3.16,362,0
20130124,3.17,3.27,3.17,3.2,3600,0
20130125,3.3,3.36,3.18,3.36,7732,0
20130129,3.176,3.176,3.176,3.176,200,0
20130130,3.18,3.2,3.18,3.2,200,0
20130131,3.16,3.66,3.16,3.65,3339,0
20130201,4.01,4.01,3.8,3.86,1258,0
20130205,3.803,4.15,3.803,4,1450,0
20130211,4.05,4.17,4.05,4.16,1287,0
20130212,3.75,4.41,3.75,4.01,3427,0
20130213,4.18,4.18,3.7,3.98,1884,0
20130219,3.27,3.5,3.27,3.5,1500,0
20130221,3.38,3.89,3.29,3.89,400,0
20130227,3.87,3.87,3.2,3.2,1600,0
20130228,3.37,3.37,3.21,3.23,600,0
20130312,3.47,3.5,3.47,3.5,411,0
20130402,2.918,2.918,2.918,2.918,190,0
20130403,2.72,2.72,2.72,2.72,500,0
20130408,3.09,3.09,2.712,2.712,300,0
20130409,2.716,2.716,2.716,2.716,100,0
20130411,2.99,3.01,2.98,2.98,1335,0
20130412,2.96,2.96,2.96,2.96,200,0
20130417,2.75,2.75,2.14,2.18,3939,0
20130418,1.98,1.98,1.98,1.98,100,0
20130422,2.1501,2.19,2.1501,2.19,205,0
20130423,2.22,2.2626,2.22,2.2301,783,0
20130425,2.38,2.38,2.15,2.23,300,0
20130430,0.9905,1.99,0.9905,1.95,4250,0
20130501,2.26,3.08,2.26,2.4,5140,0
20130502,2.5,4.4,1.7,3.2,28777,0
20130503,3.19,3.31,2.65,2.65,2885,0
20130506,2.63,2.63,2.63,2.63,120,0
20130507,2.929,2.93,2.55,2.601,3767,0
20130510,2.57,2.57,2.55,2.55,718,0
20130514,2.55,2.55,2.55,2.55,468,0
20130515,2.5501,2.5501,2.5501,2.5501,430,0
20130516,2.55,2.55,2.55,2.55,270,0
20130520,2.56,2.5868,2.56,2.5868,300,0
20130521,2.57,2.57,2.57,2.57,2500,0
20130522,2.64,2.97,2.64,2.97,200,0
20130523,2.75,2.75,2.75,2.75,200,0
20130524,2.75,2.76,2.75,2.76,300,0
20130528,2.59,2.76,2.55,2.6535,800,0
20130530,2.55,2.55,2.16,2.21,1832,0
20130531,2.25,2.32,2.25,2.25,320,0
20130604,2.26,2.35,2.26,2.35,900,0
20130605,2.36,2.36,2.36,2.36,142,0
20130606,2.41,2.68,2.41,2.58,1861,0
20130607,2.59,2.79,2.53,2.53,804,0
20130610,2.54,2.95,2.07,2.95,1500,0
20130612,2.71,2.71,2.71,2.71,100,0
20130613,2.3,2.3,2.3,2.3,200,0
20130614,2.3,2.35,2.3,2.35,1547,0
20130617,2.3,2.55,1.73,2.53,1847,0
20130619,2.09,2.5,2.09,2.34,4052,0
20130620,2.27,2.47,2.17,2.17,2102,0
20130621,2.22,2.22,2.1,2.1,802,0
20130705,1.77,2.5199,1.77,2.45,1500,0
20130708,2.51,2.51,2.51,2.51,500,0
20130711,2.12,2.444,2.12,2.444,400,0
20130724,2,2.38,1.94,2.38,1616,0
20130725,2.05,2.11,1.99,2.1,4352,0
20130726,1.9701,1.9701,1.9701,1.9701,800,0
20130729,2.13,2.13,2.13,2.13,100,0
20130730,1.94,2.13,1.94,2.13,200,0
20130731,2.14,2.14,2,2.01,1500,0
20130801,1.85,3.01,1.85,3.01,9958,0
20130802,3,5.44,2.95,4.88,96316,0
20130805,4.88,5.1,3.55,3.7,46092,0
20130806,3.7,3.7,3.145,3.18,12885,0
20130807,3.12,3.49,2.8,3.45,15165,0
20130808,3.45,3.45,3.12,3.19,600,0
20130809,3.4,3.449,2.85,3.43,1599,0
20130812,3.14,3.42,2.9,2.97,10003,0
20130813,3.48,3.48,3,3.05,4210,0
20130814,3,3.18,3,3.18,1000,0
20130816,3.25,3.25,3.02,3.06,2015,0
20130819,3.09,3.09,3,3,395,0
20130820,2.7501,3.0999,2.7501,2.97,2228,0
20130821,2.85,2.86,2.85,2.86,349,0
20130822,2.86,2.86,2.86,2.86,200,0
20130827,2.8,2.85,2.8,2.85,4353,0
20130828,2.7501,2.7501,2.75,2.75,400,0
20130829,2.75,2.75,2.08,2.65,1411,0
20130903,2.5,2.94,2.1,2.34,3300,0
20130904,2.48,2.48,2.24,2.24,500,0
20130905,2.63,2.8,2.52,2.72,14730,0
20130906,2.89,2.9,2.75,2.75,3650,0
20130909,2.88,2.88,2.6101,2.65,8780,0
20130910,2.45,2.88,2.45,2.88,725,0
20130911,2.8,2.8,2.8,2.8,500,0
20130912,2.71,2.71,2.71,2.71,100,0
20130913,2.4,2.8,2.4,2.8,1020,0
20130916,2.59,2.8,2.5,2.6,1593,0
20130919,2.62,2.62,2.62,2.62,127,0
20130920,2.79,2.99,2.76,2.76,5422,0
20130926,2.63,2.65,2.51,2.6,6500,0
20130927,2.52,2.98,2.52,2.98,1000,0
20130930,2.6,2.98,2.6,2.74,4300,0
20131001,2.98,2.98,2.6,2.61,2100,0
20131002,2.64,2.9753,2.64,2.7047,1300,0
20131003,2.61,2.9,2.61,2.89,2020,0
20131004,2.97,2.97,2.66,2.7,600,0
20131007,2.75,2.75,2.75,2.75,818,0
20131008,2.96,3.46,2.75,3.15,10600,0
20131009,3.08,3.15,3.01,3.01,1900,0
20131010,3.02,3.02,3,3.01,2200,0
20131014,2.81,2.92,2.81,2.9,2100,0
20131015,3.2,3.2,3.19,3.2,400,0
20131016,3.25,3.25,3.23,3.25,1600,0
20131017,2.96,3.12,2.96,3.11,300,0
20131018,3.02,3.02,3.01,3.01,701,0
20131021,3.01,3.01,3.01,3.01,500,0
20131023,2.88,2.88,2.88,2.88,300,0
20131030,2.75,2.78,2.61,2.64,3200,0
20131031,2.67,2.7625,2.65,2.65,3639,0
20131101,2.67,2.9,2.48,2.65,4200,0
20131104,2.6,2.75,2.6,2.75,2200,0
20131105,2.63,2.7,2.61,2.63,900,0
20131107,2.612,2.612,2.6,2.6,700,0
20131108,2.44,2.49,1.99,2.48,9100,0
20131111,2.32,2.52,2.32,2.52,5200,0
20131112,2.55,2.55,2.26,2.27,305,0
20131113,2.31,2.31,1.95,2.09,5800,0
20131115,2.1,2.37,2.07,2.37,2200,0
20131118,2.36,2.36,2.36,2.36,100,0
20131119,2.38,2.38,2.38,2.38,200,0
20131120,2.21,2.21,2.21,2.21,551,0
20131125,2.3,2.5,2.3,2.5,2800,0
20131126,2.34,2.35,2.23,2.35,1400,0
20131127,2.45,2.62,2.38,2.5,4113,0
20131203,2.09,2.58,2.09,2.58,600,0
20131204,2.55,2.55,2.55,2.55,180,0
20131205,2.35,2.6,2.35,2.6,8700,0
20131209,2.08,2.08,2.08,2.08,100,0
20131210,2.49,3.34,2.45,2.9,51500,0
20131211,3,3.35,2.8,2.86,17000,0
20131212,2.99,3.3,2.99,3.3,7800,0
20131213,3,3.29,2.99,3.05,7900,0
20131216,3.14,3.3,2.95,3.3,14300,0
20131217,3.23,3.36,2.66,2.99,32000,0
20131218,2.94,3.03,2.94,2.96,954,0
20131219,2.9,2.95,2.9,2.95,2400,0
20131220,2.93,2.95,2.8,2.84,5400,0
20131223,2.9,2.9,2.8,2.8,1300,0
20131226,2.75,2.75,2.75,2.75,200,0
20131227,2.76,3.21,2.751,3.07,36424,0
20131230,3.11,3.3999,3.0001,3.0001,3956,0
20131231,3.07,3.07,2.82,2.82,3466,0
20140102,2.98,3.02,2.89,2.96,4865,0
20140103,3.05,3.11,3.04,3.11,4682,0
20140106,3.12,3.25,3.12,3.18,1700,0
20140107,3.36,3.36,3,3.19,7300,0
20140108,3.13,3.4,3.05,3.15,16800,0
20140110,3.38,3.99,3.23,3.88,20300,0
20140113,3.72,5.4,3.51,4.72,106640,0
20140114,5.5,6,5.35,5.37,75000,0
20140115,5.6,5.6,4.3601,5.1,42059,0
20140116,5,5.07,4.27,4.95,16400,0
20140117,7.13,16.74,6.76,12.3,1423000,0
20140121,10.6,13.48,10,10.56,352500,0
20140122,10.4,11.2,9.55,10.05,124949,0
20140123,9.85,11.2,9.515,9.6,150378,0
20140124,10,13.7,9.54,10.99,300520,0
20140127,10.55,11.38,9.82,9.82,53383,0
20140128,9.71,11.25,9.7,10.71,30100,0
20140129,10.7,10.97,9.7,10.16,30200,0
20140130,10.2,10.97,10.15,10.44,16670,0
20140131,10.25,10.6,9.77,10.06,14900,0
20140203,9.825,10.28,9.825,10.015,7303,0
20140204,9.97,9.97,8.01,8.11,55635,0
20140205,8.25,8.29,7.05,7.15,40596,0
20140206,7.06,7.88,6.94,7.4,26668,0
20140207,7.86,7.96,7.141,7.34,8214,0
20140210,7.38,7.479,6.5001,7.38,31447,0
20140211,7.01,7.41,7.01,7.18,14637,0
20140212,7.11,8.43,6.91,8.15,78325,0
20140213,8.2,8.3804,7.75,7.8,14242,0
20140214,7.68,8,7.25,7.63,19502,0
20140218,7.55,7.8,7.424,7.6,4732,0
20140219,7.6,7.65,7.26,7.27,9161,0
20140220,7.74,7.74,7.2604,7.7,1681,0
20140221,7.3999,7.5999,7.27,7.28,9764,0
20140224,7.25,8.3,7.25,7.65,34598,0
20140225,7.41,7.98,7.41,7.46,10053,0
20140226,7.3,7.9,7.29,7.35,4335,0
20140227,7.5,7.5,7.24,7.41,3547,0
20140228,7.9742,7.9742,7.2668,7.27,8038,0
20140303,7.36,7.36,7,7.01,9092,0
20140304,7,7.0501,6.51,7.0501,7251,0
20140305,7.1299,7.1899,6.85,7.01,10976,0
20140306,7.06,8.12,7.06,7.801,18909,0
20140307,8.12,8.48,8,8.02,28429,0
20140310,8.03,8.09,7.26,7.6385,8891,0
20140311,7.53,7.94,7.0301,7.3,7291,0
20140312,7.04,7.05,7.02,7.02,1750,0
20140313,7.3,7.3,6.86,7.12,2405,0
20140314,6.53,7.239,6.0375,6.43,11684,0
20140317,6.37,6.37,6.0101,6.21,5576,0
20140318,6.2101,6.232,6.01,6.19,5624,0
20140319,6.3651,6.3801,6.152,6.23,4769,0
20140320,6.25,6.25,5.81,6.09,3257,0
20140321,6.2,6.24,6.16,6.2,2000,0
20140324,6.47,6.5,6.0468,6.46,7581,0
20140325,6.56,6.6199,6.15,6.15,2152,0
20140326,6.28,6.28,6.28,6.28,200,0
20140327,6.15,6.75,6.15,6.5335,8781,0
20140328,6.611,6.899,6.61,6.899,1041,0
20140331,6.64,6.8925,6.6,6.88,2258,0
20140401,6.828,6.8799,6.828,6.8799,824,0
20140402,6.3687,6.3687,6.3687,6.3687,110,0
20140403,6.3499,6.35,6.3101,6.3201,1800,0
20140404,6.34,6.48,6.32,6.4,9905,0
20140407,6.46,6.78,6.31,6.33,13570,0
20140408,6.36,6.36,6.33,6.35,1521,0
20140409,6.54,6.56,6.54,6.54,1156,0
20140410,6.4,6.45,6.4,6.45,406,0
20140411,6.31,6.41,5.48,5.55,15603,0
20140414,5.27,5.54,4.75,4.82,9067,0
20140415,4.62,4.74,4.262,4.53,7017,0
20140416,4.55,4.6899,4.45,4.6899,1833,0
20140417,4.7,4.7,4.6,4.699,1113,0
20140421,4.66,4.66,4,4.08,1964,0
20140422,4.01,4.0799,3.81,3.965,14548,0
20140423,3.99,4.15,3.99,4.11,6302,0
20140424,4.18,4.18,4.18,4.18,479,0
20140425,3.99,4.0542,3.91,3.91,2502,0
20140428,3.93,4.2,3.93,4.13,1305,0
20140429,4.149,4.149,4.05,4.05,1791,0
20140430,3.92,3.9996,3.91,3.9899,1846,0
20140501,3.91,3.9101,3.91,3.9101,1073,0
20140502,3.9899,3.9899,3.83,3.89,5977,0
20140505,3.774,3.89,3.77,3.8899,1541,0
20140506,3.7801,3.88,3.7801,3.87,989,0
20140507,3.8,3.8,3.62,3.7,2784,0
20140509,3.51,3.51,2.66,2.66,1182,0
20140512,2.8999,3.4999,2.86,3.409,20666,0
20140513,3.41,4.96,3.21,4.42,39358,0
20140514,4.68,5.22,4.12,4.2505,40678,0
20140515,4.24,4.63,4.0496,4.5,6357,0
20140516,4.4899,4.4899,4.3101,4.36,725,0
20140519,4.3101,4.3786,4.3,4.3087,2166,0
20140520,4.28,4.28,4.2354,4.2701,1641,0
20140521,4.27,5,4.27,4.68,25694,0
20140522,5.1699,5.17,4.92,4.9201,2500,0
20140523,4.74,5,4.7,4.755,1925,0
20140527,4.61,5.06,4.6,5.06,3433,0
20140528,4.58,4.95,4.58,4.95,976,0
20140529,4.63,5,4.37,4.8,2396,0
20140530,6.45,6.5874,5.33,5.4,20921,0
20140602,5.69,5.75,5.03,5.16,7092,0
20140603,5.29,5.465,5.17,5.3505,4501,0
20140604,5.1,6.16,5.1,5.65,4157,0
20140605,5.65,5.96,5.42,5.59,2628,0
20140606,5.45,5.75,5.17,5.17,3142,0
20140609,5,5.65,5,5.09,9559,0
20140610,5.35,5.93,5.1,5.3,6900,0
20140611,5.33,5.3701,5.3,5.3001,3215,0
20140612,5.3,5.55,5.3,5.31,1230,0
20140613,5.31,5.31,5.31,5.31,100,0
20140616,5.21,5.25,5.21,5.25,902,0
20140617,5.2501,5.465,5.08,5.2,1425,0
20140618,5.05,5.21,5.05,5.21,363,0
20140619,5.17,5.17,5.17,5.17,300,0
20140620,5.05,5.086,4.5,4.84,6112,0
20140623,5,5,4.4564,4.6899,6265,0
20140624,4.69,7.61,4.69,6.79,219791,0
20140625,6.7,6.88,6,6.4,37374,0
20140626,5.16,5.98,4.52,5.5,59955,0
20140627,5.44,5.56,4.86,5.26,25054,0
20140630,5.2,7.1,5.0101,5.84,40420,0
20140701,5.56,6.93,5.55,6.5599,22219,0
20140702,6.82,6.83,6.16,6.37,10900,0
20140703,6.447,9.5,5.662,7.26,83278,0
20140707,7.78,7.78,5.96,6.465,70717,0
20140708,6.45,6.6,5.88,5.91,11280,0
20140709,5.97,6.8499,5.97,6.25,9859,0
20140710,6.04,6.24,6,6.16,2573,0
20140711,6.02,6.2495,6.01,6.05,2052,0
20140714,6.076,6.076,5.95,5.95,508,0
20140715,6.44,6.44,6.01,6.38,6004,0
20140716,6.34,6.34,6,6.29,1020,0
20140717,6.33,6.706,6.0401,6.31,8089,0
20140718,6,6.41,6,6.41,3107,0
20140721,6.24,6.42,6.05,6.24,3240,0
20140722,5.9801,6.55,5.9801,6.55,610,0
20140723,6.43,6.48,6.05,6.15,5316,0
20140724,6.19,6.67,5.95,5.98,8730,0
20140725,6.7,6.7,5.62,5.761,19038,0
20140728,5.9,5.9,5.62,5.62,1894,0
20140729,5.7,5.8,5.19,5.44,3106,0
20140730,5.55,5.61,5.55,5.61,1035,0
20140731,5.54,5.54,5.54,5.54,100,0
20140801,5.25,5.44,5.07,5.2,1381,0
20140804,5.57,5.57,5.08,5.32,13482,0
20140805,5.3,5.51,5.06,5.06,2985,0
20140806,5.01,5.68,4.59,4.95,5415,0
20140807,4.82,4.82,4.79,4.808,2954,0
20140808,4.4,4.75,4.01,4.75,4870,0
20140811,5,5,4.89,4.95,3513,0
20140813,5.06,5.13,5,5,946,0
20140814,4.5,4.5,4.2571,4.28,2445,0
20140815,4.4802,4.4802,4.43,4.48,320,0
20140818,4.31,4.5,4.11,4.455,5065,0
20140819,4.5,4.74,4.4,4.42,2091,0
20140820,4.4999,4.4999,4.16,4.33,1472,0
20140821,4.584,4.897,4.31,4.6,6279,0
20140822,4.3,4.85,4.3,4.85,1895,0
20140825,4.42,5.2298,4.42,5,2320,0
20140826,5,5,4.91,4.9899,1045,0
20140827,4.92,4.92,4.92,4.92,100,0
20140828,4.84,4.84,4.84,4.84,100,0
20140829,5,5,4.88,4.91,394,0
20140902,5.51,5.51,5,5,804,0
20140903,4.7,5.12,4.5,4.5,9000,0
20140904,4.5,4.5,4.5,4.5,319,0
20140905,4.39,4.4901,4.39,4.4901,500,0
20140908,4.43,4.43,4.43,4.43,166,0
20140909,4.6299,4.6299,4.4,4.4,338,0
20140910,4.2,4.229,4.2,4.229,454,0
20140911,4.2875,4.4299,4.2875,4.41,1630,0
20140912,4.16,4.1901,4.15,4.1901,710,0
20140915,4.15,4.15,4.15,4.15,300,0
20140916,4.1,4.4188,4.04,4.16,16245,0
20140917,4.1501,4.1501,4.15,4.1501,866,0
20140918,4,4.0001,4,4,1250,0
20140919,4,4.0001,3.22,3.49,21956,0
20140922,3.3399,3.3399,3.3399,3.3399,2006,0
20140923,3.2,3.48,3.15,3.16,4472,0
20140925,2.86,3.0499,2.57,3.0499,23157,0
20140929,2.672,3.05,2.672,3.05,586,0
20141001,2.74,3.05,2.74,2.95,2464,0
20141002,2.7178,3.1999,2.7,2.95,2110,0
20141003,2.9,2.9,2.8401,2.85,886,0
20141010,2.74,2.74,2.27,2.4501,5880,0
20141013,2.45,2.6001,2.4,2.56,11585,0
20141014,2.46,2.68,2.371,2.42,6291,0
20141015,2.45,2.5901,2.38,2.53,7506,0
20141016,2.5,2.7399,2.4,2.62,6700,0
20141017,2.45,2.7051,2.4,2.6699,6040,0
20141020,2.72,2.82,2.67,2.82,2190,0
20141021,2.86,2.86,2.84,2.84,500,0
20141022,3.0899,3.0899,3.061,3.061,400,0
20141023,3,3.05,2.84,3.05,1062,0
20141024,2.82,2.9899,2.82,2.9899,400,0
20141027,2.96,2.98,2.96,2.98,1097,0
20141029,2.8,2.9799,2.8,2.9799,540,0
20141030,2.9663,2.9663,2.9663,2.9663,1000,0
20141031,2.7901,2.7901,2.7901,2.7901,500,0
20141103,2.77,2.9899,2.75,2.96,3345,0
20141104,3,3.1,2.61,2.84,12610,0
20141105,2.99,3.0099,2.66,2.85,8182,0
20141106,2.87,2.89,2.87,2.89,1080,0
20141107,2.88,2.89,2.88,2.89,1200,0
20141110,2.78,2.88,2.78,2.7965,780,0
20141111,2.5372,2.8899,2.5372,2.8899,300,0
20141112,2.649,2.78,2.649,2.7475,1300,0
20141113,2.8015,2.85,2.8015,2.85,809,0
20141114,2.9,2.9,2.9,2.9,600,0
20141118,2.741,2.8492,2.741,2.8492,1203,0
20141119,2.74,2.8333,2.65,2.8,2391,0
20141120,2.726,2.8699,2.63,2.8699,1455,0
20141125,2.84,2.87,2.84,2.846,1496,0
20141201,2.85,2.8501,2.45,2.719,2578,0
20141202,3.0799,3.0799,3.0799,3.0799,132,0
20141203,3,3,3,3,102,0
20141205,2.77,2.9016,2.77,2.9016,1454,0
20141209,2.47,2.984,2.02,2.4695,6488,0
20141210,2.6376,2.6376,2.6376,2.6376,300,0
20141211,2.7,2.7,2.28,2.7,550,0
20141216,2.4001,3,2.4001,3,1335,0
20141217,2.66,2.94,2.65,2.94,1800,0
20141222,2.5,2.9299,2.45,2.9299,425,0
20141223,2.89,3.19,2.48,3.19,30176,0
20141224,2.81,3.05,2.5,2.8099,24450,0
20141226,2.82,3.02,2.58,2.58,23685,0
20141229,2.69,2.7,2.6,2.6,2555,0
20141230,2.5,2.62,2.4,2.6199,2654,0
20141231,2.4,2.619,2.4,2.455,4787,0
20150102,2.62,2.62,2.58,2.5899,3150,0
20150105,2.58,2.61,2.4,2.42,3550,0
20150106,2.4201,2.4201,2.42,2.42,200,0
20150107,2.4201,2.6099,2.42,2.6099,1734,0
20150108,2.4624,2.4624,2.4624,2.4624,500,0
20150112,2.58,2.62,2.58,2.62,1217,0
20150114,2.65,3.9,2.65,3.22,41218,0
20150115,3.78,5.9,3.41,4.12,402342,0
20150116,4,4.165,3.1191,3.3501,66895,0
