Date,Open,High,Low,Close,Volume,OpenInt
20061128,14.624,14.624,14.624,14.624,0,0
20061129,17.874,18.28,16.907,16.94,15027621,0
20061130,17.289,17.752,17.061,17.508,2318350,0
20061201,17.752,18.077,17.297,18.036,957260,0
20061204,18.036,18.036,17.517,17.931,1182478,0
20061205,17.696,17.979,17.696,17.874,830781,0
20061206,17.752,17.817,17.484,17.63,1163769,0
20061207,17.354,17.817,17.354,17.793,808826,0
20061208,17.85,17.891,17.671,17.793,954011,0
20061211,17.833,17.874,17.793,17.874,439618,0
20061212,17.671,17.793,17.622,17.63,290507,0
20061213,17.655,17.785,17.207,17.379,327755,0
20061214,17.225,17.687,17.225,17.671,296869,0
20061215,17.225,17.956,17.225,17.671,388067,0
20061218,17.256,17.671,17.233,17.475,446894,0
20061219,17.273,17.387,16.997,17.061,372089,0
20061220,17.785,17.785,17.07,17.282,202229,0
20061221,17.305,17.314,17.03,17.142,140643,0
20061222,17.094,17.118,16.94,17.094,97132,0
20061226,16.997,17.566,16.907,17.419,70045,0
20061227,17.475,18.223,17.468,17.931,558053,0
20061228,17.63,18.483,17.63,18.126,226720,0
20061229,18.013,18.459,18.013,18.086,146577,0
20070103,17.914,18.809,17.914,18.678,698517,0
20070104,18.508,18.89,18.354,18.809,359882,0
20070105,18.882,19.028,18.288,18.914,354406,0
20070108,19.045,20.141,18.939,19.094,617065,0
20070109,18.678,19.182,18.28,18.362,702973,0
20070110,18.41,18.54,17.475,17.752,667062,0
20070111,18.086,18.686,17.573,18.402,1080356,0
20070112,18.524,18.939,18.524,18.816,473243,0
20070116,18.63,19.288,18.5,19.182,630946,0
20070117,19.254,19.663,18.694,19.539,530860,0
20070118,19.654,19.654,19.345,19.5,242175,0
20070119,19.58,19.663,19.345,19.5,392707,0
20070122,19.5,19.703,19.418,19.539,381066,0
20070123,19.694,19.694,19.215,19.304,444710,0
20070124,19.523,19.523,18.857,19.378,188910,0
20070125,19.556,19.589,19.06,19.296,221108,0
20070126,19.458,19.523,18.988,19.458,322096,0
20070129,19.62,19.906,19.443,19.751,365570,0
20070130,19.823,19.921,19.556,19.668,306499,0
20070131,19.369,19.849,19.369,19.711,139818,0
20070201,19.978,19.978,19.58,19.654,331444,0
20070202,19.823,20.108,19.378,20.068,221478,0
20070205,20.099,20.921,19.978,20.595,309484,0
20070206,20.547,20.547,19.703,20.165,221256,0
20070207,20.108,20.369,19.58,20.295,272442,0
20070208,20.392,20.515,19.88,20.246,136526,0
20070209,20.32,20.507,19.889,19.889,108401,0
20070212,19.808,20.287,19.677,19.823,99822,0
20070213,19.889,20.392,19.889,20.117,105518,0
20070214,20.108,20.392,20.076,20.108,48000,0
20070215,20.441,20.458,19.832,19.978,130299,0
20070216,20.507,20.507,19.76,19.783,91409,0
20070220,19.668,20.475,19.663,20.311,376504,0
20070221,20.271,20.555,20.06,20.311,118940,0
20070222,20.507,20.717,20.384,20.555,114156,0
20070223,20.595,20.717,20.352,20.498,151860,0
20070226,20.515,20.515,19.947,20.092,105635,0
20070227,19.668,19.734,18.386,18.419,651028,0
20070228,18.362,19.296,18.362,19.077,604616,0
20070301,18.28,19.134,18.264,18.947,269762,0
20070302,19.06,19.296,18.694,18.882,216419,0
20070305,18.654,19.094,18.621,18.76,155355,0
20070306,19.143,19.703,19.051,19.393,277885,0
20070307,19.93,20.108,19.402,19.426,273641,0
20070308,19.962,20.311,19.743,20.068,296059,0
20070309,20.311,20.921,20.003,20.149,240940,0
20070312,20.254,20.661,20.003,20.377,184547,0
20070313,20.507,20.595,19.906,20.003,101029,0
20070314,19.857,20.653,19.539,20.377,369514,0
20070315,20.507,20.889,20.238,20.246,135940,0
20070316,20.352,20.832,19.889,20.417,250150,0
20070319,20.595,20.946,20.515,20.88,146542,0
20070320,20.75,21.758,20.409,21.092,286059,0
20070321,21.124,21.741,21.124,21.578,257552,0
20070322,21.732,21.839,21.124,21.498,139613,0
20070323,21.245,21.612,20.969,21.506,92625,0
20070326,21.384,21.612,21.164,21.294,124049,0
20070327,21.164,21.164,20.595,20.644,282871,0
20070328,20.441,20.71,20.28,20.71,133794,0
20070329,20.58,21.327,20.58,21.197,112912,0
20070330,21.206,22.14,21.206,22.026,372638,0
20070402,22.026,22.447,22.026,22.181,232275,0
20070403,22.261,22.724,22.205,22.659,157773,0
20070404,22.716,23.349,22.684,23.285,234585,0
20070405,23.358,23.561,23.139,23.375,93437,0
20070409,23.481,24.162,23.481,23.805,354428,0
20070410,23.887,24.487,23.481,23.642,421833,0
20070411,23.684,23.684,23.447,23.585,159309,0
20070412,23.642,23.691,22.862,23.554,308575,0
20070413,23.439,23.642,23.326,23.399,92133,0
20070416,23.439,23.642,22.806,23.171,129407,0
20070417,23.171,23.536,22.847,22.993,283772,0
20070418,22.781,23.155,22.766,22.993,56965,0
20070419,23.073,23.073,22.529,22.749,133701,0
20070420,22.749,22.968,22.627,22.716,156895,0
20070423,22.498,23.139,22.432,22.757,40771,0
20070424,22.205,22.789,21.936,22.635,216595,0
20070425,22.732,23.668,22.586,23.521,391603,0
20070426,23.367,23.773,23.212,23.561,227327,0
20070427,23.383,23.887,23.367,23.781,94387,0
20070430,23.951,24.056,23.633,23.757,41720,0
20070501,23.115,24.049,23.05,23.943,85136,0
20070502,24.081,24.081,22.855,23.188,272320,0
20070503,23.09,23.09,22.099,22.384,695426,0
20070504,22.384,23.123,22.147,23.106,456120,0
20070507,23.139,23.375,22.855,23.082,303022,0
20070508,23.196,23.196,22.521,22.595,282247,0
20070509,22.944,23.594,22.668,23.416,617953,0
20070510,23.318,23.504,23.065,23.155,93607,0
20070511,23.22,23.521,23.123,23.488,110120,0
20070514,23.757,24.154,23.521,23.862,83736,0
20070515,24.016,24.325,23.447,23.536,105770,0
20070516,23.375,24.024,22.814,23.968,82230,0
20070517,24.138,24.138,23.439,23.521,170807,0
20070518,23.521,23.912,23.488,23.845,58468,0
20070521,23.951,23.968,23.375,23.619,88676,0
20070522,23.481,23.83,23.481,23.659,70003,0
20070523,23.642,23.773,23.033,23.033,61663,0
20070524,22.96,23.009,22.554,22.757,162857,0
20070525,22.766,22.789,21.693,22.205,363533,0
20070529,22.473,22.976,21.961,22.181,145866,0
20070530,22.009,22.336,21.498,22.124,186919,0
20070531,22.026,22.789,22.026,22.399,192719,0
20070601,22.293,22.562,22.099,22.521,150210,0
20070604,22.447,22.456,22.132,22.181,103147,0
20070605,22.083,22.408,21.839,21.978,214161,0
20070606,22.099,22.099,21.621,21.676,114203,0
20070607,21.612,21.621,19.703,20.946,574532,0
20070608,20.384,21.774,20.384,21.718,226009,0
20070611,21.506,22.425,21.506,22.253,119406,0
20070612,22.701,22.766,22.238,22.684,195837,0
20070613,22.595,22.716,22.124,22.481,133580,0
20070614,22.408,22.87,22.392,22.521,85792,0
20070615,22.716,22.83,22.172,22.399,72836,0
20070618,21.856,22.919,21.856,22.839,142283,0
20070619,22.773,23.439,22.773,23.05,82898,0
20070620,23.082,23.082,22.099,22.27,29820,0
20070621,22.351,22.814,21.969,22.147,153739,0
20070622,22.124,22.189,21.83,22.132,171239,0
20070625,21.936,22.196,21.529,21.732,91454,0
20070626,21.732,22.058,21.586,21.603,235360,0
20070627,21.36,22.042,21.336,21.79,138253,0
20070628,21.701,22.253,21.701,22.147,22520,0
20070629,22.067,22.602,22.026,22.318,45136,0
20070702,22.586,23.285,22.31,22.968,56621,0
20070703,22.878,24.049,22.878,23.821,104642,0
20070705,23.212,24.09,23.212,23.7,97673,0
20070706,24.024,24.09,23.716,23.74,180798,0
20070709,23.496,24.13,23.423,23.481,38361,0
20070710,23.642,23.723,23.025,23.171,28003,0
20070711,23.668,23.668,23.058,23.367,163548,0
20070712,23.53,23.675,23.065,23.561,143401,0
20070713,23.659,23.659,23.05,23.253,566208,0
20070716,23.237,23.619,22.862,23.106,49349,0
20070717,23.237,23.504,22.87,23.244,351881,0
20070718,23.349,23.358,22.944,23.261,35652,0
20070719,23.188,23.513,23.188,23.326,25058,0
20070720,23.342,23.481,23.244,23.416,30348,0
20070723,23.464,23.968,22.904,22.911,100224,0
20070724,22.847,22.944,22.115,22.31,69706,0
20070725,22.392,22.927,21.863,22.749,199646,0
20070726,22.498,22.619,21.352,21.766,301984,0
20070727,21.929,21.929,21.327,21.409,93496,0
20070730,21.676,22.099,21.319,21.75,158070,0
20070731,21.921,22.09,21.336,21.693,69083,0
20070801,21.498,21.798,20.798,20.864,133685,0
20070802,21.213,21.327,20.71,20.71,62843,0
20070803,20.717,20.88,20.223,20.369,125753,0
20070806,20.295,20.482,20.246,20.384,118880,0
20070807,20.426,20.694,20.352,20.694,141486,0
20070808,20.774,22.099,20.774,21.279,382321,0
20070809,21.181,21.181,20.49,20.677,174972,0
20070810,20.637,21.254,20.336,20.986,141687,0
20070813,21.311,21.498,21.092,21.19,162765,0
20070814,21.905,21.905,20.49,20.49,181024,0
20070815,20.441,20.734,19.921,20.133,61648,0
20070816,19.906,19.906,17.874,18.931,268550,0
20070817,18.809,19.369,18.297,18.995,376870,0
20070820,19.1,19.663,19.094,19.491,394604,0
20070821,19.134,19.947,18.865,19.58,240283,0
20070822,19.889,20.995,19.801,20.953,129082,0
20070823,21.124,21.294,20.815,20.986,224484,0
20070824,21.035,21.107,20.361,20.961,231511,0
20070827,20.921,21.66,20.792,20.912,86482,0
20070828,20.661,21.327,20.498,21.003,120789,0
20070829,20.871,21.172,20.531,20.953,534103,0
20070830,20.921,21.417,20.434,20.628,240677,0
20070831,21.213,22.14,20.417,21.572,374415,0
20070904,21.375,23.349,21.375,22.757,274184,0
20070905,22.741,23.27,22.675,22.96,103165,0
20070906,23.318,23.358,22.213,23.001,79096,0
20070907,22.976,22.976,22.22,22.732,63690,0
20070910,22.806,22.839,22.293,22.521,73374,0
20070911,22.44,23.106,22.416,22.927,33488,0
20070912,22.692,23.042,22.465,22.896,114863,0
20070913,23.009,23.627,22.904,23.27,113092,0
20070914,23.318,23.39,22.749,23.115,58872,0
20070917,23.025,23.025,22.627,22.944,31786,0
20070918,22.855,23.293,22.773,23.285,35910,0
20070919,23.513,23.887,22.57,22.878,78480,0
20070920,23.163,23.39,22.456,22.554,92327,0
20070921,22.985,23.554,22.985,23.188,25242,0
20070924,23.09,23.383,22.619,23.309,34848,0
20070925,23.253,23.561,22.83,23.196,30564,0
20070926,23.408,23.554,22.668,23.253,53950,0
20070927,23.456,23.554,22.798,23.228,72802,0
20070928,23.058,23.554,22.659,23.399,49058,0
20071001,23.261,23.585,22.14,23.277,132929,0
20071002,23.261,23.27,22.358,22.741,89627,0
20071003,22.814,22.814,21.887,21.921,177825,0
20071004,22.124,22.489,21.953,22.155,195482,0
20071005,22.384,23.082,22.181,22.814,101273,0
20071008,22.473,22.847,22.189,22.732,136221,0
20071009,22.611,23.383,22.425,22.985,83751,0
20071010,23.147,23.585,22.96,23.423,36137,0
20071011,23.627,23.748,23.155,23.196,74488,0
20071012,24.016,24.073,23.261,24.049,71455,0
20071015,24.162,24.691,23.805,24.463,111802,0
20071016,24.56,24.771,24.276,24.65,50781,0
20071017,24.731,25.179,24.569,24.886,97826,0
20071018,24.715,25.551,24.715,25.186,66464,0
20071019,25.276,25.34,24.293,24.325,72596,0
20071022,24.374,24.642,23.894,24.228,95475,0
20071023,24.536,25.511,24.334,25.016,184580,0
20071024,24.529,24.983,24.285,24.642,57531,0
20071025,24.236,25.219,24.219,24.251,93493,0
20071026,24.285,24.715,23.447,24.463,207657,0
20071029,24.456,25.219,24.073,24.495,63489,0
20071030,24.82,24.829,23.642,24.374,84408,0
20071031,24.188,25.3,23.918,24.96,452879,0
20071101,24.487,25.21,24.024,24.836,147186,0
20071102,24.853,25.17,24.049,24.845,63026,0
20071105,24.472,25.146,24.365,24.365,183551,0
20071106,24.61,24.691,23.862,24.301,211905,0
20071107,23.935,24.236,22.993,23.18,81529,0
20071108,23.025,23.959,22.132,22.343,242940,0
20071109,22.083,22.286,20.995,21.741,171242,0
20071112,21.529,22.27,20.953,21.798,65070,0
20071113,21.896,22.821,21.79,22.821,101677,0
20071114,23.131,23.131,22.643,22.668,121664,0
20071115,22.416,23.326,22.124,22.336,67282,0
20071116,22.546,22.546,21.823,22.009,43755,0
20071119,22.213,22.944,21.279,21.572,58590,0
20071120,21.839,21.985,21.319,21.669,35960,0
20071121,21.758,22.343,21.009,21.336,100284,0
20071123,21.213,21.758,20.742,21.238,83888,0
20071126,20.449,22.22,20.449,21.043,112626,0
20071127,21.262,21.367,20.717,21.164,113679,0
20071128,21.279,21.627,21.124,21.409,76126,0
20071129,21.71,22.002,21.564,21.741,78082,0
20071130,21.409,22.051,21.27,22.017,186915,0
20071203,21.953,22.611,21.595,21.718,43592,0
20071204,21.627,21.766,21.384,21.621,33325,0
20071205,21.684,22.083,21.409,21.701,157897,0
20071206,21.578,22.147,21.44,21.732,102341,0
20071207,22.034,22.034,21.336,21.71,148400,0
20071210,21.929,22.14,21.621,21.814,260082,0
20071211,22.026,22.489,21.133,21.555,160220,0
20071212,21.36,21.985,20.75,20.938,113472,0
20071213,20.206,21.026,20.206,20.823,102168,0
20071214,20.995,20.995,20.108,20.336,40038,0
20071217,20.311,20.702,19.954,19.954,49672,0
20071218,19.986,20.588,19.849,20.043,193629,0
20071219,20.287,20.434,19.663,19.906,204946,0
20071220,20.133,20.889,19.378,19.897,437921,0
20071221,20.254,20.604,19.978,20.409,170913,0
20071224,20.572,20.823,20.539,20.823,36309,0
20071226,20.912,21.311,20.783,20.849,56373,0
20071227,20.889,21.473,20.88,20.986,75120,0
20071228,21.238,21.238,20.076,20.426,70431,0
20071231,20.254,21.141,19.962,20.409,117176,0
20080102,20.547,20.677,19.906,20.108,132624,0
20080103,20.28,20.434,19.97,20.051,76980,0
20080104,20.06,20.271,19.402,20.043,69043,0
20080107,20.223,20.223,19.094,19.32,268975,0
20080108,19.5,19.5,18.694,19.191,248497,0
20080109,19.312,19.668,18.801,19.668,206004,0
20080110,19.718,19.76,19.378,19.409,62460,0
20080111,19.443,19.451,18.939,19.012,94834,0
20080114,19.28,19.28,18.694,18.751,100518,0
20080115,18.694,18.694,17.971,18.345,102824,0
20080116,18.134,18.362,17.874,17.931,56996,0
20080117,18.168,18.321,17.745,17.817,147821,0
20080118,18.159,18.314,17.322,17.573,118715,0
20080122,17.387,17.776,17.273,17.387,167097,0
20080123,17.371,17.802,17.07,17.314,356397,0
20080124,17.475,17.712,17.314,17.402,240218,0
20080125,17.468,18.199,17.468,18.061,396013,0
20080128,17.517,18.134,17.517,17.825,175051,0
20080129,17.793,18.443,17.793,18.134,336915,0
20080130,18.264,18.524,17.785,17.891,272725,0
20080131,17.225,19.328,17.225,19.134,300847,0
20080201,19.094,19.117,18.517,18.897,97480,0
20080204,18.971,18.995,18.614,18.621,43269,0
20080205,18.597,18.865,18.061,18.434,78052,0
20080206,18.467,18.621,18.321,18.371,32017,0
20080207,18.816,18.816,18.28,18.686,117052,0
20080208,18.573,18.801,18.321,18.573,87612,0
20080211,18.491,18.954,18.386,18.589,31134,0
20080212,18.776,18.874,18.314,18.371,101523,0
20080213,18.614,18.614,18.069,18.305,136943,0
20080214,18.531,18.548,18.142,18.142,120449,0
20080215,18.036,18.378,17.914,18.288,85651,0
20080219,18.5,18.971,18.5,18.678,1044478,0
20080220,18.939,18.939,18.459,18.719,331316,0
20080221,18.621,19.288,18.621,19.174,153124,0
20080222,19.117,19.215,18.962,18.988,23323,0
20080225,18.931,19.312,18.931,18.931,66546,0
20080226,18.767,19.166,18.767,19.086,120835,0
20080227,18.882,19.288,18.882,19.06,159202,0
20080228,18.833,19.094,18.565,18.686,95846,0
20080229,18.654,18.736,18.362,18.362,90977,0
20080303,18.467,18.646,18.086,18.451,178587,0
20080304,18.451,18.467,18.053,18.272,108554,0
20080305,18.272,18.654,18.247,18.531,56153,0
20080306,18.467,18.531,18.11,18.159,76056,0
20080307,18.256,18.256,17.809,18.142,72435,0
20080310,18.142,18.199,17.63,17.655,115199,0
20080311,17.899,18.159,17.427,18.036,103952,0
20080312,18.086,18.28,17.971,18.102,89486,0
20080313,18.069,18.434,17.573,18.207,246186,0
20080314,18.5,18.5,17.639,18.036,164221,0
20080317,18.004,18.004,17.07,17.396,79886,0
20080318,17.696,18.126,17.508,17.793,96099,0
20080319,17.76,18.15,17.102,17.322,156493,0
20080320,17.435,17.468,16.265,17.013,207882,0
20080324,17.021,17.444,16.81,17.338,282871,0
20080325,17.444,17.63,17.273,17.402,76341,0
20080326,17.256,17.557,17.256,17.46,36699,0
20080327,17.606,17.704,17.289,17.508,561215,0
20080328,17.533,17.655,17.435,17.517,34093,0
20080331,17.468,18.134,17.387,18.117,47966,0
20080401,18.159,19.06,17.891,18.751,126702,0
20080402,18.743,19.223,18.548,18.686,709127,0
20080403,18.467,18.947,18.467,18.857,145052,0
20080404,18.767,19.051,18.531,18.686,241845,0
20080407,18.865,19.646,18.743,19.482,379409,0
20080408,19.475,19.612,19.288,19.353,135349,0
20080409,19.191,19.5,18.694,18.703,124773,0
20080410,18.589,18.995,18.589,18.914,114932,0
20080411,18.069,18.637,17.825,18.061,630303,0
20080414,17.948,18.321,17.199,17.671,250931,0
20080415,17.639,17.696,17.508,17.606,120256,0
20080416,16.289,17.785,16.273,17.5,305730,0
20080417,17.5,17.752,17.354,17.63,252560,0
20080418,17.647,17.874,17.5,17.712,413338,0
20080421,17.785,17.785,17.444,17.517,195617,0
20080422,17.573,17.719,17.517,17.606,177082,0
20080423,17.63,17.76,17.573,17.671,203696,0
20080424,17.737,18.159,17.59,18.15,498647,0
20080425,18.029,18.029,17.5,17.647,192511,0
20080428,17.728,17.776,17.525,17.687,202711,0
20080429,17.549,17.728,17.396,17.655,108527,0
20080430,17.566,17.696,17.557,17.671,128745,0
20080501,17.452,17.833,17.452,17.639,53127,0
20080502,17.663,17.809,17.46,17.671,52773,0
20080505,17.671,17.712,17.557,17.671,74186,0
20080506,17.59,17.671,17.484,17.573,146432,0
20080507,17.63,17.687,17.371,17.427,68851,0
20080508,17.354,17.354,16.785,16.891,218281,0
20080509,16.054,16.622,15.689,16.12,432308,0
20080512,16.233,16.233,15.924,16.12,150866,0
20080513,16.046,16.152,15.672,15.997,257558,0
20080514,15.956,16.338,15.843,16.152,353897,0
20080515,16.159,16.282,16.152,16.225,187152,0
20080516,16.282,16.307,16.005,16.209,265287,0
20080519,16.833,16.833,16.25,16.338,232260,0
20080520,16.387,16.387,16.07,16.168,89041,0
20080521,16.192,16.192,15.535,15.608,82240,0
20080522,15.705,15.721,15.315,15.405,91053,0
20080523,16.12,16.12,14.949,15.746,279303,0
20080527,15.746,15.915,15.542,15.656,122153,0
20080528,15.721,15.762,15.039,15.152,283835,0
20080529,15.226,15.843,14.64,15.372,1327369,0
20080530,15.437,16.323,15.437,16.282,797066,0
20080602,16.25,16.469,16.087,16.387,418324,0
20080603,16.404,16.672,16.177,16.475,105608,0
20080604,16.475,16.534,16.289,16.338,194616,0
20080605,16.338,16.656,16.338,16.582,296232,0
20080606,17.176,17.176,16.046,16.12,247988,0
20080609,16.046,16.289,15.973,16.07,459379,0
20080610,16.039,16.216,16.013,16.054,206760,0
20080611,15.973,16.095,15.843,15.901,51812,0
20080612,16.168,16.168,15.542,15.672,188371,0
20080613,15.762,15.762,15.031,15.428,99602,0
20080616,15.478,15.924,15.428,15.648,207808,0
20080617,15.64,15.827,15.226,15.421,294221,0
20080618,15.453,15.453,14.901,15.121,145349,0
20080619,15.039,15.25,14.852,15.129,91700,0
20080620,14.713,14.909,14.209,14.786,229065,0
20080623,14.811,14.811,14.032,14.047,112814,0
20080624,13.852,14.015,13.528,13.909,538407,0
20080625,13.868,14.169,13.795,13.852,249267,0
20080626,13.82,13.82,13.512,13.665,198349,0
20080627,13.649,13.772,13.429,13.478,219677,0
20080630,13.561,13.561,13.324,13.471,136026,0
20080701,13.186,13.357,12.992,13.26,190767,0
20080702,13.227,13.698,13.162,13.519,186747,0
20080703,13.519,14.218,13.422,14.015,108361,0
20080707,13.958,14.137,13.731,13.82,163981,0
20080708,13.925,14.267,13.845,14.13,281651,0
20080709,14.218,14.218,13.512,13.609,199053,0
20080710,13.665,13.665,12.975,13.114,131305,0
20080711,13,13.096,12.358,12.65,235028,0
20080714,12.658,12.959,12.3,12.804,169825,0
20080715,12.471,13.105,12.349,13.04,112562,0
20080716,13.194,13.747,12.325,13.487,226141,0
20080717,13.503,14.194,13.422,13.992,319189,0
20080718,13.983,13.983,13.707,13.811,416347,0
20080721,13.811,13.877,13.162,13.576,129422,0
20080722,13.437,14.202,13.406,14.121,305557,0
20080723,14.34,14.38,14.055,14.267,85720,0
20080724,14.38,14.51,14.096,14.406,570906,0
20080725,14.209,15.104,13.893,14.251,189651,0
20080728,14.349,14.349,14.006,14.145,71005,0
20080729,14.332,14.51,13.992,14.486,125714,0
20080730,14.624,14.624,14.259,14.51,118542,0
20080731,14.38,14.6,14.276,14.51,93972,0
20080801,14.299,14.698,14.299,14.478,70761,0
20080804,14.519,14.6,14.243,14.406,84339,0
20080805,14.609,14.609,13.958,14.592,109521,0
20080806,14.364,14.428,14.178,14.316,82735,0
20080807,14.332,14.332,13.437,13.682,78955,0
20080808,13.552,13.552,12.902,12.902,438588,0
20080811,12.804,13,12.252,12.861,202632,0
20080812,12.983,12.983,12.731,12.861,37375,0
20080813,12.755,12.846,12.626,12.755,65292,0
20080814,12.772,12.796,12.609,12.715,40350,0
20080815,12.626,12.934,12.536,12.886,70006,0
20080818,12.796,12.966,12.674,12.902,59922,0
20080819,12.886,12.927,12.674,12.755,406269,0
20080820,12.829,13.317,12.731,13.096,408776,0
20080821,12.869,13.105,12.869,13.007,107951,0
20080822,13.227,13.251,12.796,13.073,185689,0
20080825,12.927,13.073,12.853,12.983,86146,0
20080826,12.927,12.959,12.585,12.748,87897,0
20080827,12.877,12.877,12.439,12.869,36660,0
20080828,12.74,12.804,12.585,12.755,176884,0
20080829,12.617,12.731,12.187,12.26,206649,0
20080902,12.471,12.772,12.455,12.545,176019,0
20080903,12.602,12.602,12.212,12.342,218747,0
20080904,12.203,12.308,11.577,11.7,165164,0
20080905,11.725,11.725,11.514,11.593,92297,0
20080908,11.862,11.862,11.382,11.618,151729,0
20080909,11.626,11.707,11.399,11.488,150819,0
20080910,11.471,11.57,11.187,11.253,71385,0
20080911,11.107,11.325,10.968,11.31,53947,0
20080912,11.057,11.651,10.756,11.514,64673,0
20080915,11.333,11.423,11.139,11.171,31965,0
20080916,10.708,11.229,10.083,11.212,76251,0
20080917,10.919,11.083,10.09,10.31,162593,0
20080918,10.895,10.911,9.717,10.667,159320,0
20080919,11.083,11.114,10.79,10.879,115772,0
20080922,10.879,11.057,10.465,10.497,83183,0
20080923,10.408,10.627,10.09,10.09,303702,0
20080924,10.083,10.334,9.88,9.904,160483,0
20080925,9.887,10.196,9.887,10.026,128472,0
20080926,9.757,9.904,9.513,9.693,122786,0
20080929,9.725,9.725,8.1084,9.1731,88418,0
20080930,9.4978,9.895,9.1647,9.757,122172,0
20081001,9.75,9.807,9.2466,9.4243,59974,0
20081002,9.513,9.513,8.7015,8.9208,123259,0
20081003,8.872,9.3186,8.7746,9.0186,63685,0
20081006,8.8639,8.9127,7.6128,7.8809,98753,0
20081007,8.1165,8.1165,7.109,7.247,111872,0
20081008,6.9222,7.3039,6.4997,7.0929,177859,0
20081009,7.0846,7.4259,6.6866,6.7351,128209,0
20081010,6.4185,6.6866,6.1421,6.5971,75560,0
20081013,6.8165,7.4341,6.8165,7.3934,195547,0
20081014,8.0027,8.0027,7.2959,7.3852,232724,0
20081015,7.1902,7.1902,6.6459,6.7351,471274,0
20081016,6.5486,7.0764,6.5486,7.0358,441079,0
20081017,7.0277,7.6777,6.8572,7.2309,391540,0
20081020,7.1578,7.5152,7.1578,7.3934,118402,0
20081021,7.239,7.4015,7.0115,7.0764,31572,0
20081022,6.9708,6.979,6.3696,6.5158,58434,0
20081023,6.5809,6.6135,6.1179,6.3696,53238,0
20081024,6.4997,6.4997,5.7196,6.0852,108695,0
20081027,6.0367,6.1748,5.598,5.736,34314,0
20081028,5.8905,6.2558,5.8496,6.2558,81710,0
20081029,6.1099,6.589,6.1099,6.4589,111033,0
20081030,6.3696,6.8083,6.3696,6.7271,81395,0
20081031,6.5647,6.8895,6.5486,6.8816,101950,0
20081103,6.7351,7.2147,6.7351,7.1498,71480,0
20081104,7.1902,7.4341,7.174,7.4096,56571,0
20081105,7.2799,7.2799,7.0604,7.1578,66037,0
20081106,7.109,7.109,6.7597,6.8572,215900,0
20081107,6.9059,7.1171,6.9059,7.0685,50550,0
20081110,7.8809,7.8809,6.9708,7.2229,52187,0
20081111,6.9628,7.3204,6.6947,7.2551,28809,0
20081112,6.9708,7.2067,6.9708,7.1171,30278,0
20081113,7.0196,7.5559,6.9385,7.5559,50654,0
20081114,7.3609,7.6128,7.2551,7.4096,78560,0
20081117,7.2635,7.4177,6.849,7.2229,8492,0
20081118,7.0846,7.4991,7.0846,7.3121,72392,0
20081119,7.0846,7.2309,6.7921,6.8247,52736,0
20081120,6.6866,6.6866,6.2723,6.3291,48480,0
20081121,6.5809,6.5809,6.1015,6.3778,70452,0
20081124,6.3047,6.6947,6.2558,6.6297,58517,0
20081125,6.5809,6.8004,6.5809,6.6947,40624,0
20081126,6.5486,6.8004,6.5486,6.768,6367,0
20081128,7.1498,7.2309,6.7597,6.8979,14555,0
20081201,6.7434,6.9873,6.7028,6.9141,29689,0
20081202,6.8572,7.0442,6.7028,6.8816,81294,0
20081203,6.589,6.9222,6.2558,6.6215,444849,0
20081204,6.386,7.1009,6.386,6.7191,57167,0
20081205,6.589,6.9059,6.3454,6.7028,105636,0
20081208,6.6622,7.247,6.6622,7.0929,125754,0
20081209,7.0929,7.4341,6.849,7.1498,166660,0
20081210,7.0929,7.4828,6.8979,7.1983,114095,0
20081211,7.1171,7.7022,7.1171,7.4664,450955,0
20081212,7.1414,7.6046,7.1414,7.4503,18719,0
20081215,7.5479,7.5883,6.8165,7.5397,44654,0
20081216,7.4664,8.2059,7.4664,8.0758,80401,0
20081217,8.1245,8.1733,7.9134,7.9621,248768,0
20081218,7.954,8.2952,7.8646,7.954,113853,0
20081219,7.9297,8.4903,7.4015,8.3034,139503,0
20081222,8.1653,8.604,8.1653,8.2464,37168,0
20081223,8.1326,8.7015,8.1326,8.3766,47756,0
20081224,8.6445,8.8316,8.6202,8.8152,14769,0
20081226,8.5145,9.0509,8.5145,8.8964,32870,0
20081229,8.8802,9.0993,8.7908,8.872,50277,0
20081230,8.7746,9.0186,8.6692,8.872,33921,0
20081231,8.7828,9.1162,8.7828,9.0186,15484,0
20090102,8.9127,9.2215,8.9127,9.1896,10834,0
20090105,9.14,9.2301,9.0755,9.2301,46526,0
20090106,9.1238,9.392,9.0831,9.0993,21520,0
20090107,8.9372,9.1485,8.7502,8.9453,16799,0
20090108,8.7015,9.1647,8.7015,8.7828,16946,0
20090109,8.8152,8.8152,8.539,8.6121,26980,0
20090112,8.352,8.5308,8.1896,8.3601,100318,0
20090113,8.3439,8.3683,7.6858,7.8405,80003,0
20090114,7.6452,7.6452,7.1498,7.1902,47945,0
20090115,7.1498,7.4664,6.8165,7.2309,130595,0
20090116,7.1334,7.1334,6.9385,7.0929,81848,0
20090120,6.9385,7.0277,6.7028,6.7597,32791,0
20090121,6.841,6.841,6.5241,6.776,57686,0
20090122,6.7028,6.7597,6.5809,6.6379,38771,0
20090123,6.6622,6.6622,6.4104,6.4104,51386,0
20090126,6.386,6.5077,6.2885,6.2885,50782,0
20090127,6.2153,6.5486,6.2153,6.5241,44726,0
20090128,6.5241,7.1334,6.5241,7.0442,76356,0
20090129,7.0196,7.0358,6.6784,6.8083,31989,0
20090130,6.6784,7.2309,6.5728,6.8895,118201,0
20090202,6.7028,6.8816,6.6053,6.841,15376,0
20090203,6.711,7.166,6.6459,7.166,78687,0
20090204,7.1171,7.239,7.0034,7.109,14683,0
20090205,6.9546,7.2229,6.9141,7.0846,45231,0
20090206,7.247,7.2716,6.841,7.2229,138838,0
20090209,7.1414,7.1414,6.6215,6.8652,138463,0
20090210,6.7921,6.8165,6.5077,6.5971,36925,0
20090211,6.5728,6.6379,6.5728,6.6297,14663,0
20090212,6.4834,6.5809,6.4104,6.4428,6894,0
20090213,6.5647,6.7434,6.5403,6.6947,6469,0
20090217,6.386,6.5809,6.3778,6.4671,20349,0
20090218,6.3373,6.4671,6.2643,6.2885,34691,0
20090219,6.2965,6.5809,6.2643,6.3942,19693,0
20090220,6.1341,6.5077,6.1341,6.4589,31828,0
20090223,6.3778,6.386,6.0934,6.2885,35326,0
20090224,6.321,6.3942,6.0367,6.321,12554,0
20090225,6.1828,6.2153,5.8336,6.0448,111678,0
20090226,6.1584,6.3047,5.8577,6.0041,54058,0
20090227,5.7849,6.061,5.5897,5.8496,48512,0
20090302,5.5814,5.7116,5.4842,5.5246,16791,0
20090303,5.411,5.5814,5.2079,5.5003,53590,0
20090304,5.6954,5.6954,5.5491,5.6303,6398,0
20090305,5.411,5.4922,5.3867,5.403,6713,0
20090306,5.281,5.4517,5.281,5.419,10585,0
20090309,5.281,5.3949,5.281,5.2971,6718,0
20090310,5.354,5.598,5.281,5.5897,13417,0
20090311,5.598,5.6871,5.5814,5.6871,11569,0
20090312,5.6871,5.7116,5.6547,5.6871,84066,0
20090313,5.6871,6.1341,5.6628,5.8417,148853,0
20090316,6.0123,6.0123,5.8008,5.809,20419,0
20090317,5.6954,5.9065,5.6547,5.7522,99119,0
20090318,5.8658,6.1421,5.6303,6.1259,55413,0
20090319,6.061,6.199,5.7766,5.8577,1297034,0
20090320,5.7685,5.8336,5.5572,5.6142,95261,0
20090323,5.6871,5.9065,5.6871,5.809,127257,0
20090324,5.8658,5.8658,5.7522,5.7685,145803,0
20090325,5.8822,5.8822,5.5165,5.736,70716,0
20090326,5.6628,5.9716,5.6628,5.874,51844,0
20090327,5.7278,5.9716,5.7278,5.9635,43201,0
20090330,5.6223,5.8577,5.6223,5.7605,34375,0
20090331,5.8577,5.9553,5.8008,5.8986,54720,0
20090401,5.9229,6.0771,5.9229,5.9877,23385,0
20090402,6.3534,6.5323,6.2558,6.4834,151400,0
20090403,6.4185,6.8895,6.4185,6.8247,65497,0
20090406,6.6784,6.7597,6.6053,6.7191,16656,0
20090407,6.6297,6.6947,6.3454,6.5971,27535,0
20090408,6.5241,6.7597,6.5241,6.7597,63390,0
20090409,6.9059,6.9059,6.768,6.7841,4922,0
20090413,6.5403,7.1498,6.5403,7.0846,28698,0
20090414,7.0358,7.3609,6.849,7.174,49819,0
20090415,7.0764,7.1902,7.0764,7.1498,4799,0
20090416,7.1498,7.174,7.1009,7.1498,14769,0
20090417,6.9953,7.0442,6.8247,6.9465,127944,0
20090420,6.6947,6.6947,6.4671,6.4997,25502,0
20090421,6.4509,6.6135,6.3454,6.5323,192486,0
20090422,6.6135,6.9222,6.6135,6.7921,9846,0
20090423,6.6215,7.0523,6.6215,7.0277,45829,0
20090424,7.1009,7.2309,6.9628,7.1498,171272,0
20090427,6.7351,6.7351,5.9635,6.0934,301987,0
20090428,6.0934,6.7028,6.053,6.5158,93388,0
20090429,6.4509,7.1414,6.4509,6.6459,94197,0
20090430,6.711,6.776,6.4347,6.6053,40987,0
20090501,6.5241,6.8816,6.5241,6.8652,6286,0
20090504,6.7516,7.2551,6.7516,7.1902,109574,0
20090505,7.239,7.3689,7.1498,7.3689,30744,0
20090506,7.3689,7.4828,7.2309,7.3852,33233,0
20090507,7.5072,7.6452,7.2635,7.4664,22021,0
20090508,7.5559,7.8239,7.5559,7.7753,29115,0
20090511,7.5641,7.7266,7.4096,7.6939,8700,0
20090512,7.6939,7.6939,7.3039,7.6777,19865,0
20090513,7.5072,7.5072,7.1578,7.166,25347,0
20090514,7.109,7.2147,7.0442,7.1253,21168,0
20090515,6.9873,7.3121,6.9873,7.1578,75472,0
20090518,7.109,7.3039,7.109,7.2551,98834,0
20090519,7.2635,7.4341,7.2635,7.4341,20286,0
20090520,7.4828,7.5152,7.3039,7.3121,14523,0
20090521,7.3609,7.3609,7.109,7.166,6646,0
20090522,7.2635,7.2959,7.1578,7.2716,2464,0
20090526,7.1334,7.5479,7.1334,7.5479,38106,0
20090527,7.4096,7.5559,7.3609,7.4746,57783,0
20090528,7.6369,7.6535,7.3121,7.6369,18986,0
20090529,7.6858,7.8646,7.6697,7.816,13248,0
20090601,7.816,7.9216,7.7346,7.7672,56204,0
20090602,7.9134,8.0758,7.7266,7.8889,38553,0
20090603,7.8405,7.8483,7.4423,7.5802,25351,0
20090604,7.5965,7.6777,7.5641,7.6452,8252,0
20090605,7.6777,7.7997,7.5479,7.7022,37810,0
20090608,7.6777,7.7184,7.5802,7.629,7796,0
20090609,7.7346,7.7997,7.6369,7.7427,13417,0
20090610,7.8077,8.1245,7.6777,7.9052,56286,0
20090611,7.9946,8.6771,7.9946,8.6771,21073,0
20090612,8.4334,9.205,8.4334,9.1808,54169,0
20090615,8.994,8.994,8.872,8.9776,55503,0
20090616,9.0186,9.1078,8.287,8.287,25833,0
20090617,8.409,8.4416,8.1165,8.3115,18586,0
20090618,8.287,8.3359,8.1653,8.3115,4917,0
20090619,8.4416,8.4577,8.0841,8.0841,9106,0
20090622,8.2546,8.2709,7.8077,7.8077,18560,0
20090623,7.8564,7.8889,7.7184,7.8889,33421,0
20090624,7.8077,8.1002,7.7997,7.7997,26092,0
20090625,7.9297,8.2464,7.9297,8.0352,58574,0
20090626,8.1084,8.6121,8.1084,8.6121,41364,0
20090629,8.4334,8.5145,8.279,8.3683,5420,0
20090630,8.5227,8.5227,8.3115,8.3766,24992,0
20090701,8.5227,8.6526,8.4171,8.5308,35915,0
20090702,8.3927,8.4008,8.214,8.3197,3940,0
20090706,8.3115,8.3115,8.0027,8.1896,11698,0
20090707,8.0677,8.287,7.7753,7.9865,20959,0
20090708,8.0027,8.2059,7.6535,7.816,16986,0
20090709,7.8239,7.9784,7.5965,7.5965,27177,0
20090710,7.8483,7.8483,7.5641,7.6535,12325,0
20090713,7.6369,7.9378,7.6128,7.8405,13073,0
20090714,7.7916,8.3034,7.7916,8.3034,10953,0
20090715,8.1572,8.7746,8.1572,8.6283,41678,0
20090716,8.6364,8.7259,8.5553,8.7015,36314,0
20090717,8.7097,8.9208,8.7097,8.807,6033,0
20090720,8.9372,9.0021,8.6771,8.7338,39265,0
20090721,8.7338,8.7828,8.6121,8.7097,17060,0
20090722,8.7097,8.7664,8.5714,8.6932,34627,0
20090723,8.8396,9.01,8.6932,8.8559,111049,0
20090724,8.807,8.8885,8.6932,8.8152,18215,0
20090727,8.8152,8.9697,8.7338,8.799,13964,0
20090728,8.807,9.734,8.7828,9.0669,138134,0
20090729,8.8885,8.9776,8.7502,8.8476,7089,0
20090730,8.8233,8.8964,8.7582,8.799,5153,0
20090731,8.8964,8.9208,8.7828,8.9208,11067,0
20090803,8.9208,9.538,8.8802,9.4978,41118,0
20090804,9.57,9.839,9.4978,9.579,22666,0
20090805,9.3763,9.782,9.3763,9.653,19704,0
20090806,9.904,9.904,9.653,9.66,5785,0
20090807,9.937,10.83,9.693,10.318,137848,0
20090810,10.399,10.449,10.278,10.31,9106,0
20090811,10.375,10.375,9.734,9.887,8248,0
20090812,9.847,9.953,9.79,9.912,18955,0
20090813,10.001,10.001,9.822,9.822,28924,0
20090814,9.904,9.904,9.636,9.822,76513,0
20090817,9.701,9.701,9.3352,9.555,56027,0
20090818,9.701,9.807,9.555,9.562,38771,0
20090819,9.604,9.75,9.507,9.627,84653,0
20090820,9.636,9.66,9.587,9.596,13307,0
20090821,10.041,10.041,9.644,9.717,8518,0
20090824,9.871,10.041,9.701,9.701,15999,0
20090825,9.676,9.993,9.676,9.757,7920,0
20090826,9.734,9.734,9.587,9.636,6500,0
20090827,9.4332,9.653,9.3763,9.579,33006,0
20090828,9.555,9.766,9.555,9.619,7139,0
20090831,9.3597,9.587,9.343,9.343,8227,0
20090901,9.562,9.701,8.9372,8.9372,17723,0
20090902,9.1808,9.547,9.1808,9.3842,14096,0
20090903,9.4243,9.4733,9.3107,9.3107,51914,0
20090904,9.3107,9.701,9.3107,9.701,20743,0
20090908,9.4576,9.921,9.4576,9.547,63216,0
20090909,9.742,9.822,9.636,9.717,46066,0
20090910,9.717,9.993,9.619,9.798,37321,0
20090911,9.773,10.416,9.773,10.278,29668,0
20090914,10.067,10.285,9.937,10.222,11359,0
20090915,10.481,10.481,10.156,10.326,44933,0
20090916,10.359,10.481,10.237,10.44,15755,0
20090917,10.261,10.799,10.261,10.79,45296,0
20090918,10.684,10.805,10.424,10.489,28654,0
20090921,10.351,10.433,10.156,10.156,35616,0
20090922,10.213,10.481,10.041,10.156,57477,0
20090923,10.067,10.351,10.05,10.165,71253,0
20090924,10.083,10.237,9.701,9.757,18848,0
20090925,9.4978,10.294,9.4978,9.83,39253,0
20090928,9.684,10.554,9.684,10.139,27119,0
20090929,10.139,10.237,10.034,10.034,41518,0
20090930,10.205,10.675,9.928,10.213,9091,0
20091001,9.895,10.059,9.4243,9.507,21315,0
20091002,9.4576,9.734,9.4243,9.66,18100,0
20091005,9.636,9.75,9.627,9.75,9768,0
20091006,9.953,10.205,9.912,10.098,7199,0
20091007,9.944,10.018,9.798,10.018,6243,0
20091008,10.131,10.131,9.814,9.847,38887,0
20091009,9.644,9.993,9.562,9.993,14082,0
20091012,10.131,10.27,9.969,10.115,6589,0
20091013,10.318,10.399,10.172,10.172,41281,0
20091014,10.383,10.472,10.368,10.472,2938,0
20091015,10.545,10.545,10.187,10.187,27036,0
20091016,10.075,10.31,10.01,10.156,24987,0
20091019,10.156,10.44,10.067,10.44,12062,0
20091020,10.44,10.449,10.416,10.449,3742,0
20091021,10.522,10.928,10.522,10.911,14924,0
20091022,10.895,10.919,10.708,10.895,19380,0
20091023,10.871,10.871,10.465,10.594,50273,0
20091026,10.237,10.497,9.782,10.156,39509,0
20091027,10.05,10.059,9.611,9.977,32044,0
20091028,9.773,10.01,9.587,9.887,77294,0
20091029,9.887,9.928,9.636,9.725,7453,0
20091030,9.742,9.757,9.3186,9.4332,11358,0
20091102,9.619,9.953,9.441,9.953,7016,0
20091103,9.782,9.782,9.53,9.587,75035,0
20091104,9.676,9.693,9.562,9.653,50079,0
20091105,9.562,9.709,8.9372,9.2533,99348,0
20091106,9.3036,9.49,9.2379,9.3352,25118,0
20091109,9.4498,9.611,9.343,9.611,26266,0
20091110,9.4645,9.871,9.4645,9.79,15398,0
20091111,9.725,9.953,9.725,9.742,18366,0
20091112,9.742,9.742,9.555,9.742,8638,0
20091113,9.701,9.75,9.392,9.619,22006,0
20091116,9.555,9.709,9.555,9.709,5355,0
20091117,9.807,9.839,9.782,9.79,66464,0
20091118,9.75,9.757,9.668,9.717,25502,0
20091119,9.636,9.79,9.611,9.66,71533,0
20091120,9.57,9.871,9.57,9.701,15232,0
20091123,9.871,10.187,9.871,9.985,13936,0
20091124,9.993,10.156,9.88,9.88,58198,0
20091125,10.018,10.165,10.01,10.165,72372,0
20091127,9.88,10.351,9.814,10.351,2829,0
20091130,10.01,10.05,9.88,9.88,43474,0
20091201,10.034,10.187,9.912,10.041,13062,0
20091202,10.034,10.684,10.034,10.408,54350,0
20091203,10.399,10.782,10.318,10.725,22688,0
20091204,10.644,10.968,10.594,10.968,13318,0
20091207,10.959,10.959,10.708,10.708,15016,0
20091208,10.594,10.644,10.278,10.278,65789,0
20091209,10.359,10.359,10.026,10.075,50374,0
20091210,10.156,10.261,9.904,10.156,36822,0
20091211,10.237,10.261,10.001,10.001,13291,0
20091214,10.222,10.465,10.187,10.383,21404,0
20091215,10.472,11.074,10.285,10.968,149835,0
20091216,11.229,11.634,11.204,11.333,344464,0
20091217,11.399,11.399,11.131,11.196,220160,0
20091218,11.373,11.39,10.928,11.39,255736,0
20091221,11.416,13,11.162,11.382,11750,0
20091222,11.31,11.537,11.293,11.373,33237,0
20091223,11.471,11.471,11.187,11.373,14806,0
20091224,11.229,11.577,11.212,11.212,16052,0
20091228,11.212,12.04,11.089,11.212,98134,0
20091229,11.285,11.359,10.902,10.959,21325,0
20091230,11.041,11.05,10.847,10.895,6011,0
20091231,10.799,10.887,10.79,10.79,5291,0
20100104,10.944,11.212,10.725,11.057,70691,0
20100105,11.089,11.293,11.025,11.107,22635,0
20100106,11.244,11.431,11.171,11.196,27609,0
20100107,11.276,11.593,11.139,11.464,39574,0
20100108,11.359,11.862,11.359,11.643,67244,0
20100111,11.585,11.585,11.407,11.456,12986,0
20100112,11.342,11.342,10.919,11.212,15046,0
20100113,11.057,11.066,10.684,10.83,25863,0
20100114,10.684,10.733,10.538,10.594,105998,0
20100115,10.725,10.725,10.222,10.554,100042,0
20100119,10.554,10.554,10.318,10.318,99843,0
20100120,10.196,10.416,10.196,10.416,44418,0
20100121,10.294,10.433,10.001,10.27,51437,0
20100122,10.187,10.187,9.864,9.928,73205,0
20100125,10.139,10.139,9.75,9.822,59746,0
20100126,9.847,9.847,9.604,9.668,92147,0
20100127,9.547,9.725,9.2949,9.3519,119933,0
20100128,9.49,10.01,9.4812,9.668,317127,0
20100129,10.27,10.27,9.742,9.807,185025,0
20100201,9.969,10.237,9.912,10.034,22189,0
20100202,10.124,10.326,9.953,10.213,124702,0
20100203,10.156,10.326,9.96,10.075,20531,0
20100204,9.887,10.026,9.734,9.814,24719,0
20100205,9.822,9.822,9.579,9.742,23648,0
20100208,9.676,10.018,9.611,9.96,18853,0
20100209,9.96,10.18,9.855,10.075,5479,0
20100210,10.05,10.334,10.05,10.253,23150,0
20100211,10.326,10.644,10.261,10.644,23128,0
20100212,10.554,10.627,10.399,10.513,27475,0
20100216,10.644,10.7,10.562,10.636,57313,0
20100217,10.61,10.716,10.497,10.57,8906,0
20100218,10.708,10.879,10.529,10.57,17599,0
20100219,10.326,10.636,10.326,10.481,25613,0
20100222,10.44,10.765,10.359,10.765,5337,0
20100223,10.57,10.667,10.39,10.433,17024,0
20100224,10.562,10.57,10.278,10.562,99370,0
20100225,10.627,10.928,10.237,10.318,86239,0
20100226,10.285,10.424,10.261,10.342,20809,0
20100301,10.554,10.554,10.253,10.285,32756,0
20100302,10.244,10.399,10.034,10.139,51774,0
20100303,10.684,10.733,10.27,10.644,136186,0
20100304,10.644,11.585,10.644,11.431,250308,0
20100305,11.585,11.951,11.325,11.798,64074,0
20100308,11.716,11.984,11.683,11.984,52288,0
20100309,11.984,12.536,11.984,12.488,162432,0
20100310,12.3,12.545,12.122,12.358,84732,0
20100311,12.277,12.308,12.074,12.074,13973,0
20100312,12.097,12.179,12.066,12.131,9731,0
20100315,12.082,12.269,11.846,11.846,16074,0
20100316,11.87,12.162,11.87,11.902,67693,0
20100317,11.935,12.171,11.798,11.919,30156,0
20100318,11.928,12.066,11.821,11.87,34164,0
20100319,11.813,12.066,11.781,11.943,22329,0
20100322,12.066,12.194,11.919,12.154,19692,0
20100323,12.097,12.26,11.935,12.203,47756,0
20100324,12.228,12.349,12.105,12.269,34384,0
20100325,12.269,12.373,11.928,11.928,8492,0
20100326,11.928,12.146,11.878,11.968,80457,0
20100329,11.984,12.187,11.87,12.04,57767,0
20100330,12.048,12.171,12.033,12.171,53415,0
20100331,12.04,12.243,12,12.212,21688,0
20100401,12.252,12.39,12.082,12.114,8960,0
20100405,12.308,12.39,12.212,12.293,37741,0
20100406,12.212,12.349,12.194,12.293,45038,0
20100407,12.3,12.308,12.088,12.228,57426,0
20100408,12.228,12.3,12.122,12.179,102522,0
20100409,12.212,12.415,12.131,12.415,67694,0
20100412,12.325,12.455,12.285,12.39,64410,0
20100413,12.293,12.373,12.105,12.235,56260,0
20100414,12.212,12.235,12.138,12.228,23383,0
20100415,12.203,12.853,12.203,12.853,45387,0
20100416,12.869,13.065,12.674,12.796,37354,0
20100419,12.674,12.959,12.602,12.602,20802,0
20100420,12.674,13,12.65,12.715,54577,0
20100421,12.796,12.804,12.463,12.497,54514,0
20100422,12.439,12.82,12.325,12.804,27706,0
20100423,12.812,12.861,12.633,12.649,13040,0
20100426,12.65,12.853,12.561,12.617,36292,0
20100427,12.553,12.748,12.016,12.162,39126,0
20100428,12.187,12.212,11.764,12.105,55585,0
20100429,12.171,12.553,12.171,12.194,101726,0
20100430,12.235,12.585,12.114,12.308,137402,0
20100503,12.342,12.342,12.066,12.088,22022,0
20100504,12.097,12.097,11.505,11.773,45074,0
20100505,11.204,11.651,11.204,11.61,34514,0
20100506,11.683,11.683,10.83,11.066,26009,0
20100507,11.131,11.447,10.879,11.089,25237,0
20100510,11.562,11.895,11.554,11.643,57469,0
20100511,11.716,12.025,11.7,11.781,43342,0
20100512,11.707,11.821,11.674,11.781,32148,0
20100513,11.781,11.781,11.7,11.748,61870,0
20100514,11.497,11.585,11.333,11.577,13695,0
20100517,11.577,11.577,11.017,11.187,13901,0
20100518,11.31,11.456,10.968,10.968,25640,0
20100519,10.968,10.968,10.399,10.684,37690,0
20100520,10.693,10.693,9.636,9.953,66713,0
20100521,10.026,10.506,10.026,10.465,46066,0
20100524,10.44,10.44,10.253,10.351,30103,0
20100525,10.237,10.253,9.977,10.253,18663,0
20100526,10.222,10.562,10.222,10.399,16077,0
20100527,10.57,11.089,10.368,11.089,38738,0
20100528,10.952,11.05,10.748,10.959,19539,0
20100601,10.887,11.179,10.579,10.725,46461,0
20100602,10.733,10.879,10.652,10.799,30769,0
20100603,10.799,10.799,10.659,10.716,29904,0
20100604,10.587,10.733,10.294,10.375,47514,0
20100607,10.545,10.562,10.383,10.489,9919,0
20100608,10.359,10.627,10.359,10.627,10953,0
20100609,10.61,10.61,10.433,10.506,9983,0
20100610,10.765,11.05,10.627,10.919,33632,0
20100611,11.001,11.131,10.959,11.131,20746,0
20100614,11.302,11.488,11.302,11.373,39262,0
20100615,11.562,11.562,11.244,11.48,48014,0
20100616,11.39,11.464,11.367,11.423,33214,0
20100617,11.562,11.577,11.244,11.577,47349,0
20100618,11.74,11.74,11.48,11.618,26136,0
20100621,11.634,11.634,11.44,11.514,8492,0
20100622,11.707,11.707,11.171,11.204,14905,0
20100623,11.139,11.333,10.805,11.089,17107,0
20100624,11.407,11.407,10.805,10.919,232327,0
20100625,10.733,11.22,10.733,11.131,16004,0
20100628,11.293,11.293,11.131,11.171,5970,0
20100629,10.839,10.839,10.399,10.497,22668,0
20100630,10.436,10.649,10.312,10.312,21737,0
20100701,10.187,10.773,9.993,10.773,48869,0
20100702,10.733,10.83,10.684,10.782,16000,0
20100706,10.895,10.985,10.554,10.659,10136,0
20100707,10.684,10.871,10.497,10.675,8454,0
20100708,10.667,10.79,10.545,10.79,35544,0
20100709,10.813,10.928,10.7,10.756,2521,0
20100712,11.001,11.001,10.587,10.782,11219,0
20100713,10.773,10.887,10.733,10.854,4309,0
20100714,10.675,10.822,10.562,10.822,4183,0
20100715,10.854,10.854,10.636,10.782,8737,0
20100716,10.782,10.805,10.675,10.748,19815,0
20100719,10.822,10.83,10.538,10.675,5133,0
20100720,10.57,11.009,10.375,10.887,61398,0
20100721,10.602,10.937,10.554,10.937,19598,0
20100722,10.937,10.937,10.7,10.805,30490,0
20100723,10.716,10.79,10.594,10.782,25865,0
20100726,10.741,11.773,10.644,11.098,44899,0
20100727,11.025,11.025,10.871,10.937,72814,0
20100728,10.733,11.05,10.733,11.05,7062,0
20100729,11.407,11.407,10.799,10.968,21506,0
20100730,10.61,10.968,10.587,10.895,12678,0
20100802,11.083,11.131,10.895,10.928,46555,0
20100803,10.887,10.959,10.863,10.887,33354,0
20100804,10.902,11.089,10.902,10.952,182879,0
20100805,10.937,10.944,10.854,10.911,97739,0
20100806,10.887,10.887,10.716,10.716,19693,0
20100809,10.773,11.196,10.261,10.538,23972,0
20100810,10.513,10.513,10.326,10.351,31110,0
20100811,10.205,10.205,9.684,9.79,185986,0
20100812,9.596,9.839,9.3675,9.839,17771,0
20100813,9.773,9.79,9.725,9.773,6068,0
20100816,9.725,9.921,9.717,9.871,134051,0
20100817,9.912,10.351,9.822,10.237,121106,0
20100818,10.107,10.399,10.107,10.359,13970,0
20100819,10.285,10.285,10.034,10.034,5046,0
20100820,10.05,10.213,9.944,10.131,5592,0
20100823,10.18,10.302,10.083,10.083,9746,0
20100824,9.921,10.124,9.904,10.059,10837,0
20100825,10.026,10.075,9.921,10.075,9128,0
20100826,10.139,10.139,9.782,9.864,6524,0
20100827,9.864,10.067,9.855,9.912,31739,0
20100830,9.807,9.807,9.668,9.668,18763,0
20100831,9.739,9.911,9.632,9.722,18463,0
20100901,9.807,10.026,9.757,10.026,16982,0
20100902,9.928,9.928,9.676,9.895,9541,0
20100903,9.985,9.985,9.3842,9.3842,30038,0
20100907,9.507,9.79,9.3264,9.522,32731,0
20100908,9.3519,9.547,9.3519,9.4165,20057,0
20100909,9.562,9.782,9.4498,9.773,92340,0
20100910,9.75,9.839,9.75,9.766,44186,0
20100913,9.766,9.904,9.75,9.88,65502,0
20100914,9.83,10.131,9.676,10.059,78914,0
20100915,10.139,10.326,10.075,10.261,27350,0
20100916,10.205,10.229,10.059,10.229,1725,0
20100917,10.196,10.351,10.196,10.351,1565,0
20100920,10.351,10.693,10.302,10.594,29589,0
20100921,10.594,10.952,10.594,10.863,57603,0
20100922,10.928,11.187,10.928,11.114,46131,0
20100923,11.057,11.171,11.001,11.123,57392,0
20100924,11.22,11.464,11.22,11.456,132119,0
20100927,11.464,11.464,11.31,11.456,38528,0
20100928,11.456,11.626,11.456,11.562,47432,0
20100929,11.537,11.821,11.537,11.781,68591,0
20100930,11.78,11.902,11.763,11.862,154863,0
20101001,11.895,12.373,11.895,12.187,59701,0
20101004,12.187,12.194,12.097,12.194,69388,0
20101005,12.194,12.293,12.171,12.194,118012,0
20101006,12.228,12.431,12.228,12.431,253561,0
20101007,12.317,12.512,12.317,12.488,391350,0
20101008,12.431,12.722,12.431,12.715,210294,0
20101011,12.74,12.74,12.325,12.422,476794,0
20101012,12.479,12.512,12.243,12.277,48147,0
20101013,12.39,12.512,12.342,12.422,13072,0
20101014,12.342,12.471,12.203,12.471,200439,0
20101015,12.471,12.471,12.235,12.349,38523,0
20101018,12.033,12.455,12.025,12.269,67720,0
20101019,11.992,12.179,11.968,12.179,3816,0
20101020,12.131,12.194,11.821,11.87,17541,0
20101021,11.789,11.928,11.716,11.878,22646,0
20101022,11.658,11.928,11.585,11.928,19855,0
20101025,11.789,12.114,11.789,12.105,10214,0
20101026,12.105,12.154,11.992,12.154,3571,0
20101027,12.025,12.105,12.025,12.097,2989,0
20101028,12.171,12.243,12.008,12.212,5947,0
20101029,12.108,12.375,12.108,12.267,4351,0
20101101,12.382,12.593,12.235,12.545,9418,0
20101102,12.731,12.731,12.536,12.593,2422,0
20101103,12.722,12.722,12.439,12.504,155379,0
20101104,12.626,12.722,12.447,12.593,50969,0
20101105,12.536,12.585,12.536,12.569,78445,0
20101108,12.545,12.707,12.447,12.707,61330,0
20101109,12.626,12.755,12.553,12.553,25682,0
20101110,12.519,12.602,12.415,12.497,19815,0
20101111,12.447,12.512,12.22,12.22,6277,0
20101112,12.26,12.317,12.194,12.194,10585,0
20101115,12.194,12.382,12.171,12.22,6588,0
20101116,12.22,12.22,11.935,12.033,22093,0
20101117,12.122,12.122,11.878,11.895,28427,0
20101118,11.968,12.146,11.968,12.057,14218,0
20101119,12.097,12.22,12.082,12.212,18222,0
20101122,11.968,12.293,11.935,12.293,35847,0
20101123,12.074,12.074,11.781,11.992,40494,0
20101124,12.025,12.285,12.016,12.285,12718,0
20101126,12.105,12.39,12.016,12.131,21045,0
20101129,12.105,12.39,11.919,12.243,52911,0
20101130,12.099,12.583,12.099,12.321,12611,0
20101201,12.545,12.553,12.293,12.398,30650,0
20101202,12.105,12.536,12.008,12.512,14520,0
20101203,12.325,12.561,12.317,12.536,65600,0
20101206,12.609,12.609,12.488,12.545,12472,0
20101207,12.593,12.658,12.479,12.519,46153,0
20101208,12.528,12.626,12.504,12.593,14618,0
20101209,12.658,12.658,12.431,12.593,36309,0
20101210,12.561,12.796,12.561,12.796,54159,0
20101213,12.796,13.048,12.789,13.007,83703,0
20101214,12.983,13.17,12.91,13,112253,0
20101215,13.114,13.114,12.927,12.927,109532,0
20101216,13,13.114,13,13.08,247273,0
20101217,13.032,13.105,12.975,13.096,6628,0
20101220,13.114,13.162,13.007,13.065,13478,0
20101221,13.065,13.137,12.992,13.13,2217,0
20101222,13.073,13.227,13.073,13.219,17723,0
20101223,13.203,13.211,13.13,13.211,10185,0
20101227,13.088,13.234,13.08,13.105,4431,0
20101228,13.234,13.234,12.91,12.95,8247,0
20101229,12.96,13.133,12.919,12.985,71042,0
20101230,12.985,12.985,12.673,12.714,11325,0
20101231,12.609,12.709,12.559,12.559,5361,0
20110103,12.74,12.869,12.545,12.748,19725,0
20110104,12.674,12.82,12.617,12.715,24297,0
20110105,12.682,12.804,12.658,12.763,173714,0
20110106,12.731,12.789,12.634,12.715,19914,0
20110107,12.731,12.789,12.65,12.722,16960,0
20110110,12.755,12.755,12.577,12.691,19430,0
20110111,12.691,12.78,12.665,12.755,14278,0
20110112,12.772,12.983,12.731,12.918,80963,0
20110113,12.846,12.959,12.837,12.927,26956,0
20110114,12.983,12.983,12.789,12.934,13141,0
20110118,12.902,12.95,12.82,12.877,70036,0
20110119,12.918,12.983,12.674,12.983,9475,0
20110120,12.78,12.829,12.471,12.504,10554,0
20110121,12.519,12.519,12.398,12.431,8122,0
20110124,12.422,12.553,12.422,12.519,7632,0
20110125,12.504,12.504,12.398,12.471,40158,0
20110126,12.569,12.82,12.512,12.7,90273,0
20110127,12.65,12.731,12.519,12.722,8852,0
20110128,12.536,12.593,12.431,12.528,58627,0
20110131,12.584,12.643,12.276,12.325,9231,0
20110201,12.26,12.861,12.26,12.722,25522,0
20110202,12.82,12.82,12.333,12.382,17599,0
20110203,12.463,12.561,12.22,12.228,89481,0
20110204,12.333,12.333,12.074,12.074,25357,0
20110207,12.146,12.146,11.951,12.105,10143,0
20110208,12.04,12.26,11.943,12.228,26125,0
20110209,12.131,12.212,12.088,12.131,57295,0
20110210,12.008,12.016,11.798,11.878,21787,0
20110211,11.951,12.033,11.846,11.984,6647,0
20110214,11.943,12.162,11.928,12.008,8739,0
20110215,11.423,11.895,11.423,11.87,3816,0
20110216,11.928,12.008,11.773,11.951,19139,0
20110218,12.285,12.293,11.968,11.968,43859,0
20110222,11.674,11.781,11.244,11.342,210707,0
20110223,11.456,11.7,11.083,11.7,19324,0
20110224,11.756,11.976,11.471,11.505,9106,0
20110225,11.602,11.658,11.44,11.577,55288,0
20110228,11.567,11.73,11.551,11.632,40636,0
20110301,11.673,12.378,11.608,12.107,193600,0
20110302,12.295,12.354,11.902,12.035,35332,0
20110303,11.96,12.107,11.803,12.058,46014,0
20110304,12,12.082,11.968,12.04,16494,0
20110307,12.033,12.074,11.821,11.87,29516,0
20110308,11.886,11.951,11.74,11.886,55510,0
20110309,11.976,12.154,11.862,12,13908,0
20110310,11.985,12.255,11.715,11.821,56778,0
20110311,11.764,12.349,11.764,12.016,40593,0
20110314,11.87,12.131,11.691,12.105,15712,0
20110315,11.464,12.203,11.464,11.968,87700,0
20110316,12.025,12.025,11.464,11.497,67461,0
20110317,11.665,11.821,11.468,11.772,39880,0
20110318,11.846,11.895,11.748,11.781,112710,0
20110321,11.862,11.886,11.667,11.829,23633,0
20110322,11.854,12.016,11.854,11.911,53239,0
20110323,11.878,11.943,11.862,11.862,1918,0
20110324,11.919,11.992,11.854,11.935,30156,0
20110325,11.919,12.01,11.878,11.928,3816,0
20110328,11.878,11.951,11.878,11.935,17608,0
20110329,11.87,11.976,11.846,11.976,63369,0
20110330,11.992,12.194,11.968,12.114,4768,0
20110331,12.158,12.284,12.09,12.233,14782,0
20110401,12.345,12.755,12.345,12.633,26112,0
20110404,12.656,12.69,12.551,12.69,27224,0
20110405,12.633,12.664,12.583,12.664,3985,0
20110406,12.664,12.755,12.633,12.69,58425,0
20110407,12.772,12.772,12.345,12.608,34776,0
20110408,12.624,12.699,12.509,12.681,76815,0
20110411,12.681,12.944,12.534,12.796,79589,0
20110412,12.73,13.034,12.73,12.82,34087,0
20110413,12.96,12.96,12.69,12.755,6829,0
20110414,12.714,12.903,12.69,12.78,47973,0
20110415,12.861,13.091,12.763,13.026,33338,0
20110418,12.812,12.928,12.542,12.559,30174,0
20110419,12.633,12.829,12.633,12.829,99852,0
20110420,12.861,13.51,12.846,13.322,15871,0
20110421,13.567,13.567,13.328,13.362,5516,0
20110425,13.337,13.362,13.042,13.231,15366,0
20110426,13.091,13.551,13.091,13.362,21108,0
20110427,13.403,13.64,13.37,13.567,15958,0
20110428,13.69,13.902,13.582,13.582,28566,0
20110429,13.579,13.773,13.251,13.773,12309,0
20110502,13.559,13.559,13.337,13.394,9946,0
20110503,13.37,13.648,13.026,13.116,25806,0
20110504,12.935,13.198,12.895,13.182,11467,0
20110505,13.083,13.182,13.083,13.182,2319,0
20110506,13.501,13.501,13.279,13.354,8373,0
20110509,13.412,13.682,13.362,13.682,45954,0
20110510,13.69,13.936,13.633,13.927,28190,0
20110511,13.92,14.199,13.879,14.091,14627,0
20110512,14.075,14.255,13.804,14.14,39053,0
20110513,14.248,14.46,13.936,13.96,75679,0
20110516,13.852,14.28,13.747,14.182,15450,0
20110517,14.148,14.632,14.134,14.56,23516,0
20110518,14.583,14.6,14.386,14.386,48200,0
20110519,14.485,14.756,14.362,14.756,98962,0
20110520,14.583,14.764,14.362,14.624,6246,0
20110523,14.444,14.518,14.165,14.272,15411,0
20110524,14.272,14.272,13.846,14.156,24848,0
20110525,14.182,14.182,14.05,14.14,15568,0
20110526,14.239,14.37,14.206,14.248,10956,0
20110527,14.296,14.427,14.296,14.427,13917,0
20110531,14.32,14.669,14.311,14.604,44849,0
20110601,14.469,14.797,14.469,14.493,109233,0
20110602,14.51,14.591,14.453,14.56,11163,0
20110603,14.493,14.756,14.485,14.756,15798,0
20110606,14.673,14.673,14.543,14.649,23298,0
20110607,14.522,14.977,14.506,14.877,26000,0
20110608,14.935,14.96,14.746,14.778,14419,0
20110609,14.786,14.852,14.786,14.837,2927,0
20110610,14.764,14.764,14.502,14.591,56093,0
20110613,14.51,14.624,13.977,14.223,22738,0
20110614,14.453,14.493,14.288,14.427,42641,0
20110615,14.313,14.51,14.199,14.42,22159,0
20110616,14.39,14.49,13.754,13.803,28473,0
20110617,14.035,14.042,13.469,14.035,13453,0
20110620,14.075,14.248,13.821,13.852,29359,0
20110621,14.017,14.165,13.969,14.125,18004,0
20110622,13.969,14.14,13.944,14.091,10795,0
20110623,13.944,14.075,13.648,13.887,12720,0
20110624,13.951,14.018,13.811,13.936,16600,0
20110627,13.887,13.986,13.788,13.895,17127,0
20110628,13.986,13.994,13.812,13.994,8885,0
20110629,14.091,14.099,13.838,13.936,51054,0
20110630,14.75,14.75,14.035,14.219,24643,0
20110701,14.755,14.755,14.282,14.621,9838,0
20110705,14.497,15.571,14.497,15.316,25627,0
20110706,15.357,15.555,15.357,15.456,3730,0
20110707,15.497,15.497,15.109,15.184,20131,0
20110708,15.176,15.571,15.141,15.199,6318,0
20110711,15.109,15.15,14.977,14.977,4280,0
20110712,14.986,14.986,14.497,14.588,9242,0
20110713,15.026,15.035,14.588,14.877,7341,0
20110714,15.059,15.059,14.869,14.96,5663,0
20110715,14.869,15.127,14.861,15.127,862,0
20110718,14.845,15.655,14.621,14.621,1332,0
20110719,14.457,14.895,14.374,14.819,3522,0
20110720,14.755,14.755,14.522,14.571,2009,0
20110721,14.63,14.63,14.606,14.606,1332,0
20110722,14.365,14.828,14.356,14.53,3746,0
20110725,14.514,15.465,14.25,14.597,16717,0
20110726,14.275,14.341,13.142,14.059,20035,0
20110727,14,14,13.29,13.621,3651,0
20110728,13.465,13.927,13.249,13.249,15819,0
20110729,13.36,13.577,13.176,13.469,10248,0
20110801,13.919,13.943,12.828,13.465,20048,0
20110802,12.709,13.635,12.659,13.327,18903,0
20110803,13.398,13.828,12.712,12.828,21163,0
20110804,11.943,12.819,11.571,11.787,21014,0
20110805,11.845,14.597,11.282,12.126,10340,0
20110808,11.992,11.992,11.15,11.166,5487,0
20110809,11.556,11.985,11.498,11.696,9461,0
20110810,13.787,13.787,11.596,12.828,18242,0
20110811,12.705,13.58,12.661,12.696,134535,0
20110812,12.661,13.63,12.661,12.754,19018,0
20110815,12.778,13.447,12.712,12.712,3796,0
20110816,13.307,13.307,12.406,12.81,36080,0
20110817,12.81,13.15,12.275,12.397,41930,0
20110818,12.108,12.117,11.58,11.82,32785,0
20110819,12.191,12.191,11.085,11.274,14978,0
20110822,11.422,12.035,11.133,11.646,108515,0
20110823,11.943,11.943,11.398,11.506,14670,0
20110824,12.795,13.53,11.232,11.407,26423,0
20110825,11.398,11.556,11.291,11.489,12788,0
20110826,11.96,11.977,11.34,11.646,783,0
20110830,11.721,11.721,11.515,11.638,3513,0
20110831,12.611,12.611,11.635,11.972,8347,0
20110901,12.257,12.257,11.638,11.869,25447,0
20110902,11.825,12.442,10.874,11.065,38334,0
20110906,10.773,11.358,10.773,11.349,34446,0
20110907,11.432,11.799,11.249,11.799,38135,0
20110908,11.75,12.008,11.65,11.899,20977,0
20110909,11.77,11.802,11.571,11.612,44692,0
20110912,11.662,11.662,11.282,11.571,20861,0
20110913,11.587,12.431,11.44,11.992,51661,0
20110914,11.894,11.985,11.778,11.985,726,0
20110915,11.919,11.919,11.678,11.82,2520,0
20110916,11.563,11.919,11.563,11.712,5944,0
20110919,11.471,11.655,11.471,11.655,6088,0
20110920,11.736,11.902,11.571,11.646,33079,0
20110921,11.407,11.612,11.076,11.166,73906,0
20110922,10.752,10.976,10.439,10.506,5947,0
20110923,10.54,10.948,9.947,10.298,3282,0
20110926,10.53,10.679,10.068,10.406,4546,0
20110927,10.563,10.836,10.489,10.828,10441,0
20110928,10.944,10.944,10.662,10.662,4626,0
20110929,10.81,10.944,10.662,10.712,3267,0
20110930,10.508,10.753,10.508,10.737,17031,0
20111003,10.993,11.563,10.752,11.465,13677,0
20111004,11.181,11.532,11.14,11.408,24801,0
20111005,11.558,11.558,11.015,11.224,23405,0
20111006,11.249,11.541,11.249,11.473,3743,0
20111007,11.181,11.549,11.048,11.515,8086,0
20111010,11.566,11.624,11.523,11.523,3963,0
20111011,11.549,11.766,11.381,11.7,6853,0
20111012,11.541,11.674,11.523,11.674,719,0
20111013,11.941,11.941,11.423,11.583,7437,0
20111014,12.425,12.425,11.599,11.682,2948,0
20111017,10.131,11.358,10.131,11.332,12676,0
20111018,11.682,11.682,11.332,11.332,770,0
20111019,11.641,11.641,11.224,11.299,6616,0
20111020,11.015,11.358,10.606,11.089,20042,0
20111021,10.948,11.299,10.948,11.174,11064,0
20111024,11.124,11.491,11.124,11.39,26938,0
20111025,11.132,11.381,11.074,11.332,1479,0
20111026,11.199,11.349,10.956,11.34,4139,0
20111027,11.39,11.624,11.381,11.616,2635,0
20111028,11.566,11.682,11.432,11.558,23718,0
20111031,11.263,11.289,11.161,11.263,19342,0
20111101,10.973,11.199,10.865,10.898,7307,0
20111102,10.89,10.89,10.848,10.848,472,0
20111103,11.098,11.14,11.015,11.14,1199,0
20111104,11.138,11.138,11.012,11.012,20852,0
20111107,10.898,11.015,10.764,10.915,26145,0
20111108,10.89,11.515,10.89,11.515,355182,0
20111109,11.065,11.065,10.64,10.732,22497,0
20111110,10.906,10.906,10.656,10.714,1918,0
20111111,10.874,11.24,10.874,11.24,5881,0
20111114,11.107,11.39,10.448,11.39,45325,0
20111115,11.224,11.599,10.732,10.948,23592,0
20111116,10.841,11.098,10.597,10.614,685332,0
20111117,10.573,10.573,10.573,10.573,131,0
20111118,10.848,10.848,10.764,10.799,3805,0
20111121,10.472,10.714,10.331,10.714,719,0
20111122,10.823,11.048,10.606,11.048,1965,0
20111123,11.107,11.324,10.948,11.089,22575,0
20111125,10.874,11.599,10.874,11.59,6613,0
20111128,12.4,12.4,11.299,11.725,14622,0
20111129,11.632,12.183,11.399,11.658,5633,0
20111130,12.381,12.381,11.412,11.571,26689,0
20111201,11.132,11.458,10.948,11.315,12287,0
20111202,11.181,11.432,11.181,11.34,8776,0
20111205,11.5,11.59,11.065,11.158,98610,0
20111206,11.331,11.533,11.323,11.441,2875,0
20111207,11.408,11.492,11.264,11.264,44147,0
20111208,11.273,11.273,11.264,11.264,1077,0
20111209,11.19,11.5,11.048,11.39,6392,0
20111212,11.523,12.049,11.14,11.358,5692,0
20111213,11.165,11.432,10.99,10.99,65952,0
20111214,11.056,11.056,11.048,11.048,1918,0
20111215,11.165,11.307,10.999,10.999,78972,0
20111216,11.188,11.188,10.726,10.901,8357,0
20111219,10.755,10.973,10.64,10.648,2672,0
20111220,10.948,11.574,10.698,10.948,21303,0
20111221,10.999,11.208,10.706,10.874,9106,0
20111222,10.856,10.973,10.714,10.791,33668,0
20111223,10.692,10.851,10.498,10.642,22966,0
20111227,10.206,10.69,10.206,10.431,36928,0
20111228,10.406,10.431,9.821,10.223,48175,0
20111229,10.431,10.465,10.223,10.223,23667,0
20111230,10.326,10.647,10.318,10.46,8931,0
20120103,10.96,10.96,10.801,10.91,9265,0
20120104,10.692,11.012,10.692,10.894,79598,0
20120105,11.08,11.08,10.683,11.08,112286,0
20120109,10.86,11.264,10.86,11.264,1439,0
20120110,11.694,12.022,11.694,12.013,3769,0
20120111,11.963,12.139,11.862,11.921,2699,0
20120112,11.635,11.996,11.635,11.996,799,0
20120113,12.224,12.342,11.972,12.283,18007,0
20120117,12.292,12.494,12.123,12.123,5544,0
20120118,12.611,12.796,12.476,12.476,23188,0
20120119,12.359,12.863,12.359,12.535,4907,0
20120120,12.577,12.602,12.375,12.375,35889,0
20120123,12.132,12.232,12.132,12.232,1189,0
20120124,12.628,12.628,12.518,12.544,1425,0
20120125,12.552,12.687,12.552,12.687,2276,0
20120126,12.83,12.83,12.669,12.669,356,0
20120127,11.98,12.678,11.98,12.628,7622,0
20120130,12.535,12.712,12.275,12.518,5346,0
20120131,12.682,12.682,12.317,12.631,8175,0
20120201,12.628,12.863,12.375,12.771,10096,0
20120203,12.796,12.932,12.78,12.88,27934,0
20120206,12.897,13.049,12.88,13.04,1306,0
20120207,13.175,13.175,12.939,13.058,25668,0
20120208,13.058,13.149,13.023,13.149,9700,0
20120209,13.058,13.251,13.023,13.242,1894,0
20120210,13.082,13.149,13.049,13.149,1426,0
20120213,13.376,13.495,13.158,13.319,4681,0
20120214,13.276,13.276,13.242,13.242,653,0
20120215,13.21,13.412,13.21,13.301,15442,0
20120216,13.31,13.613,13.142,13.462,15807,0
20120217,13.47,13.503,13.47,13.47,4128,0
20120221,13.427,13.537,13.225,13.503,20768,0
20120222,13.587,13.587,13.435,13.546,12196,0
20120223,13.369,13.47,13.301,13.47,4512,0
20120224,13.554,13.975,13.554,13.942,3802,0
20120227,13.638,14.093,13.638,13.856,20424,0
20120228,13.798,13.899,13.782,13.806,37469,0
20120229,13.983,13.992,13.803,13.849,6890,0
20120301,14.202,14.236,13.891,13.891,5554,0
20120302,13.803,14.151,13.794,13.965,13420,0
20120305,13.949,14.042,13.764,13.773,42272,0
20120306,13.71,13.761,13.302,13.581,29139,0
20120307,13.616,13.973,13.464,13.727,37352,0
20120308,13.905,13.94,13.685,13.897,17456,0
20120309,13.891,13.958,13.891,13.958,3524,0
20120312,14.059,14.177,13.949,14.035,1379,0
20120313,13.655,14.32,13.655,14.067,10096,0
20120314,13.907,14.219,13.376,14.136,356024,0
20120315,14.185,14.219,13.933,14.093,64546,0
20120316,14.194,14.21,14.008,14.076,3598,0
20120319,13.722,14.109,13.722,14.026,4419,0
20120320,13.975,14.093,13.764,13.949,1663,0
20120321,13.984,13.984,13.663,13.764,7603,0
20120322,13.605,13.713,13.394,13.563,11403,0
20120323,13.515,13.736,13.428,13.472,333506,0
20120326,13.874,13.916,13.503,13.706,149938,0
20120327,13.713,13.916,13.713,13.815,8076,0
20120328,13.907,13.924,13.621,13.899,15227,0
20120329,13.529,13.713,13.495,13.713,2021,0
20120330,13.395,13.661,13.395,13.502,1069,0
20120402,13.515,13.608,13.32,13.464,10391,0
20120403,13.437,13.634,13.404,13.59,121636,0
20120404,13.464,13.531,13.233,13.531,1069,0
20120410,13.2,13.361,12.844,13.013,3113,0
20120411,13.386,13.472,13.277,13.472,2238,0
20120412,13.428,13.616,13.422,13.59,9418,0
20120413,13.506,13.506,13.133,13.184,12949,0
20120416,13.251,13.574,12.92,13.233,27156,0
20120417,13.369,13.857,13.342,13.857,80968,0
20120418,13.718,13.811,13.718,13.753,21897,0
20120419,13.659,13.667,13.659,13.667,528,0
20120420,13.811,14.033,13.811,13.846,71147,0
20120423,14.015,14.509,13.931,14.015,89584,0
20120424,14.151,14.151,13.88,13.982,22154,0
20120425,14.033,14.033,13.54,13.846,18788,0
20120426,13.794,13.794,13.404,13.761,1823,0
20120427,13.685,14.024,13.685,13.88,34411,0
20120430,14.116,14.116,13.715,13.76,15403,0
20120501,13.689,13.849,13.058,13.769,10384,0
20120502,13.634,14.042,13.634,13.94,49594,0
20120503,13.992,14.15,13.983,14.116,31336,0
20120504,14.066,14.159,13.676,13.744,47077,0
20120507,13.718,13.718,13.71,13.71,589,0
20120508,13.558,13.803,13.455,13.455,1713,0
20120509,13.671,13.671,12.772,13.145,1550,0
20120510,13.316,13.698,13.145,13.493,4853,0
20120511,13.556,13.556,13.253,13.376,2591,0
20120514,13.377,13.377,13.167,13.311,22571,0
20120515,13.116,13.116,12.97,13.081,40407,0
20120516,12.895,13.107,12.775,12.868,3324,0
20120517,12.937,12.937,12.767,12.852,1239,0
20120518,12.585,13.342,11.972,12.319,32285,0
20120521,12.231,12.571,12.231,12.538,2181,0
20120522,12.605,12.605,12.52,12.52,528,0
20120523,12.498,12.498,12.23,12.239,11994,0
20120524,11.99,12.782,11.982,12.649,32366,0
20120525,12.559,12.826,12.319,12.532,2960,0
20120529,12.746,13.074,12.746,13.074,1413,0
20120530,12.995,13.173,12.897,12.987,4150,0
20120531,13.129,13.145,12.693,13.074,151554,0
20120601,12.603,12.603,12.275,12.514,14324,0
20120604,12.417,12.63,12.417,12.595,7346,0
20120605,11.874,12.585,11.874,12.585,563,0
20120606,12.665,12.665,12.035,12.035,4453,0
20120607,12.452,12.461,12.275,12.275,29553,0
20120608,12.203,12.399,12.008,12.247,25781,0
20120611,12.443,12.443,11.856,11.963,19143,0
20120612,12.15,12.222,12.035,12.15,6480,0
20120613,12.39,12.435,11.998,12.364,42875,0
20120614,12.461,12.461,12.239,12.364,14740,0
20120615,12.452,13.217,12.364,12.684,74324,0
20120618,12.79,13.074,12.79,12.968,14646,0
20120619,13.253,13.627,13.155,13.502,9494,0
20120620,13.458,13.537,13.164,13.429,45302,0
20120621,13.386,13.565,13.297,13.565,31350,0
20120622,13.573,14.533,13.565,14.196,37547,0
20120625,13.724,14.303,13.724,14.053,13120,0
20120626,14.116,14.426,14.045,14.213,40824,0
20120627,14.045,14.426,14.045,14.409,15730,0
20120628,14.213,14.409,14.187,14.303,6747,0
20120629,14.391,14.632,14.355,14.587,18442,0
20120702,14.249,14.524,14.249,14.462,12115,0
20120703,14.32,14.552,14.32,14.49,4825,0
20120705,14.587,14.587,14.409,14.498,11012,0
20120706,14.24,14.284,14.232,14.277,1687,0
20120709,14.48,14.765,14.454,14.757,4210,0
20120710,14.853,14.853,14.498,14.587,1706,0
20120711,14.605,14.809,14.462,14.782,3649,0
20120712,14.899,14.899,14.374,14.587,10948,0
20120713,14.719,14.719,14.659,14.694,6941,0
20120716,14.943,15.361,14.943,15.264,16528,0
20120717,15.156,15.698,15.156,15.44,6041,0
20120718,15.254,15.406,15.254,15.406,1237,0
20120719,15.406,15.414,15.254,15.37,5033,0
20120720,15.423,15.423,15.122,15.298,12267,0
20120723,15.2,15.2,14.836,14.853,32238,0
20120724,14.819,15.032,14.765,14.853,84485,0
20120725,14.951,14.951,14.711,14.899,9751,0
20120726,14.943,14.943,14.853,14.899,25010,0
20120727,14.916,15.53,14.916,15.122,38284,0
20120730,14.995,15.165,14.995,14.995,10960,0
20120731,14.853,15.156,14.853,14.943,10815,0
20120801,15.005,15.122,14.916,15.014,1616,0
20120802,14.899,14.951,14.899,14.951,78607,0
20120803,15.254,15.298,15.254,15.298,778,0
20120806,15.44,15.44,15.298,15.298,2355,0
20120807,15.298,15.341,15.298,15.298,8113,0
20120808,15.342,15.387,15.342,15.351,1687,0
20120809,15.414,15.45,15.317,15.317,578,0
20120810,15.264,15.788,15.264,15.477,3373,0
20120813,15.45,15.565,15.432,15.565,10889,0
20120814,15.503,15.565,15.468,15.485,121424,0
20120815,15.2,15.637,15.2,15.637,2233,0
20120816,15.493,15.61,15.387,15.556,4386,0
20120817,15.503,15.601,15.503,15.601,2248,0
20120820,15.619,15.654,15.574,15.574,1458,0
20120821,15.698,15.708,15.583,15.583,950,0
20120823,15.691,15.833,15.691,15.806,4366,0
20120824,16.088,16.088,15.921,15.921,304,0
20120827,15.725,15.769,15.698,15.735,5818,0
20120828,15.387,15.578,15.387,15.53,1013,0
20120829,15.361,15.468,15.351,15.361,2045,0
20120830,14.587,15.076,14.552,15.058,3047,0
20120831,15.192,15.254,15.076,15.254,2923,0
20120904,14.819,14.853,14.819,14.853,1653,0
20120905,14.765,14.922,14.765,14.863,1349,0
20120906,15.005,15.005,14.774,14.774,5841,0
20120907,15.183,15.183,15.156,15.156,449,0
20120910,15.058,15.112,14.809,15.014,22947,0
20120911,15.165,15.377,15.103,15.377,6335,0
20120912,15.289,15.387,15.281,15.378,1173,0
20120913,15.44,15.574,15.44,15.574,563,0
20120914,15.779,16.081,15.779,16.072,788,0
20120917,15.752,16.251,15.565,16.099,175728,0
20120918,15.956,16.125,15.956,16.063,3130,0
20120919,16.081,16.143,15.983,16.028,3261,0
20120920,15.61,15.993,15.61,15.877,1461,0
20120921,15.814,15.833,15.691,15.691,2005,0
20120924,15.911,15.911,15.911,15.911,563,0
20120925,15.956,15.956,15.886,15.886,899,0
20120926,15.788,15.921,15.779,15.877,3936,0
20120927,15.993,16.099,15.921,16.009,13713,0
20120928,15.895,15.966,15.877,15.966,14973,0
20121001,15.949,15.975,15.949,15.975,336,0
20121002,16.028,16.028,15.949,16.009,7447,0
20121003,16.028,16.028,15.867,15.966,13436,0
20121004,16.17,16.18,16.01,16.117,100078,0
20121005,16.019,16.427,16.019,16.188,28994,0
20121008,16.161,16.161,16.009,16.054,4731,0
20121009,16.009,16.18,15.858,16.18,62997,0
20121010,16.046,16.046,15.94,15.94,13458,0
20121011,15.895,16.009,15.895,16.009,1461,0
20121012,15.956,15.956,15.956,15.956,145,0
20121015,16.054,16.143,16.054,16.143,3660,0
20121016,16.338,17.603,16.338,17.291,67181,0
20121017,17.229,17.299,16.802,17.059,5538,0
20121018,16.783,16.971,16.783,16.944,3933,0
20121019,16.641,17.05,16.41,16.917,14637,0
20121022,16.749,16.829,16.427,16.499,3542,0
20121023,16.143,16.188,15.276,16.091,166883,0
20121024,16.188,16.518,16.188,16.518,14958,0
20121025,16.525,17.389,16.525,17.176,28899,0
20121026,17.034,17.192,16.988,17.068,5994,0
20121031,17.167,17.167,16.9,17.042,6431,0
20121101,17.112,17.299,16.196,16.597,9467,0
20121102,16.873,17.469,16.873,17.469,676,0
20121105,17.104,17.131,16.988,17.015,5261,0
20121106,16.98,17.256,16.953,17.229,1754,0
20121107,17.006,17.006,16.722,17.006,18637,0
20121108,16.9,16.935,16.616,16.766,141287,0
20121109,17.192,17.192,16.313,16.446,3373,0
20121112,16.338,16.72,16.338,16.588,1124,0
20121113,16.455,16.525,16.41,16.48,2698,0
20121114,16.553,16.588,16.072,16.143,51274,0
20121115,16.054,16.054,15.709,15.903,5599,0
20121116,16.072,16.224,15.921,16.009,4047,0
20121119,16.188,16.251,16.039,16.224,23609,0
20121120,16.535,16.623,16.485,16.623,5415,0
20121121,16.677,16.891,16.597,16.891,1724,0
20121123,16.766,16.766,16.668,16.668,788,0
20121126,16.864,16.864,16.285,16.455,6142,0
20121127,16.33,16.616,16.322,16.499,13332,0
20121128,16.455,16.846,16.41,16.802,58961,0
20121129,17.042,17.473,17.042,17.318,7983,0
20121130,17.691,18.278,17.691,18.217,9003,0
20121203,17.673,18.429,17.619,18.296,9777,0
20121204,18.27,18.27,17.887,18.189,13963,0
20121205,18.296,18.776,18.278,18.544,4762,0
20121206,17.789,19.612,17.789,19.604,36842,0
20121207,19.568,19.968,19.523,19.959,61723,0
20121210,19.755,20.528,19.755,20.457,41252,0
20121211,20.608,20.955,20.502,20.92,24856,0
20121212,21.143,21.337,20.848,21.017,21542,0
20121213,21.017,21.017,20.716,20.724,2966,0
20121214,20.476,20.724,20.271,20.448,15944,0
20121217,20.742,21.8,20.608,21.178,68691,0
20121218,21.24,21.675,20.822,21.017,30800,0
20121219,21.017,21.045,20.67,20.707,10331,0
20121220,20.457,20.768,20.181,20.369,33262,0
20121221,19.417,20.277,19.231,19.772,36107,0
20121224,19.897,19.897,19.114,19.674,3825,0
20121226,19.62,20.262,19.532,19.604,14022,0
20121227,19.665,19.665,18.482,19.044,15366,0
20121228,18.937,19.381,18.491,18.999,14071,0
20121231,17.709,19.346,17.709,19.346,14792,0
20130102,19.825,20.76,18.972,19.986,15198,0
20130103,20.03,20.324,19.834,20.191,10163,0
20130104,20.385,20.858,19.604,20.804,188074,0
20130107,20.466,20.591,20.466,20.565,5529,0
20130108,20.653,20.653,20.431,20.502,30465,0
20130109,20.618,21.533,20.52,21.516,89881,0
20130110,21.542,21.668,21.053,21.614,15629,0
20130111,21.862,21.862,21.364,21.516,18427,0
20130114,21.213,21.926,21.168,21.926,3188,0
20130115,21.871,22.004,21.703,22.004,4946,0
20130116,21.818,22.753,21.818,22.601,6243,0
20130117,22.939,23.055,22.601,22.601,38458,0
20130118,22.654,22.77,22.36,22.502,18554,0
20130122,22.876,22.876,22.505,22.716,30158,0
20130123,22.948,22.948,21.703,22.263,41903,0
20130124,22.521,22.672,22.282,22.36,14095,0
20130125,22.477,22.77,22.272,22.477,10535,0
20130128,22.61,22.806,22.326,22.601,17539,0
20130129,22.787,22.929,22.725,22.895,12859,0
20130130,23.001,23.277,22.797,23.126,33801,0
20130131,23.294,23.997,23.294,23.677,35671,0
20130201,24.006,24.46,23.669,24.318,33751,0
20130204,24.308,25.153,24.308,24.842,32790,0
20130205,25.865,25.865,25.056,25.145,39967,0
20130206,25.153,25.323,23.65,23.792,16441,0
20130207,24.096,24.371,23.294,23.758,186610,0
20130208,23.926,24.789,23.473,24.246,53825,0
20130211,24.264,25.056,24.194,24.726,190781,0
20130212,24.842,24.842,23.882,24.024,12680,0
20130213,24.103,24.593,23.703,24.055,21757,0
20130214,24.406,24.674,23.945,24.131,46671,0
20130215,24.371,24.593,24.127,24.593,14280,0
20130219,24.637,24.637,24.006,24.006,34546,0
20130220,23.926,24.103,23.838,23.926,27401,0
20130221,23.988,23.997,23.571,23.873,81486,0
20130222,23.944,24.113,23.695,23.758,28709,0
20130225,23.98,23.98,23.419,23.436,24486,0
20130226,23.579,24.103,23.579,23.926,61107,0
20130227,23.971,24.628,23.758,24.21,15346,0
20130228,24.201,25.509,24.046,24.549,49687,0
20130301,24.308,24.906,23.98,24.763,27208,0
20130304,24.869,25.225,24.798,25.119,26173,0
20130305,25.056,25.509,24.931,25.003,42556,0
20130306,24.913,25.243,24.834,25.127,53638,0
20130307,25.101,25.198,24.993,25.172,22962,0
20130308,25.19,25.225,25.074,25.092,14627,0
20130311,25.135,25.206,24.779,25.172,10750,0
20130312,25.251,25.528,25.101,25.323,36552,0
20130313,25.314,25.528,24.993,25.261,15178,0
20130314,25.5,26.462,25.261,26.319,41684,0
20130315,26.195,26.79,26.195,26.667,168309,0
20130318,26.55,26.825,26.283,26.452,21341,0
20130319,26.462,27.048,24.566,26.853,44114,0
20130320,27.154,28.16,26.327,26.524,53018,0
20130321,26.452,26.924,26.416,26.506,11793,0
20130322,26.638,26.906,26.595,26.781,50223,0
20130325,27.031,27.146,26.825,27.004,17915,0
20130326,27.075,27.884,26.995,27.583,53092,0
20130327,27.511,28.96,27.031,28.917,53128,0
20130328,28.737,30.642,28.427,29.708,35518,0
20130401,30.463,30.463,28.818,29.014,42409,0
20130402,29.174,30.401,29.049,30.073,20778,0
20130403,30.454,30.952,29.885,30.321,46740,0
20130404,30.491,30.864,29.864,30.117,14438,0
20130405,28.595,30.686,28.595,30.552,32449,0
20130408,30.842,30.918,29.383,29.894,50763,0
20130409,29.894,29.894,29.476,29.726,156462,0
20130410,29.841,30.036,29.726,29.796,400444,0
20130411,29.575,29.885,28.329,29.262,225688,0
20130412,29.086,30.277,29.022,30.277,83935,0
20130415,30.232,30.348,29.378,29.414,23823,0
20130416,29.815,30.152,28.453,28.551,85999,0
20130417,27.751,27.884,25.848,26.158,118879,0
20130418,26.158,26.951,25.679,26.54,51831,0
20130419,26.87,27.706,26.577,27.653,49052,0
20130422,27.875,27.972,26.605,27.048,29051,0
20130423,27.048,27.164,26.781,26.941,15977,0
20130424,26.746,26.924,25.829,26.496,53737,0
20130425,26.391,27.706,25.838,27.324,66760,0
20130426,27.048,27.706,26.995,27.493,18808,0
20130429,27.564,27.627,26.568,27.084,40848,0
20130430,27.084,27.466,26.72,27.208,49128,0
20130501,27.35,27.35,26.825,26.853,4711,0
20130502,26.985,26.985,26.416,26.496,43924,0
20130503,26.416,27.217,26.372,26.608,70999,0
20130506,26.283,27.928,26.283,27.475,69394,0
20130507,27.786,28.633,27.627,28.186,42757,0
20130508,28.089,29.557,28.089,28.925,23338,0
20130509,28.684,29.12,28.684,28.907,10475,0
20130510,28.836,28.863,27.485,28.551,14425,0
20130513,28.409,28.409,27.841,28.107,16669,0
20130514,27.947,28.854,27.947,28.737,13055,0
20130515,28.907,28.925,28.196,28.311,26264,0
20130516,28.44,28.892,26.371,27.215,35145,0
20130517,27.442,27.459,26.58,26.87,12828,0
20130520,26.979,26.983,25.699,26.517,36697,0
20130521,26.453,26.453,24.775,25.908,41374,0
20130522,25.8,25.8,24.947,25.083,37048,0
20130523,24.783,25.529,24.783,25.465,40315,0
20130524,25.247,26.045,25.247,25.809,24290,0
20130528,25.863,27.505,25.863,27.36,21315,0
20130529,27.16,27.16,26.308,26.508,57880,0
20130530,26.534,26.662,26.126,26.126,10054,0
20130531,26.191,26.604,24.467,25.311,40196,0
20130603,25.31,25.379,24.774,25.256,22675,0
20130604,25.401,25.618,24.366,25.165,39566,0
20130605,24.965,25.261,24.957,25.128,39625,0
20130606,24.983,25.147,24.003,24.003,64823,0
20130607,24.421,25.537,24.421,25.002,23465,0
20130610,24.92,24.92,23.74,24.022,16176,0
20130611,24.022,24.076,23.033,23.223,18905,0
20130612,23.44,23.804,22.044,22.552,35876,0
20130613,22.516,24.34,22.471,23.15,40785,0
20130614,23.45,23.45,22.498,22.624,11073,0
20130617,22.624,22.952,22.48,22.48,19963,0
20130618,22.297,22.543,22.017,22.107,7499,0
20130619,22.216,22.243,21.002,21.527,25465,0
20130620,21.318,22.262,20.239,21.772,42753,0
20130621,21.962,21.962,20.556,20.711,23803,0
20130624,20.611,21.047,19.268,20.711,38368,0
20130625,20.909,23.042,19.633,22.226,433725,0
20130626,22.207,23.061,22.044,22.907,70582,0
20130627,23.068,25.99,23.068,24.43,152649,0
20130628,24.211,25.387,23.45,23.75,42923,0
20130701,23.904,24.167,23.553,23.768,25082,0
20130702,23.578,23.921,22.848,22.979,26049,0
20130703,22.77,24.186,22.77,23.405,24814,0
20130705,23.913,23.913,23.139,23.423,75271,0
20130708,23.35,23.568,23.35,23.568,24857,0
20130709,22.361,23.115,22.361,22.543,540183,0
20130710,22.634,22.907,22.452,22.752,77049,0
20130711,22.779,23.223,22.624,23.133,90505,0
20130712,23.133,23.314,22.698,23.26,37966,0
20130715,23.097,23.359,23.097,23.333,68050,0
20130716,23.042,23.359,22.915,23.124,53246,0
20130717,22.724,23.341,22.724,23.078,89203,0
20130718,23.324,24.302,23.214,24.049,51763,0
20130719,23.921,24.041,23.396,23.585,50004,0
20130722,23.423,24.693,23.423,24.566,95125,0
20130723,24.778,25.934,24.449,25.714,198649,0
20130724,25.705,25.769,24.421,24.916,35230,0
20130725,25.953,25.953,24.916,25.036,70547,0
20130726,24.916,25.953,24.769,25.861,27243,0
20130729,25.915,25.915,24.595,25.091,72938,0
20130730,25.164,25.32,24.174,25.182,57996,0
20130731,25.366,25.366,24.762,25.247,36903,0
20130801,25.356,25.769,24.696,25.375,44271,0
20130802,25.385,26.2,25.366,25.915,112755,0
20130805,26.439,27.053,26.311,26.787,218290,0
20130806,26.787,26.975,26.64,26.685,70778,0
20130807,26.659,27.328,25.861,27.053,127749,0
20130808,27.071,28.227,26.962,28.2,107504,0
20130809,27.897,28.245,27.796,28.237,24060,0
20130812,28.145,28.145,27.485,27.548,54296,0
20130813,27.806,27.806,26.185,27.145,122524,0
20130814,26.98,27.163,26.604,26.851,106642,0
20130815,26.604,26.604,25.934,26.091,19252,0
20130816,26.255,26.42,25.678,25.678,47793,0
20130819,25.375,25.669,24.265,24.531,55766,0
20130820,24.531,25.742,24.394,25.522,49501,0
20130821,25.458,25.695,24.807,25.008,23197,0
20130822,25.076,25.985,24.999,25.678,13121,0
20130823,25.97,26.283,25.769,26.1,24761,0
20130826,26.356,26.356,25.1,25.498,65041,0
20130827,25.2,25.695,25.018,25.411,65365,0
20130828,25.522,25.953,24.817,24.87,25669,0
20130829,24.862,25.017,24.366,24.403,12472,0
20130830,24.669,25.063,24.347,25.026,22582,0
20130903,25.283,25.448,24.256,24.302,46314,0
20130904,24.467,25.264,24.082,24.879,11526,0
20130905,24.934,25.081,24.651,24.797,11094,0
20130906,24.98,25.311,24.852,25.209,9476,0
20130909,25.493,25.769,25.402,25.513,17897,0
20130910,25.733,25.934,24.824,25.054,25256,0
20130911,25.036,25.65,24.989,25.411,27952,0
20130912,25.641,25.641,25.127,25.338,12629,0
20130913,25.385,25.641,25.136,25.586,19882,0
20130916,25.944,26.036,25.356,25.889,11941,0
20130917,25.889,25.889,25.311,25.532,46720,0
20130918,25.695,26.411,25.191,26.338,39195,0
20130919,26.209,26.347,25.659,25.861,70096,0
20130920,25.788,25.851,24.439,24.962,55181,0
20130923,24.862,24.862,23.247,24.092,48901,0
20130924,24.219,24.807,24.219,24.742,37902,0
20130925,24.817,25.063,24.119,24.889,38166,0
20130926,24.752,25.301,24.742,25.164,91831,0
20130927,25.045,25.274,24.723,25.109,12105,0
20130930,24.934,24.934,23.844,24.421,124530,0
20131001,24.494,25.568,24.484,25.476,23555,0
20131002,25.558,26.062,25.264,25.962,50816,0
20131003,26.008,26.126,25.054,26.044,16631,0
20131004,26.126,26.126,25.264,25.558,13875,0
20131007,25.558,25.76,24.715,25.054,8723,0
20131008,25.292,25.631,24.999,25.008,12431,0
20131009,25.026,25.209,24.817,25.063,55395,0
20131010,25.209,26.016,25.209,25.87,10796,0
20131011,26.044,26.117,25.97,26.008,7197,0
20131014,26.054,26.054,25.631,25.98,25735,0
20131015,25.953,25.953,25.247,25.402,13630,0
20131016,25.54,25.797,25.182,25.33,5561,0
20131017,25.301,25.778,25.219,25.493,6323,0
20131018,25.43,25.65,25.182,25.247,7634,0
20131021,25.375,25.402,25.1,25.393,42854,0
20131022,25.541,25.912,25.346,25.486,16078,0
20131023,25.412,25.672,25.292,25.662,47477,0
20131024,25.857,25.857,24.893,25.162,13437,0
20131025,25.385,25.385,23.763,24.903,9496,0
20131028,24.893,25.421,24.346,25.236,9387,0
20131029,25.246,25.764,25.208,25.755,27191,0
20131030,25.727,25.895,24.745,25.088,24601,0
20131031,24.903,25.32,24.551,25.199,12324,0
20131101,25.199,25.282,24.597,25.227,25465,0
20131104,25.292,25.477,25.18,25.33,8416,0
20131105,25.097,25.097,24.003,24.124,5179,0
20131106,24.253,24.477,24.245,24.393,112829,0
20131107,24.411,24.494,24.16,24.16,7769,0
20131108,24.16,24.513,23.585,24.338,10544,0
20131111,24.235,24.56,23.864,23.864,13704,0
20131112,23.902,24.253,23.744,23.744,23630,0
20131113,23.781,24.003,23.42,23.522,14567,0
20131114,23.919,24.143,23.54,24.003,18557,0
20131115,24.151,25.19,24.058,24.689,16610,0
20131118,24.976,25.292,23.883,24.995,5071,0
20131119,25.032,25.208,24.18,24.253,10251,0
20131120,24.43,24.837,24.291,24.291,8201,0
20131121,24.393,24.818,24.393,24.708,4895,0
20131122,24.725,24.976,24.624,24.745,7122,0
20131125,25.179,25.605,24.714,24.913,10415,0
20131126,25.083,25.083,24.382,24.799,6117,0
20131127,24.884,25.415,24.666,25.169,7648,0
20131129,25.425,26.079,25.425,26.051,5716,0
20131202,25.956,26.202,25.766,25.899,22592,0
20131203,25.87,26.316,25.368,26.316,25308,0
20131204,26.012,26.316,25.899,26.278,4639,0
20131205,26.401,26.885,26.268,26.553,8963,0
20131206,26.885,27.217,26.297,26.743,28471,0
20131209,26.867,27.151,26.695,26.932,7170,0
20131210,26.837,26.952,26.762,26.847,12865,0
20131211,26.932,26.932,26.022,26.041,19509,0
20131212,26.059,26.268,25.842,26.146,2108,0
20131213,26.146,26.648,25.747,26.486,27416,0
20131216,26.467,27.075,26.467,26.725,39227,0
20131217,26.685,26.98,26.288,26.288,21934,0
20131218,26.411,26.62,26.032,26.516,48692,0
20131219,26.193,26.439,26.131,26.325,31350,0
20131220,26.373,26.373,25.311,25.586,111713,0
20131223,25.87,25.87,25.368,25.69,18559,0
20131224,25.795,25.823,25.53,25.652,27499,0
20131226,25.595,25.662,25.435,25.53,18771,0
20131227,25.699,25.785,25.415,25.615,7856,0
20131230,25.699,25.937,25.463,25.842,57048,0
20131231,25.699,25.917,25.083,25.321,26046,0
20140102,25.169,25.396,24.789,24.789,8161,0
20140103,24.951,25.463,24.951,25.055,30930,0
20140106,25.169,25.415,25.083,25.282,47217,0
20140107,25.311,25.567,25.13,25.235,92056,0
20140108,25.216,25.51,25.216,25.435,60527,0
20140109,25.387,25.699,25.273,25.547,69807,0
20140110,25.672,26.221,25.387,25.861,50471,0
20140113,25.927,26.202,25.368,25.908,35537,0
20140114,25.87,25.917,25.633,25.747,61284,0
20140115,25.633,25.785,25.53,25.53,83094,0
20140116,25.282,25.823,25.15,25.775,58103,0
20140117,25.88,25.984,25.396,25.586,115044,0
20140121,25.814,25.851,25.343,25.453,31856,0
20140122,25.473,25.595,25.13,25.292,3923,0
20140123,25.358,25.368,24.448,24.58,43444,0
20140124,24.561,24.619,23.641,23.898,111143,0
20140127,23.984,24.23,23.651,23.832,37119,0
20140128,23.784,24.078,23.651,24.031,78664,0
20140129,24.287,24.799,23.708,23.756,86548,0
20140130,23.869,24.088,23.756,23.756,83931,0
20140131,23.661,23.689,22.751,23.537,150475,0
20140203,23.727,24.419,23.139,23.263,32994,0
20140204,23.452,23.774,23.168,23.481,49248,0
20140205,23.519,23.699,22.93,23.263,76910,0
20140206,23.472,24.15,23.472,23.955,18189,0
20140207,24.249,24.477,23.964,23.974,19734,0
20140210,24.031,24.335,23.557,23.661,17260,0
20140211,23.841,24.173,23.594,23.632,22627,0
20140212,23.841,24.135,23.442,23.68,22973,0
20140213,23.547,24.183,23.529,23.822,29159,0
20140214,23.964,25.14,23.869,24.752,16465,0
20140218,24.694,24.762,24.021,24.041,50037,0
20140219,24.135,24.296,23.584,23.832,60605,0
20140220,23.908,24.097,23.822,23.916,80015,0
20140221,23.68,23.86,23.261,23.756,177940,0
20140224,23.584,24.315,23.584,24.058,46397,0
20140225,23.945,24.193,23.832,24.021,14259,0
20140226,24.287,24.41,23.472,23.869,49124,0
20140227,24.05,24.135,23.509,23.641,27795,0
20140228,23.708,23.708,23.101,23.348,31410,0
20140303,23.32,23.32,22.855,22.95,18842,0
20140304,23.234,24.097,23.234,24.011,23582,0
20140305,23.984,24.145,23.784,23.869,22634,0
20140306,24.106,24.477,23.841,23.85,21972,0
20140307,23.993,24.305,23.945,24.305,10494,0
20140310,24.305,25.273,24.305,25.055,45830,0
20140311,25.112,25.358,24.846,24.998,20349,0
20140312,24.988,25.652,24.836,25.605,237654,0
20140313,25.851,25.851,25.53,25.586,19641,0
20140314,25.662,25.662,25.378,25.453,37437,0
20140317,26.392,26.392,25.5,25.5,19628,0
20140318,25.595,25.595,24.865,25.083,102875,0
20140319,25.226,26.25,25.226,25.595,40394,0
20140320,25.719,25.719,25.405,25.405,43308,0
20140321,25.642,26.525,25.642,26.486,14757,0
20140324,26.762,26.942,26.174,26.449,11014,0
20140325,26.525,27.246,26.525,27.122,87039,0
20140326,27.264,27.71,27.132,27.406,26257,0
20140327,27.445,27.786,26.525,27.046,35674,0
20140328,27.246,27.349,26.894,26.932,21471,0
20140331,26.999,27.558,26.999,27.454,21479,0
20140401,27.501,28.07,27.379,27.843,15097,0
20140402,27.881,27.881,27.406,27.597,6620,0
20140403,27.436,27.605,27.085,27.122,6307,0
20140404,27.578,28.412,27.406,28.355,33732,0
20140407,28.441,28.782,28.099,28.289,15898,0
20140408,28.431,28.876,28.383,28.668,20566,0
20140409,28.686,28.943,28.08,28.554,74674,0
20140410,28.574,28.574,28.241,28.25,24971,0
20140411,28.241,28.895,27.986,28.706,37194,0
20140414,28.639,28.782,28.497,28.554,62379,0
20140415,28.649,28.678,28.355,28.45,24069,0
20140416,28.668,29.16,28.639,29.16,39737,0
20140417,28.971,29,28.686,28.943,4048,0
20140421,29,29.113,28.631,28.631,7720,0
20140422,28.753,29.076,28.726,29,8819,0
20140423,28.895,28.895,28.138,28.441,48054,0
20140424,28.469,28.706,28.052,28.621,57166,0
20140425,28.639,28.886,28.402,28.886,79708,0
20140428,28.905,29,28.678,28.943,11155,0
20140429,29.076,29.086,27.965,28.222,11401,0
20140430,28.023,28.213,27.302,27.918,14919,0
20140501,28.108,29,28.108,28.241,4452,0
20140502,28.308,28.402,27.975,28.336,26162,0
20140505,27.862,28.127,27.625,27.681,16428,0
20140506,27.729,28.317,27.691,28.147,3866,0
20140507,28.099,28.355,28.023,28.326,22136,0
20140508,28.203,29.218,28.203,29.208,12453,0
20140509,29.208,29.398,28.886,29.398,9946,0
20140512,29.389,30.545,29.389,30.441,22742,0
20140513,30.602,30.972,30.46,30.811,19479,0
20140514,30.592,30.632,29.986,30.138,16714,0
20140515,30.346,30.346,29.698,29.708,10709,0
20140516,29.611,30.799,29.611,30.161,21474,0
20140519,30.316,30.468,30.065,30.065,11305,0
20140520,30.056,30.065,29.563,29.776,10850,0
20140521,29.853,29.968,29.621,29.853,5008,0
20140522,30.016,30.056,29.746,29.746,23331,0
20140523,29.824,30.229,29.601,29.891,16793,0
20140527,29.756,30.016,29.746,29.988,2925,0
20140528,29.93,29.988,29.65,29.833,22332,0
20140529,29.833,30.016,29.379,29.446,34318,0
20140530,29.583,29.631,28.838,28.848,19117,0
20140602,28.896,29.44,28.896,29.311,7147,0
20140603,29.408,29.901,29.166,29.331,19247,0
20140604,29.495,29.853,29.379,29.466,14169,0
20140605,29.438,29.891,29.438,29.861,9181,0
20140606,30.133,31.398,29.901,31.166,51442,0
20140609,31.109,31.843,31.061,31.359,16968,0
20140610,31.292,31.292,30.606,31.061,22565,0
20140611,31.118,31.766,31.118,31.273,20160,0
20140612,31.109,31.302,31.109,31.302,167069,0
20140613,31.514,31.784,31.206,31.408,69342,0
20140616,30.896,31.631,30.652,31.389,33508,0
20140617,31.766,32.026,31.398,31.969,21370,0
20140618,31.978,32.065,31.639,31.988,6576,0
20140619,32.007,32.249,31.273,31.35,11793,0
20140620,31.659,32.152,31.157,31.427,17974,0
20140623,31.016,31.341,30.176,30.703,112096,0
20140624,30.761,30.964,30.654,30.654,13395,0
20140625,30.741,31.002,30.741,30.819,9486,0
20140626,30.645,30.934,30.166,30.316,76023,0
20140627,30.384,30.741,30.384,30.481,12351,0
20140630,30.491,31.166,30.191,31.166,31241,0
20140701,31.206,31.591,30.771,31.206,11514,0
20140702,31.283,31.418,31.012,31.331,5486,0
20140703,31.302,31.389,31.099,31.186,5344,0
20140707,31.263,31.446,30.558,30.687,30833,0
20140708,30.568,30.916,30.568,30.78,68220,0
20140709,30.722,31.147,30.722,31.012,9382,0
20140710,30.539,30.994,30.523,30.626,13345,0
20140711,30.664,31.331,30.664,31.186,19554,0
20140714,31.186,31.302,31.041,31.273,12205,0
20140715,31.263,31.524,31.263,31.302,23965,0
20140716,31.346,31.398,31.166,31.214,8483,0
20140717,31.421,31.558,31.196,31.264,10457,0
20140718,31.47,31.569,31.343,31.362,11637,0
20140721,31.245,31.93,31.245,31.783,19747,0
20140722,31.891,32.175,31.685,31.852,18583,0
20140723,32.077,32.077,31.764,32.009,12430,0
20140724,31.911,33.008,31.911,32.9,54537,0
20140725,32.851,33.145,32.303,32.959,13533,0
20140728,32.9,33.135,32.675,32.831,9369,0
20140729,32.939,33.096,32.498,32.567,6785,0
20140730,32.694,32.822,32.332,32.596,8709,0
20140731,32.214,32.469,30.687,30.902,34778,0
20140801,30.873,31.842,30.873,31.529,10982,0
20140804,31.685,31.832,31.499,31.783,4968,0
20140805,31.49,32.077,31.166,31.48,8401,0
20140806,31.313,32.165,31.313,31.94,7552,0
20140807,31.969,32.205,31.646,31.735,2754,0
20140808,31.803,32.665,31.764,32.665,8620,0
20140811,32.469,33.008,32.077,32.959,39313,0
20140812,32.959,33.615,32.959,33.537,54580,0
20140813,33.458,35.016,33.331,34.683,82462,0
20140814,34.781,34.918,34.026,34.036,28286,0
20140815,34.134,34.771,33.889,34.144,15248,0
20140818,34.448,34.869,34.448,34.781,14078,0
20140819,34.859,34.996,34.643,34.712,13990,0
20140820,34.24,34.85,34.12,34.12,26112,0
20140821,34.05,35.6,34.01,35.51,26515,0
20140822,35.23,35.23,34.46,34.625,11155,0
20140825,34.95,35.17,34.7,34.79,10205,0
20140826,34.68,34.98,34.5,34.75,7564,0
20140827,34.86,34.86,34.66,34.72,4253,0
20140828,34.43,35,34.31,34.73,86645,0
20140829,34.82,35.1,33.44,34.51,19001,0
20140902,34.74,35.29,34.53,34.85,17661,0
20140903,34.94,35.17,34.85,34.96,13237,0
20140904,35.18,35.65,34.91,35.45,14361,0
20140905,35.39,36.41,34.91,35.67,16969,0
20140908,35.43,35.8,35.3,35.3,5554,0
20140909,34.99,35.03,33.655,34.64,23576,0
20140910,34.4,34.59,33.98,34.45,11759,0
20140911,34.31,34.31,33.72,33.72,14291,0
20140912,33.72,34.21,33.5,33.57,57641,0
20140915,33.62,33.75,33.2,33.69,61351,0
20140916,33.44,33.74,31.1,33.24,33093,0
20140917,33.52,34,33.32,34,85293,0
20140918,34.08,34.15,33.92,34.09,12931,0
20140919,34.29,34.63,34.2,34.58,14048,0
20140922,34.47,34.65,34.1,34.39,12638,0
20140923,34.24,34.32,33.56,33.71,24928,0
20140924,33.94,34.49,33.79,34.39,58150,0
20140925,34.13,34.28,33.7,34.05,22470,0
20140926,33.95,34.2,33.7,33.73,14730,0
20140929,33.47,34.74,33.2,34.325,45389,0
20140930,34.12,35.39,33.827,35.32,44860,0
20141001,35.26,36.16,34.63,36,53677,0
20141002,36.11,36.15,35.39,35.9,31100,0
20141003,36.04,36.6,36.04,36.34,16075,0
20141006,36.67,37.36,36.44,37,24193,0
20141007,36.87,36.87,35.75,36.01,22800,0
20141008,35.5,36.25,35.5,36.16,14569,0
20141009,36.16,37.2,35.78,37.14,15809,0
20141010,37.12,37.12,36.017,36.14,19975,0
20141013,36,36.42,35.67,35.67,29105,0
20141014,35.9,35.99,34.75,34.9,50003,0
20141015,34.09,34.47,33.39,33.58,37096,0
20141016,33.15,34.69,32.95,34.43,50678,0
20141017,34.83,36.59,34.762,35.32,91350,0
20141020,34.99,36.63,34.99,36.45,19430,0
20141021,36.48,36.655,36.01,36.23,70083,0
20141022,35.76,37.15,35.76,37.05,18160,0
20141023,36.96,38.44,36.87,38.05,69139,0
20141024,38.19,38.21,37.735,37.76,39102,0
20141027,37.69,37.69,37.25,37.47,11492,0
20141028,37.51,38.92,37.51,38.82,102943,0
20141029,36.89,38.64,36.87,38.48,114842,0
20141030,37.88,39.7,37.82,38.89,76261,0
20141031,38.82,40.01,38.505,39.6,61845,0
20141103,39.42,40.43,39.13,40.13,50896,0
20141104,40.3,40.62,39.73,39.97,73566,0
20141105,40.14,40.4,39.3,39.77,95157,0
20141106,39.57,39.59,39.2,39.33,11742,0
20141107,39.3,39.6,38.75,38.89,47138,0
20141110,38.61,38.94,37.951,37.97,32243,0
20141111,38,38.35,37.79,37.98,32133,0
20141112,37.99,39.53,37.99,38.41,61435,0
20141113,38.43,38.65,37.35,37.83,85057,0
20141114,37.89,38.45,37.89,38.14,21727,0
20141117,38.7,39.31,36.616,36.7,17452,0
20141118,36.88,38.28,36,37.5,46828,0
20141119,37.7,38.89,37.58,38.54,41690,0
20141120,38.18,39.03,37.91,38.36,18089,0
20141121,38.7,39.62,38.26,39.09,13423,0
20141124,38.8,39.1,37.71,37.77,27270,0
20141125,38.04,39.01,38.04,38.32,15133,0
20141126,38.22,38.38,37.04,37.5,56333,0
20141128,36.93,37.27,36,36.57,29315,0
20141201,36.23,36.53,35.82,35.98,25649,0
20141202,35.89,36.41,35.72,35.72,14474,0
20141203,35.66,36.37,35.66,36.27,13684,0
20141204,36.13,36.8,35.95,36.38,64494,0
20141205,36.34,36.73,36.31,36.47,33612,0
20141208,36.51,37.295,36.5,37.01,18993,0
20141209,36.61,37.04,35.69,35.91,61694,0
20141210,35.95,36.55,35.55,36.24,85322,0
20141211,36.365,36.365,34.8,35.1,25229,0
20141212,34.84,35.5,34.5,34.84,33587,0
20141215,34.71,34.71,33.29,33.6,115924,0
20141216,33.38,34.27,32.25,33.5,83255,0
20141217,33.51,36.07,32.61,34.94,170520,0
20141218,35.17,37.24,35.17,36.91,80189,0
20141219,36.74,37.86,36.74,37.38,27519,0
20141222,37.4,37.4,36.67,36.74,18739,0
20141223,36.75,37.29,33.73,35.94,42967,0
20141224,35.84,36.32,35.84,35.94,11686,0
20141226,35.95,37.022,35.84,36.9,86595,0
20141229,36.83,37.2,36.41,36.44,13553,0
20141230,36.3,37.02,36.26,36.43,20240,0
20141231,36.45,36.8,36.33,36.34,5798,0
20150102,36.41,36.41,35.21,35.5,17329,0
20150105,35.39,35.87,35,35.165,76978,0
20150106,35.12,36.75,34.97,36.67,65536,0
20150107,36.62,37.1,36.2,36.89,11491,0
20150108,37.07,37.43,36.45,36.45,18153,0
20150109,36.71,37.14,36.71,36.96,25958,0
20150112,36.74,36.99,35.75,36.89,22309,0
20150113,36.99,37.38,36.24,36.36,19514,0
20150114,35.68,37.27,35.68,36.91,32621,0
20150115,36.92,36.95,36.48,36.66,15266,0
20150116,36.8,37.6,36.8,37.48,18574,0
