Date,Open,High,Low,Close,Volume,OpenInt
20110323,28.569,28.838,28.367,28.809,3087,0
20110324,29.308,29.308,28.761,28.828,4035,0
20110325,29.279,29.405,29.203,29.203,118541,0
20110328,29.048,29.048,29.02,29.039,1312,0
20110329,28.895,29.096,28.895,29.067,3126,0
20110330,29.356,29.491,29.251,29.442,17140,0
20110331,29.637,29.744,29.598,29.744,1334,0
20110401,30.056,30.076,29.712,29.761,5307,0
20110404,29.941,29.98,29.913,29.941,3037,0
20110405,29.827,30.192,29.827,30.047,2148,0
20110406,30.287,30.287,30.009,30.086,3063,0
20110407,29.98,30.115,29.865,29.865,4210,0
20110408,29.884,29.884,29.203,29.308,13038,0
20110411,29.298,29.356,29.106,29.232,3872,0
20110412,28.857,28.972,28.78,28.799,3205,0
20110413,28.809,28.809,28.386,28.503,4434,0
20110414,28.386,28.54,28.347,28.464,1307,0
20110415,28.579,28.905,28.521,28.848,5539,0
20110418,28.627,28.627,28.28,28.289,3661,0
20110419,28.617,28.617,28.204,28.309,6256,0
20110420,28.809,28.877,28.646,28.877,1670,0
20110421,28.924,28.992,28.924,28.943,1817,0
20110425,28.895,28.895,28.77,28.77,997,0
20110426,29.116,29.442,29.116,29.442,1616,0
20110427,29.327,29.376,29.289,29.376,1230,0
20110428,29.385,29.481,29.385,29.481,2170,0
20110429,29.714,29.744,29.656,29.705,1797,0
20110502,29.645,29.77,29.548,29.548,2145,0
20110503,29.366,29.405,29.067,29.154,7005,0
20110504,28.953,28.992,28.752,28.877,2041,0
20110505,28.77,28.77,28.598,28.77,882,0
20110506,29.125,29.193,28.914,28.914,1819,0
20110509,28.867,29.164,28.867,29.154,1998,0
20110510,29.596,29.703,29.596,29.616,3024,0
20110511,29.567,29.625,29.125,29.154,5217,0
20110512,29.02,29.434,28.934,29.347,2938,0
20110513,29.174,29.193,28.809,28.914,1418,0
20110516,28.646,28.857,28.588,28.655,5568,0
20110517,28.377,28.435,28.233,28.28,4346,0
20110518,28.377,28.608,28.377,28.608,2873,0
20110519,28.588,28.992,28.588,28.723,1537,0
20110520,28.473,28.617,28.367,28.617,2907,0
20110523,27.848,28.079,27.753,28.05,8766,0
20110524,28.021,28.021,27.772,27.896,2059,0
20110525,27.915,28.108,27.896,28.108,2632,0
20110526,27.954,28.328,27.877,28.328,4919,0
20110527,28.539,28.539,28.452,28.452,1379,0
20110531,28.593,28.968,28.593,28.968,1335,0
20110601,28.608,28.608,28.156,28.156,1603,0
20110602,28.079,28.137,27.925,28.03,2071,0
20110603,27.456,27.657,27.311,27.464,2500,0
20110606,27.34,27.407,27.147,27.196,6452,0
20110607,27.241,27.356,27.241,27.356,1723,0
20110608,26.885,27.164,26.885,26.962,2800,0
20110609,27.077,27.096,27.01,27.01,1856,0
20110610,26.549,26.779,26.549,26.722,3412,0
20110613,26.744,26.744,26.63,26.63,525,0
20110614,27.183,27.269,27.164,27.25,1536,0
20110615,26.972,27.154,26.827,26.923,1498,0
20110616,26.972,27.164,26.972,27.077,5036,0
20110617,27.193,27.337,26.943,26.943,3793,0
20110620,26.895,27.318,26.895,27.096,1046,0
20110621,27.77,27.77,27.567,27.722,2131,0
20110622,27.742,27.77,27.742,27.77,735,0
20110623,27.212,27.548,27.125,27.548,13143,0
20110624,27.529,27.529,27.385,27.414,1483,0
20110627,27.509,27.703,27.509,27.703,1947,0
20110628,27.837,27.952,27.837,27.942,239042,0
20110629,27.952,28.135,27.884,28.135,21309,0
20110630,28.488,28.604,28.469,28.604,11764,0
20110701,28.577,29.192,28.577,29.192,6526,0
20110705,29.202,29.25,29.076,29.221,5890,0
20110706,29.26,29.471,29.153,29.442,3860,0
20110707,29.741,29.98,29.741,29.98,3683,0
20110708,29.557,29.634,29.414,29.634,2644,0
20110711,29.269,29.394,29,29.066,4669,0
20110712,29.095,29.231,29.085,29.231,422,0
20110713,29.231,29.317,29.231,29.297,1718,0
20110714,29.375,29.375,28.712,28.712,2569,0
20110715,28.76,28.817,28.751,28.751,1856,0
20110718,28.558,28.558,28.241,28.317,3998,0
20110719,28.51,28.76,28.51,28.76,1688,0
20110720,28.721,28.875,28.721,28.779,2089,0
20110721,28.991,29.346,28.981,29.307,2421,0
20110722,29.163,29.346,29.163,29.346,2250,0
20110725,28.875,29.211,28.875,28.981,4901,0
20110726,28.642,28.642,28.41,28.525,9424,0
20110727,28.278,28.278,27.626,27.693,6651,0
20110728,27.833,27.908,27.524,27.524,2543,0
20110729,27.11,27.727,27.09,27.669,3739,0
20110801,27.606,27.837,27.279,27.462,1711,0
20110802,27.312,27.312,26.494,26.523,1769,0
20110803,25.952,26.559,25.837,26.539,1502,0
20110804,26.126,26.165,25.299,25.318,11656,0
20110805,25.386,25.578,24.847,25.194,2541,0
20110808,24.357,24.666,23.694,23.944,7505,0
20110809,23.492,24.069,22.731,24.069,8555,0
20110810,23.636,23.675,23.252,23.252,3188,0
20110811,23.29,24.252,22.79,24.001,8787,0
20110812,24.195,24.232,23.712,24.107,3720,0
20110815,24.444,24.685,24.386,24.685,1692,0
20110816,24.521,24.54,24.271,24.54,1056,0
20110817,24.618,24.618,24.156,24.242,1984,0
20110818,23.29,23.29,22.656,22.722,1659,0
20110819,22.311,22.906,22.311,22.444,4516,0
20110822,22.973,22.973,22.473,22.522,1521,0
20110823,22.694,23.559,22.694,23.559,2812,0
20110824,23.464,24.088,23.464,24.078,3497,0
20110825,24.049,24.049,23.511,23.53,1499,0
20110826,23.127,24.185,23.127,24.185,2928,0
20110829,24.711,25.347,24.711,25.347,1834,0
20110830,25.376,25.75,25.231,25.75,1733,0
20110831,25.67,25.968,25.582,25.582,1224,0
20110901,25.74,25.74,24.827,24.827,1748,0
20110902,24.462,24.462,23.874,23.874,3361,0
20110906,23.077,23.711,22.98,23.711,1154,0
20110907,24.251,24.598,24.039,24.598,2784,0
20110908,24.396,24.492,24.136,24.136,513,0
20110909,23.74,23.808,23.23,23.308,1411,0
20110912,22.953,23.521,22.848,23.454,8939,0
20110913,23.98,24.009,23.567,24.009,6578,0
20110914,23.914,24.741,23.914,24.492,1191,0
20110915,24.627,24.694,24.53,24.666,651,0
20110916,24.857,24.982,24.54,24.54,3290,0
20110919,23.914,24.174,23.914,23.99,2067,0
20110920,24.261,24.337,23.701,23.701,3350,0
20110921,23.327,23.395,22.605,22.634,1614,0
20110922,21.825,22.056,21.459,21.699,3620,0
20110923,21.844,22.191,21.844,22.153,1606,0
20110926,22.354,22.682,22.017,22.682,3856,0
20110927,23.635,23.943,23.414,23.414,2794,0
20110928,22.864,22.98,22.489,22.489,5696,0
20110929,23.144,23.144,22.383,22.951,5410,0
20110930,22.61,22.842,22.311,22.311,2237,0
20111003,22.181,22.229,21.237,21.237,1973,0
20111004,20.968,22.479,20.968,22.479,4106,0
20111005,22.816,23.163,22.748,23.153,3424,0
20111006,23.096,23.769,23.009,23.529,2473,0
20111007,23.759,23.759,22.884,23.269,633,0
20111010,23.577,23.905,23.577,23.692,1850,0
20111011,24.145,24.261,24.029,24.261,2145,0
20111012,24.569,24.647,24.569,24.647,1571,0
20111013,24.779,24.779,24.194,24.337,6515,0
20111014,25.031,25.06,24.712,25.06,3559,0
20111017,24.906,24.906,24.232,24.337,1613,0
20111018,24,25.097,23.99,25.097,846,0
20111019,24.847,24.964,24.454,24.454,968,0
20111020,24.472,24.472,23.818,24.357,1436,0
20111021,24.886,24.886,24.676,24.676,2107,0
20111024,25.483,25.734,25.483,25.734,1405,0
20111025,25.107,25.329,25.107,25.252,2731,0
20111026,25.426,25.426,24.992,25.397,2602,0
20111027,26.408,27.245,26.369,27.033,3145,0
20111028,27.09,27.119,26.763,26.879,5102,0
20111031,26.361,26.438,26.264,26.264,1604,0
20111101,25.232,25.407,24.867,25.185,5618,0
20111102,25.541,25.541,25.541,25.541,119,0
20111103,25.945,26.533,25.945,26.533,1956,0
20111104,25.996,26.268,25.986,26.268,1053,0
20111107,25.868,25.868,25.82,25.83,2299,0
20111108,26.494,26.639,26.012,26.639,1912,0
20111109,25.868,25.955,25.531,25.531,3858,0
20111110,25.762,25.762,25.502,25.502,1830,0
20111111,26.408,26.437,26.33,26.359,1717,0
20111114,26.177,26.177,25.916,25.916,551,0
20111115,25.849,26.466,25.849,26.427,813,0
20111116,26.07,26.398,25.916,25.916,2828,0
20111117,25.82,25.839,25.56,25.56,1030,0
20111118,25.492,25.647,25.397,25.638,1056,0
20111121,25.021,25.021,24.76,24.847,2607,0
20111122,24.896,24.896,24.454,24.54,2138,0
20111123,24.126,24.165,23.798,23.895,5620,0
20111125,24.029,24.029,23.847,23.847,425,0
20111128,24.357,24.637,24.357,24.415,1125,0
20111129,25.031,25.031,24.55,24.676,4419,0
20111130,26.1,26.1,25.906,25.906,1193,0
20111201,26.196,26.273,26.041,26.041,4934,0
20111202,26.499,26.509,26.103,26.123,3695,0
20111205,26.581,26.62,26.32,26.349,2072,0
20111206,26.451,26.461,26.432,26.432,1163,0
20111207,26.055,26.538,26.045,26.538,746,0
20111208,26.432,26.432,25.91,25.91,2050,0
20111209,25.784,26.471,25.784,26.451,1303,0
20111212,26.002,26.002,25.8,25.82,1010,0
20111213,26.181,26.364,25.485,25.485,4638,0
20111214,25.177,25.263,25.09,25.138,1862,0
20111215,25.232,25.358,25.232,25.32,797,0
20111216,25.996,25.996,25.476,25.476,1935,0
20111219,25.862,25.862,25.167,25.167,2956,0
20111220,25.727,26.276,25.727,26.268,2439,0
20111221,26.064,26.567,25.881,26.567,3367,0
20111222,26.683,26.817,26.655,26.655,1218,0
20111223,26.683,26.702,26.683,26.692,1287,0
20111227,26.547,26.885,26.547,26.885,102294,0
20111228,26.461,26.722,26.191,26.191,1770,0
20111229,26.481,26.625,26.481,26.625,6807,0
20111230,26.622,26.68,26.429,26.429,1263,0
20120103,26.992,27.097,26.904,27.03,4803,0
20120104,26.807,26.807,26.712,26.807,2573,0
20120105,26.972,26.972,26.538,26.865,5334,0
20120106,26.865,26.992,26.797,26.856,7539,0
20120109,26.953,26.953,26.875,26.953,3850,0
20120110,27.358,27.474,27.319,27.417,2943,0
20120111,27.397,27.551,27.397,27.551,3242,0
20120112,27.464,27.793,27.464,27.793,1127,0
20120113,27.474,27.59,27.464,27.464,2321,0
20120117,27.658,27.754,27.512,27.512,1996,0
20120118,27.697,27.697,27.697,27.697,208,0
20120119,28.121,28.131,28.082,28.082,1423,0
20120120,28.082,28.082,27.976,27.976,1994,0
20120123,27.736,27.908,27.736,27.879,884,0
20120124,27.937,28.121,27.937,28.121,3844,0
20120125,28.033,28.256,28.033,28.169,1875,0
20120126,28.284,28.284,28.092,28.131,1768,0
20120127,28.121,28.391,28.121,28.391,332571,0
20120130,28.179,28.265,27.976,28.208,34510,0
20120131,28.42,28.42,27.946,28.255,5056,0
20120201,28.362,28.874,28.362,28.855,1149,0
20120202,29.095,29.134,29.046,29.066,2132,0
20120203,29.482,29.964,29.463,29.868,4275,0
20120206,29.849,29.849,29.646,29.646,10728,0
20120207,29.539,29.773,29.539,29.676,3355,0
20120208,29.676,29.695,29.539,29.695,1134,0
20120209,29.598,29.695,29.598,29.695,572,0
20120210,29.425,29.425,29.27,29.279,3485,0
20120213,29.617,29.617,29.376,29.578,2140,0
20120214,29.26,29.376,29.26,29.376,1192,0
20120215,29.279,29.386,29.038,29.038,2316,0
20120216,29.472,29.521,29.386,29.482,6095,0
20120217,29.617,29.617,29.559,29.578,3035,0
20120221,29.492,29.724,29.357,29.357,2122,0
20120222,29.415,29.415,29.251,29.366,1552,0
20120223,29.425,29.511,29.366,29.501,3692,0
20120224,29.453,29.453,29.26,29.26,1601,0
20120227,28.941,29.327,28.941,29.298,1278,0
20120228,29.144,29.202,28.961,29,1508,0
20120229,29.341,29.341,28.72,28.72,1977,0
20120301,28.902,29.114,28.796,28.796,1846,0
20120302,28.72,28.729,28.264,28.283,2255,0
20120305,28.469,28.469,28.101,28.342,3812,0
20120306,28.052,28.052,27.695,27.695,3119,0
20120307,27.839,27.936,27.831,27.897,2108,0
20120308,27.916,28.391,27.916,28.352,3560,0
20120309,28.912,28.981,28.72,28.72,1933,0
20120312,28.7,28.759,28.604,28.71,4416,0
20120313,28.922,28.99,28.855,28.932,2288,0
20120314,29.279,29.279,29,29,2643,0
20120315,29.085,29.472,29.085,29.472,2674,0
20120316,29.454,29.502,29.299,29.338,1304,0
20120319,29.425,29.85,29.425,29.85,1548,0
20120320,29.271,29.271,29.154,29.154,2084,0
20120321,29.232,29.318,29.232,29.261,1855,0
20120322,28.681,28.835,28.652,28.71,2245,0
20120323,28.71,29.125,28.71,29.125,2542,0
20120326,29.638,29.869,29.628,29.832,1402,0
20120327,29.86,29.879,29.86,29.879,234,0
20120328,29.579,29.579,29.406,29.57,2109,0
20120329,29.338,29.687,29.289,29.687,1852,0
20120330,29.512,29.677,29.454,29.628,2091,0
20120402,29.54,29.812,29.54,29.802,1342,0
20120403,29.716,29.745,29.54,29.638,2131,0
20120404,29.299,29.299,29.115,29.242,3203,0
20120405,29.203,29.203,29.203,29.203,119,0
20120409,28.4,28.633,28.4,28.633,1902,0
20120410,28.283,28.283,27.994,27.994,1048,0
20120411,28.313,28.322,28.255,28.264,1041,0
20120412,28.961,29.02,28.951,28.971,1332,0
20120413,28.545,28.671,28.516,28.516,7806,0
20120416,28.575,28.787,28.516,28.614,1918,0
20120417,29.232,29.251,29.173,29.173,511,0
20120418,28.72,28.865,28.71,28.865,1549,0
20120419,29.279,29.279,28.594,28.594,9628,0
20120420,28.7,29.01,28.7,28.865,1665,0
20120423,27.994,28.071,27.994,28.071,1593,0
20120424,28.332,28.478,28.255,28.255,999,0
20120425,28.643,28.72,28.643,28.7,1823,0
20120426,28.7,28.845,28.7,28.777,1838,0
20120427,28.875,29.154,28.875,29.134,1799,0
20120430,28.797,28.826,28.681,28.681,4699,0
20120501,29.056,29.105,28.99,29.028,1526,0
20120502,28.584,28.681,28.584,28.681,2971,0
20120503,28.498,28.555,28.459,28.459,872,0
20120504,27.782,27.868,27.705,27.868,1496,0
20120507,27.241,27.946,27.241,27.839,10658,0
20120508,27.598,27.734,27.598,27.666,2113,0
20120509,27.559,27.792,27.559,27.695,1203,0
20120510,27.637,27.801,27.637,27.715,1276,0
20120511,27.686,27.782,27.686,27.695,788,0
20120514,27.153,27.53,27.153,27.53,2921,0
20120515,27.259,27.608,27.259,27.608,2238,0
20120516,27.52,27.54,27.376,27.376,2835,0
20120517,26.931,26.931,26.814,26.814,516,0
20120518,26.699,26.699,26.321,26.321,3154,0
20120521,26.603,26.834,26.603,26.757,1309,0
20120522,26.853,26.853,26.448,26.448,1911,0
20120523,26.197,26.661,26.168,26.661,1490,0
20120524,26.843,26.843,26.574,26.824,2077,0
20120525,26.853,26.912,26.814,26.834,1275,0
20120529,27.008,27.134,26.98,27.134,1630,0
20120530,26.804,26.843,26.729,26.786,2780,0
20120531,26.699,26.747,26.331,26.747,3039,0
20120601,26.081,26.081,25.907,25.965,2400,0
20120604,25.761,25.761,25.578,25.761,2240,0
20120605,25.82,25.82,25.741,25.741,457,0
20120606,26.489,26.577,26.489,26.577,2590,0
20120607,26.955,26.955,26.665,26.665,3195,0
20120608,26.935,26.945,26.935,26.945,274,0
20120611,26.757,26.757,26.544,26.544,1082,0
20120612,26.46,26.616,26.237,26.616,3483,0
20120613,26.373,26.703,26.218,26.237,1117,0
20120614,26.603,26.613,26.409,26.613,824,0
20120615,26.626,26.77,26.626,26.77,2773,0
20120618,26.606,26.808,26.606,26.751,9378,0
20120619,27.333,27.536,27.323,27.536,22430,0
20120620,27.274,27.585,27.178,27.187,6752,0
20120621,27.168,27.168,26.616,26.645,2065,0
20120622,26.635,26.635,26.635,26.635,564,0
20120625,26.266,26.275,26.237,26.237,1295,0
20120626,26.237,26.247,25.946,26.14,574867,0
20120627,26.499,26.635,26.499,26.596,23977,0
20120628,26.392,26.616,26.324,26.616,1006,0
20120629,27.333,27.663,27.333,27.663,1113,0
20120702,27.478,27.536,27.431,27.536,4469,0
20120703,27.799,28.151,27.799,28.138,3134,0
20120705,28.273,28.361,28.273,28.302,723,0
20120706,27.865,27.983,27.856,27.856,751,0
20120709,27.77,27.77,27.77,27.77,206,0
20120710,27.865,27.865,27.585,27.585,717,0
20120712,27.032,27.382,26.974,27.382,628,0
20120713,27.732,27.831,27.732,27.831,894,0
20120716,27.683,27.683,27.604,27.604,1547,0
20120717,27.45,27.624,27.45,27.624,308,0
20120718,28.101,28.101,27.983,27.983,484,0
20120719,28.079,28.079,28.06,28.06,568,0
20120720,27.553,27.553,27.553,27.553,210,0
20120723,26.867,27.148,26.867,27.148,519,0
20120724,26.741,26.741,26.583,26.583,578,0
20120725,26.518,26.567,26.518,26.547,419,0
20120726,26.596,26.703,26.596,26.703,5394,0
20120727,26.935,27.517,26.935,27.431,3229,0
20120730,27.343,27.362,27.246,27.246,924,0
20120731,27.294,27.294,27.255,27.259,426,0
20120801,26.955,26.984,26.596,26.596,9157,0
20120802,26.557,26.798,26.518,26.798,17965,0
20120803,27.712,27.789,27.683,27.683,1696,0
20120806,27.865,27.875,27.828,27.828,671,0
20120808,27.914,28.109,27.895,28.109,1345,0
20120809,28.128,28.409,28.109,28.356,4893,0
20120810,28.624,28.624,28.226,28.361,1512,0
20120813,28.111,28.121,27.983,28.121,469,0
20120814,28.327,28.333,28.307,28.307,884,0
20120815,28.325,28.4,28.267,28.4,909,0
20120816,28.254,28.79,28.254,28.79,2592,0
20120817,28.817,29.006,28.817,29.006,1606,0
20120820,28.879,28.879,28.879,28.879,160,0
20120821,29.273,29.273,28.813,28.813,766,0
20120822,28.71,28.71,28.652,28.673,644,0
20120823,28.371,28.4,28.363,28.363,878,0
20120824,28.468,28.468,28.468,28.468,195,0
20120827,28.361,28.498,28.322,28.322,348,0
20120828,28.458,28.458,28.409,28.423,719,0
20120829,28.478,28.537,28.468,28.468,1464,0
20120830,28.254,28.254,28.226,28.226,412,0
20120831,28.38,28.38,28.06,28.254,840,0
20120904,28.128,28.341,28.128,28.341,308,0
20120905,28.726,28.726,28.604,28.604,864,0
20120906,28.74,29.232,28.74,29.195,1962,0
20120907,29.341,29.399,29.331,29.399,1845,0
20120910,29.429,29.429,29.414,29.414,2235,0
20120911,29.583,29.598,29.544,29.544,1520,0
20120912,29.591,29.602,29.591,29.602,271,0
20120913,29.525,30.107,29.525,30.107,557,0
20120914,30.185,30.274,30.175,30.175,1214,0
20120917,29.941,29.981,29.894,29.894,1547,0
20120918,30.02,30.048,29.961,30.017,8702,0
20120919,30.067,30.214,30.067,30.165,661,0
20120921,30.155,30.155,30.04,30.04,1478,0
20120924,29.885,30.128,29.885,29.916,18399,0
20120925,29.924,29.924,29.526,29.526,1403,0
20120926,29.535,29.535,29.292,29.292,1904,0
20120927,29.367,29.477,29.367,29.477,365,0
20120928,29.535,29.568,29.4,29.4,1314,0
20121001,29.74,29.75,29.535,29.75,1207,0
20121002,29.625,29.625,29.625,29.625,215,0
20121003,29.78,29.847,29.78,29.847,310,0
20121004,29.643,29.84,29.643,29.84,877,0
20121005,30.079,30.196,30.079,30.098,1141,0
20121009,29.341,29.392,29.323,29.323,1364,0
20121010,29.156,29.156,29.156,29.156,126,0
20121011,29.4,29.545,29.4,29.526,808,0
20121012,29.18,29.18,29.127,29.127,411,0
20121015,29.204,29.359,29.197,29.322,2369,0
20121016,29.602,29.633,29.602,29.603,941,0
20121017,29.788,29.808,29.74,29.74,695,0
20121018,29.808,29.895,29.808,29.838,1123,0
20121019,29.26,29.26,29.26,29.26,117,0
20121022,29.186,29.244,29.176,29.244,618,0
20121023,28.952,29.217,28.952,29.186,861,0
20121024,29.137,29.205,29.137,29.176,733,0
20121025,29.186,29.322,29.176,29.273,3266,0
20121026,29.41,29.41,29.134,29.195,4086,0
20121031,29.545,29.545,29.413,29.427,1620,0
20121101,30.05,30.05,30.05,30.05,300,0
20121102,29.895,29.905,29.895,29.905,356,0
20121105,29.701,29.924,29.701,29.924,286,0
20121106,29.972,30.338,29.972,30.322,1559,0
20121107,29.672,29.701,29.487,29.633,1678,0
20121108,29.393,29.393,29.332,29.332,478,0
20121109,29.331,29.438,29.331,29.438,93818,0
20121112,29.117,29.312,29.117,29.205,9174,0
20121113,28.963,29.254,28.963,29.002,5114,0
20121114,28.846,28.866,28.545,28.545,3979,0
20121115,28.321,28.38,28.229,28.38,3632,0
20121116,28.215,28.507,28.098,28.438,7620,0
20121119,28.925,28.925,28.827,28.876,488,0
20121120,28.945,29.098,28.945,29.098,481,0
20121121,29.144,29.322,29.144,29.241,947,0
20121123,29.535,29.535,29.535,29.535,131,0
20121126,29.603,29.643,29.533,29.643,443,0
20121127,29.929,29.929,29.929,29.929,169,0
20121128,29.564,29.854,29.535,29.854,1159,0
20121129,30.244,30.302,30.136,30.238,1432,0
20121130,30.312,30.374,30.254,30.261,885,0
20121203,30.312,30.331,30.167,30.291,1230,0
20121204,30.468,30.468,30.216,30.216,3766,0
20121205,30.45,30.517,30.264,30.41,856,0
20121206,30.409,30.409,30.264,30.351,1764,0
20121207,30.642,30.642,30.331,30.417,2620,0
20121210,30.594,30.73,30.594,30.73,264,0
20121211,31.089,31.102,30.915,31.04,6392,0
20121212,31.079,31.177,30.76,30.798,2681,0
20121213,30.75,30.779,30.507,30.507,1140,0
20121214,30.644,30.644,30.623,30.623,936,0
20121217,30.719,31.002,30.719,30.915,4688,0
20121218,31.185,31.585,31.177,31.581,3477,0
20121219,31.753,31.798,31.575,31.653,2184,0
20121220,31.886,31.886,31.633,31.741,3242,0
20121221,31.601,31.601,31.392,31.565,5002,0
20121224,31.398,31.565,31.398,31.506,2222,0
20121226,31.555,31.654,31.381,31.456,6155,0
20121227,31.091,31.368,31.081,31.338,4506,0
20121228,31.338,31.466,31.338,31.368,2894,0
20121231,31.496,31.614,31.496,31.595,2875,0
20130102,32.61,32.838,32.592,32.729,2361,0
20130103,32.69,33.045,32.63,32.66,4654,0
20130104,33.011,33.093,32.958,33.065,28133,0
20130107,32.867,32.897,32.789,32.897,10921,0
20130108,32.697,32.697,32.697,32.697,538,0
20130109,32.937,33.084,32.937,33.084,7979,0
20130110,29.592,33.093,29.592,33.093,5214,0
20130111,32.977,33.055,32.947,33.055,6363,0
20130114,33.055,33.055,32.799,32.799,1919,0
20130115,33.006,33.025,32.996,32.996,2110,0
20130116,33.006,33.006,32.819,32.947,24035,0
20130117,33.129,33.409,33.129,33.409,7748,0
20130118,33.312,33.479,33.292,33.467,10465,0
20130122,33.409,33.726,33.409,33.726,94653,0
20130123,34.072,34.072,33.538,33.538,12673,0
20130124,33.815,34.111,33.815,34.045,3786,0
20130125,34.12,34.346,34.004,34.13,9921,0
20130128,34.169,34.258,34.042,34.218,6730,0
20130129,34.178,34.327,34.072,34.327,10054,0
20130130,34.278,34.278,33.785,33.785,2844,0
20130131,33.992,34.032,33.833,33.92,15745,0
20130201,34.406,34.406,34.174,34.298,9977,0
20130204,34.198,34.198,33.676,33.676,9802,0
20130205,34.101,34.149,33.972,34.072,37258,0
20130206,33.953,34.119,33.927,34.072,16151,0
20130207,33.873,34.002,33.795,33.972,26540,0
20130208,35.748,35.748,34.082,34.198,18019,0
20130211,34.052,34.159,33.972,34.159,9291,0
20130212,34.593,34.593,34.258,34.339,13271,0
20130213,34.584,34.593,34.416,34.593,4347,0
20130214,34.535,34.672,34.53,34.672,14212,0
20130215,34.673,34.833,34.652,34.733,26847,0
20130219,34.959,35.091,34.919,35.091,40407,0
20130220,35.294,35.294,34.406,34.406,11852,0
20130221,34.346,34.346,33.933,33.943,12459,0
20130222,34.346,34.515,34.346,34.491,14876,0
20130225,34.389,34.389,34.13,34.13,708,0
20130226,33.696,33.933,33.616,33.836,20075,0
20130227,33.972,34.436,33.972,34.436,7600,0
20130228,34.407,34.532,34.297,34.426,28198,0
20130301,34.228,34.475,34.149,34.406,7978,0
20130304,34.337,34.959,34.169,34.247,9027,0
20130305,34.919,34.949,34.756,34.85,7123,0
20130306,35.411,35.411,34.831,34.978,6510,0
20130307,35.411,35.411,34.847,34.959,13523,0
20130308,35.186,35.59,35.116,35.264,9663,0
20130311,35.244,35.344,35.244,35.314,1059,0
20130312,35.363,35.363,35.176,35.199,5107,0
20130313,35.274,35.56,35.274,35.56,6083,0
20130314,35.699,35.797,35.645,35.772,4316,0
20130315,35.786,35.982,35.757,35.934,8143,0
20130318,35.627,35.874,35.627,35.766,3628,0
20130319,35.993,35.993,35.404,35.667,4321,0
20130320,35.815,36.013,35.815,36.013,3782,0
20130321,35.95,35.95,35.489,35.489,12946,0
20130322,35.786,35.993,35.707,35.747,7700,0
20130325,36.018,36.018,35.579,35.61,3317,0
20130326,35.795,35.857,35.667,35.746,56547,0
20130327,35.757,35.815,35.41,35.727,6300,0
20130328,35.637,35.687,35.559,35.637,6150,0
20130401,35.687,35.687,34.964,35.039,42024,0
20130402,35.223,35.223,34.697,34.719,12399,0
20130403,34.729,34.729,34.118,34.138,3312,0
20130404,34.157,34.275,34.157,34.209,914,0
20130405,33.999,34.118,33.683,34.09,15003,0
20130408,34.205,34.383,34.04,34.383,3486,0
20130409,34.403,34.403,34.215,34.235,5172,0
20130410,34.413,34.897,34.305,34.897,7678,0
20130411,34.819,34.928,34.779,34.831,8843,0
20130412,35.449,35.449,34.529,34.62,3713,0
20130415,34.403,34.403,33.179,33.179,7905,0
20130416,33.792,33.92,33.604,33.92,7994,0
20130417,33.411,33.411,32.944,33.169,7243,0
20130418,33.318,33.318,32.755,32.886,13155,0
20130419,32.716,33.222,32.716,33.045,2306,0
20130422,32.735,33.288,32.686,33.288,4919,0
20130423,33.565,33.653,33.505,33.584,6034,0
20130424,33.614,33.96,33.614,33.94,3472,0
20130425,34.274,34.344,34.158,34.158,4391,0
20130426,34.089,34.089,33.757,33.763,5547,0
20130429,33.97,34.128,33.97,34.079,2402,0
20130430,34.079,34.187,33.94,34.134,2625,0
20130501,33.515,33.54,33.169,33.288,2358,0
20130502,33.94,33.94,33.377,33.703,1931,0
20130503,34.463,34.723,34.138,34.584,8442,0
20130506,34.688,34.826,34.688,34.716,24011,0
20130507,34.719,35.104,34.719,35.104,1548,0
20130508,35.061,35.243,35.061,35.243,2148,0
20130509,35.39,35.39,35.292,35.292,939,0
20130510,35.469,35.599,35.439,35.599,4020,0
20130513,35.43,35.539,35.352,35.38,7206,0
20130514,35.677,35.954,35.677,35.912,8654,0
20130515,35.904,36.358,35.904,36.279,5424,0
20130516,36.25,36.296,36.113,36.113,4743,0
20130517,36.348,36.546,36.279,36.546,4607,0
20130520,36.546,36.713,36.467,36.713,2281,0
20130521,36.633,36.703,36.623,36.693,3562,0
20130522,36.853,36.862,35.983,36.169,5217,0
20130523,38.097,38.097,35.993,36.155,65610,0
20130524,35.884,36.2,35.774,36.198,3797,0
20130528,36.949,36.949,36.507,36.713,2244,0
20130529,36.526,36.526,36.249,36.337,5164,0
20130530,36.489,36.506,36.411,36.506,6100,0
20130531,36.428,36.618,36.41,36.417,3741,0
20130603,36.377,36.476,35.966,36.476,8618,0
20130604,36.325,36.325,35.974,36.136,4310,0
20130605,35.864,35.963,35.678,35.687,3196,0
20130606,35.974,35.974,35.546,35.914,3102,0
20130607,36.023,36.329,36.023,36.073,2457,0
20130610,36.911,36.911,36.142,36.309,8571,0
20130611,36.023,36.407,35.874,36.066,9285,0
20130612,36.132,36.132,35.648,35.717,3742,0
20130613,35.805,36.249,35.805,36.249,6027,0
20130614,36.348,36.348,35.766,35.864,24394,0
20130617,36.063,36.073,35.918,35.954,1464,0
20130618,36.329,36.793,36.269,36.745,8801,0
20130619,36.649,36.649,36.299,36.407,17407,0
20130620,35.589,35.599,35.26,35.292,8001,0
20130621,36.2,36.2,35.054,35.558,6306,0
20130624,35.064,35.148,34.767,34.972,7642,0
20130625,35.271,35.311,35.044,35.044,9209,0
20130626,35.351,35.598,35.094,35.321,34788,0
20130627,35.36,35.933,35.36,35.933,2602,0
20130628,35.765,35.973,35.765,35.835,2834,0
20130701,36.319,36.493,36.296,36.417,4020,0
20130702,36.447,36.447,36.224,36.224,1422,0
20130703,36.596,36.596,36.2,36.443,2368,0
20130705,36.674,36.853,36.624,36.853,2041,0
20130708,37.264,37.264,37.061,37.135,1563,0
20130709,37.762,37.762,37.446,37.634,7419,0
20130710,37.752,37.752,37.487,37.634,8866,0
20130711,38.247,38.247,38.015,38.106,15796,0
20130712,38.109,38.296,38.079,38.147,12059,0
20130715,38.365,38.365,38.209,38.287,3261,0
20130716,38.474,38.474,38.03,38.03,4629,0
20130717,38.099,38.316,38.075,38.129,6984,0
20130718,38.287,38.582,38.267,38.552,9158,0
20130719,38.484,38.691,38.456,38.631,13007,0
20130722,38.778,38.808,38.662,38.701,15201,0
20130723,38.651,38.672,38.582,38.585,7108,0
20130724,38.79,38.79,38.297,38.375,5447,0
20130725,38.47,38.721,38.413,38.721,9689,0
20130726,38.552,38.604,38.316,38.474,28044,0
20130729,38.296,38.306,38.091,38.147,33117,0
20130730,38.257,38.329,38.107,38.157,21081,0
20130731,38.404,38.602,38.336,38.562,18795,0
20130801,38.978,39.047,38.484,39.047,9990,0
20130802,39.008,39.097,38.82,39.097,9158,0
20130805,38.998,39.157,38.998,39.077,9606,0
20130806,38.919,38.928,38.661,38.661,37954,0
20130807,39.087,39.087,38.373,38.453,40972,0
20130808,39.344,39.344,38.514,38.731,3005,0
20130809,38.691,38.751,38.464,38.711,2827,0
20130812,38.414,38.9,38.414,38.894,6296,0
20130813,38.8,38.919,38.622,38.84,3598,0
20130814,39.176,40.432,38.582,38.582,20625,0
20130815,38.306,38.306,37.871,37.97,6114,0
20130816,37.99,38.138,37.871,38.003,6588,0
20130819,37.881,37.95,37.693,37.693,2109,0
20130820,38.12,38.266,38.12,38.266,8440,0
20130821,38.087,38.087,37.966,38.069,2472,0
20130822,38.454,38.701,38.449,38.622,1186,0
20130823,38.582,38.607,38.514,38.588,14455,0
20130826,38.651,38.9,38.651,38.89,8273,0
20130827,38.385,38.385,37.703,37.764,10862,0
20130828,37.673,37.792,37.604,37.604,4324,0
20130829,37.9,38.071,37.653,37.91,3651,0
20130830,38.129,38.129,37.423,37.455,3550,0
20130903,38.01,38.01,37.445,37.445,2012,0
20130904,37.741,37.9,37.741,37.891,5564,0
20130905,38.138,38.276,38.129,38.276,3827,0
20130906,38.474,38.524,37.871,38.404,4132,0
20130909,38.741,39.008,38.632,39.007,9780,0
20130910,39.374,39.621,39.28,39.621,8602,0
20130911,39.661,39.729,39.472,39.651,12798,0
20130912,40.026,40.026,39.334,39.334,12567,0
20130913,39.728,39.728,39.256,39.472,24767,0
20130916,40.47,40.47,39.597,39.638,17537,0
20130917,39.927,40.006,39.641,40.006,8172,0
20130918,40.373,40.572,39.7,40.559,12892,0
20130919,40.5,40.717,40.5,40.589,4788,0
20130920,40.64,40.708,40.577,40.58,5477,0
20130923,40.818,40.818,40.286,40.471,4272,0
20130924,40.424,40.907,40.344,40.61,8291,0
20130925,40.55,40.758,40.491,40.56,79673,0
20130926,40.699,40.868,40.58,40.6,13820,0
20130927,40.314,40.66,40.314,40.61,11829,0
20130930,40.55,40.699,40.194,40.699,11020,0
20131001,40.55,41.065,40.55,41.025,8291,0
20131002,40.778,40.798,40.61,40.61,10617,0
20131003,44.962,44.962,39.859,40.106,10819,0
20131004,40.441,40.461,40.116,40.432,8825,0
20131007,39.957,40.027,39.859,39.859,6471,0
20131008,39.7,39.789,39.325,39.335,8393,0
20131009,39.107,39.502,39.087,39.325,3943,0
20131010,40.027,40.097,39.769,40.097,9302,0
20131011,40.087,40.778,40.087,40.689,7583,0
20131014,40.55,41.115,40.55,41.015,32254,0
20131015,41.599,41.599,40.58,40.728,11020,0
20131016,40.897,41.015,40.897,41.015,9504,0
20131017,40.985,42.687,40.848,41.412,35364,0
20131018,41.936,42.005,41.717,41.955,19918,0
20131021,46.377,46.377,42.055,42.202,16784,0
20131022,42.608,42.618,42.262,42.401,26793,0
20131023,42.361,42.361,42.015,42.143,22042,0
20131024,42.133,42.371,42.025,42.342,59148,0
20131025,42.332,42.332,42.093,42.173,5763,0
20131028,42.212,42.46,42.212,42.292,6673,0
20131029,42.914,42.914,42.302,42.451,12740,0
20131030,42.657,42.657,41.975,42.093,20727,0
20131031,41.936,42.232,41.757,41.965,8810,0
20131101,41.757,41.836,41.491,41.836,3943,0
20131104,42.252,42.292,41.916,42.282,12234,0
20131105,42.332,42.332,41.936,42.163,13244,0
20131106,42.262,42.381,42.065,42.212,10979,0
20131107,42.342,42.411,41.352,41.352,14762,0
20131108,41.342,42.102,41.332,42.102,4899,0
20131111,41.975,42.133,41.886,42.133,1313,0
20131112,42.015,42.262,42.005,42.222,6572,0
20131113,41.916,42.47,41.916,42.47,7785,0
20131114,42.46,42.608,42.46,42.608,16177,0
20131115,42.442,42.836,42.442,42.816,26344,0
20131118,42.954,43.143,42.588,42.736,30233,0
20131119,42.846,42.914,42.451,42.509,38219,0
20131120,42.716,42.716,42.123,42.193,5965,0
20131121,42.697,43.093,42.697,43.093,11174,0
20131122,42.973,43.32,42.973,43.32,10111,0
20131125,43.914,43.914,43.32,43.34,7570,0
20131126,43.36,43.874,43.36,43.764,9706,0
20131127,44.111,44.307,43.974,44.012,13819,0
20131129,44.289,44.478,44.201,44.319,9857,0
20131202,44.626,44.626,43.478,43.716,14880,0
20131203,43.647,43.696,43.173,43.41,10111,0
20131204,43.27,43.647,42.846,43.231,3438,0
20131205,43.29,43.39,42.944,43.163,11527,0
20131206,45.991,45.991,43.36,43.676,14985,0
20131209,43.854,43.854,43.39,43.637,6774,0
20131210,43.251,43.538,43.053,43.103,3438,0
20131211,43.053,43.053,42.568,42.568,15941,0
20131212,42.637,42.993,42.431,42.993,18605,0
20131213,42.963,43.449,42.657,43.113,18806,0
20131216,43.488,43.716,43.3,43.627,14154,0
20131217,43.724,43.724,43.32,43.578,6976,0
20131218,43.627,44.042,43.093,44.042,26793,0
20131219,43.942,43.953,43.568,43.824,16330,0
20131220,44.365,44.88,43.68,44.88,25369,0
20131223,47.121,47.121,44.623,45.039,29951,0
20131224,45.039,45.436,45.039,45.345,9013,0
20131226,45.565,45.565,45.296,45.525,10388,0
20131227,45.466,45.703,45.119,45.119,8638,0
20131230,45.426,45.426,45.129,45.266,15602,0
20131231,45.615,45.743,45.158,45.336,15934,0
20140102,45.009,45.009,44.455,44.643,19572,0
20140103,44.852,44.884,44.682,44.801,38824,0
20140106,44.9,44.9,44.365,44.365,21000,0
20140107,44.553,45.336,44.553,44.801,21077,0
20140108,44.811,44.831,44.385,44.583,26824,0
20140109,44.573,44.712,44.345,44.643,15662,0
20140110,44.722,44.994,44.643,44.994,5865,0
20140113,45.029,45.149,44.395,44.395,13816,0
20140114,45.089,45.356,44.623,45.228,24178,0
20140115,45.376,45.772,45.376,45.772,34288,0
20140116,45.802,46.129,45.575,45.822,112343,0
20140117,45.525,45.654,45.446,45.476,30858,0
20140121,45.952,45.952,45.535,45.952,17180,0
20140122,45.982,46.143,45.812,46.12,69601,0
20140123,45.932,46.378,45.396,45.723,31766,0
20140124,45.882,45.882,44.067,44.226,31161,0
20140127,44.245,44.335,43.323,43.829,21783,0
20140128,43.532,43.919,43.532,43.869,12908,0
20140129,44.157,44.157,43.086,43.086,51421,0
20140130,43.463,43.909,43.403,43.829,7361,0
20140131,43.68,43.68,42.917,43.393,16134,0
20140203,43.136,43.423,41.696,42.015,21568,0
20140204,41.659,42.422,41.659,42.252,12733,0
20140205,41.726,42.035,41.341,41.806,7446,0
20140206,41.816,42.352,41.816,42.293,9858,0
20140207,42.5,42.877,42.283,42.758,11335,0
20140210,42.728,42.728,42.104,42.418,11837,0
20140211,42.422,42.689,42.282,42.679,5613,0
20140212,42.559,43.036,42.432,42.907,13424,0
20140213,43.271,43.651,42.619,43.633,6410,0
20140214,43.939,43.949,43.492,43.819,20941,0
20140218,44.275,44.275,43.725,44.127,13757,0
20140219,44.087,44.177,43.482,43.572,7537,0
20140220,43.393,44.137,43.393,44.127,9184,0
20140221,44.177,44.247,43.949,44.039,9350,0
20140224,44.018,44.573,44.018,44.162,18453,0
20140225,44.077,44.275,43.859,44.077,13977,0
20140226,44.038,44.821,44.028,44.315,44509,0
20140227,44.275,44.86,44.275,44.771,8141,0
20140228,45.228,45.246,44.992,45.099,9966,0
20140303,45.019,45.019,44.177,44.664,11098,0
20140304,45.009,46.209,45.009,46.05,11862,0
20140305,45.792,45.912,45.644,45.748,7809,0
20140306,46.021,46.258,45.912,46.258,13965,0
20140307,46.656,46.656,46.18,46.229,19133,0
20140310,46.278,46.348,45.992,46.256,13816,0
20140311,46,46.33,45.565,45.565,5604,0
20140312,45.476,45.595,45.366,45.555,6854,0
20140313,45.684,45.684,44.771,44.98,6360,0
20140314,44.682,45.266,44.662,44.999,3721,0
20140317,45.743,45.743,45.156,45.39,5736,0
20140318,45.376,45.841,45.376,45.595,22390,0
20140319,45.812,45.862,45.522,45.522,8923,0
20140320,45.713,45.882,45.605,45.733,5638,0
20140321,46.087,46.256,45.73,45.73,4590,0
20140324,45.759,46.077,45.105,45.532,3253,0
20140325,45.484,45.939,45.413,45.522,6154,0
20140326,45.582,45.582,44.441,44.441,7254,0
20140327,44.549,44.549,44.092,44.172,3793,0
20140328,44.845,45.065,44.325,44.325,2948,0
20140331,44.401,45.611,44.401,45.572,9969,0
20140401,45.562,46.137,45.562,46.137,6149,0
20140402,46.157,46.251,46.117,46.137,29434,0
20140403,46.336,46.336,45.641,45.989,15461,0
20140404,46.157,46.157,44.644,44.926,9415,0
20140407,44.281,44.473,43.884,44.035,6206,0
20140408,43.854,44.391,43.854,44.072,5504,0
20140409,44.241,44.965,44.241,44.941,3696,0
20140410,45.045,45.045,43.784,43.874,4009,0
20140411,43.626,43.774,42.357,43.398,31887,0
20140414,44.231,44.251,43.467,43.477,12452,0
20140415,43.804,43.804,42.881,43.448,29808,0
20140416,43.942,44.192,43.911,44.16,3922,0
20140417,44.451,44.876,44.231,44.767,48656,0
20140421,44.846,44.912,44.529,44.846,18941,0
20140422,44.837,45.385,44.837,45.313,19152,0
20140423,45.235,45.313,44.876,44.986,14566,0
20140424,44.609,44.816,44.452,44.519,6748,0
20140425,44.619,44.619,43.894,44.122,13130,0
20140428,44.062,44.321,43.265,43.824,16851,0
20140429,44.122,44.451,43.978,44.003,20153,0
20140430,43.658,44.147,43.517,44.082,9943,0
20140501,43.705,44.489,43.695,43.908,15381,0
20140502,44.251,44.639,44.181,44.212,9839,0
20140505,44.112,44.288,43.724,44.155,25486,0
20140506,43.932,44.023,43.517,43.675,7505,0
20140507,43.288,43.61,43.239,43.577,2077,0
20140508,43.537,44.152,43.497,43.605,3446,0
20140509,43.21,43.728,43.21,43.675,19285,0
20140512,44.787,45.16,44.787,45.107,16592,0
20140513,45.085,45.085,44.46,44.489,3716,0
20140514,44.331,44.331,43.458,43.467,15552,0
20140515,42.871,43.07,42.416,42.96,18095,0
20140516,42.663,43.1,42.663,43.1,1926,0
20140519,42.802,43.651,42.802,43.507,2785,0
20140520,43,43,42.504,42.828,5845,0
20140521,42.98,42.994,42.683,42.901,2989,0
20140522,43.06,43.382,43.05,43.382,12999,0
20140523,43.695,43.964,43.665,43.964,3515,0
20140527,44.351,44.801,44.122,44.619,84449,0
20140528,44.441,44.451,44.291,44.421,8133,0
20140529,44.394,44.421,44.207,44.251,3700,0
20140530,44.371,44.371,44.026,44.122,9550,0
20140602,44.102,44.102,43.626,43.961,4396,0
20140603,43.814,43.824,43.428,43.754,6658,0
20140604,43.656,43.914,43.656,43.844,8327,0
20140605,43.954,44.886,43.954,44.831,4564,0
20140606,44.986,45.552,44.986,45.552,8571,0
20140609,45.661,46.157,45.661,46.057,6377,0
20140610,46.067,46.067,45.7,45.929,3626,0
20140611,45.759,45.759,45.425,45.425,10466,0
20140612,45.115,45.22,44.916,44.917,5421,0
20140613,44.767,45.195,44.767,45.005,5251,0
20140616,44.846,44.846,44.629,44.749,6307,0
20140617,45.015,45.065,44.906,44.936,22036,0
20140618,44.797,45.085,44.609,45.075,10377,0
20140619,45.025,45.187,44.926,45.187,3660,0
20140620,45.119,45.328,45.119,45.229,7187,0
20140623,45.159,45.159,44.891,45.067,6718,0
20140624,45.001,45.458,45.001,45.024,2849,0
20140625,44.671,45.008,44.582,45.008,11456,0
20140626,44.688,44.96,44.688,44.87,3300,0
20140627,44.393,45.158,44.393,44.93,2203,0
20140630,44.989,45.418,44.989,45.388,3597,0
20140701,45.408,46.214,45.408,46.044,5084,0
20140702,45.835,45.835,45.567,45.587,10752,0
20140703,46.008,46.114,45.885,46.114,1524,0
20140707,46.004,46.004,45.5,45.5,1179,0
20140708,44.98,45.089,44.78,44.89,6814,0
20140709,44.966,45.099,44.884,44.9,4101,0
20140710,44.263,44.572,43.656,44.383,4776,0
20140711,44.283,44.293,44.068,44.224,4685,0
20140714,44.572,44.602,44.512,44.522,3475,0
20140715,44.602,44.602,44.363,44.363,1117,0
20140716,44.263,44.582,44.125,44.386,8492,0
20140717,43.993,44.108,43.606,43.616,15178,0
20140718,43.9,44.283,43.9,44.233,5161,0
20140721,43.795,44.094,43.753,44.044,46181,0
20140722,44.532,44.701,44.512,44.592,4106,0
20140723,44.333,44.651,44.333,44.453,1743,0
20140724,44.612,44.612,43.988,44.1,6232,0
20140725,43.915,43.915,43.418,43.458,3739,0
20140728,43.238,43.338,42.89,43.159,3840,0
20140729,43.34,43.34,43.11,43.12,3262,0
20140730,43.089,43.287,42.94,43.287,4083,0
20140731,42.73,42.73,42.004,42.004,12708,0
20140801,41.945,41.945,41.656,41.835,7938,0
20140804,41.905,41.954,41.496,41.954,33167,0
20140805,41.81,42.274,41.775,42.051,12636,0
20140806,42.004,42.343,42.004,42.298,4136,0
20140807,41.984,42.097,41.898,41.954,6037,0
20140808,42.074,42.484,42.064,42.484,7823,0
20140811,42.909,43.248,42.909,43.008,6406,0
20140812,42.9,43.009,42.553,42.651,2269,0
20140813,42.84,43.023,42.78,42.83,11358,0
20140814,42.77,43.069,42.77,43.049,2441,0
20140815,43.331,43.331,42.641,42.965,4903,0
20140818,43.368,43.785,43.368,43.734,2951,0
20140819,44.004,44.074,43.974,44.074,2802,0
20140820,43.735,43.775,43.574,43.674,5011,0
20140821,43.686,43.925,43.398,43.897,10471,0
20140822,43.805,43.925,43.577,43.925,2343,0
20140825,43.935,44.094,43.888,43.895,1518,0
20140826,44.034,44.084,43.945,44.044,3895,0
20140827,44.035,44.035,43.904,43.934,3967,0
20140828,43.596,43.735,43.577,43.577,17992,0
20140829,43.458,43.795,43.458,43.795,5968,0
20140902,43.855,44.224,43.837,44.224,3802,0
20140903,44.304,44.304,44.024,44.144,2729,0
20140904,44.532,44.593,44.214,44.214,3889,0
20140905,44.204,44.303,43.995,44.303,7445,0
20140908,44.43,44.43,44.273,44.365,3884,0
20140909,44.114,44.174,43.872,43.872,6668,0
20140910,43.885,43.937,43.724,43.935,7562,0
20140911,43.955,44.341,43.725,44.214,6463,0
20140912,44.114,44.114,43.775,43.9,21712,0
20140915,43.527,43.706,43.408,43.596,66765,0
20140916,43.547,43.642,43.328,43.596,7449,0
20140917,43.547,43.945,43.547,43.735,9275,0
20140918,43.931,44.015,43.876,43.951,5811,0
20140919,44.315,44.315,43.349,43.51,5465,0
20140922,43.249,43.249,42.911,42.931,1782,0
20140923,42.931,42.931,42.512,42.522,6915,0
20140924,42.592,42.951,42.373,42.751,3938,0
20140925,42.283,42.632,42.004,42.164,8032,0
20140926,42.104,42.263,42.034,42.263,4244,0
20140929,41.984,42.167,41.915,42.014,12599,0
20140930,41.874,42.004,41.586,41.664,31454,0
20141001,41.357,41.357,40.58,40.657,111621,0
20141002,40.679,41.167,40.49,41.078,34010,0
20141003,41.337,41.469,41.287,41.427,8692,0
20141006,41.327,41.327,41.128,41.128,3059,0
20141007,40.56,40.799,40.49,40.52,3463,0
20141008,40.293,40.689,39.951,40.679,27269,0
20141009,41.028,41.028,40.092,40.112,63199,0
20141010,40.381,40.381,39.803,39.845,5354,0
20141013,39.693,40.231,39.644,39.673,12872,0
20141014,39.753,40.738,39.753,40.321,7797,0
20141015,39.793,40.729,38.936,40.729,31317,0
20141016,40.894,41.276,40.351,41.187,14452,0
20141017,41.387,41.536,41.008,41.237,12693,0
20141020,41.169,41.377,41.08,41.357,13450,0
20141021,41.606,42.343,41.606,42.263,9180,0
20141022,42.502,42.652,41.855,41.855,4709,0
20141023,40.829,42.881,40.799,42.572,5214,0
20141024,42.582,42.821,42.373,42.592,5521,0
20141027,42.154,42.343,42.144,42.303,1894,0
20141028,42.941,43.929,42.711,43.929,11031,0
20141029,43.887,44.136,43.459,43.508,4544,0
20141030,43.487,43.985,43.429,43.887,4426,0
20141031,44.504,44.684,44.425,44.684,4856,0
20141103,44.863,44.873,44.555,44.574,5808,0
20141104,44.873,44.873,44.484,44.564,3219,0
20141105,44.743,44.743,44.524,44.613,3280,0
20141106,44.773,44.953,44.644,44.891,4595,0
20141107,44.933,44.933,44.883,44.883,2110,0
20141110,45.052,45.142,44.913,45.097,10588,0
20141111,45.391,45.391,45.042,45.152,5161,0
20141112,45.377,45.491,45.377,45.491,1014,0
20141113,45.55,45.57,45.142,45.142,4074,0
20141114,45.213,45.292,44.943,45.062,5551,0
20141117,44.843,44.963,44.584,44.584,5933,0
20141118,44.913,45.072,44.883,44.883,2324,0
20141119,44.504,44.504,44.154,44.449,1340,0
20141120,44.435,44.843,44.265,44.843,2034,0
20141121,45.351,45.351,44.863,44.913,5500,0
20141124,44.913,45.249,44.913,45.249,1941,0
20141125,45.381,45.73,45.261,45.351,8982,0
20141126,45.207,45.59,45.207,45.341,5037,0
20141128,45.345,45.345,45.072,45.072,2999,0
20141201,44.395,44.644,44.26,44.355,2809,0
20141202,44.465,44.903,44.325,44.599,3270,0
20141203,44.544,45.341,44.544,45.341,3232,0
20141204,45.222,45.222,44.793,45.022,79149,0
20141205,45.012,45.461,45.012,45.461,5978,0
20141208,45.241,45.331,44.544,44.654,4050,0
20141209,44.216,45.273,43.847,45.271,114035,0
20141210,44.843,44.883,44.315,44.455,1664,0
20141211,44.614,44.923,44.614,44.863,3458,0
20141212,43.757,43.817,43.419,43.419,16664,0
20141215,43.678,43.678,43.21,43.299,7391,0
20141216,43.279,43.668,43.269,43.269,2693,0
20141217,43.439,44.146,43.11,44.146,15129,0
20141218,44.963,44.963,44.345,44.853,3352,0
20141219,44.568,44.986,44.568,44.88,2482,0
20141222,45.02,45.45,45.01,45.45,8212,0
20141223,45.55,46.04,45.54,45.979,12064,0
20141224,46.2,46.2,46.02,46.13,1923,0
20141226,46.38,46.6,46.38,46.6,2958,0
20141229,46.64,46.75,46.6,46.64,6231,0
20141230,46.7,46.7,46.51,46.593,1879,0
20141231,46.389,46.804,46.389,46.688,1862,0
20150102,46.55,46.55,45.113,45.174,6623,0
20150105,45.55,45.55,44.47,44.47,20731,0
20150106,44.69,44.69,43.461,43.81,24814,0
20150107,44.81,44.81,43.6,43.67,8976,0
20150108,44.466,44.69,44.44,44.646,39040,0
20150109,44.57,44.57,44.3,44.36,39542,0
20150112,43.521,44.12,43.521,43.775,10172,0
20150113,44.42,44.91,43.8,44.14,3741,0
20150114,44.172,44.172,43.63,44.007,4031,0
20150115,43.73,43.941,43.3,43.55,2397,0
20150116,43.35,43.58,43.34,43.553,3454,0
