Date,Open,High,Low,Close,Volume,OpenInt
20100823,20.544,20.544,20.372,20.372,974,0
20100824,20.372,20.886,20.372,20.886,2513,0
20100825,20.372,20.416,20.245,20.245,3037,0
20100826,20.519,20.534,20.252,20.534,3292,0
20100827,20.33,20.707,20.245,20.252,887,0
20100831,20.562,20.562,20.45,20.45,548,0
20100901,20.544,20.741,20.141,20.741,1518,0
20100902,20.544,20.544,20.544,20.544,236,0
20100903,20.544,20.544,20.544,20.544,469,0
20100907,20.792,21.015,20.792,20.956,1111,0
20100909,20.33,20.33,20.33,20.33,351,0
20100913,20.972,21.143,20.408,20.929,1210,0
20100914,20.972,20.972,20.493,20.553,1636,0
20100915,20.544,20.562,20.381,20.527,8896,0
20100916,20.801,21.134,20.759,21.057,2762,0
20100917,20.553,21.057,20.297,21.057,6850,0
20100920,20.972,21.057,20.972,21.057,2569,0
20100921,20.587,20.826,20.544,20.544,4555,0
20100922,21.109,21.109,20.801,20.801,6042,0
20100923,20.587,21.057,20.553,20.562,5407,0
20100924,20.604,20.801,20.604,20.801,351,0
20100927,20.835,20.835,20.801,20.801,607,0
20100928,20.759,20.759,20.741,20.741,2236,0
20100929,20.998,21.023,20.483,20.553,2397,0
20100930,20.946,21.134,20.946,21.134,7952,0
20101001,21.1,21.1,21.1,21.1,612,0
20101004,21.067,21.067,21.067,21.067,236,0
20101005,21.023,21.134,21.023,21.134,4236,0
20101007,21.032,21.1,21.032,21.1,883,0
20101008,21.075,21.1,20.673,20.673,3271,0
20101011,20.638,20.638,20.638,20.638,236,0
20101012,20.699,21.049,20.699,20.912,438,0
20101013,21.049,21.092,20.715,20.715,3021,0
20101014,20.801,20.801,20.741,20.741,469,0
20101015,20.852,20.929,20.715,20.715,1556,0
20101018,20.715,21.1,20.638,20.638,3271,0
20101019,20.664,20.664,20.63,20.63,1752,0
20101020,20.553,20.904,20.303,20.673,3954,0
20101021,20.312,20.904,20.312,20.372,1403,0
20101022,20.87,20.886,20.493,20.562,2921,0
20101025,20.904,20.929,20.502,20.878,2686,0
20101026,20.57,20.895,20.357,20.534,1518,0
20101028,20.861,20.956,20.861,20.956,1557,0
20101029,20.904,20.921,20.878,20.886,1518,0
20101101,20.87,20.972,20.715,20.929,2921,0
20101102,20.57,21.057,20.57,21.057,4223,0
20101103,21.057,21.092,20.638,21.092,1752,0
20101104,21.092,21.092,21.023,21.057,1777,0
20101105,21.075,21.1,20.826,21.1,2338,0
20101108,21.1,21.134,21.075,21.134,3914,0
20101109,21.109,21.134,20.844,21.126,3388,0
20101110,21.126,21.143,21.092,21.143,2513,0
20101111,21.143,21.143,20.852,20.861,3416,0
20101112,20.886,21.092,20.886,21.007,351,0
20101115,21.092,21.143,20.886,21.143,2132,0
20101116,21.1,21.143,21.041,21.143,3238,0
20101117,21.1,21.143,21.015,21.143,1548,0
20101118,20.946,21.143,20.938,21.143,2757,0
20101119,21.118,21.118,20.981,20.981,642,0
20101122,20.989,20.989,20.929,20.929,1345,0
20101123,20.963,20.963,20.929,20.929,1052,0
20101124,21.143,21.143,21.143,21.143,141,0
20101129,21.126,21.143,20.929,21.143,3292,0
20101130,21.143,21.143,20.844,20.852,2902,0
20101201,20.852,21.023,20.844,21.023,974,0
20101202,20.595,20.886,20.595,20.886,768,0
20101203,20.647,20.647,20.63,20.63,363,0
20101206,20.87,20.886,20.87,20.886,4672,0
20101207,21.1,21.143,20.886,21.143,3341,0
20101208,21.143,21.143,21.143,21.143,584,0
20101209,20.595,20.595,20.595,20.595,351,0
20101210,21.1,21.143,21.1,21.143,351,0
20101213,21.143,21.281,20.57,20.613,1052,0
20101214,21.221,21.245,21.221,21.23,817,0
20101215,21.17,21.186,20.613,21.015,2039,0
20101216,21.143,21.143,21.118,21.143,2004,0
20101220,20.664,20.886,20.664,20.886,351,0
20101221,21.1,21.134,20.699,21.134,3038,0
20101222,20.733,20.733,20.733,20.733,292,0
20101227,20.784,21.057,20.741,21.057,993,0
20101228,21.1,21.1,20.766,20.766,909,0
20101229,20.766,20.766,20.544,20.733,3426,0
20101230,20.544,20.544,20.544,20.544,123,0
20110103,20.87,20.87,20.861,20.861,351,0
20110104,20.844,20.844,20.844,20.844,346,0
20110105,20.956,20.972,20.553,20.972,3662,0
20110106,21.178,21.23,20.604,20.972,2103,0
20110110,20.647,20.929,20.638,20.638,469,0
20110111,20.673,20.689,20.544,20.544,2599,0
20110112,20.75,20.75,20.75,20.75,247,0
20110113,20.604,20.75,20.595,20.724,1510,0
20110114,20.759,20.904,20.621,20.647,2423,0
20110118,20.929,20.929,20.519,20.519,413,0
20110119,21.23,21.23,20.912,20.956,1254,0
20110120,21.134,21.186,20.699,21.186,3007,0
20110121,20.63,21.194,20.63,21.186,1202,0
20110124,20.801,20.801,20.51,20.553,5071,0
20110125,20.562,20.587,20.553,20.578,655,0
20110126,20.929,20.963,20.929,20.963,236,0
20110127,20.895,20.904,20.895,20.904,612,0
20110128,20.801,20.912,20.801,20.801,4444,0
20110201,20.904,21.049,20.673,20.673,1399,0
20110203,20.647,20.673,20.647,20.673,1403,0
20110204,20.673,21.134,20.673,20.938,2921,0
20110207,20.699,21.1,20.699,21.092,2103,0
20110209,20.904,21.083,20.904,21.083,351,0
20110210,21.1,21.1,21.1,21.1,305,0
20110211,21.083,21.1,21.083,21.1,817,0
20110214,20.826,21.186,20.818,21.134,1869,0
20110215,20.904,21.143,20.904,21.143,934,0
20110216,20.972,20.972,20.835,20.835,2133,0
20110218,20.878,20.878,20.835,20.844,3025,0
20110223,20.998,21.015,20.989,21.015,1170,0
20110224,21.126,21.17,21.126,21.17,1286,0
20110228,21.16,21.186,21.134,21.186,555,0
20110302,20.946,21.23,20.946,20.998,1798,0
20110303,21.23,21.23,21.203,21.23,1687,0
20110304,21.23,21.23,20.981,20.981,1449,0
20110309,21.015,21.178,20.998,21.178,701,0
20110310,21.186,21.221,20.989,21.221,1052,0
20110311,21.032,21.032,21.032,21.032,351,0
20110314,20.989,21.057,20.989,21.057,701,0
20110315,21.23,21.23,20.63,20.673,3796,0
20110316,21.126,21.126,20.689,20.689,1752,0
20110317,20.724,20.818,20.724,20.818,1518,0
20110318,20.844,21.049,20.741,21.049,2513,0
20110321,20.766,20.989,20.766,20.852,1577,0
20110322,20.766,20.792,20.673,20.673,3271,0
20110324,21.007,21.007,20.852,20.852,725,0
20110325,21.007,21.015,20.707,20.775,3855,0
20110329,20.75,20.801,20.733,20.733,1636,0
20110330,20.724,20.801,20.724,20.801,1985,0
20110331,20.81,20.81,20.81,20.81,584,0
20110401,20.835,20.921,20.733,20.921,934,0
20110404,20.929,21.134,20.912,21.1,1330,0
20110405,21.1,21.1,21.1,21.1,469,0
20110406,20.886,21.092,20.886,21.092,1170,0
20110407,20.972,21.23,20.972,21.23,4555,0
20110408,21.212,21.23,20.989,21.194,3300,0
20110411,21.203,21.4,21.203,21.4,3590,0
20110412,21.435,21.435,21.435,21.435,934,0
20110413,21.477,21.486,20.998,21.041,1636,0
20110414,21.032,21.46,21.015,21.272,2586,0
20110415,20.998,21.529,20.998,21.305,820,0
20110419,21.854,21.854,20.989,20.989,1445,0
20110421,21.332,21.546,21.332,21.4,934,0
20110425,21.4,21.4,21.314,21.314,469,0
20110427,21.4,21.4,21.4,21.4,584,0
20110428,21.4,21.4,21.357,21.357,3626,0
20110429,21.4,21.4,21.357,21.357,4123,0
20110502,21.4,21.52,21.357,21.392,1883,0
20110503,21.075,21.075,20.972,20.972,2433,0
20110504,20.972,21.221,20.972,21.083,934,0
20110505,21.194,21.194,21.194,21.194,118,0
20110506,21.23,21.23,21.015,21.015,3208,0
20110509,21.032,21.118,20.989,21.075,4309,0
20110510,21.23,21.23,20.981,20.989,2072,0
20110511,20.972,21.17,20.972,21.17,1636,0
20110512,21.221,21.221,21.109,21.221,2674,0
20110517,21.067,21.614,21.067,21.152,2516,0
20110518,21.237,21.272,21.237,21.272,817,0
20110520,21.4,21.435,21.4,21.435,1170,0
20110523,21.597,21.606,21.281,21.4,5944,0
20110524,21.4,21.571,21.272,21.272,2197,0
20110525,21.314,21.408,21.254,21.254,740,0
20110531,21.4,21.546,21.254,21.314,3620,0
20110601,21.254,21.332,21.254,21.332,351,0
20110602,21.245,21.245,21.23,21.23,450,0
20110603,21.237,21.314,21.221,21.221,1790,0
20110606,21.212,21.305,21.203,21.305,1752,0
20110607,21.221,21.254,21.203,21.203,1170,0
20110608,21.203,21.245,21.203,21.203,351,0
20110609,21.203,21.203,21.203,21.203,496,0
20110613,21.348,21.348,21.194,21.194,4411,0
20110614,21.288,21.288,21.288,21.288,753,0
20110615,21.288,21.324,21.288,21.288,504,0
20110616,21.263,21.314,21.237,21.237,3224,0
20110617,21.375,21.468,21.375,21.426,1052,0
20110620,21.288,21.606,21.288,21.606,2338,0
20110621,21.288,21.288,21.254,21.254,934,0
20110622,21.555,21.555,21.555,21.555,1548,0
20110623,21.546,21.546,21.416,21.416,701,0
20110624,21.666,21.666,21.324,21.486,3376,0
20110628,21.134,21.443,21.109,21.118,3554,0
20110630,21.4,21.4,21.186,21.348,1653,0
20110705,21.212,21.212,21.212,21.212,118,0
20110706,21.237,21.392,21.212,21.212,2203,0
20110708,21.212,21.237,21.212,21.212,351,0
20110712,21.263,21.263,21.263,21.263,118,0
20110713,21.254,21.477,21.254,21.477,1985,0
20110715,21.477,21.477,21.194,21.4,2675,0
20110718,21.4,21.4,21.186,21.186,2921,0
20110719,21.451,21.46,21.451,21.46,584,0
20110721,21.357,21.392,21.357,21.392,5491,0
20110722,21.4,21.477,21.314,21.324,2921,0
20110725,21.408,21.408,21.194,21.194,2032,0
20110726,21.392,21.46,21.212,21.212,1404,0
20110727,21.288,21.288,21.272,21.272,2037,0
20110729,21.46,21.468,21.281,21.281,958,0
20110801,21.281,21.468,21.272,21.468,1935,0
20110802,21.23,21.435,21.221,21.245,934,0
20110803,21.451,21.588,21.451,21.588,1518,0
20110804,21.314,21.314,21.23,21.237,1121,0
20110805,21.254,21.272,20.972,21.015,6275,0
20110808,21.332,21.375,20.818,21.186,7427,0
20110809,21.16,21.16,20.818,21.143,7202,0
20110810,21.23,21.4,20.835,20.835,3814,0
20110811,20.818,20.972,20.818,20.972,1641,0
20110812,21.212,21.23,21.186,21.186,9314,0
20110815,21.126,21.126,20.826,20.826,6134,0
20110816,20.835,21.083,20.835,20.981,2329,0
20110818,20.972,20.981,20.818,20.818,2569,0
20110819,20.759,20.759,20.733,20.741,1754,0
20110823,20.861,21.083,20.861,20.981,3153,0
20110824,20.998,21.083,20.861,21.083,2569,0
20110825,21.083,21.143,21.083,21.143,303,0
20110829,21.186,21.186,21.186,21.186,584,0
20110830,20.886,21.178,20.886,21.178,1170,0
20110901,21.075,21.134,20.861,20.861,2103,0
20110902,20.861,21.178,20.861,20.886,1852,0
20110906,21.365,21.365,21.007,21.007,2611,0
20110907,21.041,21.23,21.041,21.23,410,0
20110908,20.946,20.972,20.895,20.972,6833,0
20110909,20.989,21.057,20.989,21.057,526,0
20110912,21.015,21.015,20.861,20.861,8644,0
20110913,21.075,21.126,20.861,20.861,3212,0
20110915,21.392,21.392,21.288,21.365,1170,0
20110916,21.384,21.4,21.348,21.384,3061,0
20110919,21.23,21.392,21.23,21.23,2569,0
20110921,21.288,21.288,21.288,21.288,118,0
20110922,21.288,21.288,21.272,21.272,5932,0
20110923,21.606,21.606,21.606,21.606,118,0
20110926,21.272,21.588,21.272,21.588,1518,0
20110927,21.555,21.555,21.555,21.555,236,0
20110928,20.938,20.938,20.938,20.938,118,0
20110929,21.126,21.126,21.126,21.126,118,0
20110930,21.057,21.057,21.057,21.057,934,0
20111003,21.152,21.272,21.092,21.272,3341,0
20111004,21.254,21.272,21.254,21.272,1706,0
20111006,21.272,21.272,21.067,21.1,8943,0
20111007,21.1,21.4,21.1,21.1,2439,0
20111011,21.408,21.614,21.375,21.392,1390,0
20111013,21.392,21.392,21.392,21.392,351,0
20111014,21.392,21.392,21.392,21.392,701,0
20111018,21.392,21.392,21.392,21.392,829,0
20111019,21.384,21.384,21.212,21.314,2103,0
20111020,21.375,21.392,21.281,21.297,2103,0
20111021,21.4,21.4,21.221,21.237,1869,0
20111024,21.245,21.4,21.23,21.4,2894,0
20111026,21.4,21.4,21.314,21.4,3850,0
20111027,21.443,21.794,21.4,21.468,4000,0
20111028,21.392,21.392,21.245,21.384,6775,0
20111101,21.245,21.348,21.23,21.23,1345,0
20111102,21.357,21.357,21.341,21.357,3125,0
20111103,21.348,21.357,21.314,21.314,526,0
20111104,21.332,21.357,21.23,21.23,7245,0
20111107,21.314,21.314,21.23,21.314,1100,0
20111108,21.237,21.254,21.237,21.254,236,0
20111109,21.23,21.332,21.23,21.332,469,0
20111110,21.357,21.357,21.237,21.297,2960,0
20111111,21.357,21.357,21.245,21.245,1170,0
20111114,21.305,21.305,21.305,21.305,236,0
20111115,21.237,21.314,21.237,21.305,1299,0
20111116,21.237,21.314,21.194,21.194,8484,0
20111117,21.203,21.384,21.194,21.194,3447,0
20111118,21.392,21.392,21.194,21.194,912,0
20111121,21.194,21.468,21.194,21.194,6694,0
20111122,21.348,21.392,21.272,21.375,1945,0
20111123,21.212,21.221,21.212,21.221,584,0
20111125,21.194,21.194,21.194,21.194,584,0
20111129,21.357,21.357,21.357,21.357,118,0
20111201,21.392,21.743,21.392,21.743,1170,0
20111202,21.384,21.4,21.384,21.4,584,0
20111205,21.4,21.4,21.392,21.4,3573,0
20111209,21.408,21.408,21.4,21.4,1636,0
20111216,21.614,21.743,21.614,21.622,1875,0
20111219,21.46,21.46,21.4,21.416,1869,0
20111220,21.435,21.725,21.435,21.648,584,0
20111221,21.529,21.734,21.529,21.734,731,0
20111222,21.648,21.657,21.614,21.657,3038,0
20111223,21.708,21.743,21.503,21.511,9813,0
20111227,21.486,21.503,21.451,21.503,2663,0
20111228,21.468,21.511,21.468,21.511,351,0
20111229,21.477,21.486,21.203,21.221,2804,0
20111230,21.443,21.443,21.249,21.392,2044,0
20120103,21.392,21.392,21.392,21.392,155,0
20120104,21.314,21.4,21.314,21.4,351,0
20120105,21.348,21.443,21.212,21.221,3467,0
20120106,21.416,21.511,21.4,21.435,1224,0
20120111,21.426,21.443,21.408,21.443,1971,0
20120112,21.46,21.734,21.46,21.588,2879,0
20120117,21.725,21.725,21.683,21.683,864,0
20120118,21.537,21.546,21.537,21.546,586,0
20120120,21.666,21.666,21.666,21.666,118,0
20120123,21.657,21.657,21.657,21.657,584,0
20120124,21.58,21.58,21.529,21.529,1364,0
20120125,21.529,21.529,21.529,21.529,2220,0
20120126,21.537,21.897,21.529,21.555,4012,0
20120127,21.879,21.879,21.562,21.614,3990,0
20120130,21.632,21.657,21.614,21.614,1138,0
20120131,21.614,21.845,21.58,21.845,1985,0
20120201,21.828,21.828,21.588,21.614,5487,0
20120206,21.666,21.666,21.657,21.657,1752,0
20120208,21.673,21.673,21.673,21.673,236,0
20120209,21.725,21.803,21.725,21.794,1985,0
20120210,21.803,21.828,21.7,21.7,2684,0
20120213,21.64,21.64,21.64,21.64,310,0
20120214,21.734,21.828,21.734,21.828,1609,0
20120215,21.819,21.819,21.648,21.666,1260,0
20120216,21.828,21.828,21.794,21.819,351,0
20120217,21.666,21.666,21.648,21.648,1518,0
20120222,21.819,21.819,21.666,21.666,805,0
20120224,21.743,21.828,21.743,21.811,1645,0
20120227,21.734,21.743,21.734,21.743,701,0
20120228,22.247,22.247,21.828,21.828,4030,0
20120229,21.768,21.897,21.743,21.743,2454,0
20120302,21.811,21.905,21.734,21.879,2084,0
20120305,22.161,22.161,22.155,22.155,236,0
20120306,21.708,21.708,21.708,21.708,3125,0
20120314,22.333,22.333,22.333,22.333,236,0
20120315,22.341,22.341,21.768,21.828,2771,0
20120316,22.016,22.016,21.828,21.854,584,0
20120319,21.819,21.914,21.777,21.863,2314,0
20120320,21.768,21.845,21.717,21.845,11303,0
20120322,21.725,21.725,21.725,21.725,118,0
20120326,21.811,21.811,21.734,21.734,3038,0
20120327,21.734,22.161,21.725,22.085,1170,0
20120328,21.546,21.546,21.546,21.546,469,0
20120330,21.571,21.571,21.571,21.571,351,0
20120402,21.657,21.657,21.468,21.468,603,0
20120403,21.426,21.426,21.426,21.426,236,0
20120409,21.93,21.965,21.93,21.965,1052,0
20120410,21.93,21.948,21.537,21.537,1600,0
20120412,21.529,21.657,21.495,21.657,2002,0
20120413,21.503,21.503,21.503,21.503,118,0
20120416,21.777,21.777,21.777,21.777,120,0
20120417,21.734,21.734,21.537,21.537,1752,0
20120418,21.768,21.768,21.768,21.768,1170,0
20120419,21.537,21.537,21.537,21.537,177,0
20120420,21.622,21.622,21.622,21.622,118,0
20120423,21.614,21.785,21.546,21.743,2222,0
20120424,21.743,21.743,21.743,21.743,177,0
20120425,21.588,21.588,21.503,21.503,3943,0
20120427,21.7,21.734,21.7,21.734,642,0
20120430,21.777,22.47,21.657,21.657,5842,0
20120501,22.085,22.085,21.614,21.64,4860,0
20120502,21.803,21.803,21.803,21.803,118,0
20120503,21.673,21.683,21.673,21.683,934,0
20120504,21.683,21.683,21.683,21.683,960,0
20120508,21.725,21.725,21.673,21.673,1486,0
20120511,21.614,21.692,21.614,21.657,2804,0
20120514,21.657,21.666,21.657,21.666,934,0
20120515,21.692,21.743,21.666,21.743,1210,0
20120516,21.974,22.068,21.974,22.051,1518,0
20120521,21.683,21.683,21.657,21.657,2811,0
20120522,21.673,22.051,21.666,21.854,934,0
20120523,21.657,21.657,21.657,21.657,1052,0
20120525,21.692,21.692,21.673,21.673,1170,0
20120530,21.673,21.7,21.666,21.666,2220,0
20120531,21.673,21.683,21.673,21.683,584,0
20120601,21.673,21.743,21.666,21.743,1286,0
20120604,21.657,21.657,21.657,21.657,331,0
20120605,21.673,21.683,21.673,21.673,759,0
20120612,21.725,21.725,21.7,21.7,2745,0
20120613,21.743,21.743,21.743,21.743,2454,0
20120614,21.785,21.785,21.785,21.785,764,0
20120615,21.777,21.785,21.768,21.768,2025,0
20120618,21.768,21.965,21.708,21.965,8921,0
20120619,21.785,21.785,21.683,21.683,6159,0
20120620,21.734,21.734,21.708,21.717,701,0
20120622,21.708,21.708,21.708,21.708,2921,0
20120625,21.828,21.828,21.785,21.785,701,0
20120626,21.905,21.914,21.897,21.914,1518,0
20120629,21.546,21.546,21.546,21.546,118,0
20120703,21.657,21.657,21.657,21.657,469,0
20120705,21.7,21.811,21.7,21.759,4439,0
20120706,21.759,21.759,21.759,21.759,351,0
20120710,21.657,21.863,21.495,21.52,1582,0
20120711,21.571,21.58,21.562,21.571,875,0
20120712,21.622,21.64,21.622,21.622,2220,0
20120713,21.606,21.606,21.571,21.571,577,0
20120716,21.803,21.803,21.803,21.803,118,0
20120717,21.673,21.673,21.673,21.673,351,0
20120718,21.666,21.673,21.58,21.597,2861,0
20120719,21.897,22.298,21.819,22.119,6113,0
20120720,21.734,21.734,21.734,21.734,236,0
20120724,21.717,21.717,21.708,21.708,351,0
20120725,21.879,22.136,21.879,22.136,351,0
20120726,22.179,22.179,22.042,22.042,2537,0
20120727,22.11,22.11,21.692,21.7,3181,0
20120730,21.692,21.692,21.657,21.657,2338,0
20120731,21.695,21.828,21.636,21.64,3473,0
20120801,21.64,21.64,21.614,21.64,1403,0
20120802,21.985,21.985,21.666,21.666,496,0
20120803,21.64,21.64,21.64,21.64,119,0
20120806,21.7,21.999,21.7,21.999,584,0
20120807,21.93,21.974,21.93,21.974,236,0
20120808,21.717,21.717,21.717,21.717,236,0
20120809,21.803,21.917,21.803,21.917,1313,0
20120810,21.983,21.999,21.983,21.999,789,0
20120813,21.999,21.999,21.999,21.999,351,0
20120815,21.956,22.102,21.956,22.102,811,0
20120816,21.836,21.836,21.836,21.836,292,0
20120820,21.854,22.09,21.614,21.614,9784,0
20120821,21.743,21.785,21.743,21.785,1052,0
20120822,21.768,21.768,21.725,21.725,1297,0
20120823,21.768,21.768,21.683,21.734,1855,0
20120827,21.657,21.657,21.657,21.657,236,0
20120904,21.7,21.946,21.7,21.946,393,0
20120906,21.785,21.785,21.785,21.785,469,0
20120907,21.828,21.828,21.828,21.828,236,0
20120910,21.828,21.828,21.785,21.785,469,0
20120911,21.863,22.119,21.863,22.119,1899,0
20120912,21.785,21.785,21.785,21.785,118,0
20120917,21.785,21.836,21.708,21.828,1518,0
20120921,21.845,21.845,21.836,21.836,469,0
20120925,22.085,22.155,22.085,22.155,1484,0
20120926,21.888,21.939,21.888,21.93,3719,0
20120928,21.692,21.7,21.666,21.7,5548,0
20121001,21.734,21.734,21.717,21.717,2699,0
20121002,21.734,21.734,21.734,21.734,320,0
20121003,21.871,21.871,21.7,21.7,584,0
20121004,21.871,21.878,21.871,21.878,934,0
20121005,21.666,21.666,21.666,21.666,236,0
20121009,21.537,21.666,21.529,21.666,1869,0
20121010,21.666,21.666,21.666,21.666,159,0
20121011,21.666,21.708,21.666,21.708,267,0
20121016,21.673,21.673,21.673,21.673,340,0
20121017,21.673,21.828,21.673,21.828,1403,0
20121018,21.673,21.673,21.673,21.673,1052,0
20121019,21.7,21.7,21.7,21.7,1286,0
20121022,21.708,21.708,21.7,21.7,496,0
20121023,21.7,21.7,21.7,21.7,228,0
20121024,21.7,21.708,21.7,21.7,1985,0
20121025,21.7,21.77,21.7,21.77,236,0
20121031,21.7,21.7,21.7,21.7,236,0
20121102,21.811,21.828,21.811,21.828,987,0
20121105,21.828,22.068,21.828,22.068,1394,0
20121106,21.956,22.155,21.956,22.095,3271,0
20121107,21.828,22.145,21.828,22.025,3678,0
20121108,21.93,22.155,21.93,22.155,4559,0
20121109,22.136,24.147,22.025,22.155,3966,0
20121113,21.983,21.983,21.717,21.717,1427,0
20121115,21.725,22.41,21.717,22.01,3855,0
20121120,22.094,25.68,21.803,21.845,2942,0
20121121,21.897,21.897,21.854,21.854,934,0
20121126,21.803,21.819,21.708,21.708,4952,0
20121127,21.708,21.725,21.708,21.708,1824,0
20121129,21.725,21.725,21.725,21.725,469,0
20121130,21.743,21.743,21.725,21.725,595,0
20121203,21.743,21.785,21.725,21.785,1286,0
20121204,22.025,22.139,21.761,21.845,3234,0
20121205,21.845,22.155,21.708,21.845,2482,0
20121206,22.025,22.154,22.025,22.042,2612,0
20121210,22.11,22.11,22.11,22.11,126,0
20121211,21.759,21.854,21.759,21.854,2385,0
20121212,21.836,21.836,21.836,21.836,351,0
20121214,21.785,21.785,21.768,21.768,815,0
20121217,21.785,22.145,21.785,22.145,1518,0
20121218,21.777,21.777,21.777,21.777,236,0
20121219,21.759,21.768,21.752,21.752,1052,0
20121220,21.768,22.085,21.759,22.085,2310,0
20121221,21.752,21.752,21.752,21.752,1051,0
20121227,22.08,22.08,21.792,21.792,1963,0
20121228,21.905,22.037,21.879,21.888,2986,0
20121231,21.949,21.949,21.949,21.949,136,0
20130102,21.993,21.993,21.993,21.993,232,0
20130103,21.976,21.976,21.818,21.915,2641,0
20130104,21.967,22.071,21.949,22.071,3011,0
20130107,22.071,22.089,21.915,21.915,2948,0
20130109,21.993,22.001,21.993,22.001,3798,0
20130110,22.106,22.106,22.028,22.028,2922,0
20130111,22.159,22.181,22.028,22.064,1285,0
20130114,22.08,22.08,22.08,22.08,232,0
20130115,22.141,22.157,22.08,22.08,925,0
20130116,21.967,22.08,21.863,21.863,7550,0
20130117,21.949,22.053,21.879,22.053,2112,0
20130118,21.915,22.032,21.915,22.032,1384,0
20130122,21.915,22.028,21.915,22.028,1376,0
20130124,21.949,21.949,21.949,21.949,574,0
20130128,21.949,22.028,21.949,22.028,3100,0
20130129,21.967,22.222,21.967,21.993,3932,0
20130130,22.237,22.254,22.237,22.254,334,0
20130131,21.976,22.271,21.976,22.212,1971,0
20130204,22.053,22.053,22.028,22.028,237,0
20130205,22.123,22.123,22.123,22.123,458,0
20130206,22.037,22.212,22.037,22.212,1261,0
20130207,22.08,22.166,22.08,22.114,2324,0
20130208,22.106,22.106,22.099,22.099,574,0
20130211,22.045,22.202,22.045,22.202,2475,0
20130212,22.062,22.237,22.053,22.237,1947,0
20130219,22.218,22.218,22.184,22.193,803,0
20130222,22.15,22.297,22.132,22.261,3789,0
20130225,22.271,22.297,22.271,22.297,232,0
20130226,22.289,22.297,22.222,22.222,797,0
20130227,22.227,22.227,22.212,22.212,1149,0
20130228,22.212,22.239,22.212,22.239,706,0
20130304,22.227,22.227,22.212,22.212,453,0
20130306,22.212,22.329,22.212,22.212,3252,0
20130307,22.212,22.212,22.212,22.212,199,0
20130308,22.332,22.332,22.212,22.227,690,0
20130311,22.341,22.35,22.341,22.35,1376,0
20130314,22.227,22.227,22.227,22.227,145,0
20130315,22.429,22.429,22.429,22.429,1064,0
20130318,22.371,22.523,22.371,22.508,6031,0
20130319,22.515,27.613,22.384,23.082,24882,0
20130320,22.515,22.777,22.472,22.691,5043,0
20130321,22.481,22.481,22.481,22.481,852,0
20130322,22.507,22.777,22.507,22.523,864,0
20130325,22.777,22.777,22.769,22.769,1035,0
20130326,22.861,22.915,22.772,22.853,3699,0
20130328,22.392,23.037,22.392,23.037,11262,0
20130401,22.471,22.905,22.471,22.524,1178,0
20130403,22.596,22.642,22.568,22.642,1355,0
20130404,22.639,22.639,22.596,22.596,922,0
20130410,22.95,22.95,22.684,22.684,1805,0
20130415,22.507,23.118,22.49,22.497,3200,0
20130416,22.568,22.906,22.551,22.906,937,0
20130417,22.817,22.817,22.782,22.782,735,0
20130418,22.613,22.613,22.613,22.613,114,0
20130419,22.728,22.994,22.667,22.95,3932,0
20130422,22.994,23.021,22.888,22.994,5888,0
20130423,22.613,22.773,22.613,22.773,733,0
20130424,22.994,22.994,22.959,22.994,3036,0
20130426,22.649,22.994,22.631,22.984,4514,0
20130429,22.782,22.782,22.772,22.772,4979,0
20130430,22.728,22.728,22.728,22.728,1113,0
20130501,22.817,22.858,22.817,22.858,2257,0
20130502,22.817,22.817,22.817,22.817,2144,0
20130503,22.649,22.959,22.639,22.639,2415,0
20130507,22.763,23.037,22.763,23.037,2482,0
20130508,23.234,23.234,23.012,23.037,2482,0
20130509,22.825,22.838,22.694,22.838,1105,0
20130514,22.968,22.968,22.968,22.968,338,0
20130515,22.746,22.994,22.702,22.72,4207,0
20130517,23.518,23.518,23.518,23.518,132,0
20130520,22.931,23.481,22.931,22.941,448,0
20130521,23.344,23.344,22.906,22.95,3607,0
20130522,22.763,22.79,22.746,22.79,1918,0
20130523,22.746,22.746,22.684,22.684,1580,0
20130524,22.693,22.814,22.684,22.684,1580,0
20130528,22.906,22.906,22.427,22.515,6307,0
20130529,22.515,22.543,22.375,22.383,8561,0
20130530,22.502,22.502,22.502,22.502,114,0
20130531,22.507,22.533,22.507,22.524,752,0
20130603,22.684,22.684,22.507,22.507,1896,0
20130604,22.48,23.031,22.48,22.657,3159,0
20130605,22.507,22.507,22.507,22.507,114,0
20130606,22.596,22.604,22.596,22.596,2154,0
20130607,22.56,22.56,22.507,22.507,677,0
20130610,23.109,23.109,22.552,22.835,2595,0
20130611,22.808,22.808,22.551,22.551,2482,0
20130612,22.808,22.808,22.507,22.507,4366,0
20130613,22.515,22.515,22.471,22.497,2811,0
20130614,23.126,23.127,23.126,23.127,1128,0
20130617,22.878,22.878,22.604,22.613,1437,0
20130618,22.622,22.728,22.586,22.728,6877,0
20130619,22.49,22.551,22.49,22.515,2821,0
20130621,22.551,22.552,22.515,22.515,3149,0
20130625,22.79,22.79,22.639,22.639,1469,0
20130627,22.71,22.71,22.71,22.71,228,0
20130628,23.518,23.518,23.278,23.278,731,0
20130701,22.507,22.507,22.507,22.507,451,0
20130702,22.953,23.116,22.909,22.964,1885,0
20130703,22.909,22.953,22.909,22.953,2428,0
20130705,23.043,23.091,23.043,23.091,666,0
20130708,22.817,22.817,22.62,22.62,1597,0
20130710,22.863,22.863,22.682,22.682,1775,0
20130711,22.863,22.863,22.676,22.693,1239,0
20130715,22.845,22.944,22.773,22.827,4247,0
20130716,22.963,22.963,22.899,22.899,762,0
20130722,22.729,22.729,22.729,22.729,193,0
20130723,22.756,22.816,22.755,22.791,1663,0
20130725,22.791,22.791,22.791,22.791,554,0
20130726,22.674,22.728,22.674,22.728,3770,0
20130729,22.728,22.728,22.637,22.692,9928,0
20130730,22.692,22.926,22.692,22.917,1885,0
20130731,22.926,22.926,22.863,22.863,777,0
20130801,22.926,22.926,22.904,22.917,843,0
20130805,22.909,22.909,22.909,22.909,387,0
20130806,22.909,22.909,22.817,22.893,1231,0
20130807,22.817,22.909,22.773,22.832,3992,0
20130808,22.886,22.886,22.886,22.886,442,0
20130812,22.895,22.895,22.774,22.869,564,0
20130813,22.823,22.909,22.823,22.909,1000,0
20130814,22.917,22.989,22.917,22.989,483,0
20130815,22.863,22.863,22.773,22.817,7262,0
20130816,22.827,22.827,22.728,22.728,693,0
20130819,22.737,22.737,22.737,22.737,567,0
20130820,22.972,22.972,22.728,22.728,2329,0
20130822,22.817,22.817,22.692,22.692,832,0
20130823,22.89,22.89,22.89,22.89,112,0
20130826,22.883,22.883,22.864,22.864,799,0
20130827,22.863,22.863,22.863,22.863,332,0
20130828,22.891,22.891,22.863,22.872,1441,0
20130829,22.872,22.872,22.872,22.872,112,0
20130830,23.388,23.388,23.278,23.278,981,0
20130903,22.872,22.917,22.872,22.917,1220,0
20130905,22.972,22.98,22.909,22.917,7279,0
20130909,22.909,22.916,22.909,22.91,998,0
20130910,22.998,22.998,22.998,22.998,879,0
20130912,22.953,23.062,22.953,23.062,4066,0
20130916,22.926,22.953,22.926,22.953,1110,0
20130917,23.061,23.061,23.061,23.061,652,0
20130918,22.909,22.926,22.909,22.917,666,0
20130920,22.909,22.909,22.909,22.909,112,0
20130924,23.035,23.035,23.035,23.035,442,0
20130925,22.98,23.26,22.98,22.998,3548,0
20130926,23.453,23.453,23.178,23.178,1090,0
20130930,23.93,23.93,23.93,23.93,435,0
20131001,23.535,23.6,23.407,23.407,3595,0
20131002,23.187,23.498,23.187,23.498,435,0
20131003,23.049,23.049,23.049,23.049,220,0
20131004,23.407,23.407,23.132,23.142,2941,0
20131008,23.087,23.527,23.087,23.527,1417,0
20131010,23.113,23.113,23.094,23.103,655,0
20131011,23.103,23.113,23.103,23.113,220,0
20131014,23.463,23.463,23.407,23.407,981,0
20131015,23.518,23.518,23.518,23.518,220,0
20131016,23.278,23.278,23.168,23.178,1634,0
20131017,23.407,23.407,23.223,23.223,2778,0
20131021,23.187,23.307,23.187,23.261,326,0
20131022,23.178,23.472,23.178,23.472,1742,0
20131023,23.453,23.453,23.288,23.288,326,0
20131025,23.518,23.518,23.518,23.518,110,0
20131028,23.252,23.545,23.252,23.252,655,0
20131029,23.242,23.242,23.242,23.242,220,0
20131030,23.297,23.297,23.297,23.297,220,0
20131031,23.307,23.407,23.307,23.407,3668,0
20131101,23.343,23.37,23.343,23.37,1090,0
20131105,23.498,23.498,23.498,23.498,220,0
20131106,23.535,23.894,23.261,23.261,1852,0
20131107,23.59,23.59,23.252,23.252,655,0
20131111,23.252,23.435,23.252,23.435,326,0
20131112,23.307,23.307,23.307,23.307,220,0
20131113,23.252,23.443,23.252,23.443,545,0
20131114,23.435,23.435,23.352,23.352,655,0
20131115,23.352,23.352,23.297,23.297,545,0
20131118,23.453,23.453,23.407,23.407,220,0
20131119,23.242,23.242,23.233,23.233,1090,0
20131120,23.885,23.885,23.233,23.233,3269,0
20131121,23.453,23.486,23.261,23.261,1090,0
20131122,23.242,23.316,23.242,23.316,981,0
20131125,23.242,23.49,23.242,23.49,1100,0
20131126,23.242,23.242,23.233,23.233,326,0
20131127,23.268,23.268,23.268,23.268,545,0
20131209,23.297,23.307,23.297,23.307,545,0
20131210,23.316,23.316,23.316,23.316,364,0
20131213,23.323,23.323,23.323,23.323,817,0
20131216,23.388,23.388,23.323,23.323,872,0
20131217,23.323,23.388,23.323,23.333,3051,0
20131218,23.323,23.323,23.323,23.323,435,0
20131223,23.197,23.197,23.178,23.18,2398,0
20131224,23.178,23.178,23.087,23.087,1090,0
20131226,23.316,23.316,23.233,23.316,872,0
20131227,23.248,23.463,23.248,23.443,2783,0
20131230,23.35,23.35,23.35,23.35,750,0
20131231,23.36,23.519,23.36,23.519,1392,0
20140102,23.407,23.425,23.407,23.425,645,0
20140106,23.491,23.537,23.443,23.528,1285,0
20140107,23.36,23.528,23.36,23.463,2912,0
20140108,23.491,23.491,23.463,23.463,2283,0
20140109,23.583,23.583,23.583,23.583,1062,0
20140110,23.481,23.482,23.463,23.482,592,0
20140113,23.486,23.567,23.486,23.567,397,0
20140114,23.481,23.583,23.425,23.519,3319,0
20140115,23.583,23.593,23.555,23.593,2249,0
20140116,23.472,23.593,23.472,23.593,428,0
20140117,23.612,23.817,23.612,23.817,5315,0
20140121,23.583,23.583,23.583,23.583,428,0
20140122,23.583,23.751,23.472,23.631,5674,0
20140123,23.677,23.724,23.677,23.724,1392,0
20140124,23.743,23.751,23.724,23.724,1285,0
20140127,23.883,23.883,23.677,23.677,750,0
20140128,23.649,23.649,23.631,23.631,428,0
20140129,23.771,23.771,23.771,23.771,267,0
20140130,23.631,23.631,23.583,23.583,3105,0
20140131,23.705,23.705,23.705,23.705,642,0
20140203,23.631,23.638,23.631,23.638,659,0
20140204,23.639,23.639,23.583,23.583,5601,0
20140205,23.593,23.695,23.593,23.593,214,0
20140206,23.687,23.705,23.686,23.686,3755,0
20140207,23.593,23.694,23.593,23.694,2727,0
20140210,23.612,23.612,23.612,23.612,781,0
20140211,23.683,23.705,23.683,23.705,522,0
20140212,23.583,23.686,23.583,23.686,1150,0
20140214,23.677,23.677,23.621,23.621,1659,0
20140218,23.668,23.668,23.668,23.668,252,0
20140219,23.668,23.705,23.668,23.668,530,0
20140220,23.621,23.621,23.612,23.621,3169,0
20140221,23.704,23.704,23.704,23.704,214,0
20140224,23.604,23.771,23.604,23.771,1762,0
20140225,23.639,23.639,23.639,23.639,108,0
20140226,23.771,23.847,23.771,23.847,483,0
20140227,23.845,23.845,23.845,23.845,298,0
20140228,23.799,23.799,23.799,23.799,428,0
20140303,23.845,23.883,23.845,23.883,1622,0
20140304,23.705,23.892,23.705,23.892,1596,0
20140305,24.397,24.397,24.397,24.397,518,0
20140306,24.425,24.453,24.425,24.425,2998,0
20140307,24.425,24.425,24.425,24.425,590,0
20140311,23.845,24.077,23.817,23.827,2023,0
20140313,23.781,24.066,23.781,24.066,2562,0
20140314,23.79,23.851,23.789,23.82,1497,0
20140319,23.855,23.855,23.808,23.808,685,0
20140320,23.892,23.892,23.892,23.892,224,0
20140321,23.807,23.817,23.771,23.771,2683,0
20140324,23.783,23.981,23.78,23.981,1205,0
20140325,24.005,24.005,23.807,23.807,911,0
20140326,23.863,23.939,23.836,23.911,1820,0
20140327,24.051,24.326,23.823,24.07,46709,0
20140328,23.984,24.298,23.984,24.013,27217,0
20140331,24.041,24.269,24.041,24.098,23448,0
20140401,24.127,24.127,24.032,24.032,2484,0
20140402,24.013,24.022,23.994,24.004,3730,0
20140403,23.965,23.965,23.965,23.965,263,0
20140404,23.965,24.02,23.965,23.994,3469,0
20140408,23.956,24.098,23.947,23.947,2892,0
20140409,24.108,24.108,24.108,24.108,316,0
20140411,23.965,24.079,22.397,23.89,24064,0
20140414,23.759,24.193,23.759,24.114,25246,0
20140415,24.127,24.45,23.927,24.403,7010,0
20140416,24.184,24.754,24.184,24.487,11210,0
20140417,24.374,24.469,24.374,24.469,1116,0
20140422,24.346,24.611,24.146,24.517,4750,0
20140424,24.137,24.387,24.137,24.346,1054,0
20140425,24.137,24.137,24.137,24.137,211,0
20140501,24.242,24.346,24.242,24.346,508,0
20140502,24.422,24.574,24.241,24.241,3924,0
20140507,24.241,24.241,24.241,24.241,421,0
20140509,24.241,24.355,24.241,24.326,794,0
20140512,24.331,24.346,24.331,24.346,368,0
20140514,24.668,24.668,24.326,24.326,3157,0
20140515,24.497,24.497,24.497,24.497,378,0
20140520,24.697,24.764,24.697,24.764,1118,0
20140521,24.621,24.621,24.289,24.289,17785,0
20140522,24.355,24.593,24.355,24.497,12944,0
20140523,24.65,24.65,24.383,24.507,12045,0
20140527,24.393,24.554,24.393,24.517,8915,0
20140528,24.279,24.611,24.051,24.469,20173,0
20140529,24.469,24.697,24.469,24.688,2429,0
20140530,24.621,24.631,24.166,24.412,5108,0
20140602,24.375,24.375,24.375,24.375,400,0
20140603,24.479,24.802,24.412,24.676,8143,0
20140605,24.935,24.935,24.935,24.935,186,0
20140606,24.384,24.536,24.374,24.374,2773,0
20140610,24.544,24.697,24.544,24.65,2210,0
20140611,24.697,24.707,24.65,24.707,3367,0
20140613,24.544,24.564,24.383,24.383,1820,0
20140616,24.355,24.906,24.355,24.735,11383,0
20140617,24.792,24.916,24.431,24.849,12902,0
20140618,24.925,24.925,24.65,24.715,675,0
20140619,24.631,24.707,23.965,24.64,17618,0
20140620,24.422,24.621,24.175,24.611,25870,0
20140623,24.916,25.656,24.544,25.163,36079,0
20140624,25.22,25.22,25.22,25.22,107,0
20140625,25.22,25.22,24.564,24.916,9051,0
20140626,25.319,25.647,24.845,24.845,14118,0
20140627,24.923,25.455,24.923,25.309,11494,0
20140630,25.319,25.531,25.319,25.445,5793,0
20140701,25.193,25.352,25.165,25.352,799,0
20140703,25.135,25.203,25.135,25.203,672,0
20140707,25.135,25.754,24.885,25.367,14118,0
20140708,25.357,25.464,25.135,25.242,16725,0
20140710,25.135,25.319,24.661,24.661,1729,0
20140711,24.719,25.457,24.653,25.457,1975,0
20140714,25.125,25.125,24.681,25.076,3966,0
20140715,25.039,25.299,24.729,25.039,21831,0
20140716,25.077,25.271,24.933,25.029,12143,0
20140717,25.174,25.512,25.039,25.039,2790,0
20140718,25.029,25.03,24.875,24.971,1345,0
20140721,25.087,25.232,25.039,25.039,1895,0
20140722,25.087,25.087,24.807,24.807,310,0
20140723,25.116,25.116,25.116,25.116,291,0
20140724,24.831,24.831,24.831,24.831,206,0
20140725,25.029,25.135,24.903,24.971,3829,0
20140728,25.183,25.183,25.183,25.183,983,0
20140729,24.961,24.961,24.903,24.913,1482,0
20140730,24.808,24.838,24.807,24.838,932,0
20140731,24.963,24.963,24.797,24.797,2856,0
20140801,24.797,24.797,24.797,24.797,243,0
20140804,24.797,24.797,24.644,24.644,1032,0
20140806,24.643,24.646,24.643,24.646,414,0
20140807,24.739,24.739,24.739,24.739,209,0
20140808,24.784,24.784,24.784,24.784,114,0
20140812,24.845,24.885,24.701,24.701,3780,0
20140813,24.653,24.691,24.653,24.691,551,0
20140814,24.701,24.903,24.691,24.903,4625,0
20140815,24.787,25.125,24.787,24.817,10512,0
20140818,25,25.006,24.777,24.777,532,0
20140819,24.913,25.29,24.835,25.29,31244,0
20140820,25.029,25.174,24.845,25.116,5884,0
20140821,24.875,25.145,24.797,24.933,24057,0
20140822,24.691,24.995,24.691,24.711,13885,0
20140825,24.817,25.155,24.817,24.9,18660,0
20140826,24.951,24.961,24.739,24.835,10803,0
20140827,24.807,24.923,24.719,24.852,6205,0
20140828,24.749,24.882,24.749,24.777,4661,0
20140829,24.817,24.826,24.817,24.817,2691,0
20140902,24.823,24.875,24.823,24.875,1418,0
20140903,24.885,25.281,24.817,25.135,17585,0
20140904,25.125,25.329,24.817,25.087,6783,0
20140905,24.961,25.223,24.865,24.875,20278,0
20140908,25.058,25.281,24.893,24.893,5579,0
20140909,24.923,25.116,24.903,24.903,15716,0
20140910,24.933,24.933,24.933,24.933,104,0
20140911,24.863,24.863,24.863,24.863,850,0
20140915,24.845,24.929,24.817,24.817,3378,0
20140916,24.817,24.913,24.565,24.845,16712,0
20140917,24.639,24.875,24.639,24.875,1138,0
20140918,24.719,25.077,24.603,24.681,12089,0
20140919,25.058,25.058,24.701,24.719,1969,0
20140922,24.711,24.738,24.711,24.719,3066,0
20140923,24.835,24.835,24.835,24.835,272,0
20140924,24.923,24.923,24.886,24.886,310,0
20140926,25.216,25.216,24.832,25.118,4603,0
20140929,25.078,25.155,25.068,25.155,3825,0
20140930,25.098,25.167,24.911,25.137,23243,0
20141001,24.921,25.56,24.842,24.96,47033,0
20141002,25.019,25.491,25.009,25.157,27516,0
20141003,25.216,25.462,24.921,25.196,14037,0
20141006,25.059,25.363,25.049,25.186,27309,0
20141007,25.226,25.275,25.226,25.226,5106,0
20141008,25.275,25.275,25.078,25.078,3079,0
20141009,25.029,25.288,24.891,25.068,4572,0
20141010,25.068,25.275,25.068,25.275,974,0
20141013,25.068,25.068,25.068,25.068,203,0
20141014,25.078,25.078,25.078,25.078,203,0
20141015,25.118,25.363,25.118,25.199,777,0
20141020,25.186,25.186,25.186,25.186,102,0
20141022,25.197,25.393,25.197,25.393,814,0
20141028,25.413,25.462,25.413,25.462,448,0
20141029,25.265,25.265,25.216,25.226,2248,0
20141030,25.216,25.244,25.216,25.244,278,0
20141103,25.318,25.452,25.196,25.263,3321,0
20141104,25.218,25.413,25.206,25.218,1735,0
20141106,25.275,25.275,25.216,25.238,576,0
20141107,25.216,25.22,25.216,25.22,478,0
20141110,25.356,25.356,25.216,25.216,466,0
20141111,25.216,25.235,25.216,25.235,629,0
20141112,25.275,25.737,25.157,25.413,20502,0
20141113,25.413,25.481,25.334,25.422,1458,0
20141114,25.314,25.55,25.127,25.413,9672,0
20141117,25.216,25.757,25.196,25.304,7372,0
20141118,25.304,25.619,25.255,25.255,7769,0
20141119,25.265,25.619,25.167,25.206,16994,0
20141120,25.319,25.324,25.319,25.324,244,0
20141124,25.295,25.403,25.236,25.285,8135,0
20141125,25.314,25.462,25.314,25.373,8825,0
20141126,25.393,25.393,25.393,25.393,102,0
20141201,25.285,25.363,25.285,25.314,1756,0
20141202,25.245,25.354,25.245,25.275,2841,0
20141203,25.324,25.599,25.285,25.55,15761,0
20141204,25.167,25.254,25.167,25.254,1170,0
20141205,25.403,25.422,25.403,25.403,1272,0
20141208,25.314,25.56,25.068,25.413,32604,0
20141210,25.413,25.462,25.178,25.187,1984,0
20141215,25.452,25.452,25.255,25.265,3488,0
20141216,25.245,25.324,25.226,25.285,5018,0
20141217,25.196,25.236,25.186,25.196,1661,0
20141218,25.216,25.743,25.216,25.462,20173,0
20141219,25.285,25.413,25.285,25.413,1322,0
20141222,25.295,25.393,25.295,25.393,2238,0
20141223,25.363,25.481,25.265,25.275,9105,0
20141224,25.275,25.413,25.275,25.275,1864,0
20141226,25.295,25.413,25.295,25.413,713,0
20141229,25.5,26.05,25.45,25.95,38549,0
20141230,26.2,26.2,25.329,25.97,1465,0
20141231,25.28,26.02,25.28,25.7,2121,0
20150102,25.52,25.95,25.52,25.89,8686,0
20150105,26.02,26.3,25.5,25.5,26240,0
20150107,25.6,25.76,25.6,25.75,9248,0
20150108,25.86,26.18,25.84,26,18659,0
20150109,26.25,26.25,25.99,26.01,12960,0
20150112,26,26.05,25.95,25.95,5508,0
20150113,26.02,26.14,25.91,25.91,1600,0
20150114,25.903,25.903,25.903,25.903,140,0
20150115,26.12,26.12,26,26,2368,0
20150116,26,26.02,25.98,25.98,2552,0
