Date,Open,High,Low,Close,Volume,OpenInt
20050225,7.0438,7.0438,6.8258,6.8258,7563,0
20050228,6.7292,6.7292,6.7292,6.7292,1012,0
20050301,6.7533,6.7937,6.7533,6.7695,4404,0
20050302,6.5758,6.721,6.471,6.713,1825,0
20050303,6.229,6.6566,6.229,6.5516,3496,0
20050304,6.5353,6.5353,6.4226,6.4226,3214,0
20050307,6.6887,6.6887,6.4469,6.4469,6880,0
20050308,6.4144,6.471,6.3499,6.4144,8411,0
20050309,6.3499,6.5113,6.3499,6.471,865,0
20050310,6.4144,6.4144,6.3499,6.3499,2582,0
20050311,6.4226,6.4952,6.4226,6.4952,983,0
20050315,6.4144,6.4144,6.4144,6.4144,369,0
20050317,6.5032,6.5032,6.2532,6.366,5330,0
20050318,6.3742,6.39,6.2773,6.366,3347,0
20050321,6.366,6.39,6.229,6.229,2488,0
20050322,6.229,6.3419,6.229,6.3419,3716,0
20050323,6.2932,6.3257,6.2932,6.3257,248,0
20050324,6.3579,6.4144,6.2854,6.2932,2481,0
20050328,6.2532,6.39,6.229,6.229,1853,0
20050329,6.39,6.39,6.229,6.3742,1735,0
20050330,6.2532,6.4065,6.2532,6.4065,622,0
20050331,6.2612,6.39,6.2612,6.39,622,0
20050401,6.229,6.4065,6.229,6.4065,345,0
20050405,6.2207,6.4144,6.2207,6.4144,1134,0
20050407,6.2612,6.2612,6.229,6.229,495,0
20050408,6.2207,6.4144,6.2207,6.4144,1914,0
20050411,6.229,6.4871,6.229,6.4871,743,0
20050412,6.471,6.6887,6.229,6.5516,2481,0
20050413,6.5194,6.5194,6.5194,6.5194,128,0
20050414,6.229,6.229,6.229,6.229,622,0
20050415,6.2368,6.3097,6.229,6.3097,1174,0
20050418,6.1643,6.3097,6.1643,6.3097,441,0
20050419,5.9545,6.2207,5.9222,6.2207,369,0
20050420,6.2854,6.3742,6.2854,6.3742,5824,0
20050421,6.4387,6.4952,6.0674,6.4952,2009,0
20050422,6.4952,6.4952,6.2612,6.4952,743,0
20050425,6.4871,6.6887,6.3742,6.6887,10411,0
20050426,6.8179,6.963,6.8179,6.85,7149,0
20050427,6.4387,6.85,6.4387,6.85,1861,0
20050428,6.2612,6.85,6.2612,6.6887,3840,0
20050429,6.6566,6.963,6.6566,6.8097,2230,0
20050502,6.3822,6.6887,6.3822,6.6887,1364,0
20050503,6.6887,6.85,6.6887,6.85,2824,0
20050504,6.85,6.85,6.6887,6.8339,2505,0
20050505,6.6081,6.8421,6.6081,6.8421,2114,0
20050506,6.6887,6.85,6.6887,6.85,622,0
20050509,6.4952,6.85,6.4871,6.6646,3311,0
20050510,6.6646,6.6646,6.4952,6.6646,558,0
20050511,6.4469,6.4469,5.9304,6.39,5081,0
20050512,6.4469,6.4469,6.3822,6.3822,1364,0
20050513,5.4865,6.229,5.4865,5.9143,12177,0
20050516,5.5833,6.2047,5.3655,5.9222,3594,0
20050517,5.906,6.4387,5.906,6.4387,3932,0
20050518,6.4469,6.4469,6.2207,6.4306,1641,0
20050519,6.229,6.4469,6.229,6.4469,2850,0
20050523,5.9143,6.4469,5.7932,6.4469,1116,0
20050524,6.4144,6.4144,6.4144,6.4144,733,0
20050525,5.9787,6.4144,5.9787,6.4144,1116,0
20050526,6.2932,6.3499,6.2932,6.3499,495,0
20050527,5.9384,6.3822,5.9384,6.3822,1116,0
20050531,6.4144,6.4144,6.4144,6.4144,1116,0
20050601,6.3822,6.4469,6.1159,6.4226,2230,0
20050602,6.4469,6.4469,6.4469,6.4469,369,0
20050603,6.471,6.471,6.471,6.471,190,0
20050606,6.5353,6.5353,6.4469,6.5353,3596,0
20050607,6.4469,6.5353,6.4469,6.5353,2327,0
20050608,6.0674,6.5353,6.0674,6.5353,1427,0
20050609,6.5353,6.5353,6.4469,6.5353,1364,0
20050613,6.5353,6.5353,6.2368,6.2368,743,0
20050614,6.5353,6.5353,6.4628,6.5353,3347,0
20050617,6.4469,6.471,6.4469,6.4469,2109,0
20050620,6.2532,6.3257,6.2532,6.3257,324,0
20050621,6.3175,6.4144,6.0755,6.4144,5579,0
20050622,6.229,6.2854,6.229,6.229,520,0
20050624,6.0674,6.2932,6.0674,6.2932,1797,0
20050627,6.2854,6.2854,5.9465,6.2691,2045,0
20050628,6.0674,6.229,6.0674,6.229,743,0
20050629,6.229,6.2854,6.229,6.2854,4335,0
20050630,6.229,6.5353,6.229,6.5353,5277,0
20050705,6.229,6.5353,6.229,6.5353,1921,0
20050707,6.5353,6.5353,6.3175,6.4226,991,0
20050708,5.4865,6.85,5.4865,6.85,8181,0
20050711,6.6646,7.3181,6.6646,7.0276,7306,0
20050712,7.0438,7.1244,6.9712,7.1244,2378,0
20050713,7.1244,8.0604,7.1244,7.5924,9278,0
20050714,7.4715,7.4715,7.173,7.3746,865,0
20050715,7.4068,7.4715,7.3746,7.3746,3073,0
20050719,7.3746,7.3746,7.3746,7.3746,991,0
20050720,7.3746,7.3746,6.9308,7.3746,4213,0
20050721,7.0359,7.3746,7.0359,7.3746,369,0
20050725,6.9308,7.3746,6.9308,7.3746,1801,0
20050726,7.3746,7.3746,7.0679,7.2858,1303,0
20050727,7.4312,7.4312,7.4312,7.4312,128,0
20050728,7.2213,7.3746,7.2213,7.3746,865,0
20050729,7.2213,7.2537,7.2213,7.2213,565,0
20050801,7.1889,7.1889,7.0359,7.1569,2659,0
20050803,6.9469,7.0359,6.9389,7.0359,369,0
20050804,7.0359,7.0359,7.0359,7.0359,1419,0
20050805,6.9308,7.1569,6.9308,7.1569,1116,0
20050808,7.1569,7.1569,7.1569,7.1569,369,0
20050809,7.1569,7.1569,7.1569,7.1569,369,0
20050812,7.0679,7.0679,7.0034,7.0034,2481,0
20050815,6.6566,6.85,6.6566,6.85,495,0
20050817,6.5598,6.8017,6.5598,6.5598,1747,0
20050818,6.9873,6.9873,6.6726,6.6726,558,0
20050819,6.8017,6.8017,6.6887,6.6887,1613,0
20050822,6.8017,6.85,6.8017,6.85,495,0
20050823,6.5516,6.6242,6.5032,6.5032,7700,0
20050824,6.2691,6.471,6.2691,6.471,1367,0
20050825,6.4226,6.4387,6.4226,6.4387,559,0
20050826,6.3579,6.5273,6.3579,6.5273,991,0
20050829,6.5353,6.85,6.3579,6.85,558,0
20050830,6.5839,6.85,6.5839,6.8421,1519,0
20050831,6.4306,6.9712,6.4306,6.9712,381,0
20050901,6.39,6.721,6.3579,6.721,743,0
20050902,6.85,6.963,6.3579,6.963,1076,0
20050906,6.8421,6.8421,6.8421,6.8421,369,0
20050907,6.8421,6.85,6.8421,6.85,622,0
20050908,6.85,6.963,6.6081,6.9389,3002,0
20050909,6.9066,6.9551,6.5839,6.9469,1697,0
20050912,6.5353,6.9227,6.5353,6.85,2294,0
20050913,6.9227,6.9227,6.9227,6.9227,248,0
20050914,6.5353,6.7856,6.471,6.7856,495,0
20050915,6.39,6.39,6.3579,6.39,495,0
20050916,6.3822,6.6484,6.2773,6.6404,2695,0
20050919,6.7937,6.7937,6.7533,6.7533,991,0
20050920,6.7695,6.7695,6.7454,6.7454,248,0
20050921,6.5032,6.5032,6.4144,6.4144,743,0
20050923,6.4144,6.4144,6.4144,6.4144,128,0
20050927,6.3984,6.4144,6.3822,6.3822,743,0
20050928,6.3822,6.4144,6.3822,6.4144,3198,0
20050929,6.3822,6.3822,6.3822,6.3822,369,0
20051004,6.2532,6.2532,6.2368,6.2368,681,0
20051005,6.3175,6.3175,5.9707,6.2047,3171,0
20051006,6.2047,6.245,5.9545,5.9947,3233,0
20051007,6.0674,6.0755,5.9545,6.0755,865,0
20051010,6.2207,6.2207,6.1482,6.1482,248,0
20051012,5.9222,6.0755,5.8902,6.0755,743,0
20051013,6.0916,6.0916,6.0112,6.0112,248,0
20051014,6.0271,6.0271,5.8658,5.9143,865,0
20051017,5.8175,5.8175,5.8175,5.8175,622,0
20051019,5.898,5.898,5.5995,5.5995,9991,0
20051020,5.5672,5.5995,5.3817,5.5107,12284,0
20051021,5.3978,5.7446,5.3817,5.7446,1238,0
20051024,6.0433,6.0433,5.5511,5.6237,1327,0
20051025,5.4461,5.8012,5.4381,5.8012,2242,0
20051026,5.6963,5.7771,5.6237,5.7771,622,0
20051031,5.5189,5.7609,5.5189,5.7609,495,0
20051101,5.6399,5.6963,5.5511,5.6963,369,0
20051102,5.4623,5.7368,5.4623,5.6319,3366,0
20051103,5.9787,6.9389,5.9465,6.8097,50314,0
20051104,6.85,6.8743,6.4548,6.85,8033,0
20051107,6.697,6.697,6.697,6.697,155,0
20051108,6.8258,6.8258,6.8258,6.8258,128,0
20051109,6.721,6.721,6.721,6.721,248,0
20051110,6.2854,6.85,6.2854,6.85,1023,0
20051114,6.8421,6.8421,6.5353,6.8339,4948,0
20051116,6.8421,6.8421,6.7613,6.7613,1364,0
20051117,6.6323,6.6323,6.6323,6.6323,1139,0
20051118,6.5353,6.713,6.5353,6.6887,2353,0
20051121,6.6887,6.6887,6.3097,6.3097,3967,0
20051122,6.5676,6.5676,6.4952,6.4952,2760,0
20051123,6.471,6.471,6.39,6.39,743,0
20051125,6.4952,6.4952,6.4952,6.4952,128,0
20051129,6.471,6.471,6.471,6.471,5357,0
20051130,6.39,6.4548,6.3822,6.4469,5132,0
20051201,6.39,6.39,6.39,6.39,248,0
20051202,6.4469,6.5353,6.4065,6.4065,1620,0
20051205,6.5353,6.6003,6.5353,6.6003,909,0
20051206,6.5353,6.6646,6.3822,6.6646,22347,0
20051207,6.5032,6.5032,6.5032,6.5032,4959,0
20051209,6.4789,6.721,6.4789,6.721,681,0
20051212,6.6323,6.6323,6.6003,6.6003,369,0
20051213,6.6003,6.6003,6.4226,6.471,8799,0
20051214,6.4469,6.6566,6.4469,6.6566,1843,0
20051215,6.5032,6.6484,6.4226,6.4789,2230,0
20051216,6.4144,6.6646,6.2854,6.6646,9664,0
20051219,6.6242,6.6242,6.4548,6.471,3100,0
20051220,6.6003,6.6484,6.3822,6.4952,6697,0
20051221,6.5353,6.6646,6.5353,6.6646,1997,0
20051223,6.2932,6.5516,6.2932,6.5516,520,0
20051227,6.6646,6.6646,6.2773,6.3822,15059,0
20051228,6.3499,6.6484,6.3499,6.6484,5558,0
20051229,6.6566,6.713,6.39,6.713,2953,0
20051230,6.4144,6.4469,6.3822,6.39,2109,0
20060103,6.3175,6.5353,6.3175,6.39,1116,0
20060104,6.4469,6.5194,6.2532,6.39,2481,0
20060105,6.5194,6.5194,6.5194,6.5194,128,0
20060106,6.4871,6.4871,6.471,6.471,248,0
20060109,6.4871,6.5516,6.4871,6.5516,8250,0
20060110,6.6003,6.713,6.6003,6.7049,4718,0
20060111,6.6081,6.6081,6.5676,6.5918,1486,0
20060113,6.6003,6.6003,6.6003,6.6003,248,0
20060117,6.6323,6.6323,6.6323,6.6323,128,0
20060118,6.6887,6.7049,6.6887,6.7049,495,0
20060119,6.6887,6.713,6.6887,6.713,3906,0
20060120,6.6887,6.6887,6.6887,6.6887,9418,0
20060123,6.6887,6.6887,6.6887,6.6887,1261,0
20060124,6.713,6.713,6.713,6.713,248,0
20060125,6.713,6.713,6.713,6.713,128,0
20060127,7.6246,8.4639,7.4715,8.2218,123982,0
20060130,8.2218,8.6817,8.2218,8.2783,19317,0
20060131,8.3428,8.3428,8.1169,8.3268,16817,0
20060201,8.1733,8.246,8.1169,8.1894,18163,0
20060202,8.125,8.2136,7.9715,8.1492,18423,0
20060203,8.1492,8.1492,8.0604,8.1169,15863,0
20060206,8.0282,8.0282,7.0116,7.9715,20154,0
20060207,7.8506,7.891,7.8506,7.8749,7794,0
20060208,7.8021,8.3428,7.8021,8.3428,6419,0
20060209,8.4073,8.8347,8.4073,8.7058,11246,0
20060210,8.5203,8.6494,8.4073,8.6494,2220,0
20060213,8.6494,8.6494,8.5606,8.6252,7157,0
20060214,8.7139,8.7139,8.6252,8.6494,3556,0
20060215,8.4639,8.5849,8.4639,8.5849,495,0
20060216,8.5527,9.2791,8.4476,9.0856,5341,0
20060217,8.7221,8.7462,8.5768,8.6576,6323,0
20060221,8.7948,8.8672,8.3748,8.3748,6069,0
20060222,8.3748,8.3748,8.0524,8.2136,26703,0
20060223,8.3913,8.3993,8.3913,8.3993,1364,0
20060227,8.6494,8.6655,8.4639,8.6494,3349,0
20060228,8.4154,8.5687,8.2783,8.5687,2118,0
20060301,8.1492,8.6817,7.9798,8.3106,5330,0
20060302,8.3428,8.4073,8.3428,8.4073,4590,0
20060303,8.4073,8.4073,8.254,8.2702,913,0
20060306,8.3748,8.3748,8.2057,8.3748,1487,0
20060307,8.2057,8.2057,8.2057,8.2057,869,0
20060308,8.4639,8.4962,8.2136,8.2136,3334,0
20060309,8.246,8.4558,8.246,8.4558,622,0
20060310,8.2136,8.3832,8.2136,8.3832,1116,0
20060313,8.1571,8.3993,7.9715,8.3748,4903,0
20060314,8.3268,8.7058,8.2862,8.7058,2613,0
20060315,8.6171,8.6171,8.3748,8.3748,991,0
20060316,8.246,8.246,8.246,8.246,2481,0
20060317,8.4154,8.4154,8.1894,8.4073,743,0
20060320,8.3428,8.3748,8.3106,8.3106,44650,0
20060321,8.3347,8.3748,8.1653,8.1817,4154,0
20060322,8.1817,8.1817,8.1571,8.1571,1486,0
20060323,8.1817,8.3832,8.1817,8.3832,1984,0
20060324,8.1653,8.6333,8.1653,8.6333,5131,0
20060327,8.3184,8.3184,8.3106,8.3106,2850,0
20060328,8.125,8.3268,8.0282,8.3106,9817,0
20060329,8.0282,8.3993,8.0282,8.3993,6696,0
20060330,8.4073,8.4073,8.2136,8.3993,2729,0
20060331,8.246,8.246,8.1571,8.1571,2354,0
20060403,8.2136,8.3106,8.1653,8.1653,9403,0
20060404,8.1088,8.4558,8.1088,8.4558,867,0
20060405,8.3106,8.3106,8.0928,8.133,15916,0
20060406,8.1411,8.2218,8.133,8.2218,11774,0
20060407,8.1169,8.1976,8.1088,8.1976,1238,0
20060410,8.2218,8.3106,8.2136,8.2702,1472,0
20060411,8.3509,8.3509,8.3106,8.3106,991,0
20060412,8.3184,8.3184,8.2057,8.2783,4312,0
20060413,8.2783,8.4073,8.0765,8.133,2521,0
20060417,8.0524,8.0928,8.0282,8.0928,13509,0
20060418,8.1571,8.3106,8.0928,8.3106,2417,0
20060419,8.2136,8.3106,8.2136,8.3106,1984,0
20060421,8.3428,8.5285,8.2783,8.5285,6887,0
20060424,8.5445,8.5445,8.4073,8.4073,3012,0
20060426,8.4639,8.7139,8.4073,8.5606,33776,0
20060427,7.7054,7.9312,6.85,7.2454,80590,0
20060428,7.2537,7.3746,6.9066,6.9227,8437,0
20060501,6.8824,6.9389,6.5839,6.85,41231,0
20060502,6.8584,6.8584,6.6646,6.8339,5706,0
20060503,6.8339,6.9712,6.721,6.9712,18917,0
20060504,6.9227,7.0359,6.9227,6.9712,3716,0
20060508,6.85,7.0034,6.85,6.9469,4207,0
20060509,6.8987,6.9147,6.8987,6.9147,743,0
20060510,6.9551,6.9551,6.8824,6.9147,1736,0
20060511,6.85,6.8824,6.85,6.8824,2539,0
20060512,7.0359,7.0359,6.963,7.0359,9298,0
20060516,6.8179,6.8421,6.8179,6.8421,248,0
20060517,6.8179,6.8179,6.8097,6.8179,4054,0
20060518,6.7533,6.85,6.6887,6.7292,8462,0
20060519,6.85,7.076,6.6807,6.8258,33095,0
20060522,7.2615,7.2615,6.8258,6.85,2603,0
20060523,7.0034,7.0034,6.7856,6.8824,2971,0
20060524,6.9955,6.9955,6.9955,6.9955,128,0
20060525,6.7049,6.9712,6.7049,6.8421,3346,0
20060526,6.9955,6.9955,6.85,6.85,1984,0
20060530,6.7049,6.85,6.7049,6.85,406,0
20060531,6.9873,6.9955,6.8584,6.963,3109,0
20060601,7.0034,7.0034,6.8258,6.85,29581,0
20060605,6.8179,6.9955,6.8179,6.8179,1816,0
20060606,6.9873,6.9873,6.8179,6.9389,1291,0
20060607,6.9308,6.9712,6.8421,6.8421,6149,0
20060608,6.697,6.85,6.697,6.85,1735,0
20060609,6.963,6.963,6.85,6.85,5579,0
20060612,6.85,6.85,6.6887,6.7856,3100,0
20060613,6.6887,6.9389,6.6887,6.8421,3594,0
20060614,6.7695,6.85,6.7695,6.85,1238,0
20060615,6.7533,6.8421,6.6887,6.721,49845,0
20060616,6.6807,6.7775,6.6404,6.6404,32470,0
20060619,6.7454,6.7695,6.39,6.4952,39507,0
20060620,6.5758,6.5758,6.5758,6.5758,128,0
20060621,6.5032,6.5032,6.5032,6.5032,361,0
20060622,6.5113,6.5113,6.5113,6.5113,248,0
20060628,6.5353,6.9227,6.5353,6.8017,6323,0
20060629,6.8017,6.85,6.5598,6.85,1238,0
20060703,6.7937,6.8179,6.7937,6.8179,248,0
20060705,6.8662,6.9389,6.8662,6.9389,495,0
20060706,6.9389,7.0034,6.9389,7.0034,1522,0
20060707,6.9873,7.0359,6.9873,7.0359,991,0
20060710,6.9712,6.9873,6.9712,6.9712,2068,0
20060711,7.0359,7.0359,6.9873,6.9873,1547,0
20060713,7.0438,7.0438,7.0438,7.0438,128,0
20060714,7.0034,7.0034,6.7454,6.9873,3474,0
20060717,7.0438,7.0438,7.0438,7.0438,991,0
20060718,6.9873,6.9873,6.9873,6.9873,1486,0
20060724,7.0359,7.1326,7.0276,7.076,1861,0
20060726,6.9066,7.076,6.9066,7.076,865,0
20060727,7.5036,8.0362,7.5036,7.9878,15772,0
20060728,8.0443,8.0524,7.9715,8.0524,5014,0
20060731,7.8344,7.8344,7.8344,7.8344,622,0
20060801,7.6892,7.8427,7.5682,7.5682,727,0
20060802,7.657,7.657,7.5924,7.6246,2231,0
20060803,7.8749,8.1817,7.6812,7.7942,8196,0
20060804,7.9556,7.9637,7.9556,7.9637,369,0
20060807,7.9715,7.9715,7.5682,7.7216,1684,0
20060808,7.8344,7.8344,7.5036,7.7538,2668,0
20060814,7.6973,7.7538,7.4796,7.7538,6575,0
20060816,7.7296,7.7296,7.7296,7.7296,622,0
20060817,7.7538,7.7538,7.7538,7.7538,743,0
20060818,7.7538,7.7538,7.5036,7.5682,4128,0
20060821,7.6408,7.9151,7.6408,7.9151,16122,0
20060822,7.8749,7.8828,7.8427,7.8669,1322,0
20060823,7.9798,7.9798,7.9798,7.9798,495,0
20060825,8.0928,8.2218,7.9473,8.1733,6658,0
20060828,8.2702,8.3184,8.0604,8.0928,3689,0
20060829,7.9957,8.1088,7.9957,8.0604,13170,0
20060830,8.1007,8.1571,8.1007,8.1007,14463,0
20060831,8.1571,8.1571,8.0282,8.0282,3597,0
20060901,8.1492,8.1492,8.1492,8.1492,237,0
20060905,8.0443,8.2136,7.9394,8.2136,4818,0
20060906,8.2136,8.2136,8.1169,8.1169,1116,0
20060907,8.1088,8.1088,7.9394,7.9394,1238,0
20060911,8.0282,8.0282,8.0282,8.0282,369,0
20060912,8.0282,8.2136,7.9715,8.2136,1632,0
20060913,8.2136,8.2136,8.1169,8.1169,657,0
20060914,8.1492,8.1571,8.1492,8.1571,322,0
20060915,8.1571,8.1571,7.9637,8.1571,2088,0
20060918,8.0282,8.1492,8.0282,8.1492,1486,0
20060920,8.1571,8.1571,8.0765,8.0765,2576,0
20060921,8.1571,8.5121,8.1571,8.3106,4767,0
20060922,8.2298,8.246,8.2298,8.246,480,0
20060926,8.1894,8.2298,8.1817,8.1817,3192,0
20060927,7.9878,8.2783,7.9878,8.2783,2784,0
20060928,8.246,8.3993,8.246,8.3509,4077,0
20060929,8.3832,8.5527,8.3832,8.5445,2491,0
20061002,8.5606,8.6897,8.254,8.6817,6322,0
20061003,8.7058,8.7058,8.7058,8.7058,128,0
20061004,8.4235,8.5928,8.4235,8.5928,1716,0
20061005,8.6494,8.6494,8.6494,8.6494,128,0
20061006,8.5203,8.6171,8.2621,8.2621,1238,0
20061010,8.6012,8.6012,8.6012,8.6012,311,0
20061012,8.5928,8.5928,8.5928,8.5928,970,0
20061013,8.6897,8.6979,8.6817,8.6979,730,0
20061016,8.7058,8.7058,8.0282,8.2702,3240,0
20061017,8.254,8.3748,8.254,8.3748,1113,0
20061018,8.4073,8.4073,8.4073,8.4073,248,0
20061019,8.6333,8.6333,8.4801,8.5928,4932,0
20061020,8.5606,8.6333,8.3509,8.6333,8388,0
20061023,8.5606,8.5606,8.5606,8.5606,248,0
20061024,8.3428,8.3428,8.3428,8.3428,622,0
20061025,8.6817,8.6817,8.4962,8.5768,865,0
20061026,8.6817,8.6817,8.4879,8.6494,1386,0
20061027,8.4073,8.4879,8.4073,8.4879,495,0
20061030,8.5606,8.5928,8.5606,8.5928,1518,0
20061031,8.5928,8.5928,8.5928,8.5928,311,0
20061102,8.6494,8.6494,8.5849,8.5928,2724,0
20061103,8.6817,8.843,8.4962,8.4962,31686,0
20061106,8.4639,8.5285,8.4073,8.4235,8983,0
20061107,8.3347,8.4639,8.3347,8.3671,5700,0
20061108,8.2702,8.5687,8.2702,8.5687,1861,0
20061109,8.6252,8.6252,8.4801,8.4801,772,0
20061110,8.4717,8.4879,8.4314,8.4314,2230,0
20061113,8.4314,8.5606,8.4314,8.5606,15440,0
20061114,8.5606,8.6494,8.5527,8.6494,1116,0
20061115,8.4962,8.5768,8.4879,8.4962,3471,0
20061117,8.4639,8.4639,8.4314,8.4639,3347,0
20061120,8.4073,8.6252,8.3106,8.4073,6639,0
20061121,8.4073,8.6252,8.3993,8.6252,2975,0
20061128,8.7058,8.8107,8.7058,8.7139,5162,0
20061129,8.8189,8.8347,8.7139,8.8347,2101,0
20061130,8.7382,8.7382,8.7139,8.7139,495,0
20061201,8.7139,8.7139,8.7139,8.7139,248,0
20061204,8.8273,8.8347,8.6494,8.6494,520,0
20061205,8.5527,8.5527,8.5527,8.5527,128,0
20061206,8.7221,8.7221,8.7221,8.7221,868,0
20061207,8.7221,8.7221,8.7139,8.7139,2080,0
20061208,8.8027,8.8027,8.6494,8.6494,1238,0
20061211,8.7624,8.7624,8.7624,8.7624,128,0
20061212,8.8027,8.8672,8.73,8.7702,9133,0
20061214,8.8514,8.8514,8.7702,8.7702,5706,0
20061215,8.7139,8.9393,8.7139,8.7948,8302,0
20061218,8.8672,9.206,8.8672,8.9646,12000,0
20061219,8.7702,9.0609,8.7702,9.0609,8600,0
20061220,8.8189,8.9967,8.7139,8.9967,1984,0
20061221,9.0125,9.0286,9.0125,9.0286,248,0
20061222,9.0286,9.0286,9.0286,9.0286,128,0
20061226,8.9,8.9075,8.9,8.9,2320,0
20061227,8.9,8.9,8.9,8.9,269,0
20061228,8.9,8.9646,8.9,8.9646,2469,0
20061229,8.7139,9.0856,8.7139,9.0856,1508,0
20070103,9.0856,9.335,8.9,9.2544,16953,0
20070104,9.262,9.3123,9.1577,9.2544,5822,0
20070105,9.0856,9.3037,9.0856,9.3037,2603,0
20070108,9.3037,9.335,9.3037,9.3037,3471,0
20070109,9.3037,9.335,9.1984,9.335,12440,0
20070110,8.8514,9.4963,8.8347,9.3749,12890,0
20070111,9.465,9.465,9.3426,9.3426,991,0
20070112,9.3426,9.4963,9.3426,9.4792,1027,0
20070116,9.4166,9.4166,9.1178,9.335,3716,0
20070117,9.2791,9.2791,9.2791,9.2791,1238,0
20070118,9.1984,9.3284,9.1984,9.2383,683,0
20070119,9.2297,9.3284,9.2297,9.3284,1116,0
20070122,9.4498,9.4498,9.2867,9.2867,680,0
20070123,9.2867,9.4963,9.2867,9.4878,7691,0
20070124,9.4963,9.4963,9.4327,9.4327,1291,0
20070125,9.4327,9.4792,9.4327,9.4792,1486,0
20070126,9.65,9.77,9.65,9.738,8682,0
20070129,9.804,10.126,9.738,10.118,26965,0
20070130,10.247,10.247,10.118,10.183,10810,0
20070131,10.271,10.578,10.134,10.578,30181,0
20070201,10.553,10.553,10.472,10.472,3294,0
20070202,9.633,10.167,9.577,9.9,2689,0
20070205,9.868,9.868,9.804,9.804,1921,0
20070206,9.707,9.94,9.4726,9.763,10518,0
20070207,9.691,9.868,9.562,9.562,2638,0
20070208,9.553,9.609,9.553,9.553,1236,0
20070209,10.167,10.167,9.908,10.038,805,0
20070212,10.159,10.159,10.142,10.142,453,0
20070213,10.134,10.151,9.964,10.022,1116,0
20070214,9.955,10.022,9.955,10.022,1238,0
20070215,10.022,10.022,9.804,9.804,2850,0
20070216,9.763,9.763,9.577,9.633,1629,0
20070220,9.553,9.553,9.3834,9.4726,9009,0
20070221,9.989,9.989,9.537,9.683,5292,0
20070222,9.868,9.868,9.77,9.77,248,0
20070223,9.666,9.851,9.666,9.851,793,0
20070227,9.57,9.633,9.4963,9.633,2230,0
20070228,9.9,9.9,9.65,9.65,1481,0
20070301,9.924,9.924,9.804,9.804,2603,0
20070302,9.955,9.955,9.955,9.955,369,0
20070305,9.893,9.933,9.65,9.933,3481,0
20070306,9.949,9.955,9.949,9.955,248,0
20070307,9.835,9.835,9.666,9.666,601,0
20070308,9.835,9.972,9.835,9.972,267,0
20070309,9.747,9.868,9.747,9.868,1116,0
20070313,9.465,10.084,9.465,10.084,33688,0
20070314,10.077,10.077,9.924,9.924,248,0
20070315,10.11,10.11,9.851,9.851,408,0
20070316,9.851,9.908,9.851,9.908,248,0
20070319,10.084,10.084,10.069,10.069,1016,0
20070322,10.343,10.351,10.343,10.351,248,0
20070323,10.489,10.489,10.425,10.44,886,0
20070326,10.393,10.393,10.376,10.376,248,0
20070327,10.376,10.44,10.376,10.44,1980,0
20070328,10.206,10.44,9.933,10.069,9173,0
20070329,9.955,10.151,9.924,9.972,2666,0
20070330,9.876,9.933,9.876,9.908,1312,0
20070402,9.908,9.964,9.908,9.955,1992,0
20070405,9.804,9.804,9.658,9.658,2920,0
20070409,9.795,9.955,9.77,9.955,5546,0
20070410,9.812,9.997,9.804,9.955,9431,0
20070411,9.827,9.955,9.795,9.955,2603,0
20070412,9.804,10.142,9.804,10.142,19605,0
20070413,9.876,10.151,9.876,10.151,4368,0
20070416,10.271,10.271,10.151,10.151,991,0
20070417,13.07,13.07,11.183,11.829,83978,0
20070418,11.975,11.975,11.78,11.942,40583,0
20070419,11.975,12.143,11.521,12.014,23716,0
20070420,12.11,12.426,12.079,12.369,27503,0
20070423,12.451,12.723,12.451,12.723,32133,0
20070424,12.853,13.199,12.828,12.886,37394,0
20070425,12.886,12.949,12.522,12.909,12832,0
20070426,12.949,13.015,12.902,12.949,13611,0
20070427,12.949,13.07,12.918,12.982,34679,0
20070430,12.982,13.07,12.853,13.07,19778,0
20070501,13.07,13.887,12.926,13.821,113647,0
20070502,14.257,15.249,14.128,15.249,121089,0
20070503,14.943,16.185,14.943,16.032,123704,0
20070504,16.388,16.872,16.201,16.411,92299,0
20070507,16.806,16.806,16.25,16.42,37760,0
20070508,16.435,16.718,15.951,16.032,63292,0
20070509,16.13,17.276,16.056,16.806,58395,0
20070510,16.944,16.992,16.064,16.848,64322,0
20070511,17.009,17.121,16.992,17.073,46658,0
20070514,17.057,17.057,16.315,16.556,62842,0
20070515,16.621,18.081,16.605,17.307,125575,0
20070516,17.46,17.476,16.621,17.025,44371,0
20070517,16.822,17.276,16.435,16.798,39733,0
20070518,17.112,17.112,16.363,16.798,24363,0
20070521,17.039,17.315,16.872,16.935,44360,0
20070522,17.025,17.428,16.54,16.919,95629,0
20070523,16.919,17.112,16.54,16.806,20058,0
20070524,16.54,16.54,15.185,15.516,38596,0
20070525,15.104,15.459,14.459,14.514,67817,0
20070529,14.62,14.62,13.879,14.41,58866,0
20070530,14.105,14.128,13.796,13.934,37054,0
20070531,14.121,14.41,13.958,14.29,28630,0
20070601,14.192,14.62,13.909,14.281,22277,0
20070604,14.345,15.951,14.345,15.628,80323,0
20070605,15.814,16.435,15.733,16.04,56137,0
20070606,16.371,16.653,16.064,16.636,59938,0
20070607,15.855,16.388,14.806,14.943,126353,0
20070608,15.104,15.474,14.265,14.345,56732,0
20070611,14.491,14.53,13.403,13.765,86330,0
20070612,14.087,14.338,13.532,13.902,32989,0
20070613,13.66,14.015,13.24,13.515,24049,0
20070614,13.265,13.983,13.103,13.983,27563,0
20070615,13.983,15.088,13.983,14.886,51982,0
20070618,15.354,15.774,15.137,15.758,43958,0
20070619,15.855,17.064,15.855,16.774,40326,0
20070620,17.678,18.38,17.194,17.848,93696,0
20070621,18.452,19.914,18.138,19.695,116706,0
20070622,19.897,21.011,18.211,18.574,249692,0
20070625,18.679,19.517,17.961,18.445,113274,0
20070626,18.452,19.106,17.808,19.002,63580,0
20070627,19.219,19.219,18.38,19.146,25901,0
20070628,19.331,19.331,18.759,18.961,32129,0
20070629,18.816,19.807,18.42,19.413,58052,0
20070702,19.492,20.632,19.492,20.39,60350,0
20070703,20.599,20.672,20.292,20.599,46291,0
20070705,20.752,21.317,20.68,21.237,59563,0
20070706,21.511,22.753,21.066,22.518,87232,0
20070709,23.125,23.705,22.615,23.672,92666,0
20070710,23.672,23.672,21.535,22.14,89143,0
20070711,21.834,21.834,19.543,19.937,139501,0
20070712,19.914,20.066,18.493,18.816,148488,0
20070713,18.953,19.914,18.775,19.388,79922,0
20070716,19.606,21.026,19.606,20.607,109357,0
20070717,20.607,20.761,19.606,20.277,54711,0
20070718,20.244,21.058,19.986,20.663,47881,0
20070719,20.752,22.236,20.752,21.132,49995,0
20070720,21.252,21.906,21.252,21.398,31135,0
20070723,20.526,20.881,19.72,20.115,108678,0
20070724,19.646,20.559,19.526,19.841,39754,0
20070725,20.712,21.179,15.589,18.17,122633,0
20070726,17.371,18.041,16.04,16.395,70434,0
20070727,15.871,15.871,14.548,15.266,78868,0
20070730,15.702,16.501,15.194,16.299,53496,0
20070731,16.653,17.411,16.508,16.855,42140,0
20070801,16.977,16.977,14.935,15.217,72517,0
20070802,15.015,15.903,15.015,15.266,38121,0
20070803,15.161,15.411,14.725,14.725,77789,0
20070806,14.725,14.846,14.168,14.628,47296,0
20070807,14.419,14.419,12.676,13.249,91470,0
20070808,12.651,13.717,12.079,12.305,89919,0
20070809,12.062,13.023,12.062,12.635,102381,0
20070810,12.716,12.886,11.876,12.062,117778,0
20070813,11.869,13.29,11.869,12.385,71784,0
20070814,12.853,13.312,12.062,12.062,33761,0
20070815,12.223,13.136,11.949,12.079,46868,0
20070816,11.876,12.062,10.747,11.707,64674,0
20070817,11.626,13.183,11.626,12.087,35913,0
20070820,11.981,12.465,11.981,12.256,15162,0
20070821,12.216,12.231,11.966,11.966,20224,0
20070822,12.272,13.394,12.102,13.249,36541,0
20070823,13.403,13.596,12.473,12.935,40279,0
20070824,12.935,13.199,12.805,12.902,14278,0
20070827,12.74,13.176,12.451,12.572,44618,0
20070828,12.66,12.805,12.329,12.555,18893,0
20070829,12.538,12.773,12.481,12.579,13175,0
20070830,12.651,12.909,12.36,12.538,9165,0
20070831,12.723,12.974,12.643,12.974,6132,0
20070904,12.982,12.982,12.845,12.974,11685,0
20070905,12.982,13.329,12.942,13.191,22801,0
20070906,12.935,13.329,12.547,12.836,25410,0
20070907,12.723,13.207,12.723,12.878,28696,0
20070910,12.828,13.087,12.594,12.974,21792,0
20070911,13.199,13.588,11.893,13.015,68346,0
20070912,12.401,13.474,12.369,13.465,10567,0
20070913,13.111,13.596,13.111,13.482,8779,0
20070914,13.596,13.781,13.425,13.781,20167,0
20070917,13.636,13.796,13.636,13.757,11060,0
20070918,13.925,14.66,13.925,14.29,20405,0
20070919,14.693,15.459,14.183,14.628,26084,0
20070920,14.756,15.232,14.756,15.112,18940,0
20070921,15.266,15.315,15.088,15.096,51569,0
20070924,15.088,15.137,13.023,14.087,67574,0
20070925,14.015,14.047,12.894,13.329,39561,0
20070926,13.329,14.53,13.265,14.168,33560,0
20070927,14.345,14.781,14.024,14.491,8677,0
20070928,14.29,14.514,14.087,14.394,15427,0
20071001,14.363,14.363,13.523,14.112,24813,0
20071002,14.015,14.112,13.369,13.87,8333,0
20071003,13.741,13.741,13.465,13.571,20543,0
20071004,13.539,14.136,13.474,13.781,22663,0
20071005,13.796,14.136,13.652,13.983,9954,0
20071008,13.781,13.95,13.683,13.879,3850,0
20071009,13.741,13.821,13.708,13.708,17588,0
20071010,13.7,13.925,13.7,13.781,6068,0
20071011,13.596,13.692,13.507,13.588,15110,0
20071012,13.491,13.491,13.103,13.183,13088,0
20071015,13.062,13.111,12.836,13.094,11387,0
20071016,13.032,13.403,12.949,13.394,64829,0
20071017,13.403,13.781,13.282,13.369,9806,0
20071018,13.459,13.692,13.054,13.136,10132,0
20071019,13.032,13.207,12.942,12.974,4937,0
20071022,12.878,13.119,12.828,12.878,11646,0
20071023,12.853,13.07,12.465,12.579,12722,0
20071024,12.481,12.579,12.337,12.473,5162,0
20071025,12.555,13.66,12.322,12.74,2603,0
20071026,12.805,12.805,12.344,12.684,2758,0
20071029,12.748,12.942,12.748,12.902,5843,0
20071030,12.547,12.886,12.344,12.451,11749,0
20071031,12.563,13.216,12.443,13.023,18438,0
20071101,10.343,11.022,10.03,10.787,158763,0
20071102,10.779,11.038,10.545,10.723,12051,0
20071105,10.673,10.673,10.569,10.594,20959,0
20071106,10.335,10.449,10.183,10.343,20713,0
20071107,10.222,10.409,10.191,10.222,11696,0
20071108,10.183,10.214,9.3426,9.537,40851,0
20071109,9.504,9.546,8.8917,9.262,24662,0
20071112,9.2222,9.2222,9.1007,9.1093,17308,0
20071113,9.1093,9.3037,9.1093,9.262,7230,0
20071114,9.3037,9.3995,9.1899,9.335,5677,0
20071115,9.3588,9.57,9.3426,9.4792,39235,0
20071116,9.504,9.868,9.4081,9.57,5727,0
20071119,9.465,10.142,9.1899,9.1899,11102,0
20071120,9.1899,9.262,9.0448,9.1093,8939,0
20071121,8.8347,9.1747,8.4073,8.4154,10664,0
20071123,8.6091,8.6171,8.5121,8.6171,2109,0
20071126,8.5527,8.6012,7.8021,8.359,18739,0
20071127,7.9798,8.4879,7.5682,8.4073,21214,0
20071128,8.4314,9.1823,8.4314,8.9562,9544,0
20071129,9.1577,9.1577,8.6012,9.133,7263,0
20071130,9.1899,9.812,9.1415,9.206,8583,0
20071203,9.1577,9.4498,8.3913,8.6091,10096,0
20071204,8.4398,9.1899,8.4314,9.0372,18839,0
20071205,9.0448,9.0448,8.5768,8.6171,5910,0
20071206,9.0372,9.0372,8.6817,9.0201,6939,0
20071207,9.0448,9.0856,8.7786,8.7948,8522,0
20071210,8.7382,8.7382,8.5768,8.6494,10167,0
20071211,8.73,8.9477,8.6012,8.9477,11775,0
20071212,8.9646,8.9646,8.6979,8.7786,5706,0
20071213,8.6979,8.8757,8.5928,8.6414,5852,0
20071214,8.5364,8.6979,8.5364,8.6012,4340,0
20071217,8.5364,8.8347,8.5364,8.7382,7736,0
20071218,8.73,8.73,8.5364,8.6979,16520,0
20071219,8.9562,8.9562,8.5043,8.5606,30617,0
20071220,8.7462,8.7462,8.4879,8.6897,10325,0
20071221,8.6414,8.7058,8.5121,8.6979,5206,0
20071224,8.7786,8.7786,8.5768,8.7382,3967,0
20071226,8.6576,8.9646,8.5364,8.9646,25177,0
20071227,8.8107,9.1415,8.7948,9.1415,27275,0
20071228,9.262,9.3426,8.6171,9.0372,11597,0
20071231,8.7702,8.9967,8.5687,8.6655,25488,0
20080102,8.6171,9.1007,8.5687,9.1007,29533,0
20080103,9.3588,9.3995,9.2383,9.2952,20815,0
20080104,9.262,9.4166,9.0286,9.3426,8139,0
20080107,9.3426,9.4166,9.1899,9.4166,13454,0
20080108,9.335,9.335,9.1984,9.1984,3347,0
20080109,9.1984,9.3284,9.1984,9.262,6845,0
20080110,9.206,9.4413,9.1984,9.4413,8575,0
20080111,9.4963,9.4963,8.8027,8.8273,9731,0
20080114,8.8917,9.262,8.8917,9.1244,4334,0
20080115,9.1577,9.3426,9.0524,9.0524,5996,0
20080116,9.3588,9.3588,8.7786,8.7867,15693,0
20080117,8.6091,9.3834,8.6012,9.3284,22332,0
20080118,9.3834,9.4166,9.0125,9.4081,13736,0
20080122,9.335,9.335,8.8107,8.9075,9458,0
20080123,8.8273,8.8273,7.8103,8.3347,29402,0
20080124,8.6091,8.8273,8.0687,8.8107,13050,0
20080125,8.7544,9.3426,8.4314,8.9891,22774,0
20080128,8.9646,9.077,8.9233,9.077,5330,0
20080129,9.1093,9.4878,9.0448,9.1899,2975,0
20080130,9.1178,9.4963,9.1178,9.4878,13364,0
20080131,9.2383,9.4963,9.1899,9.2136,9045,0
20080201,9.1007,9.4963,9.1007,9.4963,1834,0
20080204,9.3426,9.465,8.7948,8.9075,21928,0
20080205,8.6979,9.1178,8.6979,9.0372,6024,0
20080206,9.2791,9.3995,9.2791,9.3284,4216,0
20080207,9.3426,9.4327,9.3426,9.3663,1486,0
20080208,9.4413,9.594,9.4166,9.594,4874,0
20080211,9.4413,9.625,9.1984,9.3426,3840,0
20080212,9.4878,9.562,9.4242,9.562,3222,0
20080213,9.521,9.876,9.2705,9.698,8048,0
20080214,10.101,10.101,10.03,10.03,1984,0
20080215,10.054,10.255,9.577,10.013,4374,0
20080219,10.231,10.231,9.812,9.924,3471,0
20080220,10.046,10.231,9.812,9.98,3347,0
20080221,9.788,9.788,9.788,9.788,128,0
20080222,9.722,10.038,9.609,9.609,4240,0
20080225,9.691,10.038,9.3284,9.4413,9896,0
20080226,9.2222,9.955,9.2222,9.3749,1613,0
20080227,9.4878,9.4878,9.2222,9.262,1761,0
20080228,9.262,9.4565,9.262,9.3834,5700,0
20080229,9.4792,9.4792,9.465,9.465,248,0
20080303,9.949,9.949,9.884,9.884,495,0
20080304,9.908,9.908,9.714,9.714,2431,0
20080305,9.633,9.65,9.504,9.57,1984,0
20080306,9.707,9.707,9.2136,9.4726,4587,0
20080307,9.3199,9.4081,9.1415,9.1662,4160,0
20080310,9.2297,9.2867,9.1415,9.1415,6692,0
20080311,9.1899,9.1899,8.9891,9.1415,3840,0
20080312,9.0856,9.1823,8.9967,9.0125,1116,0
20080313,9.0125,9.077,8.9722,9.0694,3347,0
20080314,8.9477,8.9722,8.8189,8.843,991,0
20080317,8.8107,8.9233,7.786,7.9312,11450,0
20080318,8.9318,8.9318,7.9073,8.2298,4086,0
20080319,8.5445,8.5768,7.7942,7.9637,4195,0
20080320,7.8749,8.4558,7.8749,7.9312,1156,0
20080324,8.0524,8.3993,7.9312,8.2298,8730,0
20080325,8.8027,9.0286,8.6091,9.0286,2603,0
20080326,8.8757,8.8757,8.004,8.6494,1096,0
20080327,8.6252,8.6252,8.6252,8.6252,128,0
20080328,8.6576,8.9646,8.3509,8.8514,1422,0
20080331,8.9806,9.0372,8.4235,9.0286,868,0
20080401,8.8107,8.8107,8.246,8.246,2270,0
20080402,8.0847,8.5768,7.9233,8.2783,6328,0
20080403,8.0443,8.4235,7.8506,7.8828,21863,0
20080404,8.2702,8.8027,7.9957,7.9957,1542,0
20080407,8.0362,8.2621,7.891,8.0443,3286,0
20080408,7.9233,8.1088,7.9233,8.1088,1613,0
20080409,7.9312,7.9312,7.786,7.8585,9434,0
20080410,7.9073,7.9151,7.891,7.9151,1116,0
20080411,7.8184,7.9637,7.8184,7.9556,7721,0
20080414,7.9637,8.6494,7.9637,8.6414,743,0
20080416,7.9637,8.2298,7.9556,7.9637,2603,0
20080417,8.3913,8.3913,8.0443,8.0765,3513,0
20080418,8.0687,8.1169,7.9637,8.02,1861,0
20080421,7.9878,8.7382,7.9878,8.0443,1649,0
20080422,7.9957,7.9957,7.9312,7.9715,4587,0
20080423,7.9073,8.0443,7.891,7.891,8433,0
20080424,8.7948,8.7948,8.1007,8.3913,20308,0
20080425,8.5606,8.5768,8.5043,8.5043,1364,0
20080428,8.6252,8.6817,8.6252,8.6817,1427,0
20080429,8.2621,8.6897,8.2298,8.6576,7789,0
20080430,8.8107,8.8189,8.8107,8.8107,2850,0
20080501,8.8107,9.1899,8.8107,9.1899,5297,0
20080502,9.0931,9.1823,9.0856,9.1823,1446,0
20080505,9.0372,9.641,8.7702,9.1984,7806,0
20080506,9.2952,9.553,9.0042,9.553,4995,0
20080507,9.3426,9.65,9.335,9.65,10100,0
20080508,9.65,9.65,9.4166,9.4565,1364,0
20080509,9.3834,9.3995,9.1984,9.3995,3812,0
20080512,9.3749,9.65,9.3749,9.641,2301,0
20080513,9.537,9.641,9.537,9.641,3210,0
20080514,9.641,9.804,9.4242,9.804,2337,0
20080515,9.57,10.069,9.3663,10.069,16934,0
20080516,10.069,10.126,9.893,10.126,1607,0
20080519,10.151,10.151,9.763,9.763,1116,0
20080520,9.876,10.351,9.876,10.222,6222,0
20080521,9.3663,10.11,9.3663,9.949,1454,0
20080522,9.3588,9.77,9.0372,9.4498,10152,0
20080523,9.1984,9.2136,9.1899,9.1899,2850,0
20080527,9.1899,9.2136,9.1899,9.2136,728,0
20080528,9.1899,9.4726,9.1899,9.4726,4080,0
20080529,9.2383,9.2383,9.2297,9.2297,836,0
20080530,9.4792,9.4792,9.1984,9.1984,743,0
20080602,9.3426,9.3426,9.1501,9.1501,4006,0
20080603,9.2952,9.3426,9.2459,9.3037,1892,0
20080604,9.1501,9.3037,9.1501,9.2791,3926,0
20080605,9.2791,9.2791,9.2791,9.2791,1241,0
20080606,9.262,9.262,8.8107,9.1823,3283,0
20080609,9.1899,9.2791,8.8514,9.2297,8015,0
20080610,9.1899,9.2297,9.1823,9.2297,2603,0
20080611,9.1899,9.1899,8.7867,9.0609,3616,0
20080612,8.9646,9.1899,8.6333,8.915,4331,0
20080613,8.6817,8.9233,8.6817,8.915,805,0
20080616,8.8107,9.1899,8.8107,8.8107,1116,0
20080617,8.9318,8.9318,8.5121,8.5445,5355,0
20080618,8.6091,9.1899,8.1653,9.1899,15037,0
20080619,9.1899,9.1899,8.2298,8.3832,9671,0
20080620,8.5121,8.6576,8.5121,8.5849,2984,0
20080623,9.1093,9.1093,8.5849,8.8832,1636,0
20080626,8.843,8.9967,8.843,8.9477,1479,0
20080627,8.9646,9.0286,8.3026,8.3026,3222,0
20080630,8.4154,9.0372,8.4154,8.6171,4127,0
20080701,8.7382,8.7702,8.73,8.73,805,0
20080702,8.7139,8.7139,8.7139,8.7139,369,0
20080703,8.9891,8.9891,8.8757,8.8757,248,0
20080707,8.7139,8.7139,8.7139,8.7139,369,0
20080708,8.8757,8.8757,8.8347,8.8347,1364,0
20080709,8.843,8.843,8.843,8.843,782,0
20080710,8.843,8.9967,8.843,8.9967,883,0
20080711,8.9806,8.9967,8.843,8.843,4321,0
20080714,8.7139,8.7139,8.6979,8.7139,865,0
20080715,8.5527,8.73,8.5527,8.7139,2158,0
20080716,8.238,8.6171,8.1169,8.6171,815,0
20080717,8.5687,9.2791,8.5687,9.2791,16473,0
20080718,8.2136,9.553,8.2136,8.7702,12881,0
20080721,9.1899,9.3663,8.4235,8.5527,8729,0
20080722,8.8832,8.915,8.6171,8.6171,1311,0
20080723,8.7544,8.7544,8.4639,8.6414,2481,0
20080724,8.5364,9.1577,8.4717,9.1577,2688,0
20080725,9.1577,9.4166,8.9646,8.9891,9039,0
20080728,9.1662,9.4878,8.6171,8.6171,6862,0
20080729,8.6012,9.0372,8.6012,8.8107,2404,0
20080730,9.609,9.617,9.1984,9.609,7078,0
20080731,9.65,10.255,9.65,9.955,18427,0
20080801,9.955,10.093,9.609,9.609,5876,0
20080804,9.795,9.9,9.609,9.804,5579,0
20080805,10.038,10.271,9.812,9.972,1178,0
20080806,10.159,10.175,9.804,9.98,2500,0
20080807,9.964,10.142,9.763,9.964,5289,0
20080808,9.666,10.126,9.666,10.013,2371,0
20080811,10.03,10.061,10.005,10.061,2109,0
20080812,9.86,10.03,9.804,9.997,2146,0
20080813,10.134,10.239,10.11,10.159,1396,0
20080814,10.32,10.335,9.843,10.142,2417,0
20080815,10.183,10.183,9.884,10.03,2958,0
20080818,10.288,10.288,10.046,10.142,3221,0
20080819,10.142,10.142,9.98,10.005,2857,0
20080820,10.03,10.03,10.03,10.03,3594,0
20080821,10.03,10.03,9.835,9.835,3118,0
20080822,10.013,10.077,9.876,10.077,10787,0
20080825,10.005,10.005,9.964,9.964,865,0
20080826,9.884,9.884,9.763,9.835,5330,0
20080827,9.843,9.843,9.804,9.804,2391,0
20080828,9.804,10.077,9.763,9.763,2109,0
20080829,9.949,10.077,9.3037,9.835,1672,0
20080902,9.955,9.964,9.955,9.964,248,0
20080903,10.069,10.069,9.94,9.94,128,0
20080904,10.069,10.069,9.529,9.529,1448,0
20080905,9.691,9.691,9.392,9.65,1470,0
20080908,9.577,9.722,9.4963,9.602,6567,0
20080909,9.4413,9.504,9.3834,9.4963,12748,0
20080910,9.57,9.57,9.2791,9.529,717,0
20080911,9.2791,9.2791,9.2791,9.2791,664,0
20080912,10.03,10.077,9.577,9.577,3973,0
20080915,9.594,9.602,9.57,9.57,1613,0
20080916,9.4327,9.4413,9.3426,9.3426,2730,0
20080917,9.4166,9.4963,9.2791,9.2791,4524,0
20080918,9.3512,9.3749,9.2544,9.2791,9091,0
20080919,9.3284,9.504,9.1093,9.4963,8323,0
20080923,10.093,10.101,9.1899,9.955,10782,0
20080924,9.804,9.955,9.65,9.955,1065,0
20080925,9.876,9.876,9.763,9.763,1861,0
20080926,8.8514,10.101,8.5768,10.101,18785,0
20080929,9.908,9.908,8.9967,9.1899,3665,0
20080930,8.9318,9.1899,8.9318,9.1093,10166,0
20081001,9.722,9.722,8.8917,9.1899,3222,0
20081002,9.504,9.57,7.9798,8.4235,19405,0
20081003,9.1899,9.2297,8.8832,8.8832,2230,0
20081006,8.6576,8.7786,7.9798,8.0604,8610,0
20081007,7.7702,8.2862,7.2778,7.9151,14003,0
20081008,7.4632,8.3748,7.4632,8.0765,3637,0
20081009,8.1894,8.1894,6.1482,6.1482,20360,0
20081010,6.5273,7.6651,6.2047,7.0359,24169,0
20081013,6.8987,7.8427,6.8987,7.2537,11715,0
20081014,7.2537,7.5199,7.1244,7.1244,4525,0
20081015,7.1406,7.1971,6.9712,7.084,4207,0
20081016,7.1244,7.2615,6.9147,7.2537,4199,0
20081017,7.1971,7.4312,6.9469,7.4149,4216,0
20081020,7.173,7.4149,7.173,7.2615,2500,0
20081021,7.1811,7.4149,7.1811,7.4149,248,0
20081022,7.423,7.4312,7.423,7.4312,4461,0
20081023,7.4312,7.4391,7.4312,7.4391,3656,0
20081024,7.4391,7.4391,6.9792,7.4149,1238,0
20081027,7.1811,7.1811,6.9955,7.0438,991,0
20081028,7.0516,7.0516,7.0438,7.0438,991,0
20081029,6.9712,6.9712,6.6404,6.6404,2230,0
20081030,6.9066,7.1971,6.9066,7.1971,993,0
20081031,7.6731,9.4166,7.6731,9.1899,26293,0
20081103,9.1899,9.1899,9.0372,9.0372,3068,0
20081104,9.077,9.1501,9.0372,9.0372,4461,0
20081105,9.1899,9.1899,8.0282,8.8832,3347,0
20081107,8.4235,8.6091,8.3509,8.5768,5333,0
20081110,8.8832,8.8832,8.8832,8.8832,128,0
20081111,8.8757,9.0372,8.8757,8.8832,2380,0
20081112,8.8832,8.8832,8.4558,8.4558,2109,0
20081113,8.4398,8.4398,7.8021,8.0443,2353,0
20081114,7.9073,8.0443,7.9073,8.0443,3222,0
20081117,8.0443,8.0443,8.0443,8.0443,248,0
20081118,8.3832,8.4235,8.0765,8.0765,4162,0
20081120,7.6651,7.8103,7.4632,7.4632,8677,0
20081121,7.2778,7.5765,7.2778,7.5036,1613,0
20081124,7.3019,7.9233,7.3019,7.7376,6072,0
20081125,7.6651,7.9637,7.4632,7.7054,7174,0
20081126,7.8989,7.8989,7.8344,7.8585,663,0
20081128,7.7457,7.8103,7.7376,7.8103,622,0
20081201,7.8103,7.8103,7.657,7.657,1127,0
20081202,7.8103,7.8103,7.8021,7.8021,248,0
20081204,7.8103,8.0362,7.4312,7.9798,5074,0
20081208,7.8103,7.891,7.8021,7.8021,3716,0
20081209,7.4391,7.8103,7.4391,7.8103,991,0
20081210,7.7376,7.7702,7.657,7.7702,495,0
20081211,7.657,7.657,7.6489,7.657,1393,0
20081212,7.4632,7.7618,7.4632,7.7618,17162,0
20081215,7.5199,7.7296,7.5036,7.657,4099,0
20081216,7.3504,7.7296,7.3504,7.5036,6884,0
20081217,7.4956,7.7296,7.4956,7.7296,369,0
20081218,7.4715,7.657,7.4715,7.657,248,0
20081219,7.657,7.7376,7.3504,7.3504,2965,0
20081222,7.657,7.7702,7.5439,7.7702,4448,0
20081223,7.657,7.7702,7.4312,7.7618,1835,0
20081224,7.4391,7.7376,7.4312,7.7376,1004,0
20081226,7.423,7.7134,7.423,7.5843,3494,0
20081229,7.6166,7.6166,7.5439,7.6088,1776,0
20081230,7.6651,7.6651,7.4312,7.6088,2201,0
20081231,7.8103,8.0282,7.2858,7.2858,3729,0
20090102,7.9715,7.9715,7.7538,7.7538,1735,0
20090105,7.6731,8.02,7.528,8.0121,1991,0
20090106,8.0362,8.0362,7.9394,7.9394,1807,0
20090107,7.5036,7.9637,7.5036,7.9637,5775,0
20090108,7.657,7.9637,7.657,7.8103,4091,0
20090112,7.9556,8.0443,7.8506,7.8506,6261,0
20090113,7.891,7.891,7.8828,7.891,1452,0
20090114,7.891,8.004,7.891,8.004,386,0
20090115,7.528,8.0362,7.528,8.0362,248,0
20090120,7.891,8.0362,7.891,8.0362,392,0
20090121,8.133,8.133,8.133,8.133,248,0
20090122,8.2218,8.2218,7.6088,8.1571,4980,0
20090123,7.4796,7.5924,6.9712,7.5924,22497,0
20090126,7.2778,8.2136,7.2697,8.1653,8359,0
20090127,8.2136,8.2298,8.0604,8.2298,5326,0
20090128,8.0524,8.0524,7.5682,7.9637,3289,0
20090129,8.1976,8.2298,7.9637,8.2298,5661,0
20090202,7.6005,7.6651,7.6005,7.657,932,0
20090203,7.6088,7.9637,7.4472,7.4472,2826,0
20090204,7.3344,7.5359,7.3261,7.5359,2520,0
20090205,8.0121,8.0121,7.3344,7.4391,1276,0
20090206,7.3504,7.6088,7.3504,7.6088,1319,0
20090209,7.0438,7.2778,7.0276,7.1326,6482,0
20090210,7.0438,7.1003,7.0438,7.1003,1025,0
20090211,7.0438,7.2615,7.0438,7.2615,2175,0
20090212,6.6161,7.2697,6.3822,7.2697,16422,0
20090213,7.1971,7.3422,7.0438,7.2537,3347,0
20090217,6.8662,7.2858,6.8662,7.1971,1735,0
20090218,7.3504,7.3504,6.9712,6.9873,865,0
20090219,6.8179,6.8179,6.8179,6.8179,495,0
20090220,6.8097,6.8097,6.2773,6.3984,7908,0
20090223,6.4306,6.8258,6.4306,6.5113,3016,0
20090224,6.4387,6.4548,6.39,6.39,1975,0
20090226,6.3984,6.3984,6.0755,6.2047,11366,0
20090227,6.3984,6.3984,6.2207,6.3175,1083,0
20090302,6.4306,6.4306,6.0996,6.0996,9079,0
20090303,6.1241,6.3579,6.0996,6.1643,1864,0
20090304,6.0996,6.3175,6.0996,6.3175,851,0
20090305,6.3175,6.3175,5.9465,5.9545,2261,0
20090306,6.2854,6.2932,6.019,6.2932,369,0
20090309,6.3579,6.3579,6.0112,6.3499,2728,0
20090310,6.3822,6.6646,6.3822,6.5113,2185,0
20090311,6.4306,6.4306,6.4306,6.4306,248,0
20090312,6.5353,6.8179,6.5353,6.8179,9904,0
20090316,6.5839,7.084,6.5839,7.084,1338,0
20090317,6.4387,7.076,6.4387,7.076,661,0
20090318,7.084,7.084,7.084,7.084,622,0
20090319,7.084,7.084,6.7372,6.7372,1554,0
20090320,6.9551,7.084,6.9551,7.084,1364,0
20090323,6.6081,6.7049,6.6081,6.7049,1339,0
20090324,6.7049,6.7049,6.5598,6.5598,1025,0
20090326,6.5758,6.5758,6.1563,6.1563,9049,0
20090327,6.3984,6.5839,6.3984,6.4387,3287,0
20090330,6.3984,6.5676,6.1643,6.5676,2027,0
20090331,6.5676,6.5676,6.5676,6.5676,248,0
20090402,6.5032,6.5113,6.5032,6.5113,4627,0
20090403,6.7775,6.7775,6.7775,6.7775,1354,0
20090406,6.7775,7.0438,6.7372,6.7372,1230,0
20090409,7.076,7.076,6.5516,6.5516,1209,0
20090413,7.076,7.2778,7.076,7.1971,7085,0
20090414,6.8743,7.3504,6.8743,7.0438,3488,0
20090415,7.1889,7.1889,7.1889,7.1889,248,0
20090416,7.2296,7.2296,7.1244,7.1244,2688,0
20090417,7.2296,7.4632,7.2296,7.2778,4587,0
20090420,7.2778,7.2778,7.084,7.2778,2044,0
20090422,6.8904,7.0516,6.8904,7.0438,3407,0
20090423,7.4956,7.891,7.3663,7.7376,24907,0
20090424,7.7376,7.9715,7.7216,7.9312,6263,0
20090427,7.9715,8.5768,7.9715,8.5606,7438,0
20090428,8.4235,8.4235,8.1169,8.1169,4525,0
20090429,8.0443,8.1088,7.891,8.0443,7855,0
20090430,8.5285,8.7382,8.2944,8.5043,8173,0
20090501,8.6736,8.6736,8.5121,8.5121,2104,0
20090504,8.2621,8.5043,8.2298,8.5043,4510,0
20090505,8.2298,8.2298,7.7618,7.7618,19453,0
20090506,7.528,8.3993,7.528,8.1088,5491,0
20090507,8.3913,8.3913,8.004,8.004,1847,0
20090508,8.0847,8.4235,8.0847,8.4235,4847,0
20090511,8.5121,8.5928,8.133,8.1411,3446,0
20090512,8.2862,8.2862,8.0524,8.1571,3767,0
20090513,8.1571,8.1571,8.1169,8.1169,3643,0
20090514,8.6091,8.6091,8.4717,8.4717,559,0
20090515,8.0362,8.3509,8.0362,8.3509,1613,0
20090518,8.5606,8.7867,8.5043,8.5203,10852,0
20090519,8.7867,8.9,8.6655,8.73,7033,0
20090520,8.9233,8.9967,8.6171,8.6171,1238,0
20090521,8.6012,9.0125,8.5445,8.5445,5507,0
20090522,9.1415,9.1415,8.73,8.7382,5688,0
20090526,8.7139,8.7221,8.7139,8.7221,820,0
20090527,8.7139,8.73,8.6979,8.7221,7322,0
20090528,8.6655,8.7058,8.3347,8.3347,4809,0
20090529,8.2218,8.3268,8.2218,8.3268,2014,0
20090601,8.3106,8.4235,8.3106,8.4235,2470,0
20090602,8.4801,8.4801,8.3509,8.3993,1301,0
20090603,8.5043,8.73,8.4801,8.5928,40766,0
20090604,8.5768,8.5768,8.5768,8.5768,2359,0
20090605,8.5768,8.5768,8.5768,8.5768,495,0
20090608,8.5768,8.5768,8.4476,8.4476,1984,0
20090609,8.5606,8.5768,8.5606,8.5768,1248,0
20090610,8.7139,8.7139,8.4398,8.4398,7004,0
20090611,8.4717,8.4717,8.4639,8.4639,677,0
20090612,8.4398,8.7139,8.4314,8.6171,3347,0
20090616,8.9722,8.9722,8.5043,8.5043,1613,0
20090617,8.4717,8.4717,8.4314,8.4314,2421,0
20090618,8.4314,8.4314,8.2057,8.2057,1154,0
20090619,8.4154,8.6171,8.4154,8.6171,1008,0
20090622,8.4235,8.6171,8.4235,8.6171,384,0
20090623,8.238,8.4639,8.1894,8.4639,3794,0
20090624,7.8989,8.3993,7.8989,8.3671,3237,0
20090625,8.1976,8.3832,8.1976,8.3832,369,0
20090630,8.2218,8.3832,8.2218,8.2862,743,0
20090701,8.3993,8.4073,8.0687,8.0687,1486,0
20090702,8.6091,8.6171,8.5928,8.6171,1381,0
20090706,8.6576,8.6576,8.1169,8.1169,1599,0
20090707,8.1169,8.6091,8.1169,8.2136,3803,0
20090708,8.359,8.7867,8.1411,8.1976,3716,0
20090709,8.0765,8.1817,8.0765,8.1817,1855,0
20090713,8.2057,8.2298,8.2057,8.2298,865,0
20090715,8.7544,8.7544,8.5364,8.5364,267,0
20090716,8.4717,8.4801,8.2862,8.4801,1984,0
20090717,8.4235,8.4235,8.4235,8.4235,1613,0
20090720,8.6817,8.6817,8.5364,8.5364,709,0
20090721,8.5768,8.5768,8.5768,8.5768,128,0
20090722,8.7786,8.9477,8.7786,8.9477,1745,0
20090723,9.0125,9.4166,9.0125,9.4166,20816,0
20090724,9.2136,9.4166,9.1899,9.4166,5872,0
20090727,9.4166,9.4166,9.4166,9.4166,1474,0
20090728,9.1899,9.1899,9.1899,9.1899,942,0
20090729,9.1662,9.262,8.9646,9.262,2792,0
20090730,9.1899,9.3426,9.1823,9.3426,2230,0
20090731,9.4413,9.4413,9.4413,9.4413,543,0
20090803,9.1984,9.3588,9.1984,9.3588,1224,0
20090804,9.2705,9.3588,9.262,9.3588,4644,0
20090805,9.1984,9.4413,9.1984,9.4327,1847,0
20090806,9.4327,9.4413,9.4327,9.4413,248,0
20090807,9.4413,9.4413,9.1823,9.1823,7067,0
20090810,8.8672,8.8672,8.5203,8.5687,6346,0
20090811,8.5527,8.5527,8.5043,8.5043,1547,0
20090812,8.5364,8.5364,8.5043,8.5364,3840,0
20090813,8.6655,8.7382,8.5364,8.5364,2012,0
20090814,8.5364,8.5364,8.5364,8.5364,0,0
20090817,8.5364,8.5364,8.4073,8.4235,2327,0
20090819,8.4235,8.4235,8.1169,8.1169,7168,0
20090820,8.1169,8.2298,8.1169,8.2298,3474,0
20090821,8.3106,8.4235,8.2702,8.359,3434,0
20090824,8.4235,8.5043,8.4235,8.5043,5623,0
20090825,8.5687,8.6091,8.5687,8.5687,991,0
20090826,8.6091,8.6091,8.6091,8.6091,1767,0
20090827,8.6494,8.6817,8.3832,8.6736,12329,0
20090828,8.6333,8.6897,8.5043,8.5043,1885,0
20090831,8.4639,9.1415,8.4639,9.1093,27140,0
20090901,9.1501,9.1899,9.1093,9.1093,772,0
20090902,9.1178,9.1899,9.1178,9.1899,3098,0
20090903,9.0372,9.0372,9.0372,9.0372,932,0
20090904,9.3037,9.3037,9.262,9.2705,2170,0
20090908,9.2136,9.4327,9.1899,9.4327,1611,0
20090909,9.4166,9.4878,9.4166,9.4878,3298,0
20090910,8.8189,9.2791,8.8107,9.2791,1116,0
20090911,9.3588,9.3588,9.3588,9.3588,199,0
20090914,9.4878,9.4878,9.1899,9.4726,4466,0
20090915,9.1899,9.3426,9.1899,9.206,2987,0
20090916,9.1093,9.562,9.1093,9.504,4703,0
20090917,9.57,9.755,9.57,9.691,2259,0
20090918,9.755,9.835,9.3123,9.3123,20964,0
20090921,9.3834,9.4792,9.3834,9.3834,17413,0
20090922,9.3037,9.835,9.3037,9.3834,6743,0
20090923,9.77,9.77,9.77,9.77,248,0
20090924,9.763,9.77,9.65,9.65,2999,0
20090925,9.65,9.722,9.609,9.722,4202,0
20090928,9.835,9.835,9.57,9.675,3573,0
20090929,9.835,9.917,9.617,9.908,29811,0
20090930,9.86,10.022,9.835,9.955,9109,0
20091001,10.022,10.183,9.955,10.069,4102,0
20091002,9.917,10.36,9.917,10.36,8312,0
20091005,10.32,10.602,10.32,10.594,1553,0
20091006,10.53,10.836,10.53,10.827,4677,0
20091007,10.877,10.989,10.877,10.989,10633,0
20091008,11.029,11.095,10.723,11.095,7304,0
20091009,11.143,11.596,11.102,11.596,15598,0
20091012,11.642,11.837,11.642,11.837,3254,0
20091013,11.82,11.82,11.82,11.82,469,0
20091014,11.642,12.329,11.642,12.329,12256,0
20091015,12.522,12.522,11.707,11.725,12335,0
20091019,11.458,11.458,11.458,11.458,248,0
20091020,11.504,11.861,11.498,11.788,1150,0
20091021,11.49,11.747,11.102,11.642,2669,0
20091022,11.336,11.416,11.336,11.409,1984,0
20091023,11.409,11.482,11.143,11.143,2181,0
20091026,11.183,11.183,10.537,10.537,4598,0
20091027,10.853,10.853,10.853,10.853,369,0
20091028,10.522,10.522,10.416,10.416,1461,0
20091029,10.335,10.618,10.335,10.618,1116,0
20091030,10.578,10.578,10.351,10.351,495,0
20091102,10.569,10.569,10.569,10.569,128,0
20091103,10.247,10.247,10.247,10.247,128,0
20091104,10.222,10.497,10.222,10.368,3037,0
20091105,10.667,10.667,10.497,10.497,1850,0
20091106,10.667,11.869,10.667,11.546,8024,0
20091109,11.981,12.247,11.869,11.869,2353,0
20091110,11.925,12.434,11.876,12.434,22237,0
20091111,12.118,12.409,12.054,12.409,16653,0
20091112,12.151,12.256,12.127,12.256,12473,0
20091113,12.369,12.522,12.022,12.522,7780,0
20091116,12.522,12.522,12.256,12.256,1244,0
20091117,12.426,12.443,12.426,12.443,622,0
20091118,12.443,13.023,12.443,13.023,9295,0
20091120,12.651,12.651,11.603,11.82,12844,0
20091123,12.062,12.627,11.74,12.168,4092,0
20091124,12.426,12.426,12.03,12.314,1847,0
20091125,12.627,12.627,12.297,12.352,1785,0
20091127,12.208,12.918,12.208,12.902,1457,0
20091130,12.869,13.136,12.845,13.136,5847,0
20091201,13.161,13.161,12.256,12.748,4602,0
20091202,11.958,12.16,11.909,11.966,2746,0
20091203,11.981,12.184,11.813,12.184,8153,0
20091204,12.732,12.732,12.603,12.603,492,0
20091207,12.828,12.828,11.747,12.635,3597,0
20091209,11.975,12.443,11.725,11.78,5546,0
20091210,11.49,12.443,10.836,10.915,8403,0
20091211,11.095,11.771,11.095,11.571,4103,0
20091214,12.216,12.256,11.909,11.909,2850,0
20091215,12.216,12.216,11.869,11.869,865,0
20091216,11.869,12.184,11.49,12.176,4718,0
20091217,11.49,11.869,11.49,11.498,2352,0
20091218,11.361,12.087,11.361,11.74,2891,0
20091221,12.079,12.216,11.296,11.958,6939,0
20091222,12.127,12.168,12.022,12.022,1238,0
20091223,11.917,11.917,11.917,11.917,248,0
20091224,12.16,12.16,11.917,11.917,510,0
20091228,12.16,12.16,11.675,12.054,1984,0
20091229,11.513,13.015,11.513,13.015,7655,0
20091230,12.443,13.023,12.443,13.023,44101,0
20091231,12.03,12.78,12.03,12.78,3159,0
20100104,12.256,12.337,12.071,12.264,7402,0
20100105,12.618,12.618,12.127,12.24,2820,0
20100106,12.24,12.909,12.071,12.789,3060,0
20100107,12.297,12.393,12.272,12.272,865,0
20100108,12.579,12.773,12.418,12.426,2596,0
20100111,12.426,12.635,12.426,12.635,1713,0
20100112,12.869,13.015,12.635,13.015,8266,0
20100113,13.023,13.023,12.902,13.023,5227,0
20100114,12.443,13.007,12.443,13.007,1155,0
20100115,12.36,12.443,12.36,12.36,776,0
20100119,12.579,13.199,12.579,13.199,2180,0
20100120,13.256,13.403,13.249,13.403,4938,0
20100121,13.378,13.378,13.078,13.078,1016,0
20100122,13.054,13.054,12.982,12.998,2023,0
20100125,13.054,13.329,12.828,13.094,8874,0
20100126,13.32,13.329,13.312,13.32,3073,0
20100127,13.32,13.32,13.183,13.232,1486,0
20100128,13.224,13.232,12.789,13.176,4830,0
20100129,12.942,12.942,12.385,12.465,10956,0
20100201,12.635,12.635,12.231,12.231,6459,0
20100202,12.256,12.256,12.256,12.256,1111,0
20100203,12.289,12.764,12.289,12.707,4408,0
20100204,12.24,12.676,12.24,12.635,1506,0
20100205,12.297,12.756,12.272,12.401,9529,0
20100208,12.256,12.814,12.24,12.618,1486,0
20100209,12.538,12.635,12.247,12.635,1145,0
20100210,12.563,12.563,12.409,12.409,743,0
20100212,12.24,12.28,12.24,12.28,2230,0
20100216,12.289,12.337,12.256,12.289,3981,0
20100217,12.264,12.264,12.24,12.256,3347,0
20100218,12.256,12.256,12.231,12.247,3591,0
20100219,12.223,12.377,12.223,12.377,369,0
20100222,12.409,12.409,12.256,12.393,3740,0
20100223,12.401,12.643,12.401,12.635,13724,0
20100224,12.643,13.176,12.643,12.974,6263,0
20100225,13.015,13.24,13.007,13.054,13088,0
20100226,13.032,13.032,13.032,13.032,128,0
20100301,13.039,13.078,13.039,13.054,3198,0
20100302,13.199,13.329,13.094,13.329,6561,0
20100303,13.305,13.515,13.297,13.403,7671,0
20100304,13.62,13.741,13.169,13.741,9669,0
20100305,13.708,13.708,13.403,13.708,1266,0
20100308,13.369,13.369,13.361,13.361,374,0
20100309,13.329,13.604,13.329,13.329,6342,0
20100310,13.207,13.442,13.207,13.442,7839,0
20100311,13.32,13.749,13.32,13.474,3716,0
20100312,13.403,13.546,13.403,13.546,958,0
20100315,13.539,13.554,13.403,13.554,6849,0
20100316,13.554,13.596,13.554,13.596,622,0
20100317,13.515,13.628,13.515,13.628,4181,0
20100318,13.692,13.692,13.515,13.515,1861,0
20100319,13.62,13.667,12.942,13.546,2389,0
20100322,13.474,13.482,13.403,13.403,1238,0
20100323,13.596,13.692,13.596,13.692,1978,0
20100324,13.482,13.482,13.425,13.442,626,0
20100325,13.482,13.482,13.442,13.482,1072,0
20100326,13.482,13.829,13.482,13.821,9574,0
20100329,13.846,13.902,13.846,13.846,3298,0
20100330,13.902,14.087,13.902,14.08,1991,0
20100331,14.16,14.241,13.902,14.241,6338,0
20100401,14.314,14.314,14.241,14.314,2699,0
20100405,14.128,14.756,13.781,14.742,10521,0
20100406,14.62,14.927,14.548,14.742,3670,0
20100407,14.765,14.765,14.024,14.539,2801,0
20100408,14.548,14.894,14.192,14.894,5041,0
20100409,14.935,14.935,14.249,14.935,598,0
20100412,14.935,14.935,14.015,14.514,1743,0
20100413,14.514,14.514,14.514,14.514,128,0
20100414,14.514,14.886,14.514,14.556,2117,0
20100415,14.37,14.37,13.854,14.136,7293,0
20100416,14.054,14.733,13.992,14.71,892,0
20100419,14.426,14.628,13.854,13.975,1019,0
20100420,14.038,14.112,14.038,14.112,773,0
20100421,14.475,14.475,14.024,14.071,2109,0
20100422,14.16,14.345,14.16,14.241,2690,0
20100423,14.265,14.66,14.008,14.121,1435,0
20100426,14.121,14.121,14,14,2620,0
20100427,14.024,14.024,14,14.015,1364,0
20100428,13.958,14.363,12.935,13.032,9937,0
20100429,12.965,12.998,12.337,12.748,5952,0
20100430,12.805,12.974,12.764,12.797,3247,0
20100503,12.902,12.902,12.902,12.902,150,0
20100504,12.869,12.869,12.643,12.845,7091,0
20100505,13.007,13.023,12.635,12.635,6347,0
20100506,12.935,13.015,12.329,12.481,4568,0
20100507,12.563,13.297,12.555,13.023,8779,0
20100510,13.047,14.918,13.023,14.507,14459,0
20100511,14.901,14.935,14.249,14.894,21386,0
20100512,15.008,15.241,14.91,15.008,23001,0
20100513,15.008,15.29,14.952,15.047,9053,0
20100514,15.306,15.306,14.854,14.935,10849,0
20100517,14.984,15.299,14.984,15.064,11246,0
20100518,14.539,15.249,14.128,14.37,16930,0
20100519,14.314,14.363,13.596,13.596,6600,0
20100520,13.554,13.554,12.926,13.24,5801,0
20100521,12.836,13.628,12.836,13.054,12526,0
20100524,13.023,13.788,13.023,13.152,3489,0
20100525,13.078,13.312,13.078,13.207,2044,0
20100526,13.717,13.717,13.717,13.717,248,0
20100527,13.717,14.491,13.596,13.854,2677,0
20100528,13.757,13.757,13.418,13.418,1122,0
20100601,14.071,14.08,13.838,13.838,2845,0
20100602,13.992,14,13.232,13.394,6144,0
20100603,14.008,14.008,13.249,13.652,369,0
20100604,13.87,14.234,13.256,13.312,1795,0
20100607,13.854,13.854,13.353,13.353,2690,0
20100608,13.353,13.652,13.256,13.256,12575,0
20100609,13.207,13.676,13.207,13.312,3187,0
20100610,13.207,13.411,13.169,13.411,1387,0
20100611,13.312,13.765,13.312,13.717,2230,0
20100614,13.725,13.918,13.725,13.854,4091,0
20100615,13.992,13.992,13.829,13.829,435,0
20100616,13.812,13.812,13.708,13.717,3242,0
20100617,13.312,13.425,13.312,13.32,991,0
20100618,13.274,14.16,13.169,14.136,2995,0
20100621,13.183,14.597,13.183,14.523,7103,0
20100622,14.128,14.128,14.128,14.128,248,0
20100623,14.556,14.685,14.426,14.652,5722,0
20100624,13.765,14.564,13.757,14.459,2724,0
20100628,13.87,14.483,13.152,14.483,4773,0
20100629,13.734,14.572,13.717,14.53,4461,0
20100630,14.532,14.713,14.103,14.103,12521,0
20100701,14.338,14.717,14.321,14.717,6679,0
20100702,14.556,14.717,14.128,14.564,4554,0
20100706,14.53,14.539,14.2,14.306,1840,0
20100707,14.604,14.604,14.604,14.604,248,0
20100708,13.967,14.152,13.958,14.152,1238,0
20100709,14.054,14.66,14.038,14.66,2768,0
20100712,14.539,14.539,14.128,14.338,865,0
20100713,14.29,14.402,13.958,13.983,1895,0
20100714,14.087,14.128,13.983,14.038,1973,0
20100715,13.983,14.402,13.734,14.402,5598,0
20100716,13.757,13.958,13.717,13.879,1886,0
20100719,14.144,14.144,13.636,14.121,3910,0
20100720,13.725,14.038,13.7,13.95,3840,0
20100721,14.16,14.363,14.16,14.354,2109,0
20100722,14.321,14.321,14.16,14.241,1364,0
20100723,13.918,14.386,13.918,14.152,1829,0
20100726,14.363,14.386,14.225,14.321,1486,0
20100727,14.265,14.265,13.796,13.796,1767,0
20100728,14.321,14.321,14.038,14.112,2109,0
20100729,13.708,13.918,12.789,13.312,29534,0
20100730,13.312,13.507,13.29,13.474,119872,0
20100802,13.459,13.459,13.07,13.312,1089,0
20100803,12.555,13.7,12.555,13.111,22732,0
20100804,13.232,13.312,13.087,13.183,3152,0
20100805,13.274,13.297,13.119,13.297,2060,0
20100806,13.305,13.305,13.216,13.216,1238,0
20100809,13.111,13.111,13.111,13.111,369,0
20100810,13.111,13.111,12.36,12.36,38531,0
20100811,12.498,12.611,12.344,12.498,2686,0
20100812,12.385,12.385,12.208,12.322,805,0
20100813,12.434,12.443,12.272,12.434,1427,0
20100816,12.314,12.314,11.725,11.82,7391,0
20100817,12.102,12.344,11.82,12.344,19593,0
20100818,12.352,12.352,12.014,12.305,10207,0
20100819,11.981,11.997,11.9,11.9,4088,0
20100820,12.022,12.102,11.942,12.102,2603,0
20100823,12.062,12.095,11.788,11.788,6198,0
20100824,11.82,11.82,11.626,11.7,743,0
20100825,11.633,11.7,10.74,11.111,10266,0
20100826,11.256,11.256,11.256,11.256,128,0
20100830,11.336,11.336,11.336,11.336,300,0
20100831,11.688,11.697,11.338,11.338,2522,0
20100901,11.675,11.7,11.498,11.504,1735,0
20100902,11.7,12.022,11.7,11.861,4461,0
20100903,12.184,12.264,11.981,11.981,2319,0
20100907,12.151,12.264,12.071,12.079,3868,0
20100908,12.062,12.118,11.82,11.82,2222,0
20100909,11.869,11.869,11.861,11.861,1364,0
20100910,11.861,11.861,11.861,11.861,128,0
20100913,12.03,12.03,11.578,11.578,4847,0
20100914,12.014,12.014,11.578,11.578,495,0
20100915,11.571,11.7,11.498,11.498,7112,0
20100917,11.458,11.933,11.215,11.933,6222,0
20100920,11.571,12.314,11.571,12.28,3153,0
20100921,11.82,11.82,11.24,11.498,25551,0
20100922,11.361,11.571,11.279,11.449,6633,0
20100923,11.369,11.482,11.369,11.458,3594,0
20100924,11.467,11.7,11.458,11.7,633,0
20100927,11.498,11.554,11.312,11.385,1861,0
20100928,11.312,11.336,11.296,11.296,4006,0
20100929,11.336,11.416,10.908,10.908,13386,0
20100930,11.061,11.707,11.061,11.529,3758,0
20101001,11.19,11.467,11.158,11.458,1444,0
20101004,11.32,12.046,11.224,11.4,9507,0
20101005,11.361,11.361,11.361,11.361,221,0
20101006,12.022,12.118,11.344,11.458,2230,0
20101007,11.385,11.473,11.336,11.344,1116,0
20101008,12.079,12.079,11.336,11.336,497,0
20101011,11.328,11.328,11.127,11.135,11961,0
20101012,11.312,11.312,11.175,11.175,248,0
20101013,11.312,11.312,11.215,11.215,1178,0
20101014,11.215,11.296,11.199,11.296,1947,0
20101015,11.449,11.449,11.296,11.296,4587,0
20101018,11.361,11.449,11.304,11.361,2847,0
20101019,11.231,11.571,11.231,11.571,1364,0
20101020,11.296,11.369,11.296,11.369,1375,0
20101021,11.296,11.369,11.175,11.369,2057,0
20101022,11.287,11.312,11.287,11.296,622,0
20101025,11.312,11.353,11.231,11.353,1116,0
20101026,11.369,11.409,11.24,11.409,12723,0
20101027,11.256,11.256,11.175,11.256,2481,0
20101028,11.256,11.256,11.224,11.231,991,0
20101029,11.232,11.33,11.232,11.232,918,0
20101101,11.231,11.361,11.231,11.328,4006,0
20101102,11.328,11.571,11.328,11.529,12409,0
20101103,11.658,12.289,11.658,12.289,558,0
20101104,11.942,11.942,11.9,11.942,622,0
20101105,11.78,11.917,11.78,11.9,9957,0
20101108,11.909,12.143,11.716,12.022,45175,0
20101109,12.329,12.329,11.716,11.716,2346,0
20101110,11.9,12.344,11.9,12.344,2197,0
20101111,11.942,11.942,11.942,11.942,248,0
20101112,12.184,12.184,11.9,11.9,2724,0
20101115,12.071,12.071,11.9,12.005,1909,0
20101117,12.095,12.102,12.095,12.102,473,0
20101118,12.102,12.102,12.102,12.102,991,0
20101122,11.716,12.176,11.633,11.9,1735,0
20101123,11.9,11.9,11.829,11.829,1238,0
20101130,11.827,12.095,11.827,12.095,785,0
20101201,12.102,12.102,11.667,12.005,5238,0
20101202,11.925,11.942,11.667,11.74,8328,0
20101203,11.7,11.829,11.633,11.82,2976,0
20101206,11.804,11.997,11.7,11.771,4155,0
20101207,11.845,11.958,11.747,11.893,3236,0
20101208,11.975,12.005,11.966,11.989,1931,0
20101209,11.9,12.005,11.9,11.966,622,0
20101210,11.9,12.014,11.9,12.005,1538,0
20101213,12.005,12.184,12.005,12.005,2143,0
20101214,12.005,12.005,12.005,12.005,248,0
20101216,12.005,12.489,11.997,12.489,6375,0
20101217,12.223,12.322,12.184,12.184,1673,0
20101220,12.102,12.102,11.642,11.989,6152,0
20101221,11.942,12.087,11.933,12.087,2288,0
20101222,11.642,12.102,11.642,12.095,8038,0
20101223,11.771,12.489,11.771,12.095,3265,0
20101227,12.03,12.176,11.942,12.176,1839,0
20101228,12.385,12.385,12.03,12.223,5504,0
20101229,11.818,12.102,11.818,12.045,865,0
20101230,12.282,12.467,11.924,11.932,1446,0
20110103,11.942,12.498,11.942,12.046,5148,0
20110104,12.054,12.572,11.958,12.005,2193,0
20110105,12.256,12.426,11.747,11.949,3719,0
20110106,12.046,12.046,12.046,12.046,248,0
20110107,11.917,12.102,11.82,11.949,3898,0
20110110,11.707,11.942,11.707,11.861,4693,0
20110111,11.78,12.022,11.725,11.981,1441,0
20110112,11.82,12.022,11.82,12.022,836,0
20110114,11.997,12.062,11.869,11.989,1623,0
20110118,11.716,12.062,11.716,11.989,22366,0
20110119,11.981,12.443,11.981,11.989,3833,0
20110120,12.385,12.723,12.314,12.547,8069,0
20110121,12.586,12.886,12.579,12.78,5283,0
20110124,12.305,12.693,12.087,12.127,6611,0
20110125,12.079,12.102,12.079,12.102,680,0
20110126,12.264,12.579,12.264,12.572,4990,0
20110127,11.433,12.014,11.271,11.762,47496,0
20110128,11.762,11.854,11.473,11.813,7073,0
20110131,11.724,11.995,11.724,11.814,4889,0
20110201,11.813,11.893,11.7,11.861,6323,0
20110202,11.9,11.917,11.9,11.917,986,0
20110203,11.9,11.9,11.9,11.9,128,0
20110204,12.005,12.005,11.942,11.942,2230,0
20110207,11.796,12.247,11.78,12.022,9152,0
20110208,12.102,12.11,11.942,11.989,4062,0
20110209,12.005,12.11,11.933,11.989,14466,0
20110210,12.022,12.087,12.005,12.039,8147,0
20110211,12.071,12.409,12.03,12.344,14218,0
20110214,12.022,12.352,12.022,12.344,4720,0
20110215,12.385,12.667,12.385,12.667,2162,0
20110216,12.393,12.409,11.893,12.305,3811,0
20110218,12.143,12.305,11.869,12.184,3835,0
20110222,11.958,11.981,11.876,11.981,2417,0
20110225,12.079,12.079,12.079,12.079,213,0
20110228,11.86,12.045,11.86,11.965,820,0
20110302,12.223,12.352,12.118,12.352,7123,0
20110304,12.337,12.667,12.337,12.473,4928,0
20110309,12.216,12.216,12.216,12.216,186,0
20110310,12.264,12.264,12.264,12.264,135,0
20110311,12.256,12.506,12.256,12.385,11242,0
20110314,12.135,12.66,12.102,12.66,12974,0
20110315,12.305,12.409,12.28,12.322,3594,0
20110316,12.329,12.603,12.329,12.586,13775,0
20110317,12.703,12.818,12.509,12.664,1802,0
20110318,12.586,12.586,12.586,12.586,5948,0
20110321,12.586,12.667,12.586,12.667,777,0
20110322,12.401,12.748,12.344,12.748,7610,0
20110323,12.789,12.821,12.555,12.789,991,0
20110324,12.764,12.764,12.531,12.618,2230,0
20110328,12.814,12.828,12.797,12.828,1364,0
20110329,12.828,12.828,12.369,12.514,1116,0
20110330,12.369,12.586,12.118,12.506,3628,0
20110331,12.144,12.507,12.144,12.507,622,0
20110401,12.337,12.337,12.264,12.264,2628,0
20110405,12.118,12.5,11.94,12.03,4654,0
20110407,11.876,12.208,11.837,12.118,1884,0
20110411,12.071,12.071,11.942,11.949,539,0
20110413,11.788,11.949,11.392,11.949,5429,0
20110414,11.966,12.314,11.966,12.256,2171,0
20110415,11.78,12.28,11.78,12.014,2391,0
20110418,11.82,12.087,11.813,12.022,14929,0
20110419,12.151,12.223,11.829,12.062,2867,0
20110420,11.716,12.022,11.716,11.981,1238,0
20110425,11.716,11.861,11.716,11.861,369,0
20110426,12.071,12.071,11.899,11.94,2194,0
20110427,11.981,12.022,11.981,12.022,369,0
20110428,12.022,12.022,11.658,11.7,5911,0
20110429,12.186,12.499,12.169,12.342,4530,0
20110502,12.184,12.377,12.184,12.184,6765,0
20110503,12.274,12.274,11.924,12.102,1921,0
20110504,11.802,12.387,11.802,11.932,4091,0
20110505,12.102,12.192,11.525,11.697,11031,0
20110506,12.095,12.095,11.485,11.899,5695,0
20110509,11.974,11.974,11.965,11.965,743,0
20110510,12.039,12.095,11.94,12.062,2724,0
20110511,11.907,12.045,11.907,12.045,626,0
20110512,12.201,12.201,11.94,12.005,1749,0
20110513,12.209,12.209,11.981,12.11,1920,0
20110516,12.168,12.307,12.168,12.307,1132,0
20110517,12.127,12.339,11.974,12.217,3055,0
20110518,12.248,12.248,12.248,12.248,492,0
20110519,12.274,12.274,12.257,12.257,246,0
20110520,12.192,12.192,12.192,12.192,708,0
20110523,12.192,12.274,12.039,12.265,874,0
20110524,12.118,12.241,12.118,12.118,246,0
20110525,12.298,12.298,11.948,11.988,2387,0
20110526,12.078,12.274,11.866,12.177,2092,0
20110527,12.078,12.078,11.785,11.974,5782,0
20110531,11.945,12.035,11.862,11.945,14920,0
20110601,11.948,11.948,11.785,11.785,14203,0
20110602,11.768,12.184,11.697,12.087,6254,0
20110603,11.81,11.81,11.688,11.81,7139,0
20110606,11.785,11.915,11.68,11.697,2046,0
20110607,12.013,12.03,11.688,11.932,2338,0
20110608,11.981,12.184,11.713,12.102,4092,0
20110609,11.501,12.177,11.501,11.988,1117,0
20110610,11.899,12.102,11.899,11.988,8832,0
20110613,12.005,12.005,11.785,11.843,2092,0
20110614,11.81,11.94,11.705,11.705,2955,0
20110615,11.866,11.891,11.827,11.891,814,0
20110616,11.895,11.945,11.64,11.945,8040,0
20110617,11.883,12.013,11.785,11.915,1278,0
20110620,11.623,11.891,11.623,11.86,1228,0
20110621,11.94,11.974,11.94,11.957,874,0
20110622,11.957,12.071,11.874,11.874,1455,0
20110623,11.948,11.988,11.722,11.974,1723,0
20110624,11.794,11.988,11.785,11.866,4862,0
20110627,11.802,11.891,11.802,11.891,367,0
20110629,11.988,11.988,11.988,11.988,308,0
20110630,12.028,12.193,12.028,12.193,3754,0
20110701,12.331,12.339,12.217,12.217,1599,0
20110705,12.353,12.509,12.353,12.509,2744,0
20110706,12.51,12.51,12.395,12.395,5598,0
20110711,12.395,12.476,12.395,12.395,5254,0
20110712,12.289,12.576,12.272,12.576,800,0
20110713,12.598,12.681,12.575,12.607,6656,0
20110714,12.42,12.63,12.404,12.404,2252,0
20110715,12.412,12.42,12.395,12.42,1600,0
20110718,12.445,12.688,12.42,12.453,4413,0
20110719,12.6,12.756,12.437,12.437,5241,0
20110720,12.395,12.703,12.395,12.453,2400,0
20110721,12.445,12.598,12.395,12.395,1232,0
20110722,12.598,12.639,12.412,12.412,7627,0
20110725,12.412,12.59,12.412,12.476,1723,0
20110726,12.428,12.583,12.315,12.323,7591,0
20110727,12.362,12.437,12.362,12.387,492,0
20110728,12.395,12.6,12.378,12.378,1050,0
20110729,12.326,12.582,12.318,12.417,4170,0
20110801,12.598,12.607,12.476,12.509,1894,0
20110802,12.641,12.699,12.272,12.272,5477,0
20110803,12.567,12.567,12.404,12.404,492,0
20110804,12.256,12.256,11.805,11.805,3898,0
20110805,11.814,11.814,11.814,11.814,127,0
20110808,11.805,11.805,11.346,11.462,4407,0
20110809,11.462,11.462,11.257,11.257,1723,0
20110810,11.289,11.33,10.651,10.839,6338,0
20110811,11.305,11.33,10.88,11.257,4431,0
20110812,10.919,11.379,10.658,11.379,4873,0
20110816,11.395,11.437,11.346,11.437,1710,0
20110817,11.42,11.469,11.403,11.469,1445,0
20110818,11.509,11.878,11.509,11.878,5738,0
20110819,11.585,11.878,11.585,11.878,12938,0
20110822,11.822,12.093,11.657,11.657,1062,0
20110823,11.797,11.797,11.469,11.543,731,0
20110824,11.494,11.862,11.469,11.707,3358,0
20110825,11.403,11.674,11.355,11.674,2136,0
20110826,11.355,11.674,11.272,11.674,1341,0
20110829,11.674,11.83,11.469,11.83,1184,0
20110830,11.772,11.772,11.772,11.772,227,0
20110831,11.822,11.822,11.772,11.772,244,0
20110901,11.725,11.755,11.585,11.657,1048,0
20110902,11.69,11.69,11.533,11.533,1936,0
20110907,11.526,11.526,11.526,11.526,125,0
20110908,11.649,11.707,11.649,11.707,812,0
20110909,11.518,11.518,11.518,11.518,489,0
20110912,11.469,11.674,11.429,11.674,701,0
20110913,11.657,11.657,11.478,11.657,489,0
20110914,11.543,11.862,11.429,11.862,4821,0
20110915,11.838,12.019,11.83,12.019,1952,0
20110916,11.585,11.585,11.585,11.585,319,0
20110919,11.674,11.847,11.674,11.733,976,0
20110921,11.633,11.772,11.478,11.478,7348,0
20110922,11.469,11.469,10.642,10.673,12120,0
20110923,11.027,11.042,10.83,10.839,1465,0
20110926,10.673,10.872,10.673,10.699,6970,0
20110927,10.856,11.035,10.856,11.035,1378,0
20110928,11.135,11.135,11.135,11.135,623,0
20110929,11.207,11.207,11.207,11.207,245,0
20111003,11.264,11.387,11.264,11.387,922,0
20111004,11.264,11.264,11.264,11.264,831,0
20111006,11.096,11.359,11.096,11.359,514,0
20111007,11.446,11.446,11.446,11.446,304,0
20111010,11.486,11.486,11.486,11.486,582,0
20111011,11.289,11.535,11.289,11.478,1220,0
20111012,11.183,11.469,11.183,11.469,1220,0
20111013,11.469,11.707,11.429,11.469,5279,0
20111014,11.478,11.478,11.281,11.437,4420,0
20111017,11.387,12.289,11.387,11.755,2271,0
20111018,11.862,11.862,11.862,11.862,125,0
20111019,11.716,11.716,11.716,11.716,368,0
20111020,11.962,11.962,11.585,11.585,420,0
20111021,12.01,12.019,12.01,12.019,364,0
20111025,11.755,11.879,11.755,11.879,1129,0
20111026,11.305,11.878,11.059,11.674,1843,0
20111027,10.757,11.871,10.757,11.855,917,0
20111028,11.4,12.21,11.21,12.21,858,0
20111102,12.076,12.199,12.042,12.042,1098,0
20111103,12.053,12.053,12.053,12.053,489,0
20111104,12.044,12.044,12.02,12.02,441,0
20111108,12.118,12.118,12.118,12.118,125,0
20111109,12.127,12.127,11.963,11.963,1035,0
20111110,11.963,12.127,11.879,12.044,3779,0
20111111,12.21,12.21,11.921,11.963,2378,0
20111114,11.797,11.797,11.755,11.755,3662,0
20111116,11.78,12.193,11.715,11.797,1389,0
20111117,11.797,11.896,11.763,11.763,1210,0
20111121,11.566,11.566,11.558,11.558,1103,0
20111122,11.524,11.524,11.484,11.484,582,0
20111123,11.524,11.639,11.245,11.245,1703,0
20111128,11.426,11.484,11.409,11.426,2215,0
20111129,11.434,11.558,11.434,11.434,3656,0
20111130,11.887,11.92,11.643,11.643,1319,0
20111201,11.608,11.608,11.6,11.6,782,0
20111202,11.904,11.904,11.665,11.665,542,0
20111206,11.656,12.144,11.475,12.144,1628,0
20111208,12.037,12.161,11.623,12.161,4938,0
20111209,11.848,12.152,11.707,11.707,1502,0
20111212,11.608,11.888,11.384,11.475,9444,0
20111213,11.848,11.946,11.377,11.377,5089,0
20111214,11.31,11.31,11.022,11.044,8922,0
20111215,11.178,11.682,11.145,11.682,1090,0
20111216,11.113,11.434,11.113,11.145,6783,0
20111219,11.186,11.227,11.186,11.203,848,0
20111220,11.434,11.682,11.392,11.682,810,0
20111221,11.54,11.558,11.54,11.558,908,0
20111222,11.682,11.971,11.682,11.724,4123,0
20111223,11.592,11.971,11.558,11.971,2280,0
20111228,11.78,11.871,11.443,11.443,5866,0
20111229,11.443,11.6,11.443,11.6,1455,0
20111230,11.435,11.911,11.435,11.803,6284,0
20120103,11.98,11.98,11.615,11.896,1708,0
20120105,12.118,12.242,11.848,12.186,1333,0
20120109,12.178,12.408,12.178,12.408,3998,0
20120110,12.276,12.293,12.276,12.293,531,0
20120111,12.342,12.408,12.095,12.408,725,0
20120112,12.366,12.366,12.366,12.366,241,0
20120113,12.135,12.284,12.095,12.251,8609,0
20120117,12.232,12.55,12.201,12.481,7915,0
20120118,12.383,13.208,12.383,12.986,35850,0
20120119,12.796,12.796,12.078,12.779,5298,0
20120120,12.391,12.417,12.391,12.417,259,0
20120123,12.673,12.862,12.665,12.665,1090,0
20120124,12.704,12.704,12.704,12.704,283,0
20120125,12.465,12.673,12.383,12.383,2573,0
20120126,12.523,12.523,12.383,12.383,1389,0
20120127,12.391,12.391,12.383,12.383,1210,0
20120130,12.796,12.796,12.4,12.582,1379,0
20120131,12.89,12.89,12.533,12.591,2710,0
20120201,12.755,12.779,12.549,12.681,2542,0
20120202,12.879,12.879,12.549,12.549,1017,0
20120203,13.072,14.028,13.072,13.196,21460,0
20120206,13.415,13.811,13.127,13.431,14398,0
20120208,13.405,13.82,13.405,13.505,1586,0
20120209,13.238,13.713,13.238,13.679,1348,0
20120210,13.297,13.954,13.297,13.92,10310,0
20120213,13.87,13.879,13.794,13.87,4130,0
20120214,13.862,13.926,13.489,13.926,10927,0
20120215,13.455,13.928,13.455,13.704,970,0
20120216,13.58,13.621,13.505,13.505,8116,0
20120217,13.928,13.928,13.256,13.29,3591,0
20120221,13.88,13.88,13.687,13.687,2839,0
20120223,13.571,13.903,13.546,13.903,962,0
20120224,13.422,13.945,13.422,13.554,2032,0
20120228,13.629,13.713,13.629,13.713,1684,0
20120229,13.794,13.854,13.794,13.837,1136,0
20120301,13.794,13.911,13.794,13.911,8275,0
20120302,13.754,13.754,13.67,13.67,2945,0
20120305,13.911,13.911,13.514,13.531,1202,0
20120306,13.496,13.605,13.463,13.463,1012,0
20120307,13.88,13.88,13.771,13.771,359,0
20120308,13.546,13.962,13.546,13.863,1538,0
20120309,13.895,13.962,13.888,13.962,2299,0
20120312,13.522,13.687,13.522,13.687,359,0
20120313,13.713,13.713,13.713,13.713,122,0
20120314,13.554,13.871,13.554,13.629,1993,0
20120315,13.888,13.962,13.597,13.962,1321,0
20120316,13.713,13.754,13.563,13.563,6084,0
20120319,13.612,13.612,13.463,13.538,1943,0
20120320,13.538,13.696,13.446,13.696,1084,0
20120321,13.67,13.67,13.646,13.646,281,0
20120322,13.713,13.713,13.471,13.479,823,0
20120323,13.479,13.588,13.471,13.471,602,0
20120326,13.713,13.794,13.713,13.779,2952,0
20120327,13.903,13.903,13.794,13.794,637,0
20120328,13.871,14.044,13.871,13.988,1588,0
20120330,13.729,13.729,13.72,13.72,359,0
20120402,14.461,14.461,14.02,14.211,1803,0
20120403,13.794,14.211,13.73,13.962,5654,0
20120404,14.087,14.087,14.087,14.087,240,0
20120405,13.837,14.087,13.837,14.087,302,0
20120409,13.82,13.88,13.82,13.88,417,0
20120410,13.88,13.88,13.479,13.73,3329,0
20120411,13.713,13.713,13.713,13.713,602,0
20120412,13.704,13.713,13.597,13.704,1128,0
20120413,13.638,13.713,13.638,13.713,240,0
20120416,13.713,13.88,13.713,13.88,7166,0
20120417,13.478,13.637,13.478,13.637,1009,0
20120419,13.787,13.794,13.787,13.794,1035,0
20120420,13.73,13.73,13.73,13.73,575,0
20120424,13.696,13.696,13.479,13.488,2980,0
20120426,13.505,13.67,13.505,13.531,1053,0
20120430,13.529,13.529,13.529,13.529,1747,0
20120501,13.478,13.478,13.468,13.468,766,0
20120502,13.514,13.58,13.514,13.58,547,0
20120503,13.293,13.837,13.293,13.837,486,0
20120507,13.837,13.995,13.837,13.995,3398,0
20120508,14.469,15.292,14.469,14.651,27839,0
20120510,14.96,14.96,14.791,14.943,4649,0
20120511,14.96,14.96,14.96,14.96,122,0
20120514,14.86,14.96,14.178,14.96,3970,0
20120515,14.561,14.96,14.336,14.336,12006,0
20120516,14.357,14.926,14.34,14.382,1084,0
20120517,14.389,14.875,14.382,14.382,2554,0
20120518,14.834,14.834,14.382,14.474,2820,0
20120521,14.584,14.867,14.382,14.85,3694,0
20120522,14.382,14.875,14.348,14.498,4933,0
20120523,14.457,14.457,14.389,14.389,915,0
20120524,14.44,14.44,14.44,14.44,121,0
20120525,14.507,14.96,14.507,14.96,5956,0
20120529,14.875,15.034,14.817,14.817,5265,0
20120530,14.808,14.899,14.808,14.899,1436,0
20120531,14.859,14.859,14.649,14.649,9915,0
20120601,14.649,14.891,14.649,14.891,524,0
20120604,14.952,14.952,14.482,14.859,19529,0
20120605,14.859,14.935,14.733,14.899,11947,0
20120606,14.867,14.935,14.867,14.935,1074,0
20120607,14.943,14.943,14.071,14.817,3757,0
20120608,14.514,14.859,14.514,14.859,2433,0
20120611,14.766,14.917,14.766,14.917,4803,0
20120612,14.883,14.891,14.658,14.891,4583,0
20120613,14.875,14.875,14.523,14.523,357,0
20120614,14.624,14.859,14.566,14.85,1215,0
20120615,14.523,14.859,14.523,14.859,3000,0
20120618,14.658,14.658,14.592,14.592,1384,0
20120620,14.658,14.774,14.658,14.774,836,0
20120622,14.7,14.7,14.692,14.692,408,0
20120625,14.926,14.943,14.575,14.575,4205,0
20120626,14.601,14.733,14.601,14.733,3171,0
20120627,14.7,14.7,14.507,14.649,2147,0
20120629,14.692,14.733,14.575,14.733,4871,0
20120702,14.692,14.859,14.692,14.859,6206,0
20120703,14.742,14.859,14.733,14.859,4421,0
20120705,14.859,14.859,14.817,14.817,470,0
20120706,14.675,14.675,14.675,14.675,280,0
20120709,14.817,14.817,14.523,14.649,1439,0
20120712,14.717,14.725,14.692,14.692,933,0
20120713,14.65,14.75,14.65,14.733,1834,0
20120717,14.666,14.729,14.248,14.482,3398,0
20120718,14.232,14.64,14.147,14.147,599,0
20120719,14.315,14.315,14.097,14.097,1062,0
20120723,14.163,14.566,13.811,14.566,6522,0
20120724,14.44,14.44,14.44,14.44,239,0
20120725,14.423,14.432,14.315,14.315,5136,0
20120726,14.315,14.808,14.24,14.808,716,0
20120727,14.683,14.692,14.566,14.649,3552,0
20120730,14.616,14.616,13.754,14.357,2935,0
20120731,14.232,14.232,13.832,13.832,716,0
20120801,13.864,13.864,13.864,13.864,277,0
20120802,14.013,14.013,13.997,14.013,1070,0
20120803,13.645,14.315,12.532,14.315,12718,0
20120806,13.821,14.215,13.821,14.215,1465,0
20120807,14.03,14.03,13.854,13.854,398,0
20120808,13.872,13.872,13.058,13.058,1797,0
20120809,13.161,13.896,13.161,13.811,5219,0
20120813,13.426,14.024,13.426,14.022,3570,0
20120814,14.212,14.305,13.707,14.203,5853,0
20120815,14.127,14.127,13.705,13.705,279,0
20120817,13.814,13.915,13.806,13.915,2548,0
20120820,14.531,14.548,14.253,14.405,2850,0
20120821,14.548,14.548,14.194,14.523,4945,0
20120822,14.548,14.548,14.253,14.253,3509,0
20120823,14.229,14.253,14.229,14.253,711,0
20120824,14.127,14.169,13.765,14.127,3773,0
20120827,14.001,14.127,14.001,14.127,1591,0
20120828,14.127,14.136,13.831,13.831,3840,0
20120829,13.95,14.127,13.831,13.915,3615,0
20120831,14.127,14.127,14.102,14.127,1305,0
20120904,13.976,14.127,13.915,13.95,1201,0
20120905,14.102,14.102,13.899,14.009,2458,0
20120906,14.152,14.152,14.152,14.152,120,0
20120907,14.085,14.127,13.915,13.915,4490,0
20120912,14.169,14.169,14.169,14.169,594,0
20120913,14.127,14.136,13.958,14.136,1385,0
20120914,14.042,14.042,13.967,13.967,355,0
20120917,14.009,14.136,14.009,14.127,474,0
20120918,13.984,13.984,13.984,13.984,323,0
20120919,13.976,13.993,13.849,13.915,7113,0
20120921,14.027,14.027,14.027,14.027,579,0
20120924,13.984,13.984,13.915,13.915,1066,0
20120925,14.001,14.001,13.915,13.915,355,0
20120926,14.001,14.001,14.001,14.001,237,0
20120928,13.849,14.136,13.849,14.136,2827,0
20121001,13.875,14.169,13.831,13.858,4286,0
20121003,13.831,14.338,13.831,14.296,3071,0
20121004,14.305,14.338,13.95,14.212,2591,0
20121005,14.085,14.085,13.95,13.95,573,0
20121008,13.975,14.251,13.975,14.127,524,0
20121010,14.001,14.127,13.915,14.001,2568,0
20121011,14.102,14.102,14.102,14.102,120,0
20121012,13.984,13.999,13.958,13.958,634,0
20121015,13.958,14.127,13.95,14.11,4930,0
20121016,14.068,14.085,14.068,14.085,948,0
20121017,14.068,14.068,14.068,14.068,148,0
20121018,14.059,14.068,14.059,14.068,544,0
20121019,14.085,14.584,14.085,14.338,2686,0
20121022,14.388,14.758,14.355,14.758,3210,0
20121023,14.624,15.081,14.371,14.371,3259,0
20121024,14.388,14.388,14.388,14.388,120,0
20121105,14.448,14.758,14.422,14.676,4183,0
20121106,14.557,14.632,14.557,14.557,978,0
20121107,14.607,14.649,14.464,14.481,1224,0
20121109,15.088,16.809,15.088,16.025,11688,0
20121112,16.117,16.278,16.109,16.153,5640,0
20121113,16.153,16.193,16.025,16.025,7587,0
20121114,15.856,15.94,15.856,15.94,974,0
20121115,16.245,16.245,15.602,16.025,1378,0
20121116,16.017,16.025,15.983,15.991,2254,0
20121119,16.201,17.469,16.201,17.26,8487,0
20121120,17.08,17.187,16.946,17.125,3099,0
20121121,16.219,17.178,16.219,17.161,4662,0
20121126,17.038,17.144,17.008,17.036,3804,0
20121127,17.036,17.036,16.256,16.99,1719,0
20121128,16.918,17.036,16.901,17.036,3642,0
20121129,17.071,17.349,17.043,17.144,4985,0
20121130,17.125,17.125,17,17.036,1442,0
20121203,17.036,17.062,16.946,17.036,2218,0
20121204,17.376,17.376,16.238,17.116,6743,0
20121205,17.125,17.251,16.454,16.955,4363,0
20121206,16.694,16.811,16.694,16.722,1284,0
20121207,16.676,16.79,16.676,16.704,2349,0
20121210,16.614,16.811,16.596,16.811,1129,0
20121211,16.99,17.144,16.99,17.071,7704,0
20121212,17.144,17.144,16.588,17.116,11467,0
20121213,16.588,17.125,16.588,16.588,1772,0
20121214,16.614,16.632,16.201,16.201,8152,0
20121217,16.139,16.192,15.557,16.138,3347,0
20121218,16.076,16.076,15.565,15.565,1909,0
20121219,16.139,16.192,15.691,16.192,5276,0
20121220,15.727,16.174,15.709,16.005,6277,0
20121221,15.727,16.534,15.691,16.534,9942,0
20121224,15.717,16.838,15.7,15.7,564,0
20121226,15.727,15.915,15.7,15.825,6189,0
20121227,15.816,16.139,15.816,16.103,892,0
20121228,15.798,15.825,15.735,15.789,2839,0
20121231,15.807,16.067,15.691,16.067,4038,0
20130102,16.112,16.801,15.71,16.801,5340,0
20130103,16.794,16.883,16.794,16.883,776,0
20130104,16.891,17.144,16.811,17.062,8727,0
20130107,16.811,17.178,16.811,17.09,2379,0
20130108,17.215,17.215,16.811,17.169,2306,0
20130109,17.278,17.286,16.995,16.995,804,0
20130110,16.811,17.26,16.811,17.26,644,0
20130111,17.169,17.61,17.169,17.609,6998,0
20130114,17.6,17.861,17.266,17.266,4795,0
20130115,17.816,17.816,17.125,17.152,7668,0
20130116,17.336,17.336,17.286,17.305,957,0
20130117,17.26,17.26,16.876,16.876,280,0
20130118,17.305,17.305,17.036,17.036,1757,0
20130122,16.964,16.964,16.964,16.964,269,0
20130123,16.946,17.483,16.946,17.483,1562,0
20130124,17.483,17.736,16.741,17.736,781,0
20130125,17.278,17.743,17.26,17.519,2178,0
20130128,17.286,17.286,17.286,17.286,114,0
20130129,17.43,17.743,17.278,17.717,949,0
20130130,17.305,17.305,17.305,17.305,114,0
20130131,17.493,17.493,16.461,17.043,1512,0
20130201,16.65,17.141,15.691,15.977,16952,0
20130204,15.959,16.588,15.888,16.588,4258,0
20130205,16.569,17.448,16.422,16.588,1756,0
20130206,16.391,16.694,16.391,16.479,892,0
20130207,16.399,16.946,16.373,16.676,447,0
20130211,16.588,16.856,16.588,16.811,3859,0
20130212,17.6,17.6,17.412,17.412,221,0
20130213,17.232,17.618,17.232,17.278,1562,0
20130215,17.474,17.474,17.474,17.474,447,0
20130219,17.018,17.026,17.018,17.026,362,0
20130220,16.65,17.222,16.65,17.222,2263,0
20130222,17.215,17.215,17.215,17.215,192,0
20130225,17.332,17.332,16.766,16.829,557,0
20130226,17.036,17.036,17.036,17.036,181,0
20130227,17.152,17.152,16.704,17.036,2980,0
20130228,17.193,17.346,17.193,17.338,2739,0
20130301,17.022,17.455,16.968,17.174,7139,0
20130304,17.013,17.636,16.995,17.031,5645,0
20130305,17.365,17.365,16.67,16.67,7802,0
20130306,16.607,17.591,16.607,17.131,553,0
20130307,17.509,17.591,17.293,17.293,553,0
20130308,17.112,17.717,17.112,17.7,5465,0
20130311,17.419,17.599,17.239,17.401,4550,0
20130312,17.537,17.7,16.91,17.374,1939,0
20130313,17.707,17.707,17.591,17.599,444,0
20130314,17.663,17.825,17.374,17.591,3667,0
20130315,17.736,17.736,17.736,17.736,5020,0
20130318,17.834,17.834,17.644,17.663,1107,0
20130320,17.862,18.023,17.862,18.023,331,0
20130321,17.906,18.051,17.906,18.051,1931,0
20130322,18.358,18.881,18.33,18.881,662,0
20130325,18.899,18.899,18.502,18.781,1330,0
20130326,18.899,18.899,17.924,17.924,331,0
20130327,18.873,18.881,18.249,18.493,4764,0
20130328,18.917,18.917,18.051,18.628,7966,0
20130401,18.609,18.926,18.142,18.547,3748,0
20130402,18.087,18.925,18.087,18.538,1827,0
20130403,18.584,18.89,18.232,18.457,1400,0
20130404,18.917,18.917,18.168,18.502,1583,0
20130405,18.638,18.638,18.096,18.096,666,0
20130408,18.15,18.8,18.15,18.43,1458,0
20130409,18.457,18.779,18.457,18.574,981,0
20130410,18.538,18.736,18.53,18.619,2107,0
20130411,18.367,18.809,18.26,18.71,1181,0
20130415,18.349,18.404,17.438,18.051,8515,0
20130416,18.394,18.394,17.247,17.753,935,0
20130417,17.239,17.599,17.239,17.374,2787,0
20130418,17.825,17.825,17.203,17.203,633,0
20130419,17.329,17.808,17.239,17.338,1258,0
20130423,17.428,17.473,17.428,17.446,447,0
20130424,17.537,17.647,17.509,17.509,781,0
20130425,17.537,17.537,17.329,17.329,1258,0
20130426,17.203,17.834,17.203,17.599,1030,0
20130429,17.69,17.743,17.69,17.69,1044,0
20130430,17.771,17.771,17.771,17.771,1687,0
20130501,17.203,17.335,17.203,17.239,1634,0
20130502,16.787,16.787,16.065,16.778,15510,0
20130503,17.039,17.039,16.86,16.86,2272,0
20130506,16.851,16.851,16.354,16.471,2436,0
20130507,16.462,16.769,16.462,16.544,1773,0
20130508,16.571,16.797,16.571,16.797,664,0
20130509,17.039,17.039,17.039,17.039,374,0
20130510,16.833,16.968,16.544,16.579,4463,0
20130513,16.607,16.697,16.607,16.607,3323,0
20130514,17.008,17.008,16.878,16.878,567,0
20130515,17.022,17.031,16.877,16.877,1107,0
20130516,16.877,17.039,16.87,16.878,1660,0
20130520,16.977,18.213,16.877,16.922,1778,0
20130521,16.869,17.221,16.869,16.895,1220,0
20130523,17.039,17.319,17.031,17.031,2440,0
20130528,16.808,17.935,16.808,17.499,1907,0
20130530,17.39,17.898,17.39,17.444,3643,0
20130531,17.554,18.175,17.554,17.608,9709,0
20130603,17.771,18.036,17.29,17.717,909,0
20130604,17.817,18.163,17.736,17.736,1762,0
20130605,17.808,18.207,17.808,18.207,1788,0
20130606,18.262,18.262,18.171,18.171,2613,0
20130607,18.171,18.207,17.608,17.608,5632,0
20130610,18.053,18.198,17.635,17.726,1465,0
20130611,17.872,18.171,17.872,17.971,1809,0
20130612,17.41,17.99,17.41,17.99,778,0
20130617,17.272,17.626,17.263,17.626,990,0
20130618,18.253,18.253,18.253,18.253,112,0
20130619,18.135,18.135,18.117,18.126,660,0
20130620,18.126,18.163,17.635,17.635,2015,0
20130621,18.316,18.489,18.316,18.489,910,0
20130624,18.262,18.598,18.09,18.171,1377,0
20130625,18.616,18.616,18.135,18.353,4936,0
20130626,18.171,18.171,17.99,18.163,1047,0
20130627,18.299,18.299,18.299,18.299,112,0
20130628,18.541,18.541,18.541,18.541,150,0
20130702,18.399,18.399,17.717,17.898,1028,0
20130703,17.972,18.044,17.972,18.044,440,0
20130705,17.943,17.943,17.943,17.943,112,0
20130709,18.146,18.163,18.146,18.163,880,0
20130710,18.307,18.307,17.947,18.28,771,0
20130711,18.316,18.344,18.316,18.344,1174,0
20130712,18.262,18.762,18.262,18.535,5677,0
20130715,18.353,18.353,18.253,18.253,1473,0
20130716,18.207,18.353,18.207,18.353,3739,0
20130717,18.389,18.862,18.171,18.543,1443,0
20130718,18.552,18.581,18.552,18.581,526,0
20130722,18.217,18.507,18.217,18.353,2530,0
20130724,18.334,18.644,18.307,18.616,7331,0
20130725,18.616,18.889,18.399,18.889,11919,0
20130726,18.743,18.88,18.444,18.444,583,0
20130729,18.625,18.889,18.444,18.844,4563,0
20130730,18.753,18.943,18.671,18.943,2223,0
20130731,18.971,19.388,18.971,19.071,1798,0
20130801,18.625,19.071,18.625,18.897,10788,0
20130802,18.925,19.016,18.653,18.989,6224,0
20130805,19.071,19.261,18.989,18.989,20715,0
20130806,18.897,19.479,18.871,18.871,4564,0
20130807,18.935,19.371,18.866,19.216,19189,0
20130808,19.398,19.488,19.398,19.435,1704,0
20130809,19.161,19.444,19.161,19.343,2092,0
20130812,19.362,19.489,19.362,19.489,991,0
20130813,19.452,20.655,19.444,20.61,12063,0
20130814,20.606,21.556,19.989,20.761,20185,0
20130815,21.46,21.46,19.57,20.533,3454,0
20130816,20.459,21.082,19.656,19.939,6570,0
20130819,19.803,20.529,19.198,19.583,7942,0
20130820,19.528,20.077,19.528,19.839,5323,0
20130821,19.463,19.93,19.198,19.574,4744,0
20130822,20.296,20.296,19.226,19.628,2444,0
20130823,19.574,19.967,19.326,19.437,6890,0
20130826,19.884,19.884,19.198,19.372,3797,0
20130827,19.253,19.547,18.741,19.19,4446,0
20130828,18.759,19.518,18.759,19.518,1628,0
20130829,19.473,19.473,18.569,18.631,4912,0
20130830,18.687,19.454,18.687,19.271,987,0
20130903,19.372,19.566,18.824,18.824,1885,0
20130904,19.19,20.004,18.741,19.446,13152,0
20130905,19.619,20.004,19.619,19.994,4537,0
20130906,19.875,21.073,19.875,20.562,19029,0
20130909,20.378,20.378,18.852,19.262,9406,0
20130910,19.583,20.204,19.583,19.949,8011,0
20130911,20.415,20.415,19.893,19.893,2190,0
20130912,19.994,20.478,19.212,19.839,11676,0
20130913,19.052,19.839,19.052,19.675,13340,0
20130916,19.646,19.747,19.216,19.556,4616,0
20130917,19.646,19.793,18.924,19.437,8187,0
20130918,19.492,19.518,19.245,19.51,1456,0
20130919,19.016,19.382,19.016,19.162,4300,0
20130920,19.335,19.656,19.071,19.071,9391,0
20130923,19.354,19.693,19.29,19.335,3402,0
20130924,19.463,19.637,19.437,19.446,1640,0
20130925,19.382,20.314,19.382,19.482,6017,0
20130926,19.574,20.013,19.216,19.428,4812,0
20130927,19.793,20.323,19.198,19.574,8203,0
20130930,19.693,20.204,19.656,19.665,3501,0
20131001,19.821,21.001,19.5,19.5,37300,0
20131002,18.631,18.631,16.565,17.004,25705,0
20131003,17.435,17.462,17.004,17.462,7875,0
20131004,17.371,17.371,17.168,17.224,7658,0
20131007,17.233,17.233,16.978,17.087,5141,0
20131008,17.087,17.087,16.869,17.087,1093,0
20131009,17.05,17.096,16.922,17.096,3501,0
20131010,17.151,17.371,17.004,17.096,4705,0
20131011,17.014,17.142,17.014,17.077,6891,0
20131014,17.077,17.142,17.05,17.114,5687,0
20131015,17.114,17.114,17.059,17.106,6235,0
20131016,17.106,17.168,17.004,17.142,11922,0
20131017,17.114,17.142,17.032,17.087,4026,0
20131018,17.27,17.27,17.023,17.186,9845,0
20131021,17.361,17.361,17.132,17.132,11157,0
20131022,17.132,17.178,17.059,17.059,1969,0
20131023,17.178,17.178,17.096,17.168,4921,0
20131024,17.068,17.215,17.05,17.151,8422,0
20131025,17.142,17.361,17.114,17.196,17064,0
20131028,17.371,17.371,17.186,17.186,8970,0
20131029,17.27,17.27,16.959,17.124,11704,0
20131030,17.168,17.371,17.168,17.196,3828,0
20131031,17.096,17.233,17.096,17.233,766,0
20131101,17.352,17.398,17.106,17.106,2516,0
20131104,17.096,17.598,17.096,17.379,3938,0
20131105,17.361,17.626,17.16,17.398,1203,0
20131106,17.407,17.554,17.205,17.233,2078,0
20131107,16.913,17.371,16.913,17.186,12798,0
20131108,17.077,17.077,16.94,17.077,3780,0
20131111,16.968,17.334,16.968,17.04,4812,0
20131112,16.978,16.987,16.968,16.987,1203,0
20131113,17.26,17.26,16.968,17.114,3501,0
20131114,17.077,17.26,17.077,17.168,4375,0
20131115,17.142,17.416,17.023,17.416,15970,0
20131118,17.416,17.635,17.186,17.416,2050,0
20131119,17.242,17.416,17.059,17.361,4266,0
20131120,17.352,17.598,17.242,17.242,656,0
20131121,17.233,17.233,17.233,17.233,155,0
20131122,17.581,17.626,17.233,17.507,1861,0
20131125,17.554,17.802,17.554,17.802,1194,0
20131126,17.802,18.41,17.774,18.078,3476,0
20131127,17.941,18.438,17.941,18.06,2715,0
20131129,18.207,18.336,17.636,18.162,5748,0
20131202,18.511,18.511,18.336,18.336,2823,0
20131203,18.603,18.603,18.032,18.576,2063,0
20131204,18.401,18.502,17.959,18.299,5646,0
20131205,17.959,17.959,17.959,17.959,110,0
20131206,18.438,18.696,18.419,18.696,3453,0
20131209,18.649,19.34,18.649,19.137,14116,0
20131210,19.249,19.249,18.954,18.954,2880,0
20131211,19.12,19.754,19.12,19.754,9013,0
20131212,19.616,20.16,19.514,19.865,4452,0
20131213,18.557,19.754,18.548,19.754,3925,0
20131216,19.34,19.607,19.064,19.34,10858,0
20131218,19.533,19.533,18.612,19.017,3366,0
20131219,19.156,19.156,18.603,18.649,8668,0
20131220,18.603,18.612,18.188,18.336,11087,0
20131223,18.308,18.723,18.308,18.586,2930,0
20131224,18.603,18.603,18.06,18.391,3462,0
20131226,18.262,18.871,18.116,18.291,7709,0
20131227,19.33,19.33,18.291,18.447,2497,0
20131230,18.548,18.548,18.382,18.382,2606,0
20131231,18.281,19.193,18.281,19.193,3476,0
20140102,19.035,19.035,18.327,18.475,1950,0
20140103,18.815,19.137,18.696,18.906,1315,0
20140106,19.257,19.257,18.667,18.667,761,0
20140107,18.852,19.249,18.787,18.815,2008,0
20140108,19.12,19.12,18.816,18.972,2556,0
20140109,19.091,19.312,18.447,19.312,13929,0
20140110,19.359,19.699,18.802,19.433,24323,0
20140113,19.488,19.801,19.386,19.653,10604,0
20140114,19.801,20.03,19.791,19.929,3040,0
20140115,20.004,20.86,19.801,20.271,17047,0
20140116,20.436,20.436,19.616,19.662,3257,0
20140117,18.916,20.252,18.916,20.252,648,0
20140121,20.288,20.288,19.801,19.92,996,0
20140122,20.224,20.288,20.168,20.168,3476,0
20140123,20.187,20.288,19.709,20.123,6733,0
20140124,20.243,20.306,19.137,19.828,5755,0
20140127,19.57,19.985,19.202,19.883,9555,0
20140128,19.285,20.28,19.285,20.28,1412,0
20140129,19.718,20.262,19.202,19.92,2252,0
20140130,19.193,19.801,18.465,19.562,14983,0
20140131,19.359,19.359,16.909,18.272,21064,0
20140203,18.373,19.146,18.051,18.686,9825,0
20140204,18.594,19.735,18.52,19.322,7455,0
20140205,19.11,19.33,18.88,19.156,4402,0
20140206,17.931,19.11,17.931,18.88,13552,0
20140207,19.69,19.69,18.032,18.502,2342,0
20140210,18.511,18.511,18.078,18.226,6768,0
20140211,18.097,18.462,17.72,18.051,11548,0
20140212,17.702,18.236,17.462,17.893,14589,0
20140213,17.893,18.125,17.591,18.125,2277,0
20140214,17.591,18.207,17.591,18.097,8708,0
20140218,17.849,18.326,17.554,17.912,5483,0
20140219,17.912,18.078,17.654,18.078,2699,0
20140220,17.507,18.327,17.507,17.884,1933,0
20140221,17.52,18.198,17.52,18.198,781,0
20140224,18.188,18.206,17.535,17.702,1254,0
20140225,17.729,17.959,17.498,17.618,6221,0
20140226,17.922,17.959,17.683,17.683,1950,0
20140227,17.813,18.322,17.813,17.951,2745,0
20140228,17.924,18.322,17.924,18.044,2768,0
20140303,17.84,18.925,17.831,18.109,5231,0
20140304,17.98,18.458,17.98,18.341,1504,0
20140305,18.749,18.768,18.508,18.768,2176,0
20140306,18.749,19.204,18.749,19.111,1576,0
20140307,19.102,19.102,18.573,18.573,397,0
20140310,18.573,18.592,18.573,18.592,1031,0
20140311,18.592,18.592,18.592,18.592,703,0
20140312,17.645,18.758,17.645,18.619,4203,0
20140313,18.137,18.713,18.137,18.286,1334,0
20140314,18.517,18.619,18.182,18.619,1053,0
20140317,18.694,19.121,18.583,19.121,2583,0
20140318,19.121,19.121,19.01,19.01,602,0
20140319,18.861,19.371,18.861,19.371,3858,0
20140321,19.333,19.333,18.833,18.833,1477,0
20140324,19.343,19.389,19.325,19.343,956,0
20140325,18.749,19.389,18.749,19.326,526,0
20140326,19.389,19.529,19.278,19.454,4528,0
20140327,19.389,20.326,19.389,20.047,6440,0
20140328,20.233,20.633,19.955,20.633,9338,0
20140331,23.211,23.211,20.841,21.264,21122,0
20140401,20.707,21.44,20.41,20.493,5516,0
20140403,20.141,21.701,20.132,20.883,12391,0
20140404,20.79,21.153,20.79,21.153,372,0
20140407,21.087,21.337,20.874,21.179,5661,0
20140409,20.827,21.337,20.503,21.153,16700,0
20140410,21.421,22.126,21.337,21.763,9031,0
20140411,21.996,22.331,21.893,22.219,3690,0
20140414,21.801,22.813,20.901,21.282,7413,0
20140415,22.933,22.933,20.651,21.978,9750,0
20140416,21.969,21.969,19.946,20.688,6926,0
20140417,20.503,20.503,19.714,19.909,4334,0
20140421,20.122,20.818,19.798,20.688,2529,0
20140422,20.455,20.455,19.482,19.487,6700,0
20140423,18.954,19.482,18.935,19.343,9484,0
20140424,19.538,19.538,19.408,19.437,1355,0
20140425,19.482,19.482,19.389,19.389,1428,0
20140428,19.111,19.111,19.065,19.065,533,0
20140429,19.055,19.055,19.055,19.055,112,0
20140430,18.935,19.38,18.699,19.343,2000,0
20140501,19.389,19.76,19.389,19.463,3680,0
20140502,19.288,19.833,19.204,19.714,17354,0
20140505,19.807,19.816,19.018,19.71,3692,0
20140506,19.566,19.566,19.566,19.566,470,0
20140507,19.454,19.454,19.454,19.454,320,0
20140508,19.446,19.585,19.446,19.585,736,0
20140512,19.603,20.299,19.297,19.603,8623,0
20140513,19.971,19.985,19.946,19.946,5480,0
20140514,20.283,20.544,20.077,20.095,1372,0
20140515,20.385,21.683,19.778,20.179,9062,0
20140516,20.59,20.665,20.469,20.469,3386,0
20140519,20.618,20.618,20.441,20.441,417,0
20140521,19.535,19.591,19.451,19.591,643,0
20140522,20.512,20.512,19.685,20.132,2936,0
20140523,19.666,20.114,19.628,19.647,3158,0
20140527,19.628,20.086,19.619,19.619,2879,0
20140528,19.815,20.072,19.797,19.806,1318,0
20140529,19.638,20.04,19.302,19.88,4525,0
20140530,20.534,20.534,19.096,19.096,1617,0
20140603,19.264,19.456,19.003,19.04,3179,0
20140604,19.236,19.965,19.236,19.567,4919,0
20140605,19.451,19.61,19.18,19.61,5656,0
20140606,19.731,19.936,19.246,19.628,4640,0
20140609,19.582,20.077,19.582,20.077,4327,0
20140610,20.152,20.45,19.965,20.161,4177,0
20140611,20.497,20.497,20.002,20.488,4701,0
20140612,20.357,20.422,19.899,20.404,2820,0
20140613,20.17,20.516,19.983,20.516,2187,0
20140616,20.347,20.347,20.31,20.347,1834,0
20140617,20.534,20.917,20.534,20.684,2905,0
20140618,20.526,20.898,20.526,20.73,3683,0
20140619,20.544,20.768,20.469,20.507,4101,0
20140620,19.657,19.657,19.638,19.638,370,0
20140623,19.619,20.665,19.619,20.599,3674,0
20140624,19.489,19.965,19.489,19.61,2732,0
20140625,19.545,20.077,19.545,20.077,4699,0
20140626,20.077,20.104,19.75,20.077,3443,0
20140627,20.31,20.357,19.628,19.628,1479,0
20140630,19.591,20.077,19.591,19.815,1657,0
20140701,19.572,20.31,19.572,20.31,456,0
20140702,19.339,20.077,19.339,19.983,5676,0
20140703,19.404,19.899,18.975,19.321,15272,0
20140707,19.087,19.087,18.536,18.751,5486,0
20140708,18.677,18.677,17.611,18.214,9632,0
20140709,18.219,19.124,18.036,18.069,5120,0
20140710,18.312,18.312,18.202,18.293,2728,0
20140711,18.032,18.536,18.032,18.32,2890,0
20140714,18.06,18.349,18.06,18.349,2053,0
20140715,18.209,18.349,18.035,18.163,3563,0
20140716,18.163,18.957,17.929,18.957,15471,0
20140717,18.816,19.395,18.676,19.096,4912,0
20140718,18.977,18.977,18.629,18.676,2157,0
20140722,18.909,18.909,18.032,18.76,2852,0
20140723,19.05,19.05,18.676,18.676,1853,0
20140724,18.984,19.05,18.583,18.583,5850,0
20140725,18.619,18.619,18.619,18.619,108,0
20140729,19.05,19.096,18.2,18.367,1203,0
20140730,18.168,18.168,18.168,18.168,307,0
20140731,18.238,18.583,18.238,18.583,3618,0
20140801,18.583,18.583,18.583,18.583,175,0
20140804,19.329,19.329,18.377,18.48,1229,0
20140805,18.172,18.396,16.892,17.602,34304,0
20140806,19.003,19.003,17.415,17.592,18750,0
20140807,17.742,18.06,17.228,17.939,35178,0
20140808,17.77,17.817,17.518,17.817,13764,0
20140811,17.696,17.91,17.648,17.882,2393,0
20140812,17.741,17.751,17.741,17.741,2582,0
20140813,17.751,18.494,17.713,18.164,31001,0
20140814,18.164,18.87,18.164,18.306,13543,0
20140815,18.109,18.824,17.741,18.447,19142,0
20140818,18.231,18.353,17.991,18.249,30193,0
20140819,18.607,18.843,18.099,18.212,28598,0
20140820,18.503,18.748,18.146,18.24,32717,0
20140821,18.447,18.644,18.221,18.334,8547,0
20140822,18.371,18.4,17.864,17.901,6684,0
20140825,18.099,18.57,18.071,18.457,3751,0
20140826,18.457,18.541,18.258,18.466,4162,0
20140827,18.353,18.353,17.882,18.296,7449,0
20140828,18.109,18.202,17.939,18.159,4050,0
20140829,18.202,18.202,17.977,18.08,761,0
20140902,18.118,18.438,17.732,18.014,8716,0
20140903,17.882,18.334,17.882,17.891,12605,0
20140904,18.033,18.061,17.741,17.882,3800,0
20140905,18.023,18.315,17.76,17.882,6177,0
20140908,18.071,18.296,17.74,17.778,7399,0
20140909,17.835,18.212,17.788,18.023,4858,0
20140910,17.929,18.087,17.713,17.883,5953,0
20140911,17.797,18.331,17.703,17.864,4435,0
20140912,17.732,17.91,17.694,17.732,4064,0
20140915,18.109,18.109,17.694,17.788,1795,0
20140916,17.864,18.033,17.864,17.958,2652,0
20140917,17.835,18.136,17.788,17.835,3420,0
20140918,17.835,18.476,17.797,18.381,13806,0
20140919,17.977,18.484,17.977,18.484,5533,0
20140922,18.221,18.249,17.91,17.939,2446,0
20140923,17.92,18.258,17.794,17.882,3447,0
20140924,17.816,18.296,17.816,17.882,1704,0
20140925,18.08,18.08,17.788,17.891,1195,0
20140926,17.797,18.257,17.797,17.92,1793,0
20140929,17.788,17.882,17.788,17.882,1734,0
20140930,17.939,18.306,17.939,18.306,825,0
20141001,17.882,17.882,17.223,17.638,9620,0
20141002,17.506,17.881,17.497,17.788,3412,0
20141003,17.694,17.694,17.115,17.6,1444,0
20141006,17.553,17.703,17.411,17.534,6601,0
20141007,17.619,17.873,17.036,17.6,3395,0
20141008,17.317,17.317,16.885,16.885,1733,0
20141009,16.941,17.298,15.699,16.941,3898,0
20141010,17.506,17.882,16.941,17.751,6114,0
20141013,16.941,16.941,16.338,16.338,346,0
20141014,16.941,16.941,16.518,16.633,4010,0
20141015,16.791,18.164,16.791,18.164,1302,0
20141016,16.799,17.365,16.799,17.365,1954,0
20141017,17.365,17.854,17.365,17.845,1387,0
20141020,16.979,16.979,16.799,16.847,1023,0
20141021,16.988,17.619,16.009,16.913,9736,0
20141023,17.308,17.336,17.308,17.336,562,0
20141024,17.355,17.355,17.336,17.336,584,0
20141027,17.506,17.6,16.65,16.687,1399,0
20141028,16.894,17.724,16.894,17.629,8730,0
20141029,17.553,17.882,17.553,17.882,7248,0
20141030,17.591,17.666,17.581,17.581,1840,0
20141031,17.873,17.873,17.741,17.741,985,0
20141103,16.96,17.43,16.96,17.43,678,0
20141104,17.43,17.43,16.979,17.13,2812,0
20141105,17.402,17.835,17.223,17.271,1515,0
20141106,17.487,17.882,17.317,17.873,3980,0
20141107,17.882,17.882,17.459,17.619,2608,0
20141110,18.202,18.588,17.854,18.118,11046,0
20141111,18.258,18.258,17.411,17.516,6760,0
20141112,17.967,17.967,17.524,17.524,266,0
20141113,17.864,17.873,17.864,17.873,391,0
20141114,17.656,18.588,17.647,18.118,34609,0
20141117,18.118,18.972,18.118,18.118,11029,0
20141118,18.673,18.752,18.353,18.353,2410,0
20141119,18.588,18.588,18.198,18.202,7016,0
20141120,18.164,18.579,17.882,18.061,5971,0
20141121,17.881,18.203,17.881,18.203,2962,0
20141124,18.26,18.279,18.213,18.279,828,0
20141125,18.289,18.459,18.031,18.033,9344,0
20141126,18.26,18.26,18.165,18.217,2464,0
20141128,18.26,18.564,18.203,18.564,922,0
20141201,18.686,18.686,18.033,18.08,3885,0
20141202,18.033,18.308,18.023,18.289,3272,0
20141203,18.08,18.175,17.881,17.976,11324,0
20141204,18.213,18.213,18.037,18.109,1565,0
20141205,18.203,18.232,18.113,18.113,1179,0
20141208,18.203,18.203,18.023,18.194,2064,0
20141209,18.127,18.222,17.985,17.985,4735,0
20141210,18.175,18.219,18.023,18.023,951,0
20141211,18.175,18.26,17.976,18.071,15865,0
20141212,18.45,18.497,18.118,18.45,9810,0
20141215,18.75,18.75,17.82,18.3,5019,0
20141216,18.188,18.188,16.57,16.57,2206,0
20141217,17.04,18.299,16.57,16.61,6108,0
20141218,17.25,17.7,16.76,17.36,5258,0
20141219,17.53,18.056,17.53,17.63,2047,0
20141222,17.94,17.94,17,17.55,4264,0
20141223,17.22,17.57,17.22,17.57,863,0
20141224,17.98,17.98,17.37,17.37,1536,0
20141226,17.6,17.6,17,17.1,4011,0
20141229,17.01,17.88,17,17.176,2093,0
20141230,17.18,17.23,17.05,17.115,2252,0
20141231,17.25,17.25,17.01,17.025,4311,0
20150102,17.23,17.24,16.9,17,12994,0
20150105,17.09,17.09,16.9,16.95,3792,0
20150106,17.17,17.17,16.8,17.16,812,0
20150107,17.34,18.162,17.34,18.039,4310,0
20150108,17.5,17.84,17.5,17.75,2059,0
20150109,17.7,18.23,17.5,18.14,9982,0
20150112,17.65,17.99,17.65,17.92,8013,0
20150113,17.89,17.9,17.89,17.89,450,0
20150114,18,18.41,17.51,17.86,9030,0
20150115,17.72,18.41,17.69,17.97,3398,0
20150116,17.56,17.678,17.505,17.54,2150,0
