Date,Open,High,Low,Close,Volume,OpenInt
20050225,10.441,10.441,10.441,10.441,551,0
20050228,10.33,10.33,10.312,10.312,1759,0
20050301,10.174,10.239,10.174,10.239,1104,0
20050303,10.312,10.312,10.312,10.312,551,0
20050304,10.174,10.312,10.146,10.312,4929,0
20050307,10.312,10.358,10.312,10.358,2543,0
20050308,10.58,10.58,10.58,10.58,1195,0
20050309,10.312,10.312,10.312,10.312,5406,0
20050310,10.441,10.441,10.312,10.312,1292,0
20050316,10.174,10.33,10.035,10.33,12052,0
20050317,10.09,10.09,10.09,10.09,370,0
20050318,10.23,10.312,10.09,10.312,7299,0
20050321,10.312,10.312,10.312,10.312,3687,0
20050329,10.303,10.312,10.303,10.312,12548,0
20050330,10.312,10.312,10.312,10.312,1475,0
20050331,10.358,10.358,10.358,10.358,921,0
20050407,10.284,10.441,10.258,10.258,10138,0
20050408,10.258,10.58,10.258,10.58,2350,0
20050412,10.258,11.125,10.258,10.746,17023,0
20050413,10.848,10.848,10.848,10.848,370,0
20050418,10.441,10.441,10.441,10.441,1468,0
20050420,10.58,10.718,10.58,10.718,2397,0
20050421,10.718,10.718,10.718,10.718,921,0
20050422,10.718,10.718,10.718,10.718,1104,0
20050425,10.718,10.718,10.718,10.718,921,0
20050426,10.58,10.58,10.441,10.441,1113,0
20050503,10.718,10.718,10.718,10.718,1658,0
20050504,10.58,10.848,10.58,10.848,1292,0
20050505,10.848,10.848,10.848,10.848,1842,0
20050509,10.986,10.986,10.986,10.986,370,0
20050510,10.986,11.069,10.848,10.986,3955,0
20050511,11.125,11.366,10.848,11.338,15158,0
20050513,11.254,11.254,11.254,11.254,370,0
20050516,11.338,11.338,11.254,11.254,2623,0
20050517,10.986,10.986,10.986,10.986,1698,0
20050524,11.254,11.254,10.986,10.986,1934,0
20050602,11.254,11.393,11.226,11.393,8585,0
20050603,11.393,11.393,11.393,11.393,3203,0
20050606,11.393,11.393,11.393,11.393,2368,0
20050607,11.393,11.66,11.393,11.393,3739,0
20050608,11.66,11.66,11.66,11.66,1292,0
20050614,11.937,11.937,11.937,11.937,921,0
20050616,11.799,11.937,11.799,11.937,1475,0
20050617,11.799,11.827,11.799,11.827,1324,0
20050627,11.937,11.937,11.937,11.937,522,0
20050628,11.937,12.961,11.937,12.961,2397,0
20050629,12.205,12.205,12.205,12.205,737,0
20050630,12.205,12.75,12.205,12.75,737,0
20050701,12.481,12.481,12.481,12.481,551,0
20050705,13.017,13.017,12.481,12.806,2332,0
20050706,12.952,12.952,12.952,12.952,688,0
20050707,12.952,12.952,12.952,12.952,278,0
20050708,12.879,12.98,11.937,11.937,4251,0
20050713,12.843,13.017,12.843,13.017,878,0
20050715,13.017,13.017,12.298,12.481,1128,0
20050719,13.017,13.017,13.017,13.017,1104,0
20050725,12.481,12.481,12.481,12.481,278,0
20050803,12.481,12.481,12.481,12.481,180,0
20050804,12.408,13.017,12.408,12.98,1104,0
20050808,12.658,12.658,12.298,12.298,1738,0
20050809,12.298,12.843,12.298,12.481,3318,0
20050811,12.481,12.481,12.481,12.481,415,0
20050812,12.298,12.298,12.298,12.298,366,0
20050816,12.298,12.298,12.298,12.298,1181,0
20050817,12.658,12.658,12.298,12.298,1250,0
20050819,12.621,12.621,12.621,12.621,3871,0
20050823,12.658,12.658,12.658,12.658,1104,0
20050824,12.658,12.658,12.298,12.298,1658,0
20050826,12.481,12.481,12.298,12.481,3993,0
20050831,12.481,12.481,12.316,12.316,4560,0
20050901,12.298,12.298,12.298,12.298,1205,0
20050907,12.372,12.372,12.372,12.372,456,0
20050908,12.372,12.481,12.298,12.481,5530,0
20050912,12.546,12.546,12.298,12.298,829,0
20050914,12.298,12.298,12.298,12.298,3871,0
20050915,12.372,12.372,12.298,12.298,2624,0
20050916,12.298,12.298,12.298,12.298,278,0
20050921,11.937,11.937,11.937,11.937,415,0
20050922,11.753,11.937,11.753,11.937,888,0
20050923,11.578,11.79,11.578,11.79,688,0
20050926,11.79,11.79,11.578,11.578,447,0
20050927,11.678,11.79,11.578,11.79,2074,0
20050928,11.578,11.578,11.429,11.429,1173,0
20050929,11.578,11.578,11.393,11.393,1658,0
20051003,11.207,11.207,11.207,11.207,278,0
20051004,11.207,11.503,11.069,11.069,10822,0
20051006,11.107,11.144,11.069,11.069,2624,0
20051007,10.922,11.144,10.922,11.144,967,0
20051011,11.069,11.393,11.069,11.144,3473,0
20051018,10.636,10.792,10.636,10.792,1977,0
20051019,11.014,11.014,11.014,11.014,264,0
20051025,11.014,11.585,10.82,11.585,6027,0
20051026,11.66,11.66,11.393,11.393,1583,0
20051028,11.772,11.772,11.585,11.585,525,0
20051101,11.393,11.393,11.393,11.393,129,0
20051102,11.393,11.622,11.393,11.622,5278,0
20051103,10.839,10.839,10.839,10.839,264,0
20051104,11.014,11.622,11.014,11.622,656,0
20051107,11.161,11.161,11.161,11.161,264,0
20051108,11.393,11.393,11.393,11.393,1316,0
20051109,11.393,11.393,11.393,11.393,298,0
20051110,11.161,11.393,11.161,11.393,3356,0
20051116,11.088,11.088,11.014,11.014,525,0
20051121,10.82,10.82,10.82,10.82,2106,0
20051122,11.014,11.014,11.014,11.014,1975,0
20051123,11.014,11.014,11.014,11.014,264,0
20051128,11.014,11.014,11.014,11.014,656,0
20051130,11.014,11.014,10.939,10.939,752,0
20051202,10.82,10.82,10.746,10.82,1251,0
20051205,10.82,11.014,10.746,10.939,3950,0
20051207,11.014,11.014,10.82,10.82,1699,0
20051208,10.82,10.82,10.82,10.82,1316,0
20051209,11.014,11.014,10.746,11.014,4399,0
20051213,10.82,10.829,10.82,10.829,2671,0
20051214,11.014,11.014,11.014,11.014,965,0
20051215,10.904,10.904,10.441,10.82,6918,0
20051216,10.709,11.014,10.709,11.014,525,0
20051219,10.709,10.709,10.709,10.709,129,0
20051221,10.746,10.82,10.746,10.82,1682,0
20051222,11.014,11.014,10.636,10.636,1052,0
20051223,10.441,10.441,10.441,10.441,1052,0
20051227,10.82,10.82,10.636,10.636,2369,0
20051228,10.82,10.82,10.82,10.82,921,0
20051229,10.82,10.82,10.636,10.636,1974,0
20051230,10.82,11.014,10.82,11.014,6531,0
20060103,11.014,11.014,10.82,10.82,1425,0
20060104,10.636,10.82,10.636,10.82,330,0
20060105,11.014,11.014,11.014,11.014,264,0
20060117,10.755,10.967,10.755,10.967,760,0
20060120,10.976,11.393,10.976,11.198,1182,0
20060124,11.319,11.319,11.319,11.319,129,0
20060126,11.319,11.319,10.829,10.829,1579,0
20060127,10.829,10.829,10.829,10.829,1842,0
20060130,10.848,10.848,10.829,10.829,791,0
20060201,10.829,10.829,10.82,10.82,2082,0
20060202,10.82,11.393,10.783,11.393,2564,0
20060203,11.393,11.503,10.405,11.503,4118,0
20060206,11.503,11.503,10.682,10.682,1579,0
20060207,11.014,11.014,10.82,10.82,3292,0
20060208,11.319,11.319,11.319,11.319,1316,0
20060209,10.718,11.125,10.718,11.125,826,0
20060210,10.718,10.718,10.718,10.718,264,0
20060214,11.319,11.319,11.319,11.319,1316,0
20060217,11.319,11.319,11.319,11.319,222,0
20060221,10.904,10.904,10.904,10.904,264,0
20060223,11.282,11.282,10.939,11.014,4031,0
20060227,11.772,12.149,11.393,11.892,2209,0
20060228,11.319,11.319,11.319,11.319,3950,0
20060306,11.466,11.466,11.466,11.466,129,0
20060307,11.198,11.393,11.198,11.393,656,0
20060308,11.198,11.198,11.198,11.198,154,0
20060309,11.198,11.198,11.198,11.198,656,0
20060310,11.393,11.393,11.014,11.014,1052,0
20060316,11.088,11.088,11.014,11.088,3800,0
20060320,11.161,11.393,11.014,11.393,15019,0
20060322,11.014,11.014,11.014,11.014,2108,0
20060323,11.014,11.014,11.014,11.014,1776,0
20060324,10.904,10.904,10.904,10.904,1182,0
20060328,11.245,11.245,10.904,10.904,1658,0
20060331,10.904,10.904,10.904,10.904,264,0
20060403,11.198,11.198,11.198,11.198,1316,0
20060405,10.709,11.393,10.709,11.393,5542,0
20060406,11.356,11.356,11.356,11.356,1316,0
20060410,10.939,10.939,10.939,10.939,2330,0
20060412,11.088,11.282,11.088,11.245,6187,0
20060413,11.161,11.161,11.161,11.161,722,0
20060419,11.088,11.088,11.088,11.088,656,0
20060420,11.014,11.014,11.014,11.014,791,0
20060421,10.82,11.014,10.82,11.014,1801,0
20060424,10.82,11.161,10.82,11.161,4567,0
20060428,10.82,11.198,10.673,10.673,7278,0
20060502,10.709,11.161,10.709,11.088,1842,0
20060503,11.014,11.014,10.82,11.014,1182,0
20060504,11.014,11.125,11.014,11.125,656,0
20060509,10.746,11.125,10.746,11.125,5527,0
20060511,11.014,11.014,11.014,11.014,2632,0
20060512,10.636,10.636,10.636,10.636,264,0
20060515,10.636,10.636,10.063,10.063,5962,0
20060516,10.258,10.441,10.063,10.441,4025,0
20060517,10.33,10.33,10.258,10.33,2568,0
20060518,10.258,10.258,10.258,10.258,656,0
20060519,10.441,10.441,9.989,10.441,2500,0
20060522,9.989,9.989,9.878,9.878,525,0
20060523,10.258,10.441,10.258,10.441,1494,0
20060524,10.258,10.258,10.258,10.258,590,0
20060526,9.953,9.953,9.953,9.953,129,0
20060530,9.878,9.878,9.878,9.878,661,0
20060531,9.878,10.063,9.878,9.989,4490,0
20060601,10.258,10.258,10.258,10.258,1975,0
20060602,10.636,10.636,10.258,10.258,2238,0
20060606,9.989,9.989,9.989,9.989,264,0
20060607,9.989,9.989,9.878,9.878,1449,0
20060608,10.441,11.198,10.258,11.198,3025,0
20060609,11.198,11.393,11.014,11.393,4144,0
20060612,11.393,11.393,11.393,11.393,154,0
20060616,10.636,10.636,10.636,10.636,656,0
20060619,10.82,11.198,10.636,10.636,7579,0
20060620,11.198,11.198,10.636,10.636,2532,0
20060621,10.636,10.636,10.636,10.636,292,0
20060622,10.258,10.258,10.258,10.258,656,0
20060623,10.441,10.441,10.441,10.441,397,0
20060627,10.063,10.063,10.063,10.063,198,0
20060628,10.258,10.258,10.258,10.258,198,0
20060630,10.636,10.746,10.258,10.746,1055,0
20060703,10.258,10.258,10.258,10.258,1504,0
20060705,10.258,10.258,10.258,10.258,129,0
20060710,10.258,10.258,10.063,10.137,6318,0
20060718,10.063,10.063,10.063,10.063,3031,0
20060719,10.063,10.063,10.063,10.063,1052,0
20060720,10.258,10.258,10.258,10.258,656,0
20060721,10.063,10.783,10.063,10.746,27389,0
20060724,10.441,10.636,10.441,10.636,3025,0
20060725,10.636,10.636,10.063,10.063,264,0
20060726,9.953,9.953,9.953,9.953,129,0
20060727,10.441,10.441,10.441,10.441,656,0
20060728,10.258,10.636,10.258,10.636,4476,0
20060731,10.441,10.636,10.441,10.636,5122,0
20060801,10.561,10.783,9.887,10.636,5889,0
20060802,10.478,11.014,10.258,10.82,18194,0
20060803,11.014,11.014,11.014,11.014,15066,0
20060807,10.82,10.82,10.82,10.82,2369,0
20060808,10.783,10.783,10.783,10.783,1316,0
20060815,10.783,10.82,10.783,10.82,2632,0
20060816,10.783,10.783,10.783,10.783,1579,0
20060817,10.636,10.82,10.636,10.636,3127,0
20060818,10.636,10.636,10.636,10.636,1316,0
20060822,10.636,10.636,10.636,10.636,1711,0
20060823,10.441,10.441,10.063,10.063,779,0
20060825,10.636,10.636,10.636,10.636,615,0
20060828,10.636,10.636,10.441,10.441,1189,0
20060831,10.636,10.636,10.636,10.636,533,0
20060901,10.1,10.441,10.1,10.441,525,0
20060908,10.441,10.441,10.441,10.441,397,0
20060912,10.636,10.636,10.441,10.441,798,0
20060913,10.441,10.441,10.441,10.441,525,0
20060914,10.258,10.258,10.1,10.1,3179,0
20060918,10.1,10.1,10.1,10.1,2765,0
20060919,9.915,10.1,9.878,9.878,10387,0
20060921,10.258,10.258,10.146,10.146,525,0
20060922,10.146,10.146,10.137,10.137,525,0
20060925,10.146,10.258,10.146,10.258,1316,0
20060926,10.258,10.258,10.258,10.258,264,0
20060927,10.368,10.368,10.368,10.368,264,0
20060928,10.258,10.258,10.137,10.137,1975,0
20060929,10.368,10.368,10.368,10.368,546,0
20061002,10.368,10.636,10.258,10.258,5661,0
20061003,10.258,10.33,10.258,10.33,499,0
20061006,10.193,10.193,10.193,10.193,1238,0
20061009,10.33,10.636,10.33,10.636,784,0
20061010,10.515,10.82,10.258,10.82,4559,0
20061011,11.366,11.366,10.571,10.571,879,0
20061012,10.608,10.608,10.165,10.368,2137,0
20061013,10.368,10.368,10.368,10.368,1576,0
20061016,10.451,10.451,10.451,10.451,1003,0
20061017,10.045,10.249,10.007,10.007,2381,0
20061018,9.97,10.33,9.887,10.249,9909,0
20061019,10.249,10.284,10.211,10.211,2420,0
20061020,10.128,10.488,9.601,10.488,8369,0
20061026,10.405,10.608,10.368,10.608,1755,0
20061027,10.571,11.004,10.571,11.004,1780,0
20061030,10.451,10.571,10.451,10.571,880,0
20061031,11.161,11.569,10.764,11.366,6152,0
20061101,11.569,11.569,10.967,11.366,23573,0
20061102,11.366,11.366,11.366,11.366,250,0
20061106,11.366,11.366,11.366,11.366,879,0
20061107,11.042,11.042,10.967,10.967,879,0
20061108,10.967,10.967,10.967,10.967,865,0
20061109,10.967,10.967,10.967,10.967,250,0
20061114,10.848,10.848,10.571,10.571,3073,0
20061115,10.764,10.764,10.764,10.764,525,0
20061116,10.368,10.368,10.165,10.165,3575,0
20061117,10.211,10.211,10.211,10.211,502,0
20061121,10.165,10.967,10.165,10.967,5925,0
20061122,10.451,10.692,10.451,10.692,11724,0
20061128,10.284,10.284,10.284,10.284,772,0
20061129,10.09,10.33,10.09,10.33,879,0
20061130,10.09,10.571,10.072,10.081,2046,0
20061201,10.072,10.571,10.072,10.33,2932,0
20061205,10.571,10.922,10.451,10.451,5266,0
20061206,10.692,10.692,10.405,10.405,5014,0
20061207,10.755,10.755,10.368,10.405,2256,0
20061208,10.755,10.755,10.755,10.755,250,0
20061211,10.571,10.571,10.571,10.571,502,0
20061212,10.211,10.211,10.165,10.165,1881,0
20061213,10.249,10.249,10.128,10.128,1681,0
20061214,10.128,10.755,10.128,10.284,1167,0
20061215,10.128,10.128,10.128,10.128,123,0
20061218,10.09,10.09,10.09,10.09,123,0
20061220,10.368,10.368,10.368,10.368,1755,0
20061222,10.128,10.571,10.128,10.368,2130,0
20061226,10.33,10.33,10.165,10.211,4456,0
20061227,10.284,10.284,10.284,10.284,250,0
20061228,10.451,10.451,9.97,9.97,1881,0
20061229,9.97,10.571,9.97,10.571,2787,0
20070103,10.368,10.368,10.165,10.165,1150,0
20070104,10.488,10.488,10.488,10.488,1035,0
20070105,10.571,10.571,10.165,10.571,4576,0
20070109,10.571,10.571,10.571,10.571,250,0
20070110,10.488,10.488,10.368,10.368,1378,0
20070112,10.368,10.368,10.368,10.368,250,0
20070116,10.368,10.571,10.368,10.571,1825,0
20070118,10.211,10.211,9.97,10.211,2172,0
20070119,10.211,10.368,10.128,10.128,2007,0
20070122,10.284,10.284,10.284,10.284,1255,0
20070123,10.137,10.146,10.128,10.146,1003,0
20070124,10.211,10.211,10.211,10.211,388,0
20070125,10.165,10.33,10.165,10.33,3761,0
20070126,10.321,10.321,10.321,10.321,250,0
20070129,10.321,10.321,10.211,10.211,2007,0
20070130,10.165,10.211,10.007,10.211,4388,0
20070131,10.211,10.211,10.165,10.165,1182,0
20070201,10.284,10.967,10.284,10.967,22167,0
20070202,10.764,10.848,10.368,10.764,26915,0
20070205,10.746,10.746,10.746,10.746,626,0
20070207,10.608,10.608,10.608,10.608,502,0
20070208,10.608,10.608,10.608,10.608,185,0
20070209,10.488,10.488,10.488,10.488,250,0
20070212,10.608,10.608,10.488,10.571,8494,0
20070215,10.571,10.764,10.571,10.764,2508,0
20070216,10.571,10.571,10.571,10.571,1210,0
20070221,10.692,10.692,10.692,10.692,123,0
20070222,10.608,10.764,10.608,10.764,2104,0
20070223,10.608,10.764,10.608,10.764,1881,0
20070226,10.692,10.764,10.608,10.692,6824,0
20070227,10.764,10.764,10.692,10.764,1378,0
20070228,10.967,10.967,10.967,10.967,518,0
20070301,10.645,10.727,10.645,10.727,2632,0
20070302,10.764,10.764,10.764,10.764,2508,0
20070306,10.764,10.885,10.617,10.617,3008,0
20070307,10.608,10.727,10.608,10.727,525,0
20070308,10.764,10.848,10.571,10.764,5096,0
20070312,10.692,10.692,10.692,10.692,1255,0
20070313,10.645,10.967,10.645,10.967,1255,0
20070320,10.764,10.764,10.608,10.645,4431,0
20070321,10.764,10.764,10.764,10.764,1255,0
20070322,10.967,10.967,10.967,10.967,686,0
20070323,10.967,10.967,10.967,10.967,250,0
20070326,10.967,10.967,10.967,10.967,2130,0
20070327,10.967,10.967,10.848,10.848,3980,0
20070328,10.967,10.967,10.368,10.958,3640,0
20070329,10.967,10.967,10.967,10.967,1546,0
20070330,10.967,10.967,10.764,10.764,3089,0
20070404,10.617,10.617,10.617,10.617,217,0
20070405,10.764,10.764,10.617,10.764,2383,0
20070409,10.764,10.764,10.645,10.645,3572,0
20070410,10.626,10.626,10.608,10.608,2740,0
20070411,10.617,10.764,10.617,10.764,2946,0
20070413,10.764,10.764,10.764,10.764,185,0
20070416,10.922,10.922,10.811,10.811,1255,0
20070419,10.922,10.967,10.645,10.645,4839,0
20070420,10.617,10.617,10.617,10.617,250,0
20070423,10.608,10.608,10.608,10.608,1714,0
20070424,10.922,10.922,10.922,10.922,123,0
20070425,10.967,10.967,10.967,10.967,855,0
20070426,10.922,10.922,10.764,10.764,1718,0
20070427,10.922,10.922,10.922,10.922,378,0
20070430,10.764,10.967,10.764,10.922,3657,0
20070501,11.161,11.485,11.161,11.272,27108,0
20070502,11.161,11.161,11.161,11.161,3791,0
20070504,11.161,11.328,11.161,11.328,10695,0
20070507,11.328,11.328,11.328,11.328,1208,0
20070508,11.559,11.559,11.559,11.559,130,0
20070509,11.559,11.641,11.559,11.641,292,0
20070511,11.161,11.161,11.004,11.004,502,0
20070516,11.161,11.161,11.097,11.097,752,0
20070517,11.004,11.004,11.004,11.004,673,0
20070524,10.645,11.125,10.608,11.125,1512,0
20070530,11.004,11.919,11.004,11.919,3761,0
20070531,11.882,11.882,11.161,11.31,3005,0
20070604,11.559,11.559,11.559,11.559,123,0
20070606,11.097,11.097,10.848,10.848,1101,0
20070608,10.967,11.559,10.967,11.263,3753,0
20070611,11.161,11.161,11.161,11.161,626,0
20070612,10.976,11.207,10.867,11.207,6831,0
20070615,11.725,12.787,11.161,12.741,8999,0
20070618,12.084,12.362,12.084,12.159,2374,0
20070619,11.772,11.772,11.772,11.772,1003,0
20070621,11.762,11.762,11.762,11.762,441,0
20070629,11.965,11.984,11.965,11.965,4521,0
20070710,11.965,11.965,11.864,11.864,1127,0
20070716,12.675,12.675,12.675,12.675,314,0
20070717,11.965,11.965,11.965,11.965,1255,0
20070718,11.965,12.325,11.366,11.937,5406,0
20070719,11.965,11.965,11.725,11.845,1757,0
20070720,11.799,12.344,11.799,12.344,1505,0
20070723,11.569,12.27,11.569,12.27,5942,0
20070724,11.965,12.335,11.965,12.002,3932,0
20070727,12.002,12.002,11.919,11.975,4012,0
20070730,12.353,12.353,12.353,12.353,1294,0
20070731,11.965,13.082,11.965,12.499,6300,0
20070801,13.156,13.156,12.759,13.156,3250,0
20070802,13.119,13.119,12.759,12.961,2834,0
20070803,12.961,12.961,12.759,12.759,19543,0
20070806,12.961,12.961,12.759,12.759,9031,0
20070808,12.454,12.454,12.454,12.454,368,0
20070809,12.565,12.565,12.565,12.565,626,0
20070814,12.012,12.012,12.012,12.012,123,0
20070815,12.446,12.446,12.446,12.446,626,0
20070816,11.975,11.975,11.781,11.781,378,0
20070817,11.827,11.827,11.366,11.366,378,0
20070820,11.366,11.366,11.366,11.366,123,0
20070821,11.419,11.419,10.645,10.701,24854,0
20070822,10.571,10.958,10.571,10.939,23704,0
20070823,10.967,11.161,10.967,11.161,1769,0
20070824,10.948,10.948,10.948,10.948,123,0
20070827,11.161,11.161,11.161,11.161,123,0
20070828,10.967,11.347,10.967,11.347,3637,0
20070830,10.922,10.922,10.922,10.922,2571,0
20070831,11.366,11.366,11.245,11.245,634,0
20070905,10.967,10.967,10.967,10.967,762,0
20070906,11.161,11.161,11.004,11.004,626,0
20070907,10.967,10.967,10.967,10.967,2508,0
20070911,10.967,10.967,10.967,10.967,368,0
20070914,10.967,10.967,10.967,10.967,690,0
20070917,10.967,11.004,10.967,10.967,3889,0
20070919,11.004,11.004,10.967,10.967,4010,0
20070920,10.976,11.198,10.976,11.198,5172,0
20070921,11.328,11.328,11.328,11.328,502,0
20070924,11.328,11.328,11.207,11.207,378,0
20070925,11.207,11.207,11.207,11.207,1255,0
20070926,11.161,11.161,11.161,11.161,879,0
20070927,11.245,11.245,11.245,11.245,502,0
20070928,11.559,11.569,11.366,11.448,7117,0
20071002,11.569,11.965,11.569,11.965,4061,0
20071003,11.965,11.965,11.762,11.762,3521,0
20071005,11.65,11.65,11.641,11.641,1255,0
20071008,11.541,11.688,11.541,11.569,2810,0
20071009,11.965,11.965,11.762,11.762,378,0
20071010,11.965,12.362,11.956,12.362,2440,0
20071011,11.725,11.937,10.885,11.937,958,0
20071012,12.27,12.27,12.019,12.019,597,0
20071015,11.937,11.937,11.937,11.937,118,0
20071016,11.937,12.27,11.937,12.27,1258,0
20071017,11.975,12.075,11.937,12.075,3464,0
20071018,12.454,12.462,12.454,12.454,2147,0
20071019,11.937,11.937,11.937,11.937,3112,0
20071022,11.937,11.937,11.937,11.937,1791,0
20071024,11.937,11.937,11.725,11.937,1912,0
20071025,12.731,12.731,11.762,11.762,955,0
20071026,12.019,12.019,12.019,12.019,868,0
20071029,12.462,12.694,11.937,12.187,3749,0
20071030,12.019,12.019,12.019,12.019,837,0
20071031,12.187,12.565,11.845,12.565,4194,0
20071101,12.307,12.555,12.187,12.187,837,0
20071102,12.565,12.565,12.187,12.187,3883,0
20071105,12.196,12.196,12.187,12.187,7087,0
20071107,12.14,12.509,12.14,12.509,2268,0
20071108,12.14,12.187,12.14,12.187,2363,0
20071112,12.14,12.187,12.14,12.187,11106,0
20071114,12.565,12.565,12.565,12.565,236,0
20071115,12.565,12.565,12.14,12.14,10912,0
20071116,12.14,12.546,12.14,12.546,597,0
20071119,12.565,12.565,12.241,12.241,837,0
20071129,11.762,11.937,11.762,11.937,626,0
20071130,11.937,11.937,11.928,11.928,360,0
20071203,11.762,11.772,11.762,11.772,477,0
20071204,11.808,11.808,11.808,11.808,929,0
20071206,12.14,12.14,12.14,12.14,236,0
20071207,11.762,11.762,11.762,11.762,236,0
20071210,11.762,11.762,11.725,11.725,597,0
20071212,11.734,11.845,11.725,11.725,3649,0
20071213,11.725,11.734,10.885,10.885,647,0
20071214,11.513,11.513,11.513,11.513,118,0
20071217,11.3,11.3,11.3,11.3,236,0
20071218,11.3,11.3,10.885,11.144,2929,0
20071219,11.641,11.641,10.885,11.051,2447,0
20071221,11.937,11.937,10.967,10.967,714,0
20071224,11.799,11.799,11.799,11.799,118,0
20071226,12.353,12.353,12.353,12.353,118,0
20071228,11.097,11.097,11.097,11.097,477,0
20071231,11.097,11.097,10.857,11.097,2916,0
20080102,11.725,11.725,11.725,11.725,360,0
20080103,11.716,12.131,11.716,12.131,3774,0
20080104,11.808,11.817,11.808,11.808,631,0
20080107,11.892,11.892,11.892,11.892,895,0
20080108,11.892,11.892,11.892,11.892,1731,0
20080109,11.892,11.892,11.725,11.725,1118,0
20080110,11.937,11.937,11.762,11.937,1914,0
20080114,11.725,11.725,11.725,11.725,236,0
20080116,12.14,12.14,11.393,11.393,4330,0
20080117,11.393,11.873,11.393,11.475,3453,0
20080118,11.3,11.622,11.3,11.622,837,0
20080122,11.595,11.595,11.595,11.595,1433,0
20080123,11.678,11.725,11.347,11.347,1971,0
20080124,11.641,11.641,11.641,11.641,166,0
20080125,11.725,12.251,11.725,12.251,714,0
20080128,11.725,11.725,11.725,11.725,535,0
20080129,11.937,11.937,11.937,11.937,275,0
20080130,11.725,11.854,11.725,11.854,4058,0
20080131,11.836,11.836,11.836,11.836,1313,0
20080201,11.956,11.956,11.937,11.937,551,0
20080206,12.26,12.26,12.187,12.187,3200,0
20080207,12.187,12.187,12.187,12.187,10013,0
20080208,12.307,12.307,12.307,12.307,13228,0
20080211,11.975,11.975,11.975,11.975,1559,0
20080213,11.559,11.559,11.559,11.559,272,0
20080214,11.725,11.725,11.725,11.725,597,0
20080220,11.541,11.541,11.541,11.541,1215,0
20080221,11.725,11.725,11.725,11.725,306,0
20080222,11.919,11.956,11.919,11.956,714,0
20080226,11.975,11.975,11.892,11.975,5486,0
20080227,12.14,12.14,12.14,12.14,177,0
20080229,12.14,12.565,11.3,12.565,3524,0
20080303,11.937,11.937,11.937,11.937,236,0
20080304,11.513,12.14,11.513,12.14,4955,0
20080305,11.937,11.937,11.937,11.937,118,0
20080306,11.513,11.513,11.347,11.475,937,0
20080307,11.882,11.882,11.882,11.882,118,0
20080311,11.347,11.347,11.263,11.263,8186,0
20080312,11.263,11.263,11.135,11.135,3224,0
20080313,11.097,11.097,10.885,10.885,2508,0
20080317,11.347,11.347,11.347,11.347,1552,0
20080318,11.485,11.485,11.485,11.485,772,0
20080319,11.475,11.475,11.475,11.475,232,0
20080325,11.475,11.845,11.475,11.845,2041,0
20080326,11.725,11.937,11.3,11.725,3343,0
20080327,11.3,11.725,11.3,11.347,936,0
20080328,11.762,12.353,11.762,12.353,1191,0
20080331,12.205,12.205,11.937,11.937,2114,0
20080403,11.9,11.9,11.9,11.9,236,0
20080404,11.725,11.725,11.725,11.725,7200,0
20080407,11.55,11.678,11.356,11.513,5156,0
20080408,11.393,11.475,11.393,11.393,477,0
20080409,11.513,11.513,11.097,11.097,236,0
20080410,11.116,11.116,11.097,11.097,2388,0
20080414,11.135,11.641,11.135,11.641,3041,0
20080417,11.641,11.641,11.641,11.641,418,0
20080418,11.641,11.641,11.641,11.641,1791,0
20080421,10.939,10.939,10.811,10.931,4037,0
20080422,10.885,11.3,10.673,10.673,1433,0
20080423,10.673,10.885,10.673,10.885,2625,0
20080424,10.673,10.885,10.673,10.885,1733,0
20080425,10.885,10.885,10.885,10.885,2244,0
20080428,11.116,11.116,10.34,10.967,11603,0
20080429,10.885,10.885,10.764,10.885,4424,0
20080430,11.097,11.097,10.885,10.885,1733,0
20080501,11.179,11.513,11.051,11.097,29486,0
20080502,11.513,11.641,11.485,11.641,9293,0
20080505,11.151,11.3,11.097,11.3,2091,0
20080506,11.3,11.3,11.3,11.3,837,0
20080507,11.3,11.725,11.3,11.725,8686,0
20080514,11.725,11.725,11.725,11.725,560,0
20080515,11.55,11.734,11.55,11.595,5080,0
20080516,11.808,11.808,11.808,11.808,1191,0
20080520,11.31,11.31,10.23,11.3,2263,0
20080521,11.3,11.641,11.3,11.641,2520,0
20080527,12.14,12.14,11.485,11.485,2447,0
20080528,11.125,11.125,11.107,11.107,1433,0
20080529,11.107,11.503,10.895,11.272,2821,0
20080530,11.494,11.503,10.673,10.885,3740,0
20080602,10.895,10.895,10.895,10.895,224,0
20080604,11.032,11.032,11.032,11.032,1498,0
20080612,10.885,10.885,10.885,10.885,330,0
20080613,11.014,11.014,10.885,10.885,15046,0
20080616,11.014,11.014,10.885,10.885,13136,0
20080617,10.801,10.801,10.801,10.801,597,0
20080619,11.217,11.217,10.885,11.217,2380,0
20080620,10.967,10.967,10.885,10.885,1433,0
20080623,10.995,11.217,10.885,10.885,3787,0
20080625,11.217,11.513,11.217,11.513,3469,0
20080626,10.673,10.682,10.673,10.673,5670,0
20080630,10.876,10.885,10.876,10.885,236,0
20080701,10.913,11.3,10.913,11.3,270,0
20080702,10.682,10.682,10.682,10.682,118,0
20080715,10.469,10.469,10.045,10.045,5283,0
20080716,11.088,11.097,10.673,10.673,5014,0
20080718,11.513,11.513,11.485,11.513,601,0
20080721,11.3,11.3,11.3,11.3,118,0
20080723,10.284,10.284,10.284,10.284,118,0
20080724,10.478,10.478,10.478,10.478,416,0
20080725,10.552,10.552,10.552,10.552,360,0
20080731,11.097,11.097,10.885,10.885,2217,0
20080801,11.245,11.513,10.885,11.179,6632,0
20080805,10.488,11.135,10.488,11.135,9149,0
20080806,11.097,11.513,11.097,11.429,14184,0
20080807,11.125,11.135,10.885,10.885,2147,0
20080808,10.885,10.885,10.885,10.885,118,0
20080813,11.042,11.042,11.042,11.042,1996,0
20080814,10.673,10.986,10.673,10.986,1467,0
20080815,10.801,10.801,10.673,10.673,2867,0
20080818,10.801,10.801,10.801,10.801,118,0
20080819,10.764,10.764,10.552,10.552,1896,0
20080820,11.06,11.06,10.885,10.885,254,0
20080821,10.792,10.913,10.792,10.885,3590,0
20080822,10.885,10.885,10.885,10.885,3580,0
20080826,10.885,10.885,10.876,10.885,2347,0
20080827,11.032,11.116,10.922,11.116,1125,0
20080828,11.3,11.3,11.3,11.3,597,0
20080829,11.3,11.522,11.3,11.513,640,0
20080904,10.885,10.885,10.885,10.885,166,0
20080905,10.895,10.895,10.885,10.885,1464,0
20080908,10.895,11.494,10.885,10.885,1372,0
20080909,10.885,10.885,10.885,10.885,1135,0
20080910,10.885,10.885,10.885,10.885,118,0
20080912,10.885,10.885,10.885,10.885,2388,0
20080915,10.885,10.885,10.885,10.885,118,0
20080916,10.904,11.3,10.904,11.3,895,0
20080918,10.876,10.885,10.876,10.885,360,0
20080919,10.885,10.885,10.885,10.885,4690,0
20080922,10.469,10.469,10.469,10.469,590,0
20080925,10.673,10.673,10.589,10.673,2508,0
20080926,10.673,10.673,10.673,10.673,477,0
20080929,10.673,11.513,10.673,10.673,3104,0
20080930,10.967,10.967,10.967,10.967,543,0
20081002,10.552,10.589,10.552,10.589,2279,0
20081003,10.764,10.764,10.764,10.764,847,0
20081006,10.478,10.764,10.478,10.764,236,0
20081007,10.469,10.469,10.469,10.469,360,0
20081008,10.137,10.258,10.137,10.258,6152,0
20081009,10.469,10.469,10.469,10.469,5572,0
20081010,10.986,10.986,10.986,10.986,226,0
20081013,10.986,11.429,10.986,11.429,354,0
20081014,11.429,11.429,10.118,10.249,980,0
20081016,10.109,10.109,10.109,10.109,113,0
20081020,10.46,10.46,10.46,10.46,910,0
20081021,10.524,10.524,10.524,10.524,113,0
20081024,10.46,10.46,10.46,10.46,680,0
20081027,10.46,10.46,10.46,10.46,455,0
20081028,10.664,11.873,10.636,11.873,2615,0
20081031,11.207,11.207,10.774,10.774,862,0
20081103,11.189,11.65,11.189,11.65,1745,0
20081104,11.873,11.873,11.827,11.873,14412,0
20081105,11.448,11.448,11.438,11.438,113,0
20081106,11.827,12.093,11.429,11.697,9381,0
20081107,12.093,12.093,11.873,11.873,5832,0
20081110,10.986,10.986,10.986,10.986,855,0
20081114,10.986,10.986,10.986,10.986,625,0
20081118,10.561,10.561,10.552,10.552,524,0
20081119,10.118,10.46,10.118,10.46,24466,0
20081120,9.759,9.759,9.759,9.759,113,0
20081124,10.33,10.33,10.33,10.33,2274,0
20081125,9.787,9.787,9.508,9.508,781,0
20081126,8.0873,10.46,8.0873,10.46,786,0
20081128,10.46,10.46,9.934,9.934,1085,0
20081201,9.223,9.2322,9.223,9.2322,455,0
20081202,8.789,8.7985,8.1888,8.3551,1161,0
20081203,8.7702,8.9461,8.7702,8.9461,1565,0
20081205,9.75,9.75,9.75,9.75,113,0
20081208,8.9736,8.9736,8.9736,8.9736,315,0
20081211,8.789,8.789,8.789,8.789,567,0
20081212,9.0107,9.815,8.1888,9.815,4210,0
20081218,8.0873,9.0107,8.0873,8.7985,1629,0
20081222,8.789,8.789,8.1796,8.1796,455,0
20081223,8.3551,8.3551,7.7551,8.1796,11720,0
20081226,8.7242,8.7242,8.1796,8.1796,567,0
20081229,8.7702,9.759,8.2997,8.8812,26872,0
20081230,8.3458,8.3551,7.2196,8.1796,8146,0
20081231,6.6839,9.675,6.6839,8.789,27900,0
20090105,8.7242,8.7242,8.7242,8.7242,226,0
20090106,9.1675,9.878,7.8103,7.8103,1365,0
20090108,8.8719,8.8719,8.8719,8.8719,113,0
20090112,8.3183,8.3183,7.9028,8.0873,4585,0
20090115,9.675,9.675,9.675,9.675,226,0
20090121,8.789,8.789,8.789,8.789,226,0
20090122,8.789,8.789,7.9121,7.9121,3087,0
20090123,8.6597,8.6597,8.6597,8.6597,2031,0
20090127,8.789,8.789,8.3273,8.3551,797,0
20090129,8.6136,8.6136,8.549,8.5766,1933,0
20090130,9.62,9.675,9.62,9.675,848,0
20090202,9.833,10.533,9.647,9.675,26586,0
20090203,9.343,9.675,9.343,9.675,11907,0
20090204,8.6597,8.789,8.6597,8.789,626,0
20090205,9.675,9.675,9.2322,9.2322,226,0
20090206,8.1518,8.3644,7.9766,7.9766,1253,0
20090209,8.9276,8.9276,8.9276,8.9276,113,0
20090210,8.0042,8.0042,7.9857,7.9857,344,0
20090219,8.0042,8.0042,7.3119,7.3858,1608,0
20090220,7.2933,7.2933,7.2933,7.2933,344,0
20090224,8.0319,8.1243,7.9306,7.9306,607,0
20090226,7.2565,7.2565,6.5455,7.0349,2388,0
20090227,7.9306,7.9306,7.9306,7.9306,757,0
20090304,6.9981,6.9981,6.9981,6.9981,113,0
20090306,6.8595,7.8749,6.8595,7.8749,4452,0
20090309,7.7088,7.7088,7.7088,7.7088,1137,0
20090311,7.7366,7.7366,7.7366,7.7366,425,0
20090312,7.8196,7.8196,7.8196,7.8196,113,0
20090313,7.8934,7.8934,7.8934,7.8934,113,0
20090318,7.9121,8.1336,7.9121,8.1336,5020,0
20090324,8.3458,8.3458,7.9306,7.958,3490,0
20090325,7.9857,7.9857,7.9857,7.9857,1137,0
20090326,7.4779,7.4779,7.0902,7.0902,540,0
20090330,8.7797,8.7797,8.4013,8.4013,572,0
20090331,7.1551,7.1551,7.1551,7.1551,344,0
20090401,8.1059,8.1336,8.1059,8.1336,509,0
20090408,8.1243,8.1243,8.1243,8.1243,113,0
20090409,8.1336,8.3365,7.9121,8.2075,10316,0
20090413,8.3458,8.4013,8.3458,8.4013,425,0
20090415,8.2627,8.4013,8.2627,8.4013,1679,0
20090416,8.4843,8.9644,8.4843,8.9644,2019,0
20090417,8.9644,8.9644,8.3551,8.5212,12301,0
20090420,9.4902,9.4902,8.4843,8.5303,567,0
20090422,8.3734,8.3734,7.9121,8.2627,1137,0
20090423,8.9644,8.9644,8.586,8.8812,10814,0
20090427,8.789,8.789,8.789,8.789,113,0
20090428,9.0014,9.0014,9.0014,9.0014,113,0
20090429,9.0107,9.2322,8.706,8.706,1591,0
20090430,9.4547,9.4547,7.958,8.9922,3916,0
20090501,10.303,10.33,9.0107,9.0291,4743,0
20090504,10.349,10.349,8.9827,9.4547,7393,0
20090505,9.3613,9.675,9.2322,9.675,2503,0
20090506,9.1399,9.3613,9.1399,9.3613,7135,0
20090507,9.675,9.675,9.675,9.675,567,0
20090508,9.675,10.109,9.675,10.109,602,0
20090511,10.1,10.1,9.638,9.675,9213,0
20090512,9.4547,9.759,9.4547,9.759,3702,0
20090514,9.601,9.629,9.583,9.583,24971,0
20090515,9.666,9.675,9.666,9.675,455,0
20090518,10.045,10.109,10.045,10.109,4548,0
20090519,8.8167,10.081,8.8167,10.081,226,0
20090522,10.109,10.109,10.109,10.109,113,0
20090526,8.789,8.789,8.789,8.789,146,0
20090528,10.017,10.017,10.017,10.017,113,0
20090529,9.2322,9.2322,9.2322,9.2322,325,0
20090602,8.789,10.109,7.9121,10.109,1463,0
20090604,8.0042,8.0411,8.0042,8.0411,226,0
20090610,8.7702,8.7702,8.7702,8.7702,344,0
20090611,8.6782,8.6782,8.6782,8.6782,113,0
20090616,8.789,8.789,8.789,8.789,226,0
20090618,8.4013,8.4013,8.3551,8.3551,1197,0
20090619,8.1336,8.1336,8.1336,8.1336,226,0
20090622,8.1336,8.1336,8.1336,8.1336,120,0
20090625,8.7797,8.789,8.7797,8.789,226,0
20090629,8.789,8.789,8.789,8.789,567,0
20090630,7.6904,8.3919,7.6904,8.3551,914,0
20090701,8.7702,8.7702,8.7702,8.7702,680,0
20090702,8.3365,8.3458,8.3365,8.3458,1365,0
20090709,8.7702,8.7702,8.0688,8.0688,1479,0
20090710,7.995,7.995,7.995,7.995,3217,0
20090713,7.9121,7.9121,7.9121,7.9121,438,0
20090714,8.2812,8.5676,8.2812,8.5676,1253,0
20090715,8.3826,8.3826,8.3644,8.3644,293,0
20090717,8.3734,8.3734,8.3734,8.3734,511,0
20090724,8.3734,8.3734,8.3734,8.3734,0,0
20090727,8.3734,8.3734,8.3734,8.3734,0,0
20090728,8.3734,8.3734,8.3734,8.3734,0,0
20090729,8.5676,8.5676,8.2443,8.2627,1024,0
20090730,8.2627,8.2627,8.2627,8.2627,0,0
20090731,9.647,9.647,8.6692,8.789,1812,0
20090803,9.2135,9.2322,8.6136,9.0107,4859,0
20090804,8.5766,8.5766,8.5766,8.5766,400,0
20090805,8.5766,8.5766,8.5766,8.5766,0,0
20090806,8.789,9.0107,8.789,9.0107,967,0
20090807,8.706,8.706,8.6136,8.6136,1319,0
20090810,8.6136,8.6136,8.6136,8.6136,1404,0
20090811,8.6136,8.6136,8.6136,8.6136,0,0
20090812,9.0107,9.0107,8.9276,8.9276,11008,0
20090813,9.2322,9.4547,9.0107,9.0107,35297,0
20090814,8.5766,8.5766,8.4476,8.4476,567,0
20090821,8.789,9.2044,7.7366,9.2044,4379,0
20090824,8.4013,8.4013,8.3644,8.4013,706,0
20090825,8.4013,8.4013,8.4013,8.4013,0,0
20090826,7.9121,7.9121,7.9121,7.9121,344,0
20090828,8.3826,9.4547,8.3458,9.3061,4911,0
20090901,9.3061,9.3061,9.3061,9.3061,0,0
20090903,8.789,8.789,8.789,8.789,567,0
20090904,8.198,8.198,8.1151,8.1428,3065,0
20090909,8.549,8.5676,8.549,8.5676,455,0
20090910,8.1336,8.1336,8.1336,8.1336,113,0
20090911,8.1336,8.1336,7.9121,7.9212,1365,0
20090914,7.958,8.0042,7.958,8.0042,1303,0
20090916,7.5612,7.5612,7.3397,7.3397,985,0
20090917,7.4043,7.9121,7.4043,7.9121,680,0
20090921,8.309,8.3365,8.309,8.3365,739,0
20090922,7.4779,8.3273,7.4779,7.7366,3736,0
20090929,7.7366,7.7829,7.7366,7.7829,1858,0
20090930,8.2627,8.2627,8.1518,8.1518,344,0
20091006,8.1059,8.1059,8.1059,8.1059,113,0
20091008,8.1059,8.1151,8.1059,8.1151,362,0
20091009,8.1796,8.1796,7.9121,7.9121,1137,0
20091012,7.9121,7.9121,7.9121,7.9121,2046,0
20091014,8.1059,8.1059,8.0782,8.0782,929,0
20091015,8.2165,8.2165,8.2165,8.2165,327,0
20091016,8.309,8.309,8.309,8.309,6113,0
20091019,8.309,8.309,8.309,8.309,1733,0
20091020,8.0967,8.0967,8.0782,8.0782,698,0
20091022,8.309,8.7702,8.309,8.7702,1189,0
20091023,8.1518,8.3183,8.1243,8.3183,759,0
20091026,9.223,9.223,9.223,9.223,106,0
20091027,7.635,8.0782,7.635,8.0782,759,0
20091028,8.7152,8.7242,8.3551,8.3551,379,0
20091029,8.2812,8.2812,8.2721,8.2812,438,0
20091030,8.3183,8.4843,8.3183,8.4843,224,0
20091102,8.7152,8.7702,8.1611,8.7702,17187,0
20091103,9.223,9.223,8.7702,8.9552,10894,0
20091104,9.0569,9.0937,8.7702,8.8167,6369,0
20091105,8.9736,9.2322,7.6258,9.2322,6708,0
20091106,9.2135,9.2135,9.2135,9.2135,141,0
20091109,9.638,9.694,9.1029,9.223,2245,0
20091110,7.635,7.635,7.635,7.635,106,0
20091112,8.0137,8.7985,8.0137,8.7797,2190,0
20091116,9.601,9.62,9.1399,9.1399,1189,0
20091118,8.4476,8.4476,8.4476,8.4476,382,0
20091119,9.611,9.611,8.5303,8.5397,1591,0
20091124,8.6412,9.694,8.6412,9.694,3469,0
20091125,8.9827,8.9827,8.9827,8.9827,215,0
20091127,9.3245,9.3245,9.3245,9.3245,106,0
20091130,9.0014,9.0014,9.0014,9.0014,193,0
20091201,9.4075,9.675,9.4075,9.675,648,0
20091207,9.2322,9.2322,8.9552,8.9552,1823,0
20091211,8.4013,8.5212,8.309,8.309,1030,0
20091216,8.5397,8.5397,7.8473,8.2997,5415,0
20091221,8.309,8.309,8.309,8.309,539,0
20091222,8.7428,8.7428,8.0503,8.0503,829,0
20091224,8.1059,8.1059,7.7551,7.7551,3531,0
20091228,8.7702,8.7702,8.7702,8.7702,648,0
20091229,8.309,8.309,8.309,8.309,106,0
20091231,7.8934,7.9121,7.7734,7.7734,19802,0
20100104,8.6504,8.6504,8.1518,8.1518,433,0
20100105,8.0599,8.0599,8.0319,8.0319,1082,0
20100107,8.6504,8.6504,8.4843,8.4843,215,0
20100108,8.5397,8.5397,8.5397,8.5397,273,0
20100111,8.0319,8.6782,7.8103,8.3365,3484,0
20100113,7.9028,8.5397,7.8659,7.9212,1556,0
20100114,8.0782,8.4013,7.8565,8.1243,5314,0
20100115,8.4476,8.4476,8.1611,8.1705,2489,0
20100120,8.2721,8.2721,8.2721,8.2721,197,0
20100122,8.0873,8.2997,8.0873,8.2997,2350,0
20100125,7.8934,7.8934,7.8934,7.8934,433,0
20100126,8.0503,8.0967,8.0411,8.0967,1408,0
20100127,8.2443,8.2536,7.9397,8.1151,3599,0
20100129,8.1705,8.7152,8.1705,8.309,3836,0
20100201,8.5397,8.5397,8.309,8.309,1803,0
20100202,8.309,8.5397,8.309,8.5397,12523,0
20100203,7.949,8.5397,7.9212,8.5397,9966,0
20100205,7.9766,8.6782,7.9766,8.6782,278,0
20100216,8.7152,8.7152,8.0319,8.0319,695,0
20100222,8.2997,8.309,8.2997,8.309,278,0
20100223,8.2997,8.2997,8.2997,8.2997,215,0
20100225,8.0782,8.0782,8.0503,8.0503,648,0
20100226,8.309,8.309,8.309,8.309,363,0
20100305,8.0782,8.0782,7.8473,7.9857,7255,0
20100308,7.8196,7.8196,7.8196,7.8196,106,0
20100310,7.958,8.0137,7.8934,7.8934,696,0
20100312,8.0782,8.0782,7.9397,7.9397,739,0
20100315,7.9397,7.9397,7.9397,7.9397,198,0
20100317,8.309,8.309,8.309,8.309,125,0
20100318,8.309,8.309,8.309,8.309,775,0
20100319,8.1336,8.309,8.0873,8.309,2697,0
20100322,8.0782,8.2721,7.9397,8.0319,3597,0
20100323,8.0411,8.0782,8.0319,8.0319,2063,0
20100324,8.309,8.309,8.1243,8.1243,1570,0
20100326,8.309,8.309,8.0319,8.0319,1095,0
20100329,7.958,8.226,7.8934,7.8934,470,0
20100330,8.309,8.309,7.8934,8.1796,3312,0
20100401,8.1705,8.1705,8.1705,8.1705,368,0
20100405,7.9397,7.9674,7.9397,7.9397,539,0
20100407,8.6228,8.6228,8.309,8.309,1189,0
20100408,8.309,8.6782,8.309,8.632,8241,0
20100409,8.3551,8.3551,8.2997,8.3273,4960,0
20100412,8.309,8.6782,8.2906,8.4476,4256,0
20100414,8.309,8.309,8.309,8.309,694,0
20100415,8.309,8.309,8.309,8.309,539,0
20100419,8.3551,8.3551,8.2997,8.2997,572,0
20100420,8.226,8.3551,7.8565,8.2997,2717,0
20100422,8.5397,8.6782,8.4107,8.6782,5092,0
20100426,7.9857,8.632,7.9857,8.1336,539,0
20100428,8.0967,8.3551,8.0873,8.3551,759,0
20100430,8.5397,8.5397,8.1611,8.1611,6858,0
20100503,8.5766,8.586,7.8934,8.4013,14090,0
20100504,8.3183,8.632,8.309,8.549,3742,0
20100506,8.4476,8.4567,8.4476,8.4476,3573,0
20100507,8.5397,8.5397,8.4476,8.4935,5453,0
20100510,8.4935,8.5397,8.4935,8.5397,539,0
20100511,8.5397,8.7613,8.5397,8.7613,9727,0
20100512,8.1336,8.7242,8.1336,8.309,5745,0
20100514,8.2165,8.5303,8.1518,8.3183,26814,0
20100517,8.226,8.3644,8.2075,8.2075,4401,0
20100518,8.2165,8.4013,8.2165,8.3458,7314,0
20100519,8.2627,8.6874,8.2165,8.6874,1197,0
20100520,8.4383,8.4383,6.4719,6.4719,850,0
20100521,8.4476,8.549,7.8659,7.8659,2438,0
20100524,7.8659,7.8749,7.8565,7.8565,1468,0
20100526,7.8196,7.8196,7.8196,7.8196,503,0
20100602,8.549,8.549,8.1888,8.1888,470,0
20100607,7.9028,7.9028,7.9028,7.9028,776,0
20100609,7.958,8.1888,7.958,8.1888,1082,0
20100610,7.9306,7.9306,7.8934,7.8934,974,0
20100611,8.309,8.309,8.1518,8.1518,859,0
20100614,7.9674,7.9674,7.9674,7.9674,106,0
20100617,7.9121,7.9121,7.8934,7.8934,548,0
20100621,7.9397,7.9397,7.9028,7.9028,333,0
20100623,7.8934,7.8934,7.4318,7.4318,503,0
20100624,7.4318,7.4318,7.4318,7.4318,985,0
20100625,8.3644,8.3734,7.6165,7.6165,1301,0
20100630,8.2577,8.2577,7.9411,7.9411,327,0
20100706,7.5059,7.5427,7.5059,7.5242,433,0
20100707,7.4595,7.4595,7.4318,7.4318,215,0
20100714,6.8779,6.8779,6.8779,6.8779,215,0
20100715,7.4688,7.5335,7.2196,7.4779,4678,0
20100716,7.4779,7.4779,7.4779,7.4779,3408,0
20100719,7.5705,7.5705,7.5705,7.5705,433,0
20100720,7.2933,7.4318,7.2933,7.4318,6744,0
20100728,7.7551,7.7551,7.7551,7.7551,106,0
20100729,7.4965,7.4965,7.4318,7.4318,519,0
20100730,7.8473,7.8473,7.6904,7.6904,471,0
20100802,8.2997,8.4658,7.5059,8.4567,5246,0
20100803,8.309,8.309,8.1336,8.1336,3684,0
20100806,8.4935,8.4935,8.309,8.309,1082,0
20100809,8.309,8.309,8.309,8.309,921,0
20100810,8.5397,8.7613,8.3551,8.4013,6623,0
20100811,8.309,8.309,8.2443,8.2443,3252,0
20100812,8.309,8.309,8.2443,8.2443,324,0
20100813,8.309,8.309,8.309,8.309,106,0
20100818,7.6165,7.8473,7.6165,7.7272,433,0
20100819,7.4318,7.4318,7.4318,7.4318,648,0
20100820,7.4318,7.4409,6.7395,6.8133,2274,0
20100823,6.4719,6.4719,6.0008,6.0286,9635,0
20100824,6.0934,6.2226,6.047,6.047,1645,0
20100825,6.0008,6.0008,5.4468,5.4655,9580,0
20100826,5.4562,5.77,5.0315,5.77,8712,0
20100827,5.7887,5.8162,5.7887,5.8162,1045,0
20100830,5.7887,5.9179,5.7887,5.9086,1950,0
20100831,6.0049,6.2281,6.0049,6.2281,327,0
20100901,5.8439,6.2317,5.8439,6.2317,974,0
20100902,5.9364,5.9364,5.8531,5.9086,864,0
20100903,6.2132,6.2317,6.2132,6.2317,675,0
20100909,6.2317,6.4626,6.2317,6.4626,1517,0
20100913,6.4626,6.4626,6.4626,6.4626,1082,0
20100914,6.1854,6.1854,6.1854,6.1854,539,0
20100915,6.2872,6.2872,6.2872,6.2872,894,0
20100916,6.0561,6.0656,5.77,6.0008,10669,0
20100917,5.807,5.8439,5.807,5.8439,465,0
20100920,5.8162,6.4348,5.8162,6.4348,215,0
20100921,6.4439,6.4439,6.0008,6.0008,1408,0
20100922,6.167,6.167,5.9547,5.9547,355,0
20100923,5.9547,6.4626,5.8624,6.4626,1543,0
20100924,6.2132,6.7395,6.2132,6.7395,876,0
20100927,7.2471,7.2933,7.2471,7.2471,869,0
20100929,7.1551,7.1551,7.1551,7.1551,513,0
20100930,7.1127,7.336,7.1127,7.336,215,0
20101001,7.1551,7.1551,6.7395,6.7395,433,0
20101004,6.7487,6.7487,6.7487,6.7487,141,0
20101006,6.6471,6.9242,6.4626,6.7856,1623,0
20101007,7.118,7.1551,6.4719,6.6471,1704,0
20101008,7.1551,7.3489,7.1088,7.3489,6782,0
20101013,7.0165,7.0165,7.0165,7.0165,106,0
20101014,6.4993,6.4993,6.4993,6.4993,327,0
20101015,6.4901,7.0073,6.4901,7.0073,790,0
20101018,7.0073,7.1551,6.3702,6.3702,8399,0
20101020,6.9242,7.3764,6.601,7.3764,1733,0
20101021,6.7579,7.635,6.7025,7.635,6317,0
20101022,7.3579,7.3858,7.3397,7.3397,1189,0
20101025,7.3397,7.3397,6.601,6.601,4971,0
20101026,6.601,6.7118,6.601,6.6564,433,0
20101027,6.7303,6.9056,6.601,6.6287,1784,0
20101028,7.3489,7.5242,6.9242,7.1827,6066,0
20101029,7.1815,7.6185,6.9251,7.6185,2688,0
20101101,7.8381,7.8381,7.1088,7.3764,4034,0
20101102,7.3951,7.8381,7.0902,7.2011,8213,0
20101103,7.7734,7.8473,7.1551,7.8473,2755,0
20101104,6.7395,7.1088,6.601,6.6197,20923,0
20101105,6.2872,6.9242,6.2872,6.9242,9918,0
20101108,6.6564,7.1363,6.6197,7.1363,5913,0
20101110,6.6471,6.9242,6.6471,6.9242,11711,0
20101111,6.9332,6.9332,6.9242,6.9242,1841,0
20101112,7.2933,7.3858,6.9242,7.0165,17802,0
20101115,6.8595,6.8688,6.8595,6.8688,1072,0
20101117,6.6471,7.192,6.6471,7.0165,3461,0
20101119,7.0349,7.0349,7.0349,7.0349,215,0
20101122,6.9242,6.9702,6.9242,6.9702,349,0
20101124,7.0902,7.0902,6.6197,6.6748,1197,0
20101130,7.2337,7.2337,6.8799,6.8799,405,0
20101202,6.4719,6.5455,6.4626,6.4626,1517,0
20101203,6.8963,6.8963,6.6839,6.8133,2274,0
20101207,6.4719,6.5179,6.4719,6.5179,974,0
20101208,6.4901,6.5362,6.4719,6.5179,1189,0
20101209,6.5086,6.5547,6.5086,6.5547,2786,0
20101214,6.5086,6.6934,6.4533,6.4626,9948,0
20101215,6.2779,6.324,5.77,5.77,4038,0
20101216,6.0101,6.7025,6.0101,6.7025,873,0
20101217,6.0008,6.2502,5.8624,5.89,3954,0
20101220,5.9825,5.9916,5.3086,5.3547,12940,0
20101221,5.5393,5.5393,5.3363,5.5393,1258,0
20101222,5.4468,5.5393,5.4468,5.5393,4352,0
20101223,5.6037,5.6037,5.6037,5.6037,106,0
20101227,5.5393,5.5393,5.5393,5.5393,143,0
20101229,5.5206,5.5393,5.5206,5.5393,1082,0
20101230,5.623,5.623,5.5393,5.5393,2598,0
20101231,5.6521,5.7472,5.329,5.329,7608,0
20110103,5.5486,5.5486,5.5486,5.5486,106,0
20110104,5.6408,5.7515,5.6408,5.7515,1189,0
20110106,5.7425,5.7515,5.7425,5.7515,1045,0
20110107,5.5579,5.5579,5.5393,5.5393,1082,0
20110114,5.5393,5.5393,5.5393,5.5393,1082,0
20110118,5.7608,5.7608,5.3086,5.5023,1579,0
20110119,5.5393,5.5393,5.5393,5.5393,3358,0
20110121,5.7239,5.7425,5.5208,5.7425,6221,0
20110124,5.3363,5.7239,5.3363,5.6131,1301,0
20110127,5.3363,5.3363,5.29,5.29,215,0
20110128,5.7425,5.77,5.7425,5.77,3364,0
20110131,6.165,6.2315,6.165,6.2315,1040,0
20110201,6.0008,6.2317,5.4747,6.2317,9911,0
20110202,6.2226,6.2317,5.9364,6.0286,3524,0
20110203,5.7331,6.5918,5.7331,6.5918,3364,0
20110204,6.8317,6.9242,6.6934,6.6934,2707,0
20110207,6.6748,6.9149,6.6748,6.9149,2345,0
20110208,7.0626,7.2011,6.6934,7.2011,4704,0
20110209,7.2933,7.2933,6.9611,6.9611,1682,0
20110214,6.2595,6.2872,5.7608,5.7608,5733,0
20110215,6.1394,6.1394,5.7608,5.7608,6411,0
20110216,5.6592,5.6592,5.6592,5.6592,106,0
20110217,5.6223,5.77,5.6223,5.6501,1623,0
20110218,5.6408,5.6501,5.5947,5.5947,1969,0
20110222,5.6223,5.6317,5.5393,5.6037,3419,0
20110223,5.493,5.5393,5.493,5.5393,1841,0
20110224,5.4655,5.5486,5.4655,5.5486,2877,0
20110228,5.5673,6.1163,5.5673,5.9673,1478,0
20110301,5.5581,5.6603,5.5487,5.6137,443,0
20110302,5.4648,5.5764,5.4648,5.5764,215,0
20110307,5.5301,5.5301,5.5116,5.5116,289,0
20110309,5.5579,5.6037,5.5116,5.6037,2274,0
20110311,5.4655,5.4655,5.4655,5.4655,106,0
20110314,5.5023,5.5023,5.4655,5.4655,4337,0
20110315,6.0841,6.6655,5.4841,5.678,3556,0
20110316,5.5393,5.5393,5.5393,5.5393,106,0
20110317,5.5487,5.623,5.5393,5.5393,3036,0
20110318,5.4747,5.7331,5.4562,5.4562,5576,0
20110322,5.77,5.8162,5.4562,5.7239,12079,0
20110323,5.5393,5.5393,5.5393,5.5393,106,0
20110324,5.4747,5.5208,5.4562,5.4562,1082,0
20110325,5.5113,5.5113,5.5113,5.5113,106,0
20110330,5.5486,6.2595,5.5486,6.0008,2464,0
20110331,5.88,5.9276,5.4812,5.4812,2031,0
20110401,5.502,5.502,5.4836,5.4836,327,0
20110405,5.7163,5.7163,5.623,5.623,250,0
20110406,5.5487,5.623,5.3252,5.3716,819,0
20110407,5.3437,5.409,5.3158,5.3158,1733,0
20110408,5.3158,5.3624,5.3158,5.3624,215,0
20110411,5.3531,5.5857,5.3158,5.3531,2707,0
20110412,5.5393,5.5393,5.4182,5.5393,433,0
20110413,5.3904,5.437,5.3904,5.437,213,0
20110415,5.3809,5.8466,5.3809,5.5857,7023,0
20110418,6.163,6.163,5.7719,5.7719,841,0
20110419,5.4182,6.0236,5.2693,5.7533,11829,0
20110420,5.7256,6.2654,5.7256,5.7256,3911,0
20110421,5.9582,6.1351,5.8652,6.014,1958,0
20110425,5.6416,5.8837,5.437,5.8837,2364,0
20110426,6.0976,6.1444,5.6043,6.0976,7523,0
20110427,5.5393,5.5393,5.5393,5.5393,105,0
20110429,5.5442,6.0524,5.5442,6.0524,2169,0
20110502,6.0512,6.5168,6.0512,6.284,5272,0
20110503,6.0049,6.1911,6.0049,6.1911,6335,0
20110504,5.5952,6.1911,5.3998,6.1444,4110,0
20110505,5.8371,6.3028,5.8185,6.1072,3241,0
20110506,5.8652,6.5168,5.8652,6.3307,3818,0
20110509,6.3028,6.8893,6.3028,6.5446,3468,0
20110510,6.5634,6.6657,6.5634,6.6657,1180,0
20110511,6.5168,6.5819,6.5168,6.5819,4222,0
20110512,5.502,5.502,5.502,5.502,105,0
20110513,5.8559,5.8559,5.502,5.5113,9131,0
20110516,6.014,6.014,6.0049,6.0049,862,0
20110517,5.8185,5.8185,5.8185,5.8185,323,0
20110518,5.893,5.9021,5.8185,5.8185,966,0
20110519,5.8185,5.8185,5.5206,5.5206,2793,0
20110520,5.4461,5.5487,5.4461,5.4461,2962,0
20110525,5.5764,5.5764,5.4926,5.4926,2040,0
20110526,5.5206,5.6325,5.288,5.3531,4114,0
20110527,5.3158,5.3158,5.3158,5.3158,105,0
20110531,5.4526,5.6045,5.4526,5.5572,1236,0
20110601,5.3531,5.3531,5.3531,5.3531,248,0
20110602,6.3772,6.3772,5.2599,5.3067,1609,0
20110603,5.3531,5.5393,5.3531,5.3531,535,0
20110606,5.3345,5.3345,5.3345,5.3345,213,0
20110607,5.2975,5.307,5.2693,5.307,752,0
20110608,5.3539,5.3539,4.9776,5.0246,6248,0
20110609,5.1094,5.2411,4.8929,4.9304,6039,0
20110610,4.9251,4.99,4.5059,4.8784,8296,0
20110613,4.7666,4.7666,4.599,4.6548,1692,0
20110614,4.6548,4.6734,4.6548,4.6734,1182,0
20110615,4.6548,4.6921,4.6548,4.6921,643,0
20110620,4.7013,4.8409,4.6548,4.7572,2703,0
20110621,4.6548,4.6734,4.6548,4.6548,4673,0
20110622,4.6548,4.6548,4.6548,4.6548,323,0
20110623,4.6548,4.6548,4.6082,4.6082,16005,0
20110624,4.5636,4.6576,4.5636,4.6576,1826,0
20110628,4.6082,4.8224,4.6082,4.6082,1291,0
20110629,6.61,6.796,4.6829,4.6829,5741,0
20110630,4.7,4.8919,4.3838,4.6521,21423,0
20110701,4.6576,4.6576,4.1966,4.62,3681,0
20110707,4.4695,4.62,4.4695,4.62,323,0
20110708,4.1966,4.6576,4.1966,4.4695,2470,0
20110711,4.4695,4.4695,4.2906,4.3755,9212,0
20110712,4.3942,4.3942,4.3942,4.3942,213,0
20110713,4.4225,4.4505,4.4225,4.4505,1088,0
20110715,4.7047,5.2975,4.5259,4.6105,6145,0
20110718,4.7141,5.1845,4.4695,4.4695,3565,0
20110719,4.9023,4.9023,4.4976,4.6105,1807,0
20110720,4.6105,4.6294,4.4976,4.4976,1420,0
20110721,4.4883,4.4883,4.2437,4.385,956,0
20110722,4.5825,4.6105,4.4412,4.5165,3403,0
20110725,4.6765,4.7422,4.3755,4.4412,1488,0
20110726,4.62,4.7047,4.5636,4.5636,2233,0
20110728,4.5259,4.9492,4.5259,4.8177,10258,0
20110729,5.0536,5.1202,4.9872,5.1202,530,0
20110801,5.6362,5.6362,5.222,5.4293,2656,0
20110802,5.6901,5.6901,5.5666,5.5952,6263,0
20110803,5.8245,5.8245,5.6926,5.6926,6211,0
20110804,5.6455,5.6455,5.6455,5.6455,2291,0
20110808,5.6455,5.7869,4.8177,5.1752,1339,0
20110809,4.7422,4.9399,4.3755,4.4695,2126,0
20110810,4.4789,5.6268,4.4695,5.6268,4634,0
20110811,5.5798,5.6455,4.7611,4.7611,3815,0
20110815,4.7985,4.9964,4.7985,4.9964,530,0
20110816,5.4293,5.4386,5.4293,5.4386,320,0
20110817,5.4103,5.6455,5.4103,5.6455,2937,0
20110818,4.7141,5.6455,4.7141,5.5045,1458,0
20110819,5.5327,5.6268,5.2693,5.4574,6758,0
20110822,5.5045,6.0221,5.4858,5.9374,7347,0
20110823,6.5864,6.5864,5.5139,5.6644,2105,0
20110824,5.6455,5.6455,5.6362,5.6455,5102,0
20110825,4.8929,5.9091,4.8458,5.5798,1063,0
20110826,5.5798,5.5798,4.9776,5.2314,2551,0
20110830,5.4199,5.448,5.4199,5.4293,1275,0
20110831,5.5633,6.0047,4.9975,5.362,3873,0
20110901,5.5987,5.5987,5.3634,5.3914,745,0
20110902,5.4716,5.4716,5.4716,5.4716,104,0
20110906,5.6426,5.6615,5.6426,5.6615,211,0
20110907,5.6045,5.6426,5.5477,5.5477,2919,0
20110909,5.7398,6.0692,5.7398,5.9278,426,0
20110913,6.0692,6.0692,5.401,6.0221,2040,0
20110914,5.8526,6.116,5.8526,6.116,3485,0
20110915,5.6738,6.0785,5.6738,6.0785,8214,0
20110916,5.6644,5.6644,5.5516,5.5516,2125,0
20110919,5.5516,5.5516,5.5516,5.5516,154,0
20110921,5.2693,5.2693,5.2693,5.2693,104,0
20110926,5.2314,5.2693,5.1752,5.2693,1593,0
20110927,5.3258,5.3258,5.2693,5.2693,2448,0
20110928,5.2314,5.2693,5.2314,5.2693,745,0
20110929,4.686,4.8177,4.686,4.8177,211,0
20111003,5.2693,5.2693,5.1752,5.1752,867,0
20111004,4.4268,4.9682,4.4268,4.9682,211,0
20111012,4.4647,4.4647,4.4647,4.4647,103,0
20111013,5.0252,5.0631,4.8163,4.9112,1053,0
20111014,4.9112,4.9112,4.9112,4.9112,3353,0
20111017,4.9872,5.1772,4.9301,4.9872,631,0
20111018,4.949,4.949,4.949,4.949,103,0
20111019,5.3196,5.3196,5.1202,5.1202,422,0
20111020,4.9112,4.9112,4.9112,4.9112,103,0
20111021,4.9112,5.8707,4.9112,5.8707,3120,0
20111024,5.0156,5.6808,5.0062,5.329,1265,0
20111028,4.9872,5.2245,4.9872,5.2245,631,0
20111031,5.3907,5.6978,5.3237,5.6593,9842,0
20111101,5.9941,6.1747,5.2816,6.1747,1394,0
20111102,5.8895,5.8895,5.8895,5.8895,1053,0
20111103,5.9372,5.9654,5.8992,5.9654,1368,0
20111104,5.9759,6.0431,5.7072,5.9855,15077,0
20111107,5.9846,5.9846,5.7185,5.9846,851,0
20111108,5.7945,5.7945,5.7472,5.7472,1400,0
20111109,5.7282,5.7282,5.6998,5.6998,948,0
20111110,5.9654,5.9751,5.9654,5.9751,209,0
20111111,5.6998,5.8327,5.6998,5.8327,539,0
20111114,5.8419,5.8419,5.8419,5.8419,103,0
20111116,5.8231,5.8231,5.8231,5.8231,103,0
20111118,5.8136,5.8136,5.7185,5.7185,1157,0
20111121,5.6998,5.6998,5.4622,5.4622,1265,0
20111122,5.7945,5.7945,5.7945,5.7945,225,0
20111130,5.8394,5.8394,5.4625,5.4625,1396,0
20111201,5.4622,5.4622,5.0822,5.1678,3362,0
20111202,5.2058,5.272,5.2058,5.2245,6720,0
20111205,5.1391,5.2152,5.0917,5.2152,1265,0
20111206,5.0838,5.0838,4.9592,5.0166,1475,0
20111207,5.0264,5.0358,4.9399,4.9592,1053,0
20111208,4.9112,4.9112,4.9112,4.9112,957,0
20111209,4.9112,4.9112,4.9112,4.9112,737,0
20111212,5.1961,5.1961,4.9112,4.9112,317,0
20111213,4.9112,4.9112,4.9112,4.9112,155,0
20111215,4.9112,5.3196,4.9112,5.2245,2347,0
20111216,5.2277,5.2277,4.9112,4.9112,767,0
20111219,4.9588,4.9588,4.9112,4.9112,851,0
20111220,4.9112,4.9207,4.9112,4.9112,3517,0
20111221,4.9872,5.0728,4.9396,4.9396,1265,0
20111223,5.1319,5.1893,5.1319,5.1893,422,0
20111227,4.9301,4.9301,4.9112,4.9112,469,0
20111228,4.9207,4.9207,4.7972,4.9207,3948,0
20111230,4.9588,5.1772,4.7948,5.0346,9425,0
20120103,4.7576,4.7576,4.7576,4.7576,103,0
20120104,4.7864,5.0358,4.7864,5.0166,845,0
20120105,4.8919,4.8919,4.8919,4.8919,103,0
20120106,4.8919,4.8919,4.8919,4.8919,209,0
20120110,4.9112,5.199,4.9112,4.9112,1157,0
20120111,5.1796,5.2277,5.1413,5.1413,350,0
20120117,5.2756,5.2756,5.2756,5.2756,138,0
20120118,5.1319,5.6593,5.1319,5.4004,1920,0
20120119,5.1319,5.2756,5.1319,5.2756,207,0
20120124,5.0358,5.5155,5.0358,5.4963,2006,0
20120125,5.3715,5.5155,4.9015,4.9015,2085,0
20120126,5.0358,5.7551,4.9112,5.7551,2620,0
20120127,5.6593,5.6593,5.6593,5.6593,102,0
20120130,5.6498,5.6498,5.4675,5.4675,1251,0
20120131,5.4336,5.7524,5.1724,5.2885,3788,0
20120201,5.7551,5.7551,5.4866,5.6593,5163,0
20120202,5.7265,5.8993,5.7265,5.8414,3389,0
20120203,5.8414,6.0431,5.8414,5.9376,8660,0
20120206,5.9471,6.0431,5.5155,5.5155,2350,0
20120207,5.2854,5.2854,5.2756,5.2756,464,0
20120208,5.2756,5.7265,5.2277,5.7265,3222,0
20120209,5.7072,5.7072,5.7072,5.7072,102,0
20120213,5.2565,5.2756,5.2277,5.2756,3336,0
20120215,5.1029,5.3811,5.0455,5.0455,1877,0
20120216,5.0743,5.2947,5.0743,5.0838,2503,0
20120217,5.3237,5.3237,5.0358,5.0358,1899,0
20120229,5.0468,5.1338,4.6503,5.1338,3113,0
20120302,5.0838,5.2469,5.0264,5.2469,314,0
20120305,4.6234,5.2756,4.6234,5.2182,1541,0
20120306,5.1605,5.1605,5.1605,5.1605,314,0
20120307,4.8823,4.9592,4.7771,4.8344,1665,0
20120308,4.8344,4.8632,4.8344,4.8439,418,0
20120309,4.7481,4.7481,4.5563,4.6712,7400,0
20120312,4.796,4.8056,4.796,4.796,4684,0
20120314,4.7481,4.7481,4.7481,4.7481,314,0
20120315,4.7481,4.7481,4.7481,4.7481,314,0
20120316,4.7481,4.796,4.5659,4.796,5538,0
20120319,4.6811,4.6906,4.6426,4.6906,1253,0
20120320,4.6234,4.8823,4.5946,4.6521,1253,0
20120321,4.8919,5.0358,4.6521,4.8439,10177,0
20120326,5.1319,5.1319,4.9399,4.9399,314,0
20120330,5.1319,5.1319,4.6042,4.6138,4305,0
20120402,4.7,4.796,4.6138,4.6138,1460,0
20120403,4.573,4.7954,4.5634,4.7954,5796,0
20120404,4.7279,4.7856,4.7279,4.7856,1392,0
20120409,5.1319,5.1319,5.055,5.1319,1354,0
20120410,4.8155,4.8155,4.796,4.796,377,0
20120412,4.8344,4.8344,4.8056,4.8056,314,0
20120419,4.8727,4.8727,4.8534,4.8534,207,0
20120420,4.8534,4.9017,4.8534,4.892,7509,0
20120424,4.6214,4.7954,4.6214,4.7954,520,0
20120426,4.8823,4.8823,4.8823,4.8823,102,0
20120427,4.573,4.573,4.5439,4.5439,2831,0
20120501,4.573,4.573,4.0799,4.4473,2880,0
20120502,4.6794,4.834,4.6794,4.834,568,0
20120504,4.6503,4.6503,4.2056,4.6214,992,0
20120507,4.2636,4.2636,4.2636,4.2636,11280,0
20120508,4.3119,4.7664,4.3119,4.7664,2171,0
20120510,4.7664,4.7664,4.7664,4.7664,149,0
20120511,4.7664,4.7664,4.7664,4.7664,205,0
20120515,4.7856,4.7856,4.3506,4.3506,5077,0
20120516,4.4473,4.689,4.4473,4.6214,10788,0
20120517,4.747,4.7856,4.747,4.7856,4032,0
20120521,4.8534,5.0758,4.8534,5.0758,5937,0
20120522,4.9889,4.9889,4.9306,4.9306,723,0
20120523,4.9404,5.0758,4.6696,4.6696,3812,0
20120524,4.9017,4.9306,4.7374,4.7664,1035,0
20120525,5.0758,5.0758,5.0468,5.0563,339,0
20120529,4.9499,4.9984,4.5439,4.863,2585,0
20120531,4.8149,5.0082,4.573,5.0082,708,0
20120601,5.0177,5.0177,5.0177,5.0177,101,0
20120605,4.9306,4.9306,4.9306,4.9306,643,0
20120608,4.834,4.834,4.834,4.834,101,0
20120611,4.8149,4.8149,4.5439,4.718,1450,0
20120619,4.3602,4.457,4.3506,4.457,867,0
20120620,4.834,4.834,4.4473,4.631,788,0
20120622,4.4085,4.4473,4.254,4.254,6309,0
20120625,4.3023,4.3023,4.3023,4.3023,785,0
20120628,4.1669,4.4473,4.1572,4.1572,1863,0
20120629,4.1669,4.4473,4.1669,4.4473,755,0
20120703,4.3538,4.5882,4.3538,4.4515,5025,0
20120705,4.4321,4.5882,4.3148,4.3148,1501,0
20120706,4.3894,4.3988,4.3894,4.3988,620,0
20120710,4.37,4.37,4.3023,4.3023,2999,0
20120713,4.0904,4.0904,4.0904,4.0904,5734,0
20120717,4.196,4.196,4.1864,4.1864,958,0
20120718,4.1475,4.1475,4.1475,4.1475,294,0
20120719,4.1864,4.2056,4.1572,4.1572,1759,0
20120724,4.1186,4.1186,4.0799,4.0799,403,0
20120726,4.0904,4.0904,3.9731,4.022,5353,0
20120727,4.1587,4.1684,4.0122,4.0122,3090,0
20120730,4.1001,4.1001,4.061,4.061,922,0
20120731,4.3735,4.3834,4.3735,4.3834,430,0
20120803,4.393,4.393,3.993,3.993,5826,0
20120806,3.9731,3.9731,3.9731,3.9731,474,0
20120807,4.0904,4.0904,4.0904,4.0904,100,0
20120809,4.1393,4.1393,3.9731,4.0904,1828,0
20120810,4.1393,4.1393,4.1393,4.1393,385,0
20120814,4.1197,4.1197,4.1197,4.1197,100,0
20120815,4.1393,4.1587,4.1393,4.1587,3172,0
20120816,4.1587,4.9006,4.1587,4.8812,13498,0
20120817,4.7932,4.9104,4.6077,4.6077,14856,0
20120820,4.6371,4.6371,4.6371,4.6371,1025,0
20120821,4.227,4.4125,4.227,4.4125,614,0
20120822,5.0276,5.0567,4.8812,4.8812,696,0
20120823,4.8812,5.1252,4.8812,5.1252,3312,0
20120824,4.8812,4.8812,4.5395,4.5395,2202,0
20120828,4.393,4.393,4.3834,4.393,1536,0
20120829,4.5395,4.5395,3.993,4.393,41852,0
20120830,4.3834,4.6956,4.3834,4.6956,1025,0
20120831,4.5687,4.764,4.5396,4.5396,1343,0
20120904,4.5395,4.686,4.5395,4.5395,3790,0
20120905,4.5395,4.5395,4.5395,4.5395,411,0
20120907,4.4907,4.5395,4.4808,4.4808,6251,0
20120911,4.5101,4.5101,4.5101,4.5101,100,0
20120912,4.4613,4.4613,4.4418,4.4418,1947,0
20120914,4.5395,4.5395,4.471,4.5395,4219,0
20120918,4.2563,4.2563,4.2172,4.227,511,0
20120924,4.2857,4.2857,4.2857,4.2857,100,0
20120925,4.2368,4.2954,4.1295,4.2857,2837,0
20120927,4.1782,4.1782,4.1294,4.1294,12395,0
20120928,4.1098,4.1587,4.1001,4.1197,5086,0
20121008,4.1977,4.1977,4.1684,4.1684,933,0
20121010,4.2075,4.2075,4.2075,4.2075,100,0
20121011,4.2172,4.725,4.1977,4.725,3200,0
20121015,4.5101,4.5101,4.5101,4.5101,309,0
20121016,4.2758,4.2758,4.2758,4.2758,203,0
20121018,4.2954,4.2954,4.2954,4.2954,203,0
20121019,4.4223,4.4223,4.4223,4.4223,100,0
20121023,4.4321,4.4321,4.4321,4.4321,126,0
20121024,4.2172,4.2172,4.1782,4.1782,3367,0
20121025,4.1684,4.725,4.0416,4.227,5090,0
20121026,4.227,4.2466,4.227,4.2368,970,0
20121031,4.227,4.227,4.1191,4.1191,489,0
20121101,4.1191,4.1191,4.021,4.1191,1641,0
20121102,4.1681,4.4133,4.1681,4.4133,655,0
20121105,4.335,4.335,4.2564,4.2564,579,0
20121106,4.1681,4.1681,4.1681,4.1681,202,0
20121107,4.1879,4.2859,4.1681,4.1681,5690,0
20121108,4.1681,4.1681,4.1681,4.1681,509,0
20121112,4.1975,4.1975,4.1681,4.1681,2039,0
20121115,4.3152,4.3152,4.1485,4.2171,3176,0
20121116,4.2171,4.2171,4.2171,4.2171,100,0
20121119,4.3937,4.4133,4.2171,4.2368,4162,0
20121128,4.0701,4.1289,4.0013,4.0013,16735,0
20121129,4.0309,4.0407,4.021,4.0407,1199,0
20121130,4.1681,4.2368,3.4523,3.8543,30755,0
20121203,3.6679,3.7169,3.5602,3.7169,3318,0
20121204,3.7759,3.7759,3.7759,3.7759,100,0
20121206,3.7759,3.7759,3.6582,3.6582,202,0
20121210,3.6485,3.6581,3.5307,3.5307,7547,0
20121212,3.5503,3.8936,3.4816,3.4816,14697,0
20121213,3.5307,3.5503,3.4424,3.5307,9737,0
20121214,3.5404,3.5404,3.4424,3.4424,2040,0
20121217,3.5404,3.5404,3.5404,3.5404,202,0
20121218,3.8347,3.9034,3.6778,3.815,3727,0
20121219,3.5503,3.6287,3.5503,3.6287,3819,0
20121220,3.6287,3.8248,3.6287,3.8248,7240,0
20121221,3.6877,3.6877,3.6877,3.6877,2039,0
20121224,3.6386,3.6386,3.4816,3.5012,7341,0
20121228,3.4523,3.4915,3.4424,3.4915,1836,0
20121231,3.4424,3.9034,3.3347,3.9034,4353,0
20130103,3.815,3.815,3.815,3.815,409,0
20130104,3.7269,4.0407,3.7269,4.0407,5198,0
20130107,4.021,4.021,3.9229,3.9229,3027,0
20130108,3.9327,4.027,3.9229,4.0148,3959,0
20130109,3.8838,4.021,3.8838,3.972,9381,0
20130110,4.021,4.1681,3.9818,4.1681,4491,0
20130114,4.0309,4.0309,4.0309,4.0309,100,0
20130117,3.962,4.0112,3.9524,3.962,1937,0
20130118,3.9918,3.9918,3.9327,3.9327,611,0
20130122,3.9327,3.9427,3.9327,3.9329,409,0
20130123,3.9524,3.9524,3.815,3.8838,4780,0
20130124,3.8838,3.9229,3.8838,3.9229,509,0
20130128,3.8446,3.8446,3.815,3.815,662,0
20130129,3.9229,3.9466,3.815,3.9034,4158,0
20130130,3.9525,3.9622,3.9328,3.9328,1972,0
20130131,3.9525,4.0508,3.8837,4.0508,3643,0
20130201,3.992,4.1786,3.6772,4.1038,4036,0
20130204,4.159,4.4245,4.0508,4.4245,4220,0
20130205,3.8738,4.4245,3.8738,4.1295,4015,0
20130206,4.4047,4.4245,4.2278,4.2278,3966,0
20130207,4.5228,4.6604,4.2278,4.6211,12041,0
20130208,4.0804,5.1619,4.0804,5.0243,17026,0
20130211,4.9849,5.0635,4.9751,5.0635,4067,0
20130212,5.0635,5.1619,4.9357,5.1226,12046,0
20130213,5.1127,5.2602,4.9161,5.1127,7763,0
20130214,5.1028,5.1028,5.1028,5.1028,100,0
20130215,5.211,5.3487,5.152,5.2652,3101,0
20130219,5.2995,5.2995,5.2995,5.2995,7730,0
20130220,5.3584,5.6535,5.1325,5.4076,11104,0
20130221,5.6239,5.6535,5.4076,5.4076,1835,0
20130225,4.7095,5.7516,4.7095,5.7516,1057,0
20130226,5.8993,5.8993,5.4076,5.4666,815,0
20130228,5.4273,5.4568,5.4273,5.4568,8009,0
20130301,5.506,5.6043,5.3094,5.6043,5314,0
20130305,5.565,5.7027,5.0645,5.5257,10601,0
20130306,5.3978,5.4666,5.0143,5.4076,2451,0
20130307,5.4076,5.4076,4.9652,5.152,2726,0
20130308,5.1815,5.6043,5.152,5.4076,10186,0
20130313,4.9947,5.1815,4.9947,5.1815,1525,0
20130314,5.4076,5.4146,5.4076,5.4146,1147,0
20130315,5.4568,5.4568,5.4076,5.4076,998,0
20130318,5.6043,5.6043,5.5847,5.5945,1443,0
20130319,5.5945,5.5945,5.5945,5.5945,307,0
20130320,5.4783,5.4783,5.4783,5.4783,100,0
20130321,5.5551,5.5551,5.4765,5.4765,276,0
20130322,5.4396,5.4396,5.4175,5.4175,860,0
20130325,5.4372,5.5158,5.1421,5.1421,7553,0
20130326,5.4076,5.4273,5.388,5.4076,1568,0
20130327,4.9947,4.9947,4.9652,4.9947,1067,0
20130328,5.0143,5.4568,5.0143,5.3683,1478,0
20130402,5.0735,5.211,5.0735,5.211,2817,0
20130403,5.1324,5.1324,5.1324,5.1324,100,0
20130404,5.152,5.4568,5.0635,5.4568,4496,0
20130405,5.5158,5.5158,4.9751,5.3584,2533,0
20130410,5.211,5.565,5.211,5.565,1837,0
20130411,5.4076,5.6043,5.329,5.329,2373,0
20130412,5.2209,5.6043,5.2209,5.6043,1306,0
20130416,5.2331,5.2331,5.2331,5.2331,824,0
20130417,5.329,5.329,5.211,5.211,603,0
20130418,5.1324,5.6535,5.1324,5.6436,1324,0
20130419,5.5551,5.5551,5.5551,5.5551,508,0
20130422,5.0737,5.4175,5.0737,5.0737,1441,0
20130423,5.1619,5.1913,5.093,5.1028,2339,0
20130424,5.0537,5.0537,5.0537,5.0537,307,0
20130425,5.0045,5.0045,4.9161,4.9161,6013,0
20130426,4.9161,4.9652,4.9161,4.9652,508,0
20130429,5.0637,5.0637,4.916,4.9582,2131,0
20130501,4.6696,4.8174,4.6696,4.8174,1503,0
20130502,4.8174,4.8174,4.8076,4.8174,2290,0
20130503,4.6992,4.8076,4.6992,4.7358,3192,0
20130506,4.7289,4.7289,4.6696,4.7289,1002,0
20130507,4.6893,4.7289,4.4234,4.581,7220,0
20130508,4.2657,4.6105,4.2657,4.4333,2212,0
20130509,4.4135,4.4135,4.4135,4.4135,306,0
20130510,4.6105,4.6401,4.6007,4.6401,2888,0
20130513,4.6797,4.6797,4.6797,4.6797,151,0
20130514,5.1721,5.1721,5.1721,5.1721,149,0
20130515,5.1721,5.1721,5.1623,5.1721,8107,0
20130516,5.1622,5.2017,4.9312,4.9312,4655,0
20130517,5.0042,5.3495,5.0042,5.3495,1019,0
20130520,5.0441,5.0737,5.0441,5.0737,201,0
20130521,4.9751,4.9849,4.9258,4.9258,2323,0
20130522,4.9258,4.9258,4.7386,4.7682,1332,0
20130524,4.7386,4.8371,4.7386,4.8274,6346,0
20130528,4.8863,4.916,4.8274,4.8274,914,0
20130529,4.7485,4.8963,4.7386,4.7386,2122,0
20130530,4.8174,5.1228,4.8174,4.9849,4245,0
20130531,5.0137,5.2308,4.925,5.1224,6181,0
20130604,5.0244,5.0539,4.7386,5.0244,6964,0
20130605,4.8274,5.0244,4.7781,4.916,3168,0
20130606,4.9258,5.0244,4.9258,4.9258,4265,0
20130607,4.9356,4.9356,4.9356,4.9356,1015,0
20130610,4.9258,5.0737,4.8766,4.8766,2944,0
20130611,4.8766,4.8766,4.8766,4.8766,201,0
20130614,4.8371,4.9751,4.8371,4.9751,7612,0
20130617,4.8371,4.8371,4.6893,4.7781,11291,0
20130624,4.7289,4.906,4.6796,4.906,4148,0
20130627,4.7868,4.7868,4.7781,4.7781,507,0
20130628,4.9061,5.2182,4.7781,5.2182,23323,0
20130705,5.2214,5.2214,5.2214,5.2214,100,0
20130708,5.1819,5.2214,4.9258,4.9258,3655,0
20130709,4.9258,4.9259,4.9258,4.9259,1035,0
20130710,5.0737,5.0737,5.0737,5.0737,100,0
20130711,5.0737,5.0737,5.0737,5.0737,813,0
20130717,5.0244,5.0244,5.0244,5.0244,306,0
20130725,5.0441,5.0441,5.0441,5.0441,100,0
20130729,5.0441,5.3987,5.0441,5.3987,4341,0
20130730,5.2506,5.2506,5.2013,5.2308,4268,0
20130731,5.1322,5.2318,5.1322,5.2318,4580,0
20130801,5.2308,5.2308,5.0533,5.0533,506,0
20130802,5.0828,5.2408,5.0828,5.0828,1205,0
20130806,4.9447,5.0237,4.9348,5.0237,4656,0
20130807,4.9842,5.0747,4.8953,5.0746,4326,0
20130808,4.9546,4.9546,4.9546,4.9546,507,0
20130809,4.8115,5.1025,4.8115,5.1025,2945,0
20130812,5.4184,5.4283,5.3987,5.4283,3531,0
20130813,5.2506,5.3296,5.2308,5.2408,3389,0
20130814,5.2308,5.2308,5.0335,5.0336,2858,0
20130815,5.2408,5.4184,5.1323,5.1323,2762,0
20130819,5.1322,5.1718,5.1224,5.142,814,0
20130821,5.0335,5.0335,5.0335,5.0335,280,0
20130822,5.3246,5.3246,5.0335,5.2703,1435,0
20130823,5.2013,5.2307,5.0454,5.2307,1336,0
20130826,5.2112,5.3394,5.0335,5.2801,7549,0
20130827,5.2013,5.2013,5.0878,5.1815,3545,0
20130828,5.2606,5.2801,5.0543,5.2801,2837,0
20130830,5.2802,5.2802,5.0434,5.0731,4422,0
20130903,5.1815,5.1815,5.1815,5.1815,305,0
20130904,5.2703,5.2802,5.2606,5.2606,1419,0
20130905,5.2802,5.2802,5.2703,5.2703,607,0
20130906,5.2802,5.2802,5.1815,5.1815,6464,0
20130909,5.0927,5.0927,5.0927,5.0927,265,0
20130910,5.0828,5.0828,5.0731,5.0731,305,0
20130911,5.0631,5.0631,5.0335,5.0335,912,0
20130912,5.0335,5.1125,5.0237,5.0731,3851,0
20130913,5.142,5.142,5.0237,5.0237,506,0
20130917,4.9447,5.1125,4.9447,5.0136,3140,0
20130918,5.0828,5.0828,4.9447,4.994,2174,0
20130919,4.9843,5.0237,4.9742,4.9742,16638,0
20130920,5.0631,5.0631,5.0631,5.0631,210,0
20130923,5.0237,5.0237,4.9546,4.9842,1318,0
20130924,5.0039,5.0039,4.994,4.994,506,0
20130930,5.0731,5.2902,4.994,5.2802,708,0
20131001,5.2902,5.2902,5.2902,5.2902,100,0
20131002,5.2902,5.2902,5.2902,5.2902,201,0
20131007,5.0335,5.0631,4.8459,4.8459,3344,0
20131008,4.9348,5.0828,4.6387,4.6387,9626,0
20131009,4.9151,4.9151,4.8459,4.8459,201,0
20131011,4.8165,4.8361,4.5893,4.5893,16514,0
20131014,4.6486,4.7177,4.6486,4.7177,201,0
20131015,4.7374,4.7374,4.6683,4.6683,2432,0
20131016,4.688,4.688,4.6683,4.6683,1217,0
20131018,4.7769,4.7769,4.7769,4.7769,201,0
20131021,4.7671,4.7671,4.7671,4.7671,100,0
20131023,4.7769,4.7769,4.7769,4.7769,100,0
20131025,4.7867,4.7867,4.5993,4.619,2737,0
20131029,4.7177,4.7867,4.6783,4.6783,912,0
20131030,4.6288,4.6288,4.6288,4.6288,2225,0
20131101,4.7474,4.7968,4.6288,4.7277,11426,0
20131104,4.7968,4.7968,4.7968,4.7968,1617,0
20131105,4.7474,4.9254,4.7375,4.7573,4853,0
20131106,4.7968,4.7968,4.6979,4.6979,1214,0
20131107,4.6979,4.6979,4.6979,4.6979,1214,0
20131108,4.6979,4.6979,4.6979,4.6979,100,0
20131111,4.7079,4.7968,4.7079,4.7968,810,0
20131112,4.7968,4.8958,4.7968,4.876,810,0
20131114,4.7968,4.8463,4.7869,4.8463,8291,0
20131115,4.9453,5.2221,4.9453,5.2221,2123,0
20131119,4.8168,4.8168,4.8168,4.8168,707,0
20131120,4.9453,4.9453,4.9453,4.9453,304,0
20131121,4.9452,4.9452,4.6288,4.6328,2004,0
20131122,4.8858,4.8858,4.8364,4.8364,4348,0
20131125,4.6288,4.7968,4.609,4.6288,4248,0
20131126,4.688,4.9453,4.688,4.9453,5864,0
20131127,4.8858,4.8858,4.8858,4.8858,201,0
20131129,4.8858,4.9453,4.8858,4.8859,1740,0
20131202,4.9453,5.0442,4.8858,4.8858,3843,0
20131203,4.8858,4.8858,4.8858,4.8858,405,0
20131204,4.8858,4.8858,4.7178,4.7277,1921,0
20131205,4.7573,4.8068,4.7474,4.8068,2731,0
20131206,4.8068,5.0441,4.7968,4.8662,2477,0
20131209,4.8563,4.8563,4.8563,4.8563,100,0
20131210,4.8463,5.3508,4.8463,5.3508,11336,0
20131211,4.8068,4.8068,4.8068,4.8068,100,0
20131212,4.7968,4.7968,4.7968,4.7968,505,0
20131216,4.8068,4.8168,4.7474,4.7474,3133,0
20131217,4.7178,4.7968,4.5496,4.5892,7381,0
20131218,4.6683,4.7968,4.5991,4.7277,7279,0
20131219,4.8168,4.8958,4.7474,4.7474,3439,0
20131220,4.7079,4.8444,4.6584,4.688,1775,0
20131226,4.5496,4.7869,4.5496,4.6288,4954,0
20131227,4.6288,4.7474,4.5496,4.7474,5258,0
20131230,4.6288,4.6783,4.6288,4.6584,304,0
20131231,4.787,4.7968,4.7771,4.7968,1921,0
20140102,4.7968,4.965,4.688,4.6979,2690,0
20140103,4.7527,4.7527,4.7527,4.7527,100,0
20140106,4.7474,5.1332,4.6485,4.688,6572,0
20140107,4.7178,4.9254,4.6783,4.6783,1820,0
20140108,4.5793,4.7178,4.5793,4.7178,5228,0
20140109,4.6684,4.7869,4.6684,4.7869,1770,0
20140110,4.698,4.698,4.698,4.698,100,0
20140113,4.7474,4.7474,4.7474,4.7474,201,0
20140114,4.6979,4.8463,4.6584,4.7178,25782,0
20140115,4.5991,4.6683,4.5991,4.6683,3033,0
20140116,4.6485,4.6979,4.6485,4.6979,14054,0
20140117,4.6288,4.7475,4.6288,4.7079,2679,0
20140121,4.8068,5.1134,4.8068,4.8662,2098,0
20140124,4.9453,4.9552,4.8958,4.9453,1516,0
20140127,4.7277,4.9453,4.7277,4.9453,505,0
20140131,4.9848,4.9848,4.9848,4.9848,304,0
20140203,4.7673,4.7673,4.7673,4.7673,128,0
20140204,4.8364,4.8364,4.8364,4.8364,276,0
20140205,4.7474,4.7673,4.7277,4.7474,4651,0
20140206,4.7673,4.7673,4.7078,4.7078,4555,0
20140211,4.7573,4.8861,4.7573,4.8861,1513,0
20140219,4.8565,4.9655,4.8465,4.9655,10629,0
20140220,4.7573,4.8664,4.7078,4.7078,10029,0
20140224,4.8069,4.8069,4.7635,4.8069,512,0
20140226,4.9258,4.9556,4.8169,4.9556,9697,0
20140227,4.9556,4.9556,4.9556,4.9556,2321,0
20140228,4.9556,4.9556,4.9555,4.9555,1412,0
20140304,5.0051,5.0051,4.9457,4.9556,4075,0
20140305,4.9556,4.9556,4.9556,4.9556,1081,0
20140306,4.9556,4.9655,4.7573,4.9556,4339,0
20140307,4.906,4.906,4.906,4.906,100,0
20140310,4.8565,4.8565,4.7573,4.8268,2546,0
20140311,4.8069,4.8069,4.8069,4.8069,253,0
20140312,4.8069,4.8069,4.8069,4.8069,255,0
20140314,4.8565,5.0646,4.8565,5.0547,3733,0
20140317,4.8565,4.8565,4.8565,4.8565,127,0
20140319,5.0051,5.025,4.8861,4.8861,3209,0
20140321,4.8861,5.1538,4.8861,5.1538,3985,0
20140324,5.1538,5.1538,4.9556,4.9556,2498,0
20140326,5.0844,5.0844,4.9754,4.9754,201,0
20140327,4.8465,4.9853,4.8465,4.8565,9256,0
20140328,4.8565,4.8565,4.8317,4.8565,3021,0
20140331,5.0547,5.2034,5.0547,5.134,868,0
20140401,4.9754,4.9754,4.8565,4.9556,9594,0
20140402,4.8831,4.8831,4.8565,4.8565,226,0
20140403,4.8565,4.8565,4.8069,4.8268,1166,0
20140408,4.8565,4.9257,4.8565,4.9257,1348,0
20140409,4.9556,5.0249,4.9556,5.0249,1009,0
20140414,4.8268,4.8268,4.8169,4.8268,201,0
20140415,4.8169,4.8565,4.8069,4.8565,1716,0
20140417,4.8861,4.9258,4.8861,4.9258,1009,0
20140421,4.916,4.9556,4.8069,4.8169,3314,0
20140422,4.8268,4.906,4.8268,4.8366,1312,0
20140423,4.8268,4.8268,4.8268,4.8268,100,0
20140425,4.8268,4.8268,4.8268,4.8268,121,0
20140428,4.8565,4.8565,4.8268,4.8565,2631,0
20140430,4.8664,4.8664,4.4791,4.7671,3384,0
20140502,4.8068,4.8267,4.7968,4.7968,3182,0
20140505,4.7671,4.8266,4.7671,4.8266,1158,0
20140508,4.8267,4.9657,3.9626,4.8763,5686,0
20140509,4.7174,4.7174,4.7174,4.7174,252,0
20140513,4.7174,4.7174,4.4791,4.5684,3526,0
20140514,4.7671,4.8168,4.7671,4.8167,2014,0
20140515,4.8168,4.9657,4.8068,4.9657,3098,0
20140519,4.8366,4.8366,4.5983,4.6191,4355,0
20140521,4.8565,4.9657,4.8465,4.8962,806,0
20140522,4.8763,4.8763,4.8763,4.8763,201,0
20140523,4.6677,4.6677,4.6181,4.6578,1477,0
20140527,4.8068,4.8068,4.6578,4.7472,1209,0
20140529,4.6479,4.6479,4.6181,4.6181,2104,0
20140530,4.7671,4.7671,4.5784,4.6724,2607,0
20140602,4.6181,4.6181,4.5684,4.5684,2819,0
20140603,4.5883,4.5883,4.5883,4.5883,158,0
20140605,4.5784,4.5784,4.2804,4.5784,3218,0
20140612,4.5883,4.5963,4.3698,4.3698,2450,0
20140613,4.5486,4.5486,4.5484,4.5484,447,0
20140616,4.4692,4.4692,3.6846,4.0719,15737,0
20140617,4.1712,4.3698,4.0719,4.0917,3505,0
20140618,4.4492,4.4492,3.8644,4.3201,11161,0
20140619,4.3301,4.3499,4.3301,4.3499,504,0
20140620,4.3499,4.3698,4.3499,4.3604,313,0
20140623,4.3301,4.3301,4.3301,4.3301,101,0
20140624,4.3698,4.3698,4.3301,4.3301,353,0
20140626,4.3003,4.3003,4.3003,4.3003,106,0
20140627,4.3897,4.4492,4.3698,4.4492,2531,0
20140630,4.4095,4.5386,4.3003,4.4692,3238,0
20140701,4.4692,4.4692,4.4692,4.4692,100,0
20140702,4.4791,4.4791,4.4791,4.4791,100,0
20140707,4.4592,4.4692,4.4592,4.4692,1209,0
20140708,4.4692,4.5386,4.4692,4.5386,3387,0
20140710,4.2705,4.4195,4.2705,4.3301,3583,0
20140711,4.4692,4.4721,4.4692,4.4721,2366,0
20140714,4.4791,4.489,4.4692,4.4692,4480,0
20140716,4.4791,4.4791,4.4791,4.4791,112,0
20140718,4.4692,4.4693,4.4692,4.4693,2416,0
20140721,4.5585,4.5683,4.4692,4.4692,7149,0
20140722,4.5089,4.7671,4.4692,4.4791,97494,0
20140723,4.5983,4.5983,4.3698,4.4195,10019,0
20140724,4.3698,4.3798,4.2705,4.3201,5903,0
20140725,4.3698,4.3698,4.3698,4.3698,403,0
20140728,4.5486,4.5486,4.3698,4.3698,10968,0
20140801,4.3798,4.3798,4.3499,4.3698,4535,0
20140804,4.3698,4.3698,4.3698,4.3698,457,0
20140805,4.3698,4.4793,4.3499,4.4395,9939,0
20140807,4.32,4.32,4.2703,4.2703,1417,0
20140808,4.3798,4.4594,4.33,4.4594,15622,0
20140811,4.4828,4.4828,4.3798,4.4246,3373,0
20140812,4.4594,4.4594,4.33,4.33,2588,0
20140814,4.7779,4.7779,4.7779,4.7779,201,0
20140815,4.8277,4.8277,4.2802,4.3798,5663,0
20140818,4.6286,4.8775,4.5291,4.579,6869,0
20140819,4.3798,4.5689,4.3798,4.5689,5913,0
20140820,4.4992,4.4992,4.4793,4.4793,5473,0
20140821,4.4893,4.4893,4.4893,4.4893,201,0
20140822,4.4793,4.5092,4.4793,4.4794,1495,0
20140825,4.4893,4.5102,4.3798,4.4494,21084,0
20140826,4.4793,4.4893,4.4793,4.4893,1507,0
20140828,4.4893,4.5093,4.4893,4.5092,3215,0
20140829,4.6285,4.6285,4.6285,4.6285,432,0
20140903,4.4893,4.4992,4.4893,4.4893,703,0
20140904,4.6087,4.6087,4.4793,4.4793,4724,0
20140905,4.5789,4.7182,4.5137,4.5875,14330,0
20140908,4.5888,4.7381,4.5789,4.7381,874,0
20140910,4.6784,4.6784,4.5092,4.6286,12649,0
20140912,4.7083,4.7083,4.5788,4.5897,6029,0
20140915,4.5789,4.7281,4.5788,4.7232,5728,0
20140916,4.6784,4.6784,4.6087,4.6484,7685,0
20140917,4.6784,4.6784,4.5292,4.5292,7703,0
20140918,4.6784,4.6784,4.6784,4.6784,203,0
20140919,4.6784,4.6784,4.6784,4.6784,249,0
20140922,4.549,4.6684,4.3897,4.6684,8350,0
20140923,4.6684,4.6684,4.6684,4.6684,100,0
20140924,4.5988,4.6585,4.4694,4.4793,1808,0
20140925,4.5291,4.5291,4.4395,4.4793,18847,0
20140926,4.4793,4.4793,4.3798,4.4792,20338,0
20140929,4.4794,4.4794,4.3897,4.4196,11324,0
20140930,4.4295,4.4395,4.3897,4.4196,17137,0
20141001,4.3798,4.3996,4.3798,4.3798,13268,0
20141002,4.33,4.33,4.33,4.33,402,0
20141003,4.1707,4.33,4.1707,4.33,603,0
20141006,4.33,4.4395,4.2305,4.2553,3231,0
20141007,4.2504,4.3997,4.2305,4.2404,2234,0
20141008,4.2404,4.2614,4.2404,4.2404,2429,0
20141009,4.2802,4.2802,4.2802,4.2802,251,0
20141010,4.1309,4.1608,4.1309,4.1608,370,0
20141014,4.1409,4.1409,4.0713,4.0713,1507,0
20141021,4.1807,4.1896,4.1309,4.1896,404,0
20141022,4.1807,4.1905,4.1807,4.1905,1363,0
20141023,4.1807,4.2404,4.1807,4.2305,4357,0
20141029,4.2802,4.33,4.2802,4.33,3816,0
20141031,4.35,4.35,4.23,4.23,15200,0
20141103,4.26,4.31,4.24,4.31,8509,0
20141105,4.49,4.49,4.22,4.23,9290,0
20141106,4.24,4.3,4.24,4.25,5772,0
20141107,4.5,4.5,4.48,4.48,6300,0
20141110,4.55,4.55,4.55,4.55,100,0
20141112,4.54,4.54,4.36,4.36,1675,0
20141113,4.3899,4.4,4.3899,4.4,1851,0
20141114,4.31,4.76,4.3,4.74,16294,0
20141117,4.74,5.1718,4.74,5.0399,10637,0
20141118,4.91,4.91,4.61,4.9,17706,0
20141119,5.1,5.1,4.95,5.08,1551,0
20141120,4.84,5.2,4.64,5,3138,0
20141121,4.97,4.98,4.85,4.85,400,0
20141124,4.85,4.8584,4.81,4.848,3700,0
20141125,4.67,4.78,4.47,4.78,4294,0
20141126,4.57,4.8,4.57,4.57,1965,0
20141128,4.7899,4.7899,4.6,4.61,1068,0
20141201,4.7,4.7,4.7,4.7,100,0
20141202,4.6,4.6,4.41,4.4101,3919,0
20141203,4.5,4.58,4.5,4.57,5351,0
20141204,4.445,4.445,4.445,4.445,363,0
20141205,4.8,4.85,4.4,4.8,3123,0
20141210,4.71,4.71,4.69,4.71,736,0
20141211,4.5,4.75,4.5,4.5,4650,0
20141212,4.53,4.8,4.5275,4.8,3305,0
20141215,4.78,5.2,4.6001,5.16,19983,0
20141216,5.12,5.17,5.0501,5.0501,2618,0
20141217,4.6,4.64,4.6,4.6,1022,0
20141218,4.9,5.18,4.6,4.75,9998,0
20141219,4.68,5.13,4.6,5,11764,0
20141222,5,5.02,4.73,4.94,3501,0
20141223,4.71,5,4.71,4.72,2480,0
20141224,4.72,4.8,4.72,4.8,1102,0
20141229,4.8673,4.8901,4.6224,4.6224,2485,0
20141230,4.94,4.94,4.94,4.94,377,0
20141231,4.63,4.94,4.62,4.87,4079,0
20150105,4.85,4.9,4.85,4.9,5712,0
20150106,4.64,5.2,4.6,5.04,11236,0
20150107,5.17,5.17,5.1325,5.17,504,0
20150108,5.15,5.17,4.85,5.05,2514,0
20150109,4.96,5.45,4.96,5.45,24843,0
20150112,5.04,5.6,5.04,5.6,2203,0
20150113,5.6,5.81,5.6,5.65,7485,0
20150114,5.7,5.7,5.17,5.25,2700,0
20150115,5.25,5.331,5.25,5.331,841,0
20150116,5.3499,5.3499,5.25,5.25,1375,0
