Date,Open,High,Low,Close,Volume,OpenInt
20050225,19.205,19.205,18.997,19.163,959,0
20050301,19.289,19.314,19.038,19.038,959,0
20050302,19.205,19.205,19.205,19.205,599,0
20050303,19.222,19.222,19.222,19.222,115,0
20050304,19.289,19.289,19.289,19.289,599,0
20050307,19.247,19.247,19.113,19.113,1438,0
20050308,19.197,19.238,19.08,19.238,1315,0
20050309,19.372,19.372,19.372,19.372,115,0
20050310,19.289,19.289,19.205,19.205,477,0
20050314,19.205,19.205,19.205,19.205,115,0
20050315,19.038,19.414,19.038,19.205,2155,0
20050316,19.205,19.372,19.205,19.205,718,0
20050321,19.08,19.205,19.08,19.205,599,0
20050322,19.038,19.038,18.871,18.871,1315,0
20050323,18.796,18.796,18.796,18.796,115,0
20050324,18.871,18.871,18.871,18.871,115,0
20050328,18.879,19.113,18.871,19.113,1918,0
20050330,18.879,18.879,18.779,18.779,477,0
20050331,18.629,18.629,18.386,18.538,1198,0
20050404,18.586,18.586,18.371,18.578,1918,0
20050405,18.379,18.503,18.379,18.503,718,0
20050406,18.42,18.42,18.42,18.42,360,0
20050407,18.578,18.578,18.386,18.477,1198,0
20050408,18.638,18.871,18.638,18.871,1918,0
20050411,19.038,19.238,19.038,19.238,1315,0
20050413,19.121,19.121,19.121,19.121,839,0
20050414,19.038,19.121,19.038,19.121,1918,0
20050415,19.205,19.205,19.205,19.205,115,0
20050418,19.372,19.372,17.535,17.576,15569,0
20050419,17.702,18.011,17.702,18.011,4551,0
20050420,18.103,18.354,18.103,18.354,2155,0
20050421,18.194,18.287,18.194,18.287,243,0
20050422,18.354,18.471,18.354,18.471,477,0
20050425,18.371,18.371,18.127,18.127,1676,0
20050427,18.287,18.354,18.287,18.354,477,0
20050428,18.202,18.202,17.911,17.911,959,0
20050429,18.078,18.202,18.078,18.202,718,0
20050502,18.035,18.202,18.004,18.004,1078,0
20050503,18.035,18.179,18.035,18.179,243,0
20050504,17.995,18.035,17.786,18.035,839,0
20050505,17.926,17.926,17.576,17.576,2155,0
20050506,17.702,18.035,17.535,17.843,5151,0
20050510,17.843,17.843,17.702,17.702,243,0
20050511,17.576,17.576,17.568,17.568,839,0
20050512,17.668,17.677,17.668,17.677,243,0
20050513,17.702,17.702,17.702,17.702,839,0
20050516,17.828,17.828,17.828,17.828,599,0
20050517,17.911,17.911,17.911,17.911,115,0
20050520,18.035,18.136,18.035,18.044,839,0
20050523,18.162,18.328,18.162,18.328,243,0
20050524,18.411,18.578,18.386,18.386,1438,0
20050526,18.345,18.345,18.287,18.287,243,0
20050527,18.119,18.119,18.119,18.119,599,0
20050602,18.287,18.371,18.136,18.136,1198,0
20050603,18.179,18.188,18.179,18.188,243,0
20050608,18.119,18.328,17.952,18.188,2636,0
20050609,18.328,18.328,18.202,18.202,839,0
20050613,18.202,18.202,17.877,18.004,2515,0
20050615,17.911,18.035,17.702,17.995,3353,0
20050617,17.828,18.194,17.828,18.194,1676,0
20050621,18.119,18.162,18.035,18.035,1918,0
20050623,18.035,18.035,18.035,18.035,115,0
20050624,18.044,18.044,18.044,18.044,115,0
20050627,18.162,18.162,18.162,18.162,243,0
20050628,18.319,18.371,18.319,18.371,1198,0
20050629,18.437,18.57,18.437,18.57,477,0
20050630,18.371,18.371,18.245,18.245,1198,0
20050705,18.119,18.287,18.119,18.287,959,0
20050706,18.371,18.371,18.371,18.371,115,0
20050711,18.371,18.371,18.287,18.287,477,0
20050714,18.371,18.371,18.371,18.371,243,0
20050715,18.302,18.328,18.302,18.328,477,0
20050718,18.328,18.455,18.328,18.455,1078,0
20050720,18.538,18.538,18.495,18.495,360,0
20050721,18.337,18.337,18.337,18.337,115,0
20050725,18.411,18.411,18.411,18.411,243,0
20050726,18.411,18.411,18.411,18.411,115,0
20050727,18.411,18.411,18.411,18.411,115,0
20050729,18.411,18.578,18.371,18.371,2754,0
20050802,18.455,18.455,18.371,18.371,477,0
20050803,18.21,18.21,18.21,18.21,115,0
20050804,18.371,18.437,18.371,18.437,599,0
20050805,18.455,18.455,18.371,18.371,2395,0
20050808,18.302,18.455,18.287,18.287,1198,0
20050809,18.455,18.578,18.455,18.578,959,0
20050815,18.578,18.612,18.578,18.612,360,0
20050817,18.621,18.629,18.621,18.629,1918,0
20050818,18.662,18.746,18.662,18.713,1438,0
20050819,18.787,18.787,18.787,18.787,243,0
20050822,18.621,18.787,18.512,18.512,5508,0
20050823,18.455,18.621,18.411,18.621,2035,0
20050825,18.538,18.538,18.455,18.455,959,0
20050829,18.52,18.52,18.52,18.52,115,0
20050830,18.503,18.503,18.503,18.503,243,0
20050831,18.455,18.455,18.371,18.371,839,0
20050902,18.429,18.455,18.429,18.455,243,0
20050908,18.463,18.538,18.371,18.538,959,0
20050913,18.328,18.328,18.328,18.328,1438,0
20050914,18.411,18.411,18.287,18.294,3114,0
20050915,18.302,18.302,18.302,18.302,243,0
20050916,18.302,18.302,18.202,18.202,599,0
20050919,18.194,18.194,18.194,18.194,115,0
20050920,18.202,18.202,18.202,18.202,115,0
20050923,18.162,18.162,18.078,18.078,477,0
20050926,18.035,18.035,18.035,18.035,115,0
20050927,17.978,17.978,17.828,17.943,1438,0
20050928,17.952,17.952,17.869,17.869,477,0
20050929,17.751,17.952,17.702,17.828,2035,0
20050930,17.852,17.852,17.852,17.852,115,0
20051003,17.786,17.786,17.786,17.786,1198,0
20051004,17.659,17.659,17.659,17.659,360,0
20051005,17.702,17.702,17.702,17.702,1198,0
20051006,17.812,17.903,17.727,17.903,1918,0
20051007,17.903,17.903,17.834,17.834,599,0
20051011,17.828,19.163,17.828,17.834,839,0
20051014,17.702,17.702,17.702,17.702,243,0
20051018,17.819,17.819,17.702,17.702,839,0
20051019,17.786,17.786,17.786,17.786,115,0
20051024,17.544,17.702,17.544,17.702,360,0
20051025,17.743,17.828,17.743,17.828,360,0
20051026,17.834,17.834,17.702,17.702,718,0
20051028,17.895,18.035,17.895,18.035,360,0
20051102,18.018,18.035,18.018,18.035,360,0
20051103,17.869,17.869,17.869,17.869,115,0
20051104,17.702,18.035,17.702,18.035,1315,0
20051107,17.911,17.911,17.659,17.659,1315,0
20051108,17.828,17.911,17.828,17.911,718,0
20051110,17.869,17.869,17.869,17.869,115,0
20051116,17.702,17.92,17.702,17.92,1198,0
20051117,17.743,17.743,17.619,17.619,1438,0
20051118,17.743,17.828,17.743,17.828,599,0
20051121,17.952,17.952,17.952,17.952,243,0
20051122,18.07,18.328,18.07,18.328,1315,0
20051123,18.538,18.621,18.538,18.621,718,0
20051128,18.495,18.621,18.371,18.621,2155,0
20051129,18.787,18.787,18.787,18.787,599,0
20051130,18.871,18.871,18.871,18.871,243,0
20051201,18.954,18.954,18.954,18.954,115,0
20051202,19.038,19.121,18.954,18.954,477,0
20051205,19.113,19.113,19.113,19.113,360,0
20051206,19.163,19.197,18.971,18.971,959,0
20051207,18.946,19.038,18.914,18.914,1078,0
20051209,19.038,19.121,19.038,19.121,360,0
20051212,19.247,19.456,19.247,19.456,360,0
20051213,19.33,19.33,19.33,19.33,360,0
20051214,19.456,19.539,19.456,19.539,360,0
20051215,19.372,19.539,19.213,19.213,1438,0
20051216,19.23,19.23,19.23,19.23,599,0
20051222,19.33,19.456,19.33,19.456,477,0
20051227,19.33,19.33,19.33,19.33,243,0
20051228,19.247,19.247,19.247,19.247,243,0
20051229,19.121,19.205,19.121,19.205,1198,0
20051230,19.038,19.038,19.038,19.038,959,0
20060103,18.871,18.914,18.704,18.871,2155,0
20060104,19.038,19.205,19.038,19.205,477,0
20060105,19.046,19.046,19.046,19.046,243,0
20060106,19.372,19.372,19.222,19.222,959,0
20060109,19.414,19.622,19.414,19.622,1198,0
20060110,19.456,19.456,19.456,19.456,243,0
20060111,19.622,19.706,19.622,19.706,360,0
20060112,19.79,19.873,19.79,19.873,360,0
20060118,20.04,20.04,20.04,20.04,839,0
20060119,20.04,20.04,20.04,20.04,2035,0
20060123,20.04,20.04,20.04,20.04,599,0
20060124,20.166,20.166,20.04,20.04,599,0
20060125,20.166,20.166,20.04,20.04,959,0
20060126,19.914,19.914,19.79,19.79,959,0
20060127,19.873,19.956,19.706,19.706,1315,0
20060130,19.539,19.548,19.205,19.205,3713,0
20060131,19.08,19.08,18.704,19.08,3353,0
20060201,18.954,18.954,18.787,18.787,718,0
20060202,18.621,18.621,17.952,18.202,5030,0
20060203,18.078,18.538,18.078,18.538,718,0
20060206,18.612,18.612,18.538,18.538,839,0
20060209,18.371,18.538,18.371,18.538,839,0
20060213,18.371,18.371,18.371,18.371,243,0
20060214,18.538,18.538,18.538,18.538,599,0
20060215,18.411,18.411,18.411,18.411,115,0
20060216,18.411,18.455,18.411,18.455,1918,0
20060222,18.455,18.455,18.455,18.455,115,0
20060223,18.328,18.446,18.287,18.446,718,0
20060224,18.446,18.446,18.371,18.371,477,0
20060228,18.262,18.262,18.262,18.262,477,0
20060302,18.162,18.363,18.162,18.363,959,0
20060303,18.287,18.287,18.119,18.119,477,0
20060307,17.995,18.035,17.995,18.035,599,0
20060308,17.869,18.078,17.702,18.078,1198,0
20060309,17.743,17.743,17.535,17.535,4551,0
20060310,17.41,17.493,17.318,17.493,2515,0
20060313,17.535,17.786,17.535,17.786,477,0
20060314,17.786,17.786,17.535,17.535,959,0
20060316,17.535,17.619,17.535,17.619,718,0
20060317,17.743,17.952,17.743,17.952,477,0
20060320,18.119,18.119,17.794,17.794,718,0
20060322,17.952,17.952,17.952,17.952,115,0
20060324,18.078,18.078,18.078,18.078,115,0
20060328,18.245,18.411,18.202,18.202,1315,0
20060329,18.052,18.052,18.052,18.052,243,0
20060330,18.202,18.202,18.035,18.035,477,0
20060403,17.869,17.877,17.869,17.869,718,0
20060405,18.07,18.07,18.07,18.07,243,0
20060406,17.952,17.952,17.585,17.743,1918,0
20060411,17.576,17.786,17.576,17.786,1198,0
20060412,17.585,17.585,17.585,17.585,115,0
20060418,17.743,17.743,17.743,17.743,243,0
20060420,17.343,17.343,17.243,17.243,1198,0
20060421,17.284,17.659,17.284,17.659,1438,0
20060424,17.535,17.702,17.535,17.702,718,0
20060425,17.828,17.828,17.828,17.828,243,0
20060426,17.886,17.886,17.369,17.369,959,0
20060427,17.418,17.535,17.369,17.535,1315,0
20060428,17.619,17.619,17.369,17.369,3234,0
20060501,17.369,17.369,17.369,17.369,360,0
20060502,17.369,17.369,17.284,17.369,2277,0
20060505,17.284,17.284,17.284,17.284,959,0
20060508,17.452,17.452,17.452,17.452,243,0
20060509,17.535,17.535,17.452,17.452,243,0
20060510,17.619,17.786,17.619,17.786,477,0
20060511,17.452,17.452,17.452,17.452,243,0
20060512,17.443,17.576,17.443,17.452,718,0
20060515,17.327,17.327,17.327,17.327,115,0
20060516,17.2,17.2,17.134,17.134,360,0
20060517,17.134,17.134,17.134,17.134,1315,0
20060518,17.284,17.327,17.284,17.327,360,0
20060519,17.527,17.694,17.527,17.694,718,0
20060522,17.535,17.535,17.535,17.535,360,0
20060524,17.535,17.535,17.535,17.535,115,0
20060530,17.535,17.535,17.535,17.535,115,0
20060531,17.702,17.702,17.702,17.702,360,0
20060601,17.786,18.035,17.786,18.035,1078,0
20060605,18.202,18.287,18.202,18.287,599,0
20060606,18.371,18.371,18.371,18.371,718,0
20060607,18.245,18.345,18.119,18.345,1315,0
20060608,18.202,18.202,18.202,18.202,599,0
20060614,18.21,18.21,18.21,18.21,115,0
20060619,18.328,18.328,18.328,18.328,360,0
20060620,18.495,18.495,18.245,18.245,1676,0
20060623,18.21,18.562,18.21,18.562,2395,0
20060626,18.704,18.704,18.562,18.562,599,0
20060627,18.371,18.495,18.371,18.371,959,0
20060628,18.371,18.371,18.119,18.119,4073,0
20060630,18.287,18.287,18.287,18.287,243,0
20060706,18.294,18.294,18.294,18.294,115,0
20060707,18.411,18.411,18.411,18.411,115,0
20060711,18.287,18.287,18.202,18.202,599,0
20060712,18.363,18.455,18.287,18.287,1198,0
20060718,18.371,18.529,18.371,18.371,959,0
20060721,18.371,18.529,18.371,18.495,599,0
20060724,18.787,18.787,18.787,18.787,1558,0
20060725,18.787,18.787,18.787,18.787,3594,0
20060726,18.822,18.822,18.822,18.822,243,0
20060728,18.954,18.954,18.954,18.954,360,0
20060731,18.829,18.829,18.829,18.829,115,0
20060801,19.038,19.414,19.038,19.414,839,0
20060802,19.205,19.205,19.205,19.205,360,0
20060803,18.997,18.997,18.879,18.879,959,0
20060804,19.08,19.08,17.952,17.952,6828,0
20060807,17.995,18.188,17.995,18.188,243,0
20060808,18.061,18.061,18.061,18.061,115,0
20060809,18.236,18.236,18.236,18.236,477,0
20060811,18.236,18.236,18.078,18.078,360,0
20060815,18.103,18.103,18.103,18.103,243,0
20060816,18.11,18.11,18.11,18.11,718,0
20060817,17.952,17.952,17.952,17.952,718,0
20060818,17.995,17.995,17.952,17.952,1438,0
20060822,18.035,18.035,18.035,18.035,360,0
20060825,18.103,18.103,17.812,17.834,1438,0
20060828,17.786,17.803,17.786,17.803,360,0
20060830,17.852,17.852,17.843,17.843,243,0
20060831,17.644,17.644,17.635,17.635,2993,0
20060901,17.576,17.576,17.535,17.535,2035,0
20060905,17.803,17.803,17.803,17.803,839,0
20060906,17.659,17.769,17.659,17.769,360,0
20060907,17.576,17.777,17.576,17.777,959,0
20060908,17.576,17.576,17.535,17.535,3832,0
20060911,17.502,17.502,17.41,17.41,718,0
20060912,17.369,17.369,17.369,17.369,360,0
20060913,17.535,17.535,17.376,17.376,477,0
20060914,17.611,17.611,17.26,17.436,4073,0
20060915,17.318,17.318,17.126,17.126,718,0
20060918,17.159,17.159,16.993,16.993,1438,0
20060919,17.159,17.443,17.159,17.443,599,0
20060920,17.56,17.56,17.56,17.56,243,0
20060921,17.602,17.602,17.602,17.602,599,0
20060922,17.593,17.593,17.593,17.593,1315,0
20060925,17.41,17.552,17.41,17.552,360,0
20060926,17.552,17.552,17.552,17.552,959,0
20060927,17.41,17.535,17.335,17.535,1438,0
20060928,17.41,17.452,17.41,17.452,477,0
20060929,17.427,17.484,17.427,17.476,959,0
20061002,17.335,17.335,17.335,17.335,115,0
20061003,16.909,16.95,16.909,16.95,8024,0
20061004,16.95,17.034,16.95,17.034,2155,0
20061005,16.95,17.151,16.95,17.151,1918,0
20061006,17.2,17.376,17.2,17.376,2155,0
20061009,17.376,17.484,17.376,17.484,839,0
20061010,17.243,17.452,17.243,17.452,718,0
20061011,17.41,17.527,17.284,17.284,1558,0
20061012,17.2,17.284,17.2,17.284,1315,0
20061013,17.284,17.493,17.284,17.493,2035,0
20061016,17.619,18.052,17.535,17.86,5151,0
20061017,17.852,17.903,17.852,17.903,4311,0
20061018,17.869,17.869,17.668,17.72,2277,0
20061019,17.627,18.446,17.619,18.087,3234,0
20061020,18.035,18.035,17.192,17.436,6946,0
20061023,17.327,17.327,17.327,17.327,243,0
20061024,17.436,17.436,17.436,17.436,115,0
20061025,17.41,17.635,17.41,17.552,1558,0
20061026,17.72,17.852,17.544,17.852,1795,0
20061027,17.926,17.926,17.743,17.743,243,0
20061030,17.843,17.843,17.535,17.535,2515,0
20061031,17.452,17.452,17.41,17.41,360,0
20061101,17.468,17.702,17.468,17.702,959,0
20061103,17.544,17.711,17.535,17.535,1438,0
20061106,17.711,17.736,17.711,17.736,839,0
20061107,17.72,17.72,17.568,17.568,1676,0
20061109,17.743,17.86,17.694,17.694,1078,0
20061110,17.535,17.535,17.101,17.117,8144,0
20061113,17.051,17.185,17.051,17.185,2636,0
20061114,17.117,17.117,17.117,17.117,115,0
20061115,17.277,17.277,17.277,17.277,243,0
20061116,17.268,17.327,17.268,17.292,6465,0
20061117,17.576,17.702,17.576,17.619,1676,0
20061120,17.535,17.535,17.369,17.369,839,0
20061121,17.318,17.327,17.318,17.327,1078,0
20061122,17.143,17.277,17.117,17.277,1795,0
20061124,17.369,17.535,17.369,17.535,1315,0
20061128,17.535,17.535,17.535,17.535,243,0
20061129,17.493,17.834,17.493,17.751,1795,0
20061130,17.911,18.011,17.786,17.843,1438,0
20061201,17.651,17.877,17.651,17.877,959,0
20061204,17.743,17.92,17.736,17.736,1558,0
20061207,17.869,18.035,17.702,18.035,5389,0
20061208,18.035,18.337,18.035,18.337,1315,0
20061211,18.287,18.371,18.287,18.371,2754,0
20061212,18.202,18.202,18.202,18.202,599,0
20061214,18.119,18.796,18.119,18.796,2993,0
20061215,18.829,18.829,18.471,18.538,2277,0
20061218,18.746,18.787,18.746,18.787,2395,0
20061219,18.586,18.586,18.586,18.586,1198,0
20061220,18.77,18.787,18.77,18.787,1198,0
20061221,18.662,18.662,18.586,18.586,243,0
20061222,18.761,18.787,18.621,18.621,839,0
20061226,18.787,18.854,18.529,18.529,2754,0
20061227,18.595,18.595,18.319,18.319,839,0
20061228,18.153,18.153,17.828,18.078,2636,0
20061229,18.162,18.695,18.162,18.695,1676,0
20070103,18.829,18.829,18.162,18.386,5270,0
20070104,18.179,18.371,18.179,18.363,1795,0
20070108,18.411,18.411,18.379,18.379,839,0
20070109,18.371,18.371,17.585,17.961,1558,0
20070110,18.17,18.17,17.852,17.961,959,0
20070111,17.995,18.294,17.995,18.294,1315,0
20070112,18.202,18.287,18.202,18.287,839,0
20070116,18.455,18.687,18.319,18.354,1315,0
20070117,18.363,18.455,18.363,18.403,3949,0
20070118,18.144,18.455,18.136,18.162,2395,0
20070122,18.202,18.202,18.162,18.162,1315,0
20070123,18.202,18.202,18.202,18.202,360,0
20070124,18.354,18.354,18.202,18.202,599,0
20070125,18.245,18.245,18.245,18.245,243,0
20070126,18.287,18.354,18.287,18.354,243,0
20070129,18.363,18.363,18.363,18.363,243,0
20070130,18.363,18.363,18.363,18.363,477,0
20070131,18.363,18.371,18.363,18.371,718,0
20070201,18.371,18.371,18.371,18.371,115,0
20070202,18.371,18.371,18.371,18.371,243,0
20070205,18.363,18.363,18.245,18.245,1078,0
20070206,18.245,18.363,18.245,18.363,959,0
20070208,18.245,18.371,18.245,18.371,599,0
20070212,18.363,18.687,18.363,18.687,1078,0
20070213,18.787,18.787,17.978,17.978,2754,0
20070214,18.119,18.363,17.92,17.92,2277,0
20070215,18.035,18.035,18.027,18.035,360,0
20070216,18.044,18.202,18.044,18.202,360,0
20070220,18.119,18.194,18.035,18.188,1438,0
20070221,18.035,18.236,18.035,18.236,360,0
20070222,18.119,18.245,18.035,18.245,2155,0
20070223,18.319,18.437,18.319,18.328,1315,0
20070226,18.411,18.662,18.411,18.578,1315,0
20070228,18.455,18.529,18.455,18.529,360,0
20070301,18.371,18.446,18.328,18.371,1676,0
20070305,18.437,18.437,18.437,18.437,360,0
20070306,18.287,18.455,18.035,18.345,2993,0
20070307,18.119,18.371,18.119,18.371,1438,0
20070308,18.271,18.271,18.202,18.202,243,0
20070309,18.363,18.411,18.363,18.363,839,0
20070312,18.446,18.446,18.446,18.446,115,0
20070313,18.455,18.455,18.363,18.455,2515,0
20070314,18.455,18.455,18.371,18.371,477,0
20070315,18.455,18.455,18.455,18.455,115,0
20070316,18.371,18.371,18.371,18.371,115,0
20070319,18.202,18.202,17.711,17.812,3114,0
20070320,17.911,18.194,17.911,18.194,1315,0
20070321,18.078,18.078,17.535,17.743,1918,0
20070322,17.886,18.011,17.702,18.011,6465,0
20070323,18.07,18.127,17.995,18.127,1676,0
20070326,18.127,18.127,17.952,17.952,599,0
20070328,18.127,18.363,18.127,18.363,477,0
20070329,18.371,18.371,18.188,18.188,1078,0
20070330,18.219,18.219,17.969,17.969,1198,0
20070403,17.869,17.952,17.869,17.903,1078,0
20070404,17.952,18.035,17.952,18.035,599,0
20070405,17.911,17.911,17.72,17.72,2035,0
20070409,17.828,17.943,17.828,17.943,718,0
20070410,17.952,18.061,17.903,17.952,2035,0
20070411,18.153,18.153,18.044,18.044,243,0
20070412,18.219,18.345,17.978,17.978,959,0
20070413,17.978,18.287,17.969,18.287,1795,0
20070416,18.287,18.455,18.287,18.403,2155,0
20070417,18.371,18.411,18.287,18.287,1315,0
20070418,18.394,18.394,18.294,18.294,243,0
20070419,18.236,20.131,18.061,18.287,3472,0
20070420,18.061,18.162,18.061,18.162,599,0
20070423,18.061,18.119,17.828,17.961,1438,0
20070424,17.834,18.162,17.834,18.162,839,0
20070425,18.11,18.11,17.869,17.869,477,0
20070426,17.895,18.403,17.828,17.886,5389,0
20070427,17.911,17.911,17.552,17.552,5988,0
20070430,17.659,17.659,17.659,17.659,115,0
20070501,17.585,17.585,17.585,17.585,839,0
20070502,17.51,17.659,17.51,17.659,360,0
20070503,17.619,17.619,17.619,17.619,477,0
20070504,17.651,17.886,17.301,17.493,3832,0
20070507,17.602,17.727,17.602,17.727,959,0
20070508,17.659,17.659,17.659,17.659,115,0
20070509,17.593,17.593,17.593,17.593,115,0
20070510,17.627,17.627,17.627,17.627,243,0
20070511,17.602,17.602,17.159,17.309,4191,0
20070516,17.46,17.535,17.46,17.535,2035,0
20070517,17.535,17.535,17.452,17.452,718,0
20070518,17.519,17.519,17.519,17.519,243,0
20070521,17.369,17.736,17.243,17.736,2636,0
20070522,17.869,17.869,17.86,17.86,477,0
20070524,17.702,17.786,17.702,17.786,718,0
20070525,17.786,17.786,17.786,17.786,839,0
20070529,17.828,17.828,17.828,17.828,115,0
20070530,17.702,17.702,17.702,17.702,115,0
20070531,17.777,17.869,17.777,17.869,360,0
20070601,17.828,17.828,17.828,17.828,243,0
20070605,17.786,17.786,17.786,17.786,718,0
20070606,17.786,17.786,17.786,17.786,360,0
20070608,17.659,17.869,17.535,17.869,599,0
20070611,17.869,17.952,17.819,17.819,477,0
20070612,17.911,17.995,17.911,17.995,2754,0
20070613,17.952,18.245,17.952,18.202,4073,0
20070614,18.078,18.078,17.327,17.677,2035,0
20070615,17.786,17.786,17.659,17.659,959,0
20070620,17.659,17.659,17.659,17.659,243,0
20070621,17.576,17.576,17.568,17.568,959,0
20070622,17.568,17.568,17.568,17.568,243,0
20070625,17.493,17.535,17.418,17.418,2277,0
20070627,17.369,17.41,17.327,17.327,1558,0
20070628,17.327,17.327,17.327,17.327,115,0
20070629,17.327,17.369,17.327,17.369,599,0
20070702,17.369,17.535,17.369,17.493,599,0
20070705,17.535,17.535,17.327,17.327,360,0
20070706,17.243,17.251,17.243,17.251,477,0
20070709,17.369,17.369,17.351,17.369,718,0
20070710,17.217,17.535,17.217,17.535,718,0
20070711,17.369,17.369,17.284,17.284,959,0
20070712,17.284,17.284,17.2,17.2,1315,0
20070716,17.2,17.535,17.2,17.301,7066,0
20070717,17.452,17.852,17.452,17.852,1315,0
20070718,17.852,18.371,17.852,18.371,2277,0
20070719,17.969,18.219,17.969,18.087,1676,0
20070720,17.995,17.995,17.995,17.995,243,0
20070724,17.886,18.035,17.886,18.035,243,0
20070725,17.995,17.995,17.786,17.786,477,0
20070726,17.869,17.869,17.869,17.869,243,0
20070727,17.126,17.903,17.126,17.812,718,0
20070730,18.328,18.328,17.627,17.627,6828,0
20070801,17.535,17.828,17.535,17.786,599,0
20070803,17.535,17.535,17.376,17.376,477,0
20070807,17.327,17.327,16.909,17.109,2035,0
20070808,17.076,17.2,17.076,17.117,3713,0
20070809,17.076,17.126,16.742,17.117,12335,0
20070810,16.775,16.909,16.775,16.909,2515,0
20070813,16.909,17.001,16.825,16.909,2515,0
20070814,16.909,16.909,16.909,16.909,599,0
20070815,16.742,16.809,16.7,16.7,1078,0
20070816,16.7,16.7,16.7,16.7,243,0
20070817,16.909,16.909,16.717,16.742,959,0
20070820,16.742,16.867,16.567,16.7,5030,0
20070821,16.7,16.7,15.84,16.007,12814,0
20070822,16.249,16.407,16.016,16.016,5151,0
20070823,16.108,16.558,16.108,16.558,4433,0
20070824,16.625,16.625,16.625,16.625,115,0
20070827,16.767,16.767,16.658,16.658,360,0
20070828,16.7,16.993,16.7,16.993,1676,0
20070829,16.901,16.901,16.901,16.901,477,0
20070830,16.825,16.933,16.825,16.933,477,0
20070904,16.867,16.933,16.783,16.783,1198,0
20070905,16.95,16.95,16.825,16.825,243,0
20070906,16.95,16.95,16.95,16.95,115,0
20070907,16.867,16.892,16.867,16.892,1558,0
20070910,16.783,16.783,16.783,16.783,599,0
20070911,16.783,16.95,16.742,16.742,12335,0
20070912,16.901,16.901,16.901,16.901,477,0
20070914,16.783,16.875,16.742,16.867,1438,0
20070917,16.867,16.867,16.867,16.867,839,0
20070918,16.95,16.95,16.95,16.95,1078,0
20070919,16.867,16.884,16.867,16.884,1315,0
20070921,17.001,17.001,17.001,17.001,360,0
20070924,16.917,17.284,16.917,17.117,2277,0
20070925,17.301,17.418,17.301,17.418,718,0
20070926,17.418,17.502,17.235,17.369,13892,0
20070927,17.327,17.327,17.327,17.327,243,0
20070928,17.535,17.535,17.36,17.36,477,0
20071001,17.159,17.309,17.159,17.309,599,0
20071002,17.243,17.243,17.243,17.243,243,0
20071003,17.076,17.2,17.034,17.034,2875,0
20071004,17.117,17.117,17.117,17.117,115,0
20071005,17.076,17.076,17.076,17.076,243,0
20071008,17.235,17.452,17.235,17.41,2155,0
20071011,17.268,17.702,17.268,17.376,12694,0
20071012,17.602,17.702,17.493,17.519,23474,0
20071015,17.659,17.659,17.277,17.436,2515,0
20071017,17.535,17.535,17.335,17.335,599,0
20071018,17.243,17.243,17.151,17.151,1198,0
20071019,16.993,17.284,16.993,17.284,243,0
20071022,17.327,17.502,17.2,17.327,2636,0
20071023,17.251,17.452,17.251,17.251,599,0
20071024,17.384,17.384,17.243,17.243,6349,0
20071025,17.2,17.452,17.2,17.243,5747,0
20071026,17.384,17.384,17.384,17.384,959,0
20071029,17.384,17.384,17.26,17.26,477,0
20071030,17.369,17.452,17.284,17.452,3472,0
20071031,17.502,17.502,17.502,17.502,243,0
20071101,17.493,17.493,17.284,17.284,477,0
20071102,17.527,17.619,17.493,17.493,2515,0
20071106,17.576,17.576,17.576,17.576,243,0
20071109,17.659,17.659,17.659,17.659,959,0
20071113,17.702,17.702,17.619,17.702,1078,0
20071114,17.668,17.702,17.535,17.535,2277,0
20071115,17.535,17.535,17.117,17.502,3594,0
20071119,17.593,17.619,17.585,17.619,959,0
20071120,17.593,17.869,17.593,17.869,4791,0
20071121,17.702,17.834,17.335,17.335,1795,0
20071126,17.2,17.2,16.867,16.867,3353,0
20071127,16.783,16.783,16.533,16.7,839,0
20071128,16.783,17.034,16.783,16.783,1198,0
20071129,17.034,17.284,17.034,17.284,959,0
20071203,17.369,17.369,17.369,17.369,115,0
20071205,17.235,17.235,17.025,17.235,2155,0
20071211,17.117,17.117,16.867,16.867,16406,0
20071212,17.034,17.502,16.926,17.084,11378,0
20071213,17.117,17.327,17.117,17.117,17244,0
20071217,17.2,17.327,17.2,17.327,1676,0
20071218,17.117,17.243,17.117,17.176,718,0
20071219,16.993,17.051,16.841,17.051,839,0
20071220,16.8,16.8,16.783,16.783,360,0
20071221,16.8,17.034,16.8,16.917,9343,0
20071224,16.867,16.867,16.867,16.867,243,0
20071226,16.75,17.143,16.75,16.975,839,0
20071227,17.067,17.067,16.959,16.959,243,0
20071228,16.867,16.867,16.7,16.7,1438,0
20071231,16.85,17.009,16.85,17.009,477,0
20080102,16.867,17.117,16.867,17.117,959,0
20080104,16.933,16.933,16.841,16.841,477,0
20080107,17.484,17.484,17.076,17.2,477,0
20080108,17.159,17.159,16.7,16.708,1558,0
20080109,16.792,16.792,16.574,16.574,718,0
20080110,16.767,16.792,16.767,16.792,1438,0
20080111,16.792,16.792,16.7,16.7,360,0
20080114,16.617,16.617,16.617,16.617,243,0
20080115,16.658,16.733,16.658,16.733,360,0
20080116,16.583,16.867,16.366,16.599,3713,0
20080117,16.533,16.533,16.516,16.533,599,0
20080118,16.533,16.533,16.45,16.45,718,0
20080122,16.366,16.767,16.366,16.767,1918,0
20080123,16.583,17.41,16.583,16.909,3832,0
20080124,16.875,16.95,16.591,16.625,2155,0
20080125,16.358,16.675,16.315,16.424,2636,0
20080128,16.491,16.95,16.491,16.95,4551,0
20080130,16.742,16.783,16.742,16.742,477,0
20080131,16.291,16.642,16.291,16.516,1315,0
20080201,16.599,16.599,16.599,16.599,243,0
20080204,16.458,16.742,16.458,16.742,360,0
20080206,16.841,16.841,16.733,16.733,477,0
20080207,16.574,16.825,16.574,16.825,1198,0
20080208,16.85,16.892,16.792,16.792,839,0
20080211,16.825,16.825,16.825,16.825,477,0
20080212,16.825,16.85,16.574,16.583,1558,0
20080213,16.7,16.7,16.658,16.658,718,0
20080214,16.658,16.658,16.491,16.574,839,0
20080219,16.658,16.658,16.491,16.533,4670,0
20080221,16.45,16.491,16.45,16.45,1078,0
20080226,16.366,16.366,16.241,16.241,2035,0
20080227,16.283,16.283,16.182,16.182,1107,0
20080228,16.258,16.258,16.258,16.258,115,0
20080229,16.283,16.283,16.157,16.157,2878,0
20080303,16.157,16.157,16.115,16.115,1795,0
20080304,16.115,16.115,16.115,16.115,839,0
20080305,16.283,16.283,16.283,16.283,477,0
20080306,16.283,16.283,16.175,16.199,1078,0
20080311,16.031,16.031,16.031,16.031,243,0
20080312,16.074,16.074,16.074,16.074,115,0
20080314,16.157,16.157,16.157,16.157,243,0
20080317,16.074,16.074,16.031,16.031,839,0
20080318,16.031,16.031,16.031,16.031,1198,0
20080320,15.991,15.991,15.991,15.991,115,0
20080324,15.948,16.108,15.84,15.84,3594,0
20080325,15.865,16.157,15.865,15.865,1078,0
20080326,15.84,15.84,15.84,15.84,115,0
20080327,15.824,15.824,15.781,15.781,1078,0
20080328,15.856,15.873,15.856,15.873,360,0
20080401,15.865,15.948,15.865,15.948,477,0
20080402,15.991,16.031,15.991,16.031,1198,0
20080403,15.991,15.991,15.991,15.991,115,0
20080404,16.074,16.074,16.074,16.074,477,0
20080408,15.991,15.991,15.865,15.873,2754,0
20080409,16.031,16.031,16.031,16.031,115,0
20080410,16.016,16.016,15.882,15.89,477,0
20080411,15.89,15.89,15.89,15.89,360,0
20080414,15.882,15.882,15.865,15.865,959,0
20080417,15.939,15.939,15.939,15.939,115,0
20080418,15.948,16.433,15.948,16.283,1676,0
20080421,16.157,16.274,16.065,16.274,718,0
20080422,16.157,16.157,16.157,16.157,115,0
20080423,16.332,16.35,16.332,16.35,243,0
20080424,15.815,15.948,15.815,15.865,869,0
20080425,15.865,15.865,15.865,15.865,360,0
20080428,15.865,15.865,15.781,15.865,1078,0
20080429,15.865,16.074,15.781,16.074,2754,0
20080430,15.865,15.865,15.865,15.865,115,0
20080501,15.865,15.865,15.865,15.865,115,0
20080502,15.991,16.031,15.799,15.799,839,0
20080505,15.924,15.924,15.824,15.824,477,0
20080506,15.865,15.948,15.865,15.865,1054,0
20080508,15.999,15.999,15.991,15.991,959,0
20080509,15.991,15.991,15.991,15.991,599,0
20080512,16.717,16.717,15.991,15.991,1579,0
20080513,16.324,16.491,15.532,15.865,6633,0
20080514,15.781,15.781,15.781,15.781,1724,0
20080515,15.865,15.999,15.865,15.999,414,0
20080520,16.074,16.074,16.074,16.074,243,0
20080521,16.074,16.207,15.865,16.199,2125,0
20080522,16.366,16.366,16.341,16.341,243,0
20080523,16.358,16.407,15.999,16.407,2277,0
20080527,16.283,16.283,16.191,16.191,599,0
20080530,16.491,16.717,16.45,16.45,1495,0
20080603,16.658,16.658,16.491,16.491,1855,0
20080604,16.7,16.7,16.7,16.7,360,0
20080605,16.7,16.7,16.7,16.7,115,0
20080609,16.909,16.933,16.491,16.7,959,0
20080612,16.7,16.8,16.7,16.8,969,0
20080613,16.7,16.933,16.7,16.933,1558,0
20080617,16.867,16.867,16.867,16.867,115,0
20080620,16.867,16.909,16.867,16.867,1315,0
20080623,16.7,16.825,16.7,16.825,954,0
20080624,16.867,17.2,16.7,16.783,3415,0
20080626,16.95,17.117,16.775,16.909,1636,0
20080630,16.742,16.742,16.742,16.742,243,0
20080703,16.7,16.7,16.7,16.7,517,0
20080707,16.95,16.95,16.95,16.95,155,0
20080708,16.533,17.952,16.366,16.366,12694,0
20080709,16.574,16.574,16.574,16.574,115,0
20080711,16.617,16.617,16.617,16.617,243,0
20080714,16.825,16.825,16.825,16.825,360,0
20080715,16.366,16.366,16.366,16.366,115,0
20080716,16.7,16.7,15.948,15.948,1616,0
20080717,15.948,15.948,15.948,15.948,364,0
20080718,16.031,16.031,16.031,16.031,115,0
20080721,15.873,15.873,15.873,15.873,1694,0
20080723,16.031,16.048,15.89,15.907,2155,0
20080724,15.681,15.865,15.681,15.865,360,0
20080725,15.856,15.856,15.716,15.716,1201,0
20080728,16.074,16.074,16.074,16.074,243,0
20080729,16.074,16.65,15.907,15.907,1918,0
20080804,15.907,15.991,15.907,15.991,861,0
20080805,15.882,15.882,15.865,15.865,1558,0
20080806,16.283,16.283,16.283,16.283,599,0
20080808,16.491,16.491,16.299,16.299,1524,0
20080811,16.433,16.433,16.283,16.407,2013,0
20080812,16.407,16.825,16.407,16.825,1558,0
20080813,16.792,16.792,16.792,16.792,215,0
20080814,16.825,16.834,16.533,16.533,1438,0
20080818,16.491,16.742,16.45,16.45,1018,0
20080819,16.758,16.767,16.758,16.758,599,0
20080820,16.783,16.783,16.574,16.574,599,0
20080821,16.424,16.85,16.407,16.834,6743,0
20080822,16.834,16.834,16.834,16.834,360,0
20080826,16.7,16.993,16.7,16.993,1796,0
20080827,16.783,16.783,16.783,16.783,839,0
20080829,16.7,16.7,16.7,16.7,839,0
20080902,16.574,16.574,16.533,16.533,599,0
20080903,16.407,16.533,16.332,16.332,1558,0
20080905,17.418,17.418,16.416,16.7,2155,0
20080908,16.7,16.7,16.7,16.7,450,0
20080909,16.407,16.407,16.031,16.031,477,0
20080910,16.358,16.491,16.358,16.433,2859,0
20080911,16.491,16.7,16.491,16.7,684,0
20080912,16.283,16.283,16.283,16.283,718,0
20080915,16.283,16.617,16.283,16.617,2754,0
20080916,16.691,16.7,16.683,16.7,1203,0
20080917,16.283,16.283,16.283,16.283,115,0
20080918,16.283,16.7,16.283,16.7,718,0
20080919,16.491,16.491,16.491,16.491,623,0
20080922,16.366,16.366,16.332,16.332,599,0
20080923,16.7,16.7,16.7,16.7,959,0
20080924,16.7,16.7,16.7,16.7,721,0
20080925,16.901,17.009,16.901,17.009,839,0
20080926,16.407,16.95,16.407,16.95,1061,0
20080929,16.283,16.7,16.074,16.7,2510,0
20080930,16.7,17.117,16.7,17.117,775,0
20081001,16.909,16.909,16.909,16.909,599,0
20081003,16.909,16.909,16.909,16.909,599,0
20081006,16.7,16.7,16.7,16.7,484,0
20081007,16.491,16.491,13.443,13.443,4373,0
20081008,15.03,18.704,15.03,16.283,3104,0
20081009,16.283,16.283,15.248,15.248,360,0
20081010,15.28,15.739,15.248,15.739,1485,0
20081014,15.739,15.739,14.946,14.946,839,0
20081015,14.612,15.665,14.612,15.665,718,0
20081016,15.448,15.448,15.44,15.44,813,0
20081017,15.23,15.239,15.23,15.239,862,0
20081021,16.283,16.283,16.283,16.283,115,0
20081022,15.222,15.28,15.222,15.28,539,0
20081024,14.204,15.847,14.195,15.356,3062,0
20081027,14.812,15.865,13.135,13.952,1938,0
20081028,15.807,15.807,15.781,15.781,2002,0
20081030,15.865,15.899,15.865,15.89,1078,0
20081031,15.865,16.482,15.865,16.482,477,0
20081105,15.363,15.363,15.363,15.363,243,0
20081106,15.84,15.84,15.84,15.84,649,0
20081107,15.865,15.865,15.239,15.239,243,0
20081110,16.065,16.7,16.065,16.7,821,0
20081112,16.7,16.7,16.533,16.533,243,0
20081113,14.646,16.223,14.646,16.223,1676,0
20081114,16.691,16.7,14.939,14.939,360,0
20081117,14.212,15.932,14.195,14.612,3338,0
20081118,14.612,14.621,14.612,14.621,1198,0
20081119,16.074,16.482,12.541,15.064,11551,0
20081120,13.777,15.44,13.777,15.44,1076,0
20081121,15.047,15.448,15.047,15.448,116,0
20081125,15.03,15.03,14.612,14.78,844,0
20081126,15.03,16.617,15.03,16.617,360,0
20081203,14.304,15.865,14.304,15.865,243,0
20081204,14.612,15.865,14.612,15.865,422,0
20081209,15.448,15.448,14.696,14.696,285,0
20081211,15.865,15.865,15.865,15.865,115,0
20081215,16.074,16.157,16.074,16.157,718,0
20081216,14.955,15.856,14.612,14.612,2754,0
20081217,15.856,15.856,15.847,15.847,360,0
20081219,14.612,14.612,14.612,14.612,202,0
20081222,14.612,14.612,14.612,14.612,115,0
20081223,15.815,15.815,15.815,15.815,115,0
20081224,14.612,14.612,13.36,13.36,2666,0
20081226,14.404,14.404,14.112,14.112,1795,0
20081229,14.112,14.821,14.112,14.112,2035,0
20081230,13.385,13.394,13.36,13.36,599,0
20081231,13.945,13.945,13.945,13.945,115,0
20090107,15.939,16.023,14.362,16.023,509,0
20090113,14.445,14.445,14.029,14.029,599,0
20090115,15.948,15.948,14.077,14.077,328,0
20090116,15.073,15.073,15.073,15.073,533,0
20090120,15.03,15.03,15.03,15.03,284,0
20090121,14.537,14.537,14.195,14.195,479,0
20090122,15.965,15.965,15.03,15.28,327,0
20090126,15.773,15.773,14.946,14.946,243,0
20090127,15.723,15.723,14.221,14.221,599,0
20090129,14.195,14.195,13.945,13.945,839,0
20090130,15.723,15.723,15.723,15.723,115,0
20090202,15.865,15.865,15.865,15.865,180,0
20090204,14.195,14.195,13.794,13.794,1927,0
20090206,15.756,15.756,14.029,14.029,2078,0
20090209,15.698,15.698,15.69,15.69,360,0
20090210,14.228,14.228,13.794,13.794,1472,0
20090211,15.865,15.865,14.245,14.245,6493,0
20090212,16.065,16.065,14.236,15.03,1929,0
20090213,13.937,15.03,13.937,15.03,447,0
20090217,14.195,14.195,14.195,14.195,360,0
20090218,14.195,14.195,14.153,14.153,839,0
20090219,14.153,14.162,14.153,14.153,599,0
20090220,14.195,14.228,14.153,14.195,5916,0
20090223,14.612,14.612,14.612,14.612,243,0
20090224,14.195,14.195,14.195,14.195,360,0
20090225,13.902,14.029,13.902,14.029,828,0
20090226,15.03,15.03,15.03,15.03,486,0
20090227,13.36,13.777,13.36,13.602,630,0
20090303,13.36,15.03,13.192,13.192,5421,0
20090304,13.36,13.36,13.351,13.36,1315,0
20090305,13.277,13.277,13.277,13.277,875,0
20090310,12.943,12.943,12.943,12.943,243,0
20090311,15.865,15.865,14.988,15.03,1664,0
20090312,15.363,15.363,15.356,15.356,3708,0
20090316,14.278,14.278,12.541,12.616,3443,0
20090317,12.817,14.153,12.733,14.153,414,0
20090319,13.36,14.946,13.36,14.946,718,0
20090323,14.904,14.904,14.904,14.904,115,0
20090324,14.153,14.153,14.153,14.153,115,0
20090325,14.153,14.153,14.153,14.153,929,0
20090327,14.112,14.153,13.694,14.153,1148,0
20090331,14.153,14.153,14.153,14.153,360,0
20090401,14.153,14.178,14.153,14.178,2277,0
20090402,13.36,14.153,13.36,14.153,599,0
20090403,14.153,14.153,14.145,14.145,360,0
20090407,14.153,14.153,13.351,13.36,1421,0
20090408,13.36,13.36,13.26,13.277,839,0
20090409,13.36,13.36,13.36,13.36,718,0
20090413,13.36,13.36,13.36,13.36,718,0
20090415,12.952,12.952,12.943,12.943,360,0
20090417,13.151,13.535,13.151,13.535,1315,0
20090420,13.653,13.653,13.36,13.36,360,0
20090421,13.569,13.569,13.36,13.36,749,0
20090422,13.36,13.569,13.351,13.552,5639,0
20090423,13.018,13.526,13.018,13.526,1331,0
20090424,12.952,12.952,12.742,12.742,1180,0
20090427,12.733,13.36,12.733,13.026,1676,0
20090429,13.36,13.36,13.36,13.36,245,0
20090430,13.36,13.36,13.351,13.36,910,0
20090501,13.118,13.485,13.06,13.452,5016,0
20090504,13.427,13.46,13.026,13.026,4075,0
20090505,12.984,13.36,12.984,13.36,1886,0
20090506,13.36,13.36,13.026,13.351,4141,0
20090507,13.36,13.485,13.36,13.485,1437,0
20090508,13.443,13.443,12.968,12.968,3703,0
20090511,13.427,13.427,13.026,13.385,1712,0
20090512,13.427,13.427,13.36,13.427,1018,0
20090513,13.36,13.36,13.192,13.192,1644,0
20090514,13.192,13.36,13.192,13.284,648,0
20090515,13.36,13.385,13.36,13.385,431,0
20090518,13.385,13.385,13.36,13.385,477,0
20090519,13.076,13.109,13.076,13.076,976,0
20090520,13.36,13.36,13.076,13.076,1165,0
20090522,13.351,13.351,13.351,13.351,243,0
20090526,12.993,13.302,12.984,13.277,1042,0
20090527,13.31,13.31,13.277,13.277,2529,0
20090528,13.277,13.277,13.277,13.277,839,0
20090529,13.36,13.36,13.067,13.067,2021,0
20090601,13.067,13.293,12.524,12.524,2396,0
20090602,12.926,12.943,12.733,12.943,1456,0
20090603,13.101,13.101,13.101,13.101,1452,0
20090604,12.524,12.733,12.449,12.55,5869,0
20090605,12.524,13.151,12.174,12.357,15969,0
20090608,12.943,12.943,12.2,12.524,3353,0
20090609,12.524,12.533,12.108,12.524,5030,0
20090610,12.182,12.182,12.182,12.182,115,0
20090611,12.524,12.524,12.191,12.516,1434,0
20090612,12.466,12.466,12.466,12.466,360,0
20090615,12.484,12.484,12.108,12.108,12915,0
20090616,12.099,12.516,12.099,12.383,1712,0
20090617,12.317,12.492,10.855,11.673,12182,0
20090618,12.466,12.509,12.108,12.509,2985,0
20090619,12.475,12.509,12.475,12.509,1315,0
20090623,12.116,12.191,12.108,12.108,718,0
20090624,12.2,12.2,12.191,12.191,839,0
20090625,12.108,12.108,11.706,11.706,2395,0
20090626,12.024,12.024,12.024,12.024,136,0
20090629,12.024,12.024,12.024,12.024,180,0
20090701,12.524,12.692,12.091,12.692,3310,0
20090702,12.524,12.524,12.509,12.516,1147,0
20090706,12.317,12.441,11.973,11.973,1787,0
20090707,12.108,12.943,12.108,12.524,1804,0
20090708,12.024,12.475,12.024,12.475,1262,0
20090709,12.524,12.524,12.524,12.524,243,0
20090710,12.524,12.524,12.317,12.516,2098,0
20090713,12.516,12.524,12.357,12.417,959,0
20090714,12.524,12.817,12.524,12.808,1832,0
20090715,12.524,12.524,12.524,12.524,959,0
20090716,12.509,12.509,12.283,12.283,1198,0
20090717,12.492,12.533,12.492,12.533,2662,0
20090720,12.524,12.524,12.516,12.516,839,0
20090721,12.692,12.817,12.55,12.733,3271,0
20090723,12.733,12.943,12.733,12.943,599,0
20090724,12.733,12.733,12.733,12.733,477,0
20090727,12.733,12.733,12.524,12.733,1294,0
20090728,12.733,12.733,12.733,12.733,0,0
20090729,12.733,12.733,12.733,12.733,0,0
20090730,12.733,12.733,12.733,12.733,0,0
20090731,12.733,12.733,12.733,12.733,243,0
20090803,12.733,13.327,12.733,13.327,282,0
20090804,12.533,13.736,12.533,13.736,478,0
20090805,13.736,13.736,13.736,13.736,243,0
20090806,14.388,15.004,14.388,15.004,976,0
20090807,15.03,15.164,14.195,14.195,2317,0
20090810,14.195,14.195,14.195,14.195,0,0
20090811,14.195,14.195,14.195,14.195,0,0
20090812,14.404,14.404,13.777,13.777,1226,0
20090813,14.821,15.764,13.777,15.764,422,0
20090814,15.064,15.064,14.988,14.988,1412,0
20090819,14.195,14.195,14.195,14.195,364,0
20090821,13.777,14.195,13.777,14.036,599,0
20090824,14.044,14.061,13.777,13.869,7178,0
20090825,14.596,14.596,14.596,14.596,115,0
20090826,13.986,13.986,13.886,13.886,363,0
20090827,13.611,13.777,13.611,13.777,477,0
20090901,13.769,14.178,13.769,14.178,360,0
20090902,14.195,14.195,14.195,14.195,179,0
20090904,13.777,13.777,13.777,13.777,1010,0
20090911,14.195,14.319,14.195,14.319,412,0
20090914,14.195,14.195,14.195,14.195,115,0
20090916,14.195,14.195,14.195,14.195,839,0
20090917,14.195,14.195,14.195,14.195,477,0
20090918,14.319,14.319,14.319,14.319,839,0
20090922,14.195,14.195,14.195,14.195,360,0
20090923,14.103,14.58,14.103,14.58,1505,0
20090924,14.612,14.612,14.612,14.612,115,0
20090925,14.404,14.404,14.195,14.204,1481,0
20090928,13.36,13.394,13.36,13.394,566,0
20091001,13.36,13.36,13.151,13.151,2291,0
20091002,13.109,13.109,13.026,13.026,477,0
20091005,13.067,13.067,12.952,12.952,767,0
20091006,12.624,12.624,12.593,12.593,960,0
20091007,14.437,14.437,12.842,12.842,466,0
20091008,13.343,14.612,13.343,14.571,2849,0
20091009,14.587,14.587,14.195,14.278,1789,0
20091012,13.485,13.485,13.468,13.477,599,0
20091014,13.335,13.569,13.335,13.561,477,0
20091015,13.327,13.569,13.327,13.443,866,0
20091016,13.443,13.443,13.443,13.443,280,0
20091022,14.596,14.596,14.596,14.596,115,0
20091023,13.526,13.526,13.526,13.526,556,0
20091027,13.586,13.586,13.586,13.586,243,0
20091029,13.526,13.526,13.526,13.526,115,0
20091030,13.36,13.36,12.917,12.917,1123,0
20091102,13.035,13.351,13.035,13.351,360,0
20091103,12.917,14.596,12.86,14.596,360,0
20091104,12.952,14.162,12.952,14.162,477,0
20091105,13.577,13.577,13.577,13.577,386,0
20091106,14.086,14.086,13.878,13.878,477,0
20091109,14.044,14.095,14.044,14.095,243,0
20091110,13.427,13.427,13.427,13.427,115,0
20091112,14.896,14.896,14.612,14.612,825,0
20091113,14.988,15.03,14.396,14.587,3510,0
20091116,13.535,13.535,12.733,12.733,3465,0
20091117,12.759,15.03,12.759,13.928,992,0
20091120,14.52,14.52,13.394,14.328,1396,0
20091123,13.777,14.245,13.618,13.777,1795,0
20091124,13.777,13.777,13.777,13.777,115,0
20091125,13.577,13.577,13.577,13.577,115,0
20091127,13.577,13.577,13.577,13.577,630,0
20091130,13.611,13.611,13.611,13.611,295,0
20091201,13.786,13.786,13.786,13.786,115,0
20091202,13.786,14.195,13.786,14.195,1212,0
20091203,13.869,13.869,13.869,13.869,115,0
20091204,14.195,14.195,14.195,14.195,855,0
20091207,14.195,14.228,14.195,14.195,718,0
20091208,14.812,14.812,14.195,14.195,1078,0
20091210,14.319,14.345,14.287,14.287,599,0
20091211,14.296,14.296,14.195,14.195,2277,0
20091215,13.811,13.811,13.786,13.794,2513,0
20091216,14.362,14.362,14.362,14.362,115,0
20091218,14.053,14.053,13.794,13.794,243,0
20091222,14.195,14.78,13.777,14.195,4825,0
20091228,14.07,14.07,14.061,14.061,477,0
20091229,14.112,14.112,14.112,14.112,115,0
20091231,14.136,14.153,14.136,14.153,243,0
20100104,14.571,14.571,14.571,14.571,115,0
20100107,14.204,14.204,14.195,14.195,322,0
20100108,14.37,14.396,14.195,14.195,689,0
20100111,14.612,14.821,14.195,14.52,599,0
20100112,14.404,14.404,14.404,14.404,243,0
20100113,14.404,14.404,14.404,14.404,115,0
20100114,14.404,14.404,14.195,14.195,601,0
20100115,14.396,14.396,14.319,14.319,1198,0
20100119,14.396,14.396,14.319,14.319,959,0
20100121,14.379,14.404,14.278,14.278,2395,0
20100122,14.821,14.821,14.821,14.821,243,0
20100125,14.821,14.821,14.621,14.629,1078,0
20100127,14.629,14.629,14.629,14.629,477,0
20100201,14.454,14.821,14.445,14.612,1880,0
20100202,14.621,14.621,14.621,14.621,839,0
20100203,14.621,14.629,14.612,14.629,1799,0
20100204,14.629,14.637,14.629,14.637,780,0
20100205,14.621,14.621,14.621,14.621,115,0
20100208,14.746,14.821,14.746,14.821,323,0
20100209,14.821,14.83,14.821,14.83,2276,0
20100211,15.03,15.03,15.03,15.03,812,0
20100212,15.03,15.03,15.022,15.022,482,0
20100217,15.03,15.03,14.93,14.946,4617,0
20100218,14.98,14.98,14.637,14.637,248,0
20100219,14.838,14.838,14.696,14.696,245,0
20100222,14.863,14.863,14.696,14.696,302,0
20100223,14.863,14.863,14.838,14.838,360,0
20100302,14.821,15.013,14.821,15.013,1954,0
20100304,15.013,15.03,14.838,15.03,1625,0
20100308,14.964,15.03,14.621,14.78,1151,0
20100310,16.55,16.55,14.863,15.022,779,0
20100311,15.431,15.448,15.197,15.448,1214,0
20100316,15.239,15.239,15.239,15.239,360,0
20100322,14.872,14.872,14.821,14.821,539,0
20100323,14.83,15.239,14.821,15.239,2754,0
20100324,15.448,15.448,14.312,14.571,477,0
20100325,15.179,15.239,15.179,15.239,718,0
20100329,14.612,14.93,14.612,14.612,2063,0
20100330,14.629,15.03,14.195,15.03,897,0
20100405,14.612,14.655,14.563,14.655,789,0
20100407,15.239,15.239,14.821,14.821,2754,0
20100409,14.704,14.821,14.696,14.821,1918,0
20100412,15.239,15.239,15.239,15.239,243,0
20100413,14.821,14.821,14.821,14.821,718,0
20100414,14.696,14.696,14.696,14.696,233,0
20100415,14.83,14.83,14.821,14.821,1438,0
20100416,15.322,15.322,14.946,14.98,959,0
20100420,14.821,15.431,14.821,15.431,1139,0
20100421,15.615,15.615,15.28,15.28,1225,0
20100422,15.414,15.414,15.122,15.28,1990,0
20100423,14.701,14.701,14.701,14.701,182,0
20100426,15.139,15.64,15.139,15.64,1405,0
20100427,15.739,15.781,15.615,15.64,1676,0
20100428,15.781,15.781,15.03,15.448,718,0
20100429,15.264,15.448,15.264,15.448,615,0
20100430,15.448,15.448,15.448,15.448,959,0
20100503,15.847,15.865,15.03,15.448,1371,0
20100505,15.824,15.824,15.824,15.824,115,0
20100510,15.698,15.698,15.139,15.248,1810,0
20100511,15.096,15.122,15.073,15.114,2458,0
20100512,15.28,15.28,15.28,15.28,243,0
20100513,15.732,15.732,15.532,15.532,1167,0
20100514,15.739,15.739,15.532,15.532,806,0
20100517,15.624,15.624,15.489,15.489,256,0
20100520,14.904,15.698,14.904,15.532,2133,0
20100524,15.532,15.597,15.472,15.597,1531,0
20100525,15.047,15.047,15.047,15.047,806,0
20100528,15.197,15.606,15.038,15.047,2222,0
20100608,15.44,15.44,15.44,15.44,115,0
20100614,14.988,14.988,14.988,14.988,360,0
20100618,14.821,14.863,14.821,14.863,839,0
20100621,15.03,15.064,14.988,14.988,652,0
20100622,15.004,15.004,14.821,14.821,1534,0
20100624,14.812,14.955,14.812,14.955,718,0
20100628,14.821,15.03,14.821,15.03,3234,0
20100629,15.23,15.239,14.621,14.621,1257,0
20100630,15.225,15.243,15.225,15.243,243,0
20100702,15.022,15.022,15.022,15.022,777,0
20100706,15.022,15.022,14.529,14.529,1601,0
20100708,15.03,15.03,15.03,15.03,115,0
20100709,15.03,15.03,15.03,15.03,718,0
20100713,14.821,14.821,14.821,14.821,115,0
20100714,14.821,14.863,14.821,14.863,362,0
20100715,14.655,14.655,14.612,14.612,579,0
20100716,14.863,14.863,14.863,14.863,243,0
20100719,14.863,14.863,14.863,14.863,406,0
20100720,15.03,15.03,15.013,15.03,406,0
20100721,15.03,15.03,15.03,15.03,599,0
20100722,15.03,15.03,15.03,15.03,360,0
20100723,15.03,15.03,15.03,15.03,115,0
20100726,15.03,15.03,15.03,15.03,115,0
20100727,15.03,15.03,15.03,15.03,1795,0
20100729,15.239,15.239,15.239,15.239,115,0
20100730,15.431,15.431,15.03,15.03,243,0
20100803,14.655,14.847,14.646,14.847,1315,0
20100805,14.863,15.022,14.696,14.696,1078,0
20100806,15.022,15.03,15.022,15.03,243,0
20100809,14.939,15.03,14.939,15.03,362,0
20100811,14.964,14.988,14.696,14.696,1078,0
20100812,15.03,15.03,15.03,15.03,705,0
20100813,15.03,15.03,14.696,14.988,988,0
20100817,15.03,15.03,15.03,15.03,243,0
20100818,15.022,15.038,15.022,15.038,4877,0
20100819,14.821,14.821,14.821,14.821,115,0
20100820,15.197,15.197,14.738,14.738,1729,0
20100823,15.147,15.147,15.147,15.147,115,0
20100824,15.03,15.03,15.03,15.03,477,0
20100830,15.03,15.03,15.03,15.03,599,0
20100901,15.022,15.03,14.913,14.913,779,0
20100902,14.88,14.88,14.621,14.696,2115,0
20100903,14.679,14.679,14.655,14.655,477,0
20100909,14.996,15.03,14.996,15.03,1795,0
20100913,15.03,15.114,15.03,15.088,1946,0
20100915,15.03,15.03,15.03,15.03,1198,0
20100920,15.03,15.03,15.03,15.03,887,0
20100921,15.03,15.03,15.03,15.03,718,0
20100924,14.988,15.03,14.988,15.03,1866,0
20100927,15.188,15.188,14.872,14.996,2366,0
20100928,15.03,15.105,15.03,15.105,6991,0
20100929,15.03,15.197,15.03,15.073,1141,0
20100930,15.047,15.055,15.047,15.047,2644,0
20101001,15.038,15.073,15.038,15.073,2157,0
20101004,15.047,15.047,15.047,15.047,959,0
20101005,15.197,15.197,15.03,15.03,1676,0
20101006,15.188,15.197,15.122,15.156,9287,0
20101007,15.164,15.197,15.156,15.197,3114,0
20101008,15.239,15.239,15.114,15.114,4344,0
20101011,15.064,15.064,14.988,14.988,1461,0
20101012,15.08,15.139,15.013,15.013,1438,0
20101014,15.239,15.239,15.239,15.239,360,0
20101015,14.988,15.197,14.988,15.03,3612,0
20101018,15.03,15.03,15.03,15.03,120,0
20101019,15.03,15.156,15.03,15.156,243,0
20101020,15.197,15.197,15.03,15.03,1558,0
20101022,15.038,15.038,15.038,15.038,243,0
20101025,15.147,15.156,15.147,15.156,959,0
20101026,15.122,15.139,15.114,15.139,1198,0
20101027,14.964,15.239,14.946,15.172,623,0
20101028,15.179,15.179,15.179,15.179,1627,0
20101101,15.197,15.197,15.197,15.197,115,0
20101102,15.03,15.03,15.03,15.03,115,0
20101105,15.188,15.188,15.03,15.03,1676,0
20101108,15.164,15.197,15.064,15.179,897,0
20101109,15.064,15.179,15.03,15.03,707,0
20101110,15.197,15.197,15.073,15.073,888,0
20101111,15.197,15.197,15.179,15.179,339,0
20101115,15.03,15.156,15.03,15.156,742,0
20101116,15.156,15.156,15.156,15.156,115,0
20101117,15.03,15.03,15.03,15.03,115,0
20101118,15.156,15.156,15.156,15.156,115,0
20101122,15.13,15.179,14.93,15.179,5988,0
20101123,15.156,15.156,15.139,15.156,960,0
20101124,15.03,15.122,14.913,14.93,1987,0
20101126,15.03,15.164,15.03,15.164,646,0
20101129,15.197,15.197,15.03,15.03,1929,0
20101202,14.805,14.863,14.805,14.805,2126,0
20101203,14.863,15.179,14.863,15.179,959,0
20101206,15.105,15.105,15.03,15.03,718,0
20101207,15.03,15.03,15.03,15.03,243,0
20101208,14.863,15.197,14.863,15.197,1442,0
20101209,14.838,14.988,14.838,14.98,599,0
20101210,15.179,15.179,15.114,15.179,1560,0
20101213,14.863,14.863,14.863,14.863,243,0
20101214,15.022,15.03,15.022,15.03,672,0
20101215,14.904,15.114,14.83,14.83,2634,0
20101216,14.863,15.038,14.863,15.038,2923,0
20101217,15.105,15.179,15.105,15.179,2035,0
20101220,14.904,14.904,14.904,14.904,115,0
20101221,15.179,15.179,15.172,15.172,243,0
20101222,15.188,15.188,14.972,14.972,2277,0
20101223,15.147,15.156,15.147,15.156,1410,0
20101228,14.955,14.988,14.955,14.988,839,0
20101229,14.996,14.996,14.996,14.996,305,0
20101230,15.031,15.031,14.954,14.954,607,0
20101231,15.186,15.186,15.186,15.186,115,0
20110103,15.188,15.188,14.988,14.988,477,0
20110104,15.03,15.03,14.988,15.013,999,0
20110105,15.03,15.03,14.988,14.988,467,0
20110107,14.996,15.188,14.988,15.188,1037,0
20110110,15.114,15.188,15.114,15.188,360,0
20110112,15.114,15.114,15.03,15.03,2971,0
20110113,15.03,15.179,15.03,15.114,1056,0
20110114,15.114,15.188,15.114,15.188,1676,0
20110118,15.03,15.179,15.03,15.179,243,0
20110120,15.055,15.055,15.03,15.047,2045,0
20110121,15.179,15.188,15.179,15.188,243,0
20110124,15.156,15.156,15.073,15.073,1138,0
20110125,15.188,15.865,15.188,15.44,5296,0
20110127,15.122,15.322,15.114,15.322,1447,0
20110128,15.856,15.856,15.856,15.856,492,0
20110131,15.074,15.863,15.074,15.161,7305,0
20110201,15.856,15.856,15.197,15.197,1244,0
20110203,15.448,15.455,15.448,15.448,2277,0
20110204,15.455,15.532,15.448,15.448,1848,0
20110207,15.672,15.672,15.448,15.656,5814,0
20110208,15.464,15.698,15.464,15.698,6228,0
20110209,15.807,15.865,15.698,15.865,3996,0
20110210,18.695,18.695,15.865,15.999,4243,0
20110211,16.315,16.867,15.865,15.865,4688,0
20110214,15.915,16.841,15.915,16.108,8728,0
20110215,16.023,16.742,16.023,16.358,3234,0
20110216,16.366,16.7,15.939,15.948,4226,0
20110218,15.965,16.065,15.957,15.991,4277,0
20110223,15.865,16.016,15.865,16.016,1377,0
20110224,15.865,15.907,15.865,15.907,360,0
20110225,15.865,15.89,15.865,15.865,1078,0
20110228,16.688,16.697,15.868,15.868,1086,0
20110302,15.948,15.948,15.948,15.948,360,0
20110303,16.324,16.391,16.023,16.074,1894,0
20110304,16.074,16.074,15.948,15.948,360,0
20110308,16.031,16.031,15.948,15.991,2478,0
20110309,15.865,15.865,15.865,15.865,115,0
20110310,16.074,16.074,15.865,15.865,295,0
20110311,15.907,15.907,15.907,15.907,360,0
20110314,15.873,15.873,15.865,15.865,718,0
20110315,15.873,15.924,15.865,15.899,3922,0
20110316,15.865,15.974,15.865,15.974,1075,0
20110317,16.054,16.054,15.97,15.987,1918,0
20110318,15.991,16.065,15.656,15.656,8990,0
20110321,15.873,15.982,15.865,15.982,1490,0
20110322,15.873,15.965,15.865,15.873,4383,0
20110323,16.074,16.074,16.074,16.074,360,0
20110325,15.873,15.974,15.865,15.974,1647,0
20110328,15.865,15.899,15.865,15.865,2195,0
20110329,15.974,15.974,15.865,15.865,599,0
20110330,15.873,16.016,15.865,16.016,1438,0
20110331,15.959,16.027,15.899,15.899,2013,0
20110401,15.882,15.907,15.882,15.907,243,0
20110406,16.057,16.074,15.982,15.991,1570,0
20110408,15.894,15.894,15.868,15.868,599,0
20110412,16.028,16.028,15.876,15.876,599,0
20110413,15.865,15.865,15.865,15.865,1315,0
20110418,15.868,15.868,15.699,15.85,360,0
20110419,16.004,16.004,15.868,15.868,775,0
20110420,15.868,15.876,15.868,15.876,406,0
20110421,15.876,15.876,15.876,15.876,155,0
20110425,15.952,16.697,15.943,16.697,2321,0
20110426,16.283,16.283,16.283,16.283,292,0
20110428,16.51,16.51,16.493,16.493,374,0
20110502,16.502,16.502,16.502,16.502,114,0
20110503,16.493,16.493,16.493,16.493,488,0
20110509,16.452,16.452,16.24,16.24,356,0
20110511,16.24,16.24,16.24,16.24,1008,0
20110512,16.705,16.705,16.697,16.705,1847,0
20110513,16.9,16.917,16.9,16.9,363,0
20110517,16.493,16.493,16.493,16.493,114,0
20110518,16.663,16.663,16.578,16.578,284,0
20110520,16.502,16.502,16.493,16.493,1182,0
20110523,16.663,16.832,16.528,16.528,947,0
20110525,16.51,16.51,16.51,16.51,114,0
20110526,16.519,16.866,16.519,16.739,826,0
20110527,16.883,16.9,16.57,16.612,3123,0
20110531,16.619,16.905,16.523,16.523,3724,0
20110601,16.756,16.824,16.756,16.79,2028,0
20110603,16.748,16.748,16.731,16.748,356,0
20110606,16.917,16.917,16.705,16.705,887,0
20110608,16.562,16.562,16.562,16.562,471,0
20110610,16.917,16.917,16.892,16.892,328,0
20110613,16.748,16.79,16.655,16.79,1176,0
20110614,16.917,16.917,16.493,16.493,2424,0
20110615,16.874,16.874,16.714,16.714,240,0
20110616,16.546,16.785,16.537,16.785,1063,0
20110617,16.9,16.917,16.528,16.528,3297,0
20110621,16.537,16.537,16.537,16.537,178,0
20110622,16.832,16.832,16.832,16.832,178,0
20110623,16.874,16.883,16.697,16.773,516,0
20110624,16.51,16.51,16.51,16.51,114,0
20110628,16.493,16.528,16.493,16.493,3191,0
20110630,16.504,16.504,16.495,16.495,3146,0
20110705,16.905,16.905,16.57,16.57,1124,0
20110706,16.519,16.793,16.519,16.785,560,0
20110707,16.734,16.759,16.734,16.759,240,0
20110711,16.528,16.528,16.528,16.528,114,0
20110712,16.493,16.537,16.493,16.537,474,0
20110713,16.866,16.866,16.773,16.79,577,0
20110719,16.537,16.87,16.537,16.75,731,0
20110720,16.554,16.665,16.493,16.493,39506,0
20110721,16.579,16.681,16.57,16.681,2037,0
20110722,16.528,16.528,16.493,16.493,1772,0
20110725,16.537,16.537,16.493,16.493,771,0
20110726,16.665,16.665,16.51,16.51,471,0
20110727,16.717,16.717,16.717,16.717,113,0
20110728,16.75,16.75,16.75,16.75,701,0
20110801,16.708,16.973,16.708,16.964,4201,0
20110802,16.879,16.879,16.879,16.879,113,0
20110803,16.708,16.742,16.708,16.708,1636,0
20110804,16.485,16.708,16.485,16.493,5485,0
20110805,16.28,16.914,16.28,16.879,9338,0
20110808,16.957,16.957,16.708,16.708,2520,0
20110809,16.957,16.964,16.065,16.964,5554,0
20110810,16.964,16.964,16.708,16.905,4025,0
20110812,16.879,16.879,16.708,16.717,1763,0
20110815,16.879,16.879,16.708,16.785,1691,0
20110816,16.793,16.793,16.785,16.785,236,0
20110817,16.785,16.879,16.708,16.708,1493,0
20110818,16.793,16.87,16.708,16.708,4317,0
20110819,16.845,16.845,16.717,16.837,352,0
20110822,16.879,16.879,16.837,16.837,1074,0
20110824,16.87,16.879,16.87,16.879,352,0
20110825,16.879,16.879,16.717,16.717,1691,0
20110826,16.734,16.811,16.708,16.793,1191,0
20110830,16.793,16.793,16.708,16.708,3272,0
20110831,16.705,16.705,16.705,16.705,465,0
20110901,16.862,16.862,16.768,16.768,352,0
20110902,16.115,16.272,16.107,16.263,701,0
20110906,16.28,16.579,16.133,16.537,1636,0
20110907,16.801,16.801,16.619,16.628,1057,0
20110908,16.665,16.708,16.623,16.708,585,0
20110909,16.623,16.699,16.623,16.699,669,0
20110912,16.708,16.708,16.28,16.674,2804,0
20110914,16.51,16.51,16.51,16.51,113,0
20110915,16.579,16.708,16.579,16.708,352,0
20110919,16.717,16.75,16.708,16.708,2916,0
20110921,16.708,16.793,16.708,16.793,772,0
20110922,16.726,16.726,16.28,16.28,3157,0
20110923,16.69,16.69,16.69,16.69,352,0
20110926,16.708,16.717,16.708,16.717,465,0
20110927,16.793,16.793,16.28,16.28,1148,0
20110928,16.708,16.837,16.708,16.717,1735,0
20110929,16.879,16.879,16.726,16.785,816,0
20110930,16.964,16.964,16.706,16.706,1627,0
20111003,16.853,16.853,16.708,16.708,3386,0
20111004,16.749,16.749,16.749,16.749,224,0
20111005,16.705,16.705,16.705,16.705,236,0
20111006,16.819,16.836,16.723,16.836,919,0
20111007,16.879,16.879,16.879,16.879,465,0
20111011,16.699,16.708,16.407,16.708,2313,0
20111012,16.793,16.922,16.708,16.708,3850,0
20111013,16.785,16.964,16.785,16.964,1516,0
20111014,16.93,16.948,16.879,16.905,2393,0
20111017,16.879,16.879,16.708,16.717,3234,0
20111018,16.708,16.793,16.708,16.708,585,0
20111019,16.323,16.455,16.323,16.455,432,0
20111020,16.541,16.541,16.541,16.541,113,0
20111021,16.541,16.541,16.541,16.541,701,0
20111024,16.541,16.575,16.541,16.575,1530,0
20111025,16.905,16.905,16.905,16.905,215,0
20111026,16.93,16.93,16.575,16.584,3112,0
20111027,17.009,17.009,16.272,16.323,1214,0
20111028,16.496,17.183,16.496,16.714,4493,0
20111031,16.663,16.663,16.629,16.629,541,0
20111101,17.13,17.13,16.332,16.341,2558,0
20111103,16.505,16.505,16.488,16.488,805,0
20111104,16.549,16.549,16.523,16.532,2160,0
20111107,16.645,16.645,16.601,16.601,460,0
20111108,16.619,16.619,16.523,16.523,233,0
20111109,16.567,16.575,16.488,16.488,1010,0
20111110,16.671,16.671,16.472,16.472,2073,0
20111111,16.81,16.905,16.541,16.584,1032,0
20111114,16.446,16.957,16.446,16.637,1847,0
20111115,16.479,16.479,16.479,16.479,348,0
20111117,16.541,16.541,16.541,16.541,233,0
20111118,16.645,16.645,16.488,16.488,1638,0
20111122,16.488,16.505,16.359,16.359,4828,0
20111123,16.514,16.514,16.401,16.401,805,0
20111125,16.523,16.523,16.523,16.523,112,0
20111128,16.385,16.385,16.385,16.385,348,0
20111129,16.359,16.359,16.359,16.359,117,0
20111130,16.359,16.376,16.359,16.376,460,0
20111201,16.479,16.479,16.272,16.437,2042,0
20111205,16.332,16.332,16.332,16.332,112,0
20111208,16.472,16.472,16.472,16.472,112,0
20111212,16.428,16.428,16.341,16.341,632,0
20111214,16.437,16.455,16.401,16.455,2249,0
20111215,16.488,16.488,16.314,16.367,3573,0
20111216,16.314,16.401,16.314,16.401,433,0
20111220,15.717,16.401,15.717,16.314,1666,0
20111221,16.463,16.463,16.455,16.455,691,0
20111222,16.41,16.41,15.812,15.812,2353,0
20111223,16.141,16.41,15.899,16.323,10273,0
20111228,16.41,16.41,16.359,16.401,921,0
20111230,16.519,16.519,16.491,16.519,1385,0
20120103,16.514,16.757,16.314,16.488,733,0
20120104,16.488,17.356,16.488,16.496,4214,0
20120109,16.505,16.965,16.505,16.965,2305,0
20120111,16.918,16.918,16.356,16.874,1959,0
20120112,16.918,17.358,16.11,16.259,3278,0
20120113,16.619,16.619,16.276,16.619,233,0
20120118,16.417,16.417,16.398,16.398,2592,0
20120119,16.398,16.398,16.232,16.241,1464,0
20120120,16.276,16.707,16.276,16.707,3228,0
20120123,16.901,16.901,16.575,16.575,1557,0
20120124,16.575,16.601,16.575,16.575,975,0
20120125,17.147,17.147,17.111,17.147,513,0
20120131,16.973,16.973,16.973,16.973,228,0
20120206,16.751,16.927,16.751,16.927,1392,0
20120209,16.716,17.059,16.716,16.918,1665,0
20120210,17.059,17.059,16.918,16.927,1578,0
20120214,16.866,16.883,16.866,16.874,455,0
20120215,16.716,16.804,16.716,16.795,683,0
20120217,16.883,16.883,16.883,16.883,705,0
20120221,16.866,16.866,16.866,16.866,1699,0
20120222,16.795,16.804,16.795,16.804,682,0
20120223,16.874,16.883,16.874,16.883,637,0
20120224,16.822,16.822,16.795,16.795,1302,0
20120227,17.032,17.041,16.918,16.918,683,0
20120229,17.062,17.062,16.75,16.777,1138,0
20120301,16.804,16.804,16.795,16.795,343,0
20120302,16.927,17.05,16.927,17.05,12717,0
20120306,16.971,16.971,16.795,16.795,796,0
20120308,16.971,16.971,16.795,16.795,1285,0
20120309,16.918,16.918,16.733,16.769,2336,0
20120312,16.839,16.971,16.83,16.971,1249,0
20120313,16.918,16.98,16.839,16.839,3980,0
20120314,16.962,16.971,16.927,16.927,1650,0
20120315,16.918,16.918,16.918,16.918,111,0
20120316,16.883,16.918,16.883,16.883,2004,0
20120319,16.927,16.927,16.901,16.927,1703,0
20120320,16.883,16.883,16.804,16.804,513,0
20120322,16.944,16.944,16.866,16.883,1328,0
20120323,16.866,16.883,16.866,16.883,513,0
20120326,16.883,16.883,16.795,16.874,1592,0
20120327,16.795,16.795,16.751,16.751,1638,0
20120328,16.883,16.883,16.883,16.883,111,0
20120330,16.75,16.875,16.706,16.875,1302,0
20120402,16.883,16.883,16.707,16.707,1080,0
20120403,16.75,16.75,16.75,16.75,455,0
20120405,16.706,16.795,16.706,16.795,1821,0
20120409,16.707,16.707,16.663,16.663,875,0
20120410,16.619,16.663,16.504,16.523,2501,0
20120411,16.513,16.513,16.487,16.487,567,0
20120412,16.638,16.707,16.619,16.707,2731,0
20120416,16.707,16.743,16.61,16.743,1581,0
20120417,16.67,16.67,16.67,16.67,398,0
20120418,16.751,16.751,16.751,16.751,455,0
20120420,16.706,16.706,16.635,16.661,5686,0
20120423,16.706,16.795,16.706,16.795,5379,0
20120424,16.795,16.795,16.661,16.795,6287,0
20120425,16.884,16.893,16.75,16.75,2132,0
20120426,16.759,16.795,16.75,16.759,2317,0
20120427,17.204,17.204,16.768,16.804,5617,0
20120430,16.777,16.929,16.777,16.884,1350,0
20120501,16.759,16.759,16.759,16.759,1235,0
20120502,16.75,17.062,16.75,17.035,7917,0
20120503,16.929,17.16,16.929,16.973,2777,0
20120504,17.16,17.188,16.929,16.929,3036,0
20120507,17.169,17.169,16.937,16.937,1124,0
20120508,16.929,17.054,16.768,16.823,9330,0
20120509,17.001,17.001,16.973,16.973,3328,0
20120510,17.009,17.035,16.902,16.902,977,0
20120511,16.795,16.795,16.795,16.795,628,0
20120514,16.75,17.09,16.75,16.929,4381,0
20120515,16.884,16.884,16.884,16.884,110,0
20120516,16.912,16.912,16.912,16.912,225,0
20120517,16.92,16.92,16.92,16.92,225,0
20120518,16.929,16.929,16.929,16.929,280,0
20120521,16.902,16.902,16.875,16.875,1885,0
20120522,16.884,16.884,16.884,16.884,560,0
20120523,16.912,17.045,16.912,17.001,2754,0
20120530,17.16,17.16,16.875,17.045,675,0
20120531,16.884,17.054,16.733,16.733,1685,0
20120601,16.715,17.204,16.715,17.026,956,0
20120604,17.152,17.152,16.715,17.152,1040,0
20120605,17.152,17.152,16.759,17.018,8694,0
20120606,16.973,17.018,16.902,16.929,1077,0
20120607,16.929,17.018,16.912,16.929,2694,0
20120608,16.795,17.018,16.768,16.982,2022,0
20120611,16.902,16.902,16.902,16.902,225,0
20120612,16.884,17.009,16.884,16.929,1052,0
20120613,16.929,16.929,16.795,16.92,961,0
20120614,16.804,16.867,16.804,16.804,897,0
20120615,16.839,16.92,16.839,16.902,2234,0
20120618,16.795,17.009,16.715,16.839,5214,0
20120621,16.964,16.964,16.964,16.964,110,0
20120622,17.009,17.606,16.991,17.597,5671,0
20120625,17.419,17.731,16.937,17.018,2149,0
20120626,17.062,17.115,17.062,17.115,1879,0
20120627,17.16,17.16,17.054,17.107,3230,0
20120628,17.018,17.08,17.018,17.018,1932,0
20120629,17.107,17.366,17.107,17.366,2995,0
20120702,17.357,17.366,16.929,17.366,2694,0
20120703,17.33,18.711,17.152,18.711,5495,0
20120705,18.336,18.482,17.829,17.925,3600,0
20120706,18.435,18.435,17.596,17.596,1124,0
20120709,17.374,17.99,17.374,17.766,3797,0
20120710,17.934,17.934,16.929,16.929,225,0
20120712,17.026,17.035,17.026,17.035,588,0
20120713,17.09,17.09,17.09,17.09,110,0
20120716,17.045,17.143,16.937,17.098,3031,0
20120717,17.143,17.374,17.143,17.152,874,0
20120718,16.937,16.937,16.937,16.937,450,0
20120719,17.153,17.153,17.145,17.153,842,0
20120720,17.241,17.775,16.946,17.766,1403,0
20120723,17.767,17.767,17.722,17.722,675,0
20120724,17.775,17.775,17.695,17.695,689,0
20120725,17.904,18.003,17.904,17.947,1522,0
20120726,18.011,18.183,18.011,18.183,445,0
20120727,18.183,18.183,17.325,17.326,1291,0
20120730,17.371,17.487,16.964,16.964,1941,0
20120731,17.262,17.425,17.244,17.307,2033,0
20120801,17.289,17.289,17.289,17.289,109,0
20120802,17.235,17.325,17.216,17.325,1324,0
20120806,17.658,17.838,17.632,17.838,445,0
20120808,17.831,17.831,17.671,17.671,527,0
20120809,17.904,17.904,17.416,17.416,897,0
20120810,17.371,17.866,17.191,17.864,812,0
20120813,17.767,17.767,17.632,17.632,1062,0
20120814,17.596,17.817,17.207,17.207,746,0
20120815,17.866,17.866,17.866,17.866,445,0
20120816,17.819,17.819,17.819,17.819,109,0
20120817,17.732,17.776,17.732,17.776,1530,0
20120820,17.748,17.875,17.732,17.776,1387,0
20120821,17.866,17.866,17.865,17.866,334,0
20120822,17.776,17.776,17.776,17.776,1108,0
20120823,17.732,17.732,17.732,17.732,665,0
20120827,17.686,17.686,17.686,17.686,334,0
20120828,17.686,17.785,17.686,17.785,282,0
20120829,17.789,17.789,17.789,17.789,219,0
20120830,17.785,17.785,17.776,17.776,1587,0
20120831,17.686,17.686,17.686,17.686,334,0
20120904,17.596,17.596,17.596,17.596,889,0
20120907,17.74,17.74,17.153,17.605,2974,0
20120910,17.776,17.776,17.776,17.776,776,0
20120911,17.605,17.776,17.605,17.776,720,0
20120912,17.776,17.776,17.776,17.776,1108,0
20120913,17.776,17.811,17.776,17.811,556,0
20120914,17.795,17.795,17.795,17.795,109,0
20120917,17.822,17.822,17.776,17.776,334,0
20120918,17.813,17.813,17.813,17.813,334,0
20120919,17.838,17.838,17.673,17.673,692,0
20120921,17.776,17.776,17.776,17.776,109,0
20120925,17.822,17.822,17.822,17.822,109,0
20120926,17.596,17.596,17.524,17.551,334,0
20120927,17.596,17.596,17.596,17.596,1108,0
20121002,17.551,17.551,17.379,17.379,500,0
20121003,17.415,17.822,17.415,17.822,902,0
20121004,17.776,17.831,17.415,17.505,2050,0
20121005,17.624,17.624,17.624,17.624,219,0
20121008,17.469,17.559,17.434,17.559,1108,0
20121009,17.442,17.831,17.415,17.813,1057,0
20121011,17.632,17.632,17.605,17.605,219,0
20121012,17.831,17.831,17.831,17.831,109,0
20121015,17.838,18.046,17.624,18.046,641,0
20121016,17.875,17.875,17.596,17.596,487,0
20121017,18.003,18.003,17.686,17.686,549,0
20121018,17.785,17.785,17.785,17.785,163,0
20121019,17.912,17.912,17.822,17.886,621,0
20121022,18.109,18.127,18.037,18.127,1046,0
20121023,18.028,18.047,18.028,18.047,1041,0
20121024,18.267,18.267,18.267,18.267,171,0
20121025,18.047,18.047,18.047,18.047,128,0
20121026,18.047,18.047,17.91,18.047,1149,0
20121031,17.91,17.983,17.91,17.983,820,0
20121105,18.276,18.276,18.258,18.276,896,0
20121107,18.267,18.267,17.91,17.91,1204,0
20121108,18.229,18.229,18.229,18.229,799,0
20121109,18.185,18.185,18.185,18.185,191,0
20121113,17.92,17.92,17.91,17.91,1009,0
20121114,17.979,17.979,17.979,17.979,216,0
20121115,17.91,17.91,17.91,17.91,137,0
20121119,17.91,18.018,17.91,18.018,985,0
20121120,17.92,18.047,17.92,18.002,2026,0
20121126,17.946,17.955,17.912,17.955,1396,0
20121127,18.047,18.047,18.037,18.037,1073,0
20121128,17.92,18.028,17.92,17.92,1259,0
20121130,18.002,18.176,18.002,18.094,5501,0
20121203,18.063,18.063,17.988,17.988,329,0
20121204,18.154,18.176,18.154,18.176,1041,0
20121205,18.239,18.239,17.974,17.993,1642,0
20121206,18.028,18.276,18.028,18.176,3503,0
20121207,17.965,17.965,17.955,17.955,216,0
20121210,17.955,18.138,17.946,18.002,2407,0
20121211,18.002,18.065,17.965,18.047,1193,0
20121212,18.102,18.166,18.102,18.138,656,0
20121213,18.119,18.119,18.011,18.011,653,0
20121214,18.229,18.274,18.229,18.274,477,0
20121217,18.185,18.229,17.974,18.065,7875,0
20121218,18.002,18.248,18.002,18.128,1695,0
20121219,18.119,18.119,18.094,18.094,228,0
20121220,18.094,18.094,17.936,17.946,1642,0
20121221,18.028,18.119,17.92,18.047,3612,0
20121224,17.946,18.002,17.91,17.92,2620,0
20121226,17.955,17.965,17.92,17.92,1367,0
20121227,18.002,18.037,17.91,17.91,7592,0
20121228,17.854,17.946,17.854,17.864,621,0
20121231,17.845,17.854,17.819,17.854,1303,0
20130102,17.819,18.037,17.819,17.902,6505,0
20130103,17.864,17.91,17.864,17.864,2299,0
20130104,17.828,17.864,17.828,17.828,2982,0
20130107,17.902,17.902,17.819,17.819,3282,0
20130108,17.902,17.902,17.819,17.819,12883,0
20130109,17.773,17.773,17.681,17.763,3938,0
20130110,17.773,17.773,17.737,17.763,2299,0
20130111,17.727,17.737,17.59,17.737,1532,0
20130114,17.773,17.819,17.773,17.819,466,0
20130115,17.691,17.691,17.691,17.691,108,0
20130116,17.773,17.773,17.709,17.709,480,0
20130117,17.727,17.892,17.727,17.737,2614,0
20130118,17.773,17.864,17.773,17.773,8385,0
20130122,17.91,20.24,17.903,18.851,10427,0
20130123,19.6,19.6,18.693,19.054,4541,0
20130124,18.961,18.961,18.547,18.547,1188,0
20130125,18.333,18.333,18.055,18.055,323,0
20130128,19.018,19.018,18.055,18.055,3028,0
20130129,18.74,18.917,18.218,18.684,1081,0
20130130,18.63,18.684,18.547,18.684,1405,0
20130131,18.684,18.684,18.499,18.664,649,0
20130201,18.499,18.684,18.479,18.591,4228,0
20130204,18.656,18.722,18.656,18.722,1113,0
20130205,18.732,18.732,18.732,18.732,107,0
20130206,18.722,19.332,18.416,18.416,1149,0
20130207,18.693,18.699,18.693,18.699,992,0
20130208,19.878,19.878,18.582,19.008,3973,0
20130211,18.547,18.547,18.547,18.547,107,0
20130212,18.445,18.508,18.416,18.435,2236,0
20130213,18.75,18.75,18.75,18.75,271,0
20130214,18.766,18.766,18.454,18.484,2433,0
20130215,18.639,18.639,18.464,18.591,1929,0
20130219,18.732,18.732,18.48,18.489,8382,0
20130220,18.499,19.443,18.489,18.961,8041,0
20130221,18.499,18.674,18.499,18.674,811,0
20130222,18.499,18.869,18.499,18.62,1086,0
20130225,18.601,18.635,18.601,18.635,477,0
20130226,18.591,19.729,18.537,18.537,4777,0
20130227,18.537,18.684,18.499,18.499,433,0
20130228,18.555,18.722,18.555,18.564,673,0
20130301,18.547,18.584,18.499,18.499,2120,0
20130304,18.508,19.406,18.499,18.961,2026,0
20130305,18.851,18.851,18.851,18.851,107,0
20130306,18.907,18.907,18.416,18.435,7984,0
20130307,18.499,18.684,18.362,18.362,1535,0
20130308,18.333,18.499,18.333,18.499,4534,0
20130312,18.454,18.464,18.323,18.362,2820,0
20130313,18.333,18.362,18.314,18.362,1946,0
20130314,18.362,18.362,18.269,18.352,541,0
20130315,18.454,18.454,18.177,18.177,3623,0
20130318,18.221,18.499,18.221,18.499,2353,0
20130319,18.547,18.693,18.501,18.501,3028,0
20130320,18.615,18.952,18.221,18.692,2000,0
20130321,18.952,18.952,18.684,18.684,323,0
20130325,18.776,18.961,18.684,18.898,2379,0
20130326,18.961,18.961,18.732,18.776,2688,0
20130327,18.952,18.952,18.518,18.892,2327,0
20130328,18.879,18.961,18.815,18.824,1081,0
20130401,18.869,18.869,18.824,18.861,918,0
20130402,18.961,19.378,18.869,19.008,4181,0
20130403,19.203,19.332,19.151,19.332,3689,0
20130404,18.961,19.328,18.961,19.008,1874,0
20130405,18.99,19.138,18.961,19.138,1037,0
20130408,18.961,19.054,18.961,19.054,214,0
20130409,18.693,19,18.693,18.833,1793,0
20130410,18.758,19.146,18.758,19.092,744,0
20130411,18.898,18.898,18.879,18.879,214,0
20130412,19.378,19.378,18.869,19.313,1405,0
20130415,19.332,19.332,18.869,19.051,1676,0
20130416,18.907,18.952,18.907,18.952,214,0
20130417,18.961,19.323,18.869,19.187,1988,0
20130419,19.193,19.193,18.981,19.008,639,0
20130422,19.018,19.193,19.018,19.175,804,0
20130423,19.156,19.424,19.156,19.239,4756,0
20130424,19.474,19.661,19.474,19.661,1601,0
20130425,19.661,19.755,19.651,19.755,2243,0
20130426,19.755,19.848,19.661,19.848,534,0
20130429,19.848,19.848,19.819,19.848,3524,0
20130430,20.12,20.12,19.848,19.98,4914,0
20130501,19.904,20.083,19.904,20.083,1925,0
20130502,19.941,19.998,19.941,19.998,1581,0
20130503,19.96,19.96,19.96,19.96,587,0
20130506,20.035,20.12,19.895,19.895,1520,0
20130508,19.895,20.1,19.895,20.1,427,0
20130509,20.128,20.128,20.056,20.056,1501,0
20130510,20.12,20.128,19.801,20.12,2383,0
20130513,20.091,20.091,19.913,19.913,319,0
20130514,19.932,19.955,19.932,19.955,319,0
20130515,19.904,20.037,19.904,20.037,855,0
20130516,20.106,20.106,20.026,20.026,212,0
20130517,20.111,20.111,19.911,19.911,2224,0
20130520,19.978,19.978,19.978,19.978,620,0
20130521,20.007,20.007,19.913,19.913,1494,0
20130523,19.876,19.876,19.576,19.717,3829,0
20130524,19.689,19.689,19.689,19.689,106,0
20130529,19.595,20.391,19.474,20.391,1215,0
20130530,20.128,20.128,19.857,20.091,673,0
20130531,19.811,20.123,19.811,20.123,578,0
20130603,19.801,20.278,19.801,20.157,3339,0
20130604,20.128,20.213,20.11,20.18,748,0
20130605,19.923,20.587,19.895,20.409,720,0
20130606,20.4,20.4,19.988,20.316,1737,0
20130607,20.007,20.007,20.007,20.007,132,0
20130610,20.026,20.4,20.026,20.297,1299,0
20130611,20.391,20.55,20.128,20.409,3543,0
20130612,20.138,20.587,20.138,20.587,901,0
20130613,20.587,20.587,20.178,20.297,319,0
20130614,20.345,20.597,19.766,19.998,2988,0
20130617,20.054,20.437,20.054,20.098,817,0
20130618,20.475,20.475,19.998,20.001,1295,0
20130619,20.007,20.55,20.007,20.55,427,0
20130620,20.542,20.55,20.035,20.035,871,0
20130621,20.1,20.55,20.1,20.55,1375,0
20130624,20.569,20.569,20.009,20.009,642,0
20130625,20.578,20.587,20.138,20.138,961,0
20130626,20.157,20.528,20.157,20.288,614,0
20130627,20.587,20.587,20.128,20.128,1587,0
20130628,20.204,20.587,20.204,20.363,662,0
20130701,20.231,20.316,20.231,20.316,349,0
20130703,20.597,20.597,20.587,20.597,642,0
20130705,20.335,20.335,20.335,20.335,319,0
20130708,19.999,20.419,19.999,20.232,1389,0
20130709,20.035,20.194,20.012,20.194,1601,0
20130710,20.1,20.568,19.988,20.091,3442,0
20130711,20.307,20.307,20.307,20.307,319,0
20130712,20.493,20.542,20.493,20.542,1167,0
20130715,20.493,20.559,20.138,20.232,3009,0
20130716,20.128,20.128,20.128,20.128,319,0
20130717,20.232,20.232,20.232,20.232,167,0
20130718,20.578,20.597,20.251,20.597,5457,0
20130719,20.559,20.587,20.409,20.587,2197,0
20130722,20.532,20.587,19.941,20.363,11773,0
20130723,20.542,20.644,20.363,20.644,6711,0
20130724,20.909,20.909,20.132,20.631,7696,0
20130725,20.361,20.361,20.142,20.36,5167,0
20130726,20.293,20.361,20.142,20.215,3460,0
20130729,20.152,20.274,19.744,20.274,13914,0
20130730,20.189,20.331,19.887,19.962,1109,0
20130731,20.085,20.085,20.085,20.085,105,0
20130801,19.877,20.028,19.877,20.028,1530,0
20130802,19.887,19.887,19.877,19.887,1949,0
20130805,19.934,20.171,19.934,20.171,978,0
20130806,19.887,20.009,19.887,19.982,3655,0
20130807,20.028,20.303,20.019,20.067,2174,0
20130809,20.122,20.122,20.122,20.122,210,0
20130812,19.772,20.256,19.772,20.246,1881,0
20130813,19.765,20.351,19.683,20.351,1774,0
20130814,19.887,20.037,19.678,19.678,7214,0
20130815,19.972,20.028,19.887,19.896,2112,0
20130816,19.999,19.999,19.887,19.982,2218,0
20130819,20.019,20.33,19.924,19.962,2581,0
20130820,19.905,19.924,19.772,19.772,8289,0
20130822,20.341,20.341,19.649,19.697,601,0
20130823,19.857,19.877,19.857,19.877,1373,0
20130826,19.887,20.171,19.631,20.17,2588,0
20130828,19.887,20.055,19.887,20.055,740,0
20130829,19.887,20.217,19.887,20.217,5949,0
20130830,19.982,19.982,19.726,19.982,528,0
20130903,19.887,19.887,19.887,19.887,105,0
20130904,19.896,20.341,19.896,20.303,528,0
20130905,20.076,20.312,19.877,19.877,1070,0
20130906,19.896,19.896,19.887,19.887,846,0
20130909,19.896,19.896,19.896,19.896,210,0
20130910,19.934,20.217,19.896,20.217,3167,0
20130911,20.541,20.541,19.914,19.942,3792,0
20130912,19.887,20.302,19.887,19.982,1804,0
20130913,19.896,20.076,19.887,20.076,3866,0
20130916,20.455,20.52,19.777,20.322,792,0
20130917,20.331,20.331,19.952,19.952,316,0
20130918,19.887,20.104,19.887,20.104,1295,0
20130919,20.104,20.217,20.104,20.123,3354,0
20130920,20.283,20.283,19.896,20.037,6327,0
20130923,19.972,20.152,19.972,20.086,540,0
20130924,20.161,20.161,19.914,19.972,1901,0
20130925,19.914,20.171,19.914,20.171,951,0
20130926,20.142,20.142,20.142,20.142,316,0
20130927,19.999,20.123,19.999,20.019,528,0
20130930,19.962,20.18,19.942,19.952,2007,0
20131001,20.152,20.152,20.076,20.076,1056,0
20131002,20.142,20.142,19.914,19.999,1162,0
20131003,19.914,19.982,19.914,19.982,633,0
20131004,20.132,20.142,19.999,19.999,633,0
20131007,20.047,20.047,19.914,19.924,1901,0
20131008,20.104,20.123,20.076,20.076,3938,0
20131009,20.123,20.227,20.123,20.171,1373,0
20131010,19.942,19.99,19.942,19.982,422,0
20131011,19.99,20.283,19.99,20.189,846,0
20131014,20.18,20.331,20.113,20.293,740,0
20131015,20.351,20.361,20.076,20.076,2956,0
20131016,20.217,20.351,19.972,20.123,4012,0
20131017,20.171,20.351,20.171,20.274,4311,0
20131018,20.322,20.351,20.18,20.351,2218,0
20131021,20.361,20.596,20.361,20.511,5288,0
20131022,20.586,21.308,20.549,20.834,8554,0
20131023,21.284,21.284,20.756,21.026,3966,0
20131024,20.632,21.016,20.632,21.016,1148,0
20131025,20.987,20.987,20.987,20.987,208,0
20131028,20.987,20.987,20.689,20.689,3339,0
20131029,20.699,20.765,20.699,20.765,2191,0
20131030,20.795,20.795,20.603,20.603,1357,0
20131031,20.593,20.795,20.537,20.765,1096,0
20131101,20.46,20.46,20.364,20.364,4800,0
20131104,20.411,21.073,20.411,21.043,1148,0
20131105,21.043,21.043,20.747,20.747,312,0
20131106,20.719,20.719,20.709,20.709,208,0
20131107,21.102,21.102,20.603,21.034,1878,0
20131108,21.034,21.102,20.699,20.699,1670,0
20131111,20.651,20.651,20.603,20.603,416,0
20131112,20.709,20.795,20.661,20.795,835,0
20131113,20.891,21.083,20.373,21.073,2923,0
20131114,20.977,20.977,20.583,20.603,1357,0
20131115,20.537,20.583,20.383,20.565,1982,0
20131118,20.546,20.747,20.46,20.46,1084,0
20131119,20.479,20.642,20.469,20.603,1982,0
20131120,20.497,21.006,20.497,21.006,312,0
20131121,20.92,20.938,20.92,20.938,416,0
20131122,20.871,20.871,20.364,20.565,2296,0
20131125,20.488,20.92,20.488,20.92,208,0
20131126,20.489,20.565,20.489,20.565,626,0
20131202,20.556,20.795,20.556,20.747,2191,0
20131203,20.689,20.775,20.661,20.679,2818,0
20131204,20.623,20.871,20.603,20.747,2087,0
20131205,20.603,20.852,20.603,20.699,1565,0
20131206,20.89,20.89,20.747,20.843,940,0
20131209,20.843,20.843,20.843,20.843,416,0
20131210,20.843,21.034,20.843,21.034,2799,0
20131211,21.043,21.043,20.603,20.613,2713,0
20131212,21.063,21.063,20.661,20.871,2087,0
20131213,21.016,21.016,20.709,20.709,1097,0
20131216,21.063,21.063,20.756,20.977,1565,0
20131217,20.795,21.073,20.795,20.891,3339,0
20131218,20.987,21.083,20.843,21.083,4905,0
20131219,21.063,21.073,20.891,20.891,1011,0
20131220,21.083,21.37,20.891,20.891,10806,0
20131223,21.638,21.638,20.957,21.417,6709,0
20131224,21.121,21.274,20.996,21.162,4376,0
20131226,21.562,21.562,21.264,21.274,1231,0
20131227,21.016,21.619,21.006,21.092,1148,0
20131230,21.198,22.041,21.092,22.041,4070,0
20140102,21.321,22.568,21.321,22.041,11038,0
20140103,21.983,24.905,21.983,22.029,6738,0
20140106,22.069,22.376,21.658,21.992,4800,0
20140107,21.664,22.232,21.664,21.859,2592,0
20140108,22.27,22.28,22.165,22.165,416,0
20140109,22.28,22.28,21.801,22.28,2389,0
20140110,22.26,22.26,22.232,22.232,835,0
20140113,22.376,22.865,22.28,22.376,5843,0
20140114,23.862,23.939,22.597,22.597,8139,0
20140115,23.575,24.063,23.325,23.545,6366,0
20140116,24.035,24.149,23.479,23.621,5843,0
20140117,23.843,23.956,23.575,23.575,1878,0
20140121,23.575,23.813,23.575,23.717,7826,0
20140122,23.863,24.018,23.863,23.97,3408,0
20140123,23.727,23.727,23.137,23.34,5576,0
20140124,22.052,23.573,22.052,23.05,516,0
20140127,23.436,23.476,22.12,22.71,2891,0
20140128,22.11,22.264,21.839,22.159,8983,0
20140129,21.79,21.839,21.151,21.79,4130,0
20140130,21.703,21.79,21.635,21.635,1239,0
20140131,21.5,21.635,21.307,21.451,7529,0
20140203,21.79,22.759,21.422,21.422,2979,0
20140205,21.596,22.759,21.596,21.606,1121,0
20140206,22.749,22.749,22.71,22.719,896,0
20140207,22.658,22.759,22.06,22.71,4815,0
20140211,22.662,22.749,21.984,22.468,1920,0
20140212,22.264,22.264,22.264,22.264,327,0
20140213,21.896,22.256,21.896,22.177,2898,0
20140214,22.701,22.701,21.802,22.13,1489,0
20140218,22.023,22.704,21.829,21.96,1579,0
20140219,21.829,22.672,21.829,22.672,759,0
20140220,22.565,22.701,22.09,22.371,1486,0
20140221,21.916,21.916,21.916,21.916,137,0
20140224,22.411,22.411,22.411,22.411,466,0
20140225,22.323,22.749,22.274,22.45,1871,0
20140226,22.062,22.515,22.023,22.057,1051,0
20140227,22.043,22.749,22.033,22.702,3625,0
20140303,22.468,22.468,22.468,22.468,1191,0
20140304,22.759,22.759,22.448,22.49,1477,0
20140305,22.274,22.473,22.274,22.473,901,0
20140306,22.736,22.736,22.736,22.736,412,0
20140307,22.72,22.803,22.72,22.803,2449,0
20140310,23.001,23.679,23.001,23.679,2210,0
20140311,22.392,22.507,22.392,22.507,354,0
20140312,23.214,23.214,22.314,22.68,2786,0
20140313,23.195,23.195,22.585,22.628,1035,0
20140314,22.759,23.727,22.759,23.243,1136,0
20140318,22.642,23.39,22.642,23.243,1260,0
20140319,22.759,23.241,22.759,23.059,2850,0
20140320,23.64,23.727,22.963,23.282,4421,0
20140321,23.243,23.671,23.243,23.485,1600,0
20140324,23.243,23.727,23.224,23.242,4297,0
20140325,23.243,23.63,23.234,23.234,1398,0
20140326,22.807,22.807,22.759,22.759,1549,0
20140327,23.707,23.707,22.587,22.798,2124,0
20140328,23.185,23.195,22.953,22.953,1923,0
20140331,22.875,22.995,22.08,22.187,5380,0
20140401,22.217,22.939,21.742,22.939,3754,0
20140402,22.371,22.371,22.207,22.207,206,0
20140403,22.227,22.575,21.752,22.565,4184,0
20140404,22.575,22.739,22.274,22.687,2696,0
20140407,22.304,22.71,22.304,22.43,1027,0
20140408,22.371,22.371,22.371,22.371,423,0
20140410,22.507,23.155,22.507,23.155,1002,0
20140411,22.517,22.846,22.517,22.769,2319,0
20140414,22.523,22.523,22.523,22.523,103,0
20140415,22.517,23.184,22.517,22.517,3318,0
20140416,22.788,23.001,22.759,22.759,1928,0
20140417,23.001,23.137,22.817,22.84,5911,0
20140421,22.866,23.204,22.866,23.059,3668,0
20140422,23.195,23.476,23.001,23.476,6320,0
20140423,23.299,23.672,23.299,23.3,5469,0
20140424,23.495,23.73,23.495,23.73,1162,0
20140428,23.476,23.56,23.006,23.202,2322,0
20140430,23.495,23.495,22.849,23.152,1694,0
20140501,22.594,23.143,22.594,22.712,1118,0
20140502,22.713,23.202,22.713,23.202,674,0
20140505,22.996,23.707,22.996,23.647,1083,0
20140506,23.505,23.505,22.761,23.015,1849,0
20140507,22.986,23.495,22.986,23.211,8797,0
20140508,23.906,23.906,22.986,23.436,2005,0
20140509,23.495,23.715,22.957,22.966,4567,0
20140512,23.202,23.24,22.966,23.094,3081,0
20140514,23.006,23.231,23.006,23.104,1914,0
20140515,23.25,23.25,23.107,23.123,3561,0
20140516,23.25,23.25,23.25,23.25,511,0
20140519,23.206,23.206,23.206,23.206,209,0
20140520,22.966,23.247,22.957,23.206,1154,0
20140521,23.25,23.25,23.202,23.202,530,0
20140522,23.25,23.25,23.202,23.248,1311,0
20140523,23.25,23.25,23.016,23.016,1125,0
20140527,23.006,23.006,23.006,23.006,1345,0
20140528,23.094,23.094,23.094,23.094,174,0
20140529,23.055,23.25,23.055,23.092,2164,0
20140530,23.221,23.74,23.133,23.152,3626,0
20140602,23.123,23.603,23.123,23.603,398,0
20140603,23.72,23.74,22.976,23.045,5480,0
20140604,23.143,23.593,23.045,23.397,3596,0
20140605,23.818,23.818,23.064,23.064,4592,0
20140606,23.055,23.505,23.055,23.348,3092,0
20140609,23.534,23.592,23.388,23.583,4164,0
20140610,23.299,23.858,23.299,23.76,1635,0
20140611,23.779,23.779,23.495,23.495,2505,0
20140613,23.495,23.681,23.495,23.593,687,0
20140616,23.593,23.593,23.524,23.593,1335,0
20140617,23.593,23.658,23.593,23.603,1156,0
20140618,23.867,23.984,23.569,23.691,5065,0
20140619,23.984,24.229,23.838,23.838,1098,0
20140620,24.132,24.132,23.886,23.887,2433,0
20140623,24.914,24.914,23.936,24.082,924,0
20140624,24.67,24.67,23.892,24.22,452,0
20140625,23.936,24.67,23.936,24.444,5200,0
20140626,24.434,24.582,23.75,24.444,6857,0
20140627,23.848,24.474,23.848,24.376,1589,0
20140630,23.74,24.366,23.74,24.366,784,0
20140701,24.249,24.464,23.779,23.779,449,0
20140702,23.769,24.396,23.769,24.2,3371,0
20140703,24.22,24.416,23.818,24.18,1626,0
20140707,24.474,25.343,24.23,25.341,6806,0
20140708,24.444,25.15,24.444,24.486,1138,0
20140709,25.336,25.336,24.65,24.65,562,0
20140710,24.598,25.06,24.598,25.052,1040,0
20140711,25.296,25.296,25.167,25.167,544,0
20140714,25.208,25.208,25.007,25.052,1845,0
20140715,24.481,25.208,24.481,25.062,4622,0
20140716,24.67,24.871,24.474,24.856,1746,0
20140717,24.552,25.16,24.552,25.1,4640,0
20140718,24.474,24.778,24.474,24.768,2683,0
20140721,25.169,25.169,24.582,24.62,1720,0
20140722,25.012,25.14,24.572,24.572,2864,0
20140723,24.839,24.921,24.76,24.921,658,0
20140724,24.918,24.918,24.829,24.865,505,0
20140725,24.918,24.93,24.918,24.93,1499,0
20140728,24.978,25.225,24.978,25.076,2802,0
20140729,25.047,25.047,24.908,24.908,756,0
20140730,24.889,24.889,24.73,24.73,767,0
20140731,24.493,24.73,23.939,24.206,3722,0
20140801,24.246,24.72,23.296,24.523,3937,0
20140804,25.017,25.215,24.483,24.483,1046,0
20140805,23.447,24.73,23.447,24.404,850,0
20140806,24.473,24.473,24.077,24.453,1077,0
20140807,24.73,25.205,24.72,24.73,2412,0
20140808,24.73,24.73,24.671,24.73,694,0
20140811,24.354,24.72,24.354,24.577,876,0
20140812,23.8,24.671,23.8,24.671,690,0
20140813,24.72,24.72,24.044,24.044,2015,0
20140814,24.652,24.652,24.652,24.652,479,0
20140815,24.631,24.631,24.106,24.106,372,0
20140818,24.73,24.73,24.72,24.72,1128,0
20140819,24.087,24.087,24.038,24.038,564,0
20140820,24.414,24.532,24.335,24.532,1212,0
20140821,24.72,24.72,24.518,24.518,587,0
20140822,24.364,24.71,24.335,24.489,1850,0
20140825,24.374,24.384,24.344,24.384,1514,0
20140826,24.72,24.72,24.038,24.038,963,0
20140827,24.067,24.236,24.058,24.236,506,0
20140828,24.137,24.212,24.137,24.197,715,0
20140829,24.186,24.443,24.137,24.285,3862,0
20140902,24.453,24.72,24.453,24.72,3192,0
20140903,24.671,24.671,24.671,24.671,142,0
20140904,24.661,24.661,24.285,24.414,709,0
20140905,24.572,24.592,24.503,24.552,1415,0
20140908,24.384,24.552,23.701,23.852,1165,0
20140909,23.701,24.532,23.701,24.532,378,0
20140910,23.87,24.447,23.81,23.889,2517,0
20140911,24.008,24.394,23.939,24.167,4184,0
20140912,24.265,24.354,24.186,24.186,4934,0
20140915,24.265,24.344,24.265,24.344,575,0
20140916,24.523,24.523,24.523,24.523,318,0
20140917,24.344,24.443,24.344,24.384,4043,0
20140918,24.236,24.344,24.236,24.344,3546,0
20140919,24.532,24.532,24.249,24.532,5580,0
20140922,24.612,24.612,24.374,24.433,3313,0
20140923,24.285,24.384,24.236,24.384,1616,0
20140924,24.72,24.72,24.236,24.236,1324,0
20140925,24.275,24.275,24.25,24.26,1143,0
20140926,24.236,24.285,24.236,24.285,877,0
20140929,24.285,24.677,24.285,24.677,2000,0
20140930,24.672,24.672,23.711,23.711,7892,0
20141001,24.176,24.176,23.721,24.127,415,0
20141002,23.88,24.026,23.711,23.711,2212,0
20141003,23.652,24.631,23.652,23.741,7134,0
20141006,23.672,24.403,23.296,23.504,7374,0
20141007,23.296,23.605,23.246,23.464,3969,0
20141008,23.785,23.785,23.494,23.494,460,0
20141009,23.494,24.198,23.494,23.751,1165,0
20141010,23.335,23.342,23.246,23.296,1262,0
20141013,23.494,23.494,23.306,23.395,2082,0
20141014,23.692,23.692,23.692,23.692,634,0
20141015,23.266,23.867,22.752,22.752,3297,0
20141016,22.861,23.563,22.861,23.187,1397,0
20141017,24.415,24.418,23.246,23.345,2351,0
20141020,24.503,24.503,23.494,23.494,4166,0
20141021,23.836,23.836,23.836,23.836,192,0
20141022,24.39,24.39,23.34,24.25,4235,0
20141023,23.437,23.65,23.437,23.65,691,0
20141027,23.64,23.64,23.6,23.6,1764,0
20141028,23.58,23.71,23.58,23.71,804,0
20141029,23.7,24,23.7,23.898,1011,0
20141030,24.24,24.5,23.7,24.45,1003,0
20141031,24.153,24.263,24.15,24.15,922,0
20141103,24.43,24.43,24.417,24.417,640,0
20141105,24.72,24.72,24.7,24.7,1165,0
20141106,24.72,24.77,24.72,24.77,504,0
20141107,24.18,24.71,24.18,24.71,3170,0
20141110,24.71,24.71,24.02,24.21,1320,0
20141112,24.643,24.643,24.507,24.507,414,0
20141113,24.1,24.14,24.1,24.1,387,0
20141114,24.745,24.745,23.5,23.5,811,0
20141117,24.76,24.76,24.76,24.76,147,0
20141118,23.6,24.59,23.6,24.59,540,0
20141119,24.498,24.498,24.4,24.4,525,0
20141120,24.5,24.5,24.412,24.412,209,0
20141124,24.003,24.003,24.003,24.003,268,0
20141125,24.499,24.499,24.39,24.4,1184,0
20141126,24.48,24.48,24.48,24.48,100,0
20141201,24.397,24.397,24.397,24.397,105,0
20141204,24,24.05,24,24.05,859,0
20141205,24.05,24.281,24.05,24.16,561,0
20141208,24.14,24.3,24.14,24.29,560,0
20141209,24.2,24.3,24.2,24.29,2398,0
20141211,24.242,24.242,24.24,24.24,371,0
20141212,24.25,24.25,24.244,24.244,505,0
20141215,24.24,24.3,24.24,24.3,405,0
20141216,24.24,24.24,24.14,24.157,953,0
20141217,24.25,24.3,24,24,1030,0
20141218,24.3,24.3,24.3,24.3,200,0
20141219,24.3,24.3,24.26,24.3,587,0
20141222,23.705,23.705,23.705,23.705,639,0
20141223,24,24,23.86,23.86,810,0
20141224,23.85,23.85,23.85,23.85,460,0
20141226,23.61,23.67,23.6,23.634,1322,0
20141229,23.68,24.15,23.68,24.12,1405,0
20141230,24.08,24.1,23.631,24.07,790,0
20141231,23.76,23.76,23.75,23.75,585,0
20150106,24.6,24.999,23.894,24.92,1651,0
20150108,24.25,24.335,24.25,24.25,1072,0
20150109,24.94,25,24.66,25,5480,0
20150112,25,25.099,24.6,24.75,772,0
20150113,24.5,26.68,24.5,26.68,10194,0
20150114,25.5,26.43,24.99,25.48,4766,0
20150115,25.75,26.599,24.77,25.05,5596,0
20150116,24.6,26,24.3,24.3,8794,0
