Date,Open,High,Low,Close,Volume,OpenInt
20091123,69.131,69.214,69.131,69.214,31865,0
20091124,69.322,69.48,69.251,69.48,44546,0
20091125,69.48,69.601,69.443,69.601,21564,0
20091127,69.62,69.62,69.545,69.611,6878,0
20091130,69.517,69.611,69.509,69.611,17932,0
20091201,69.629,69.713,69.62,69.639,19083,0
20091202,69.667,69.667,69.564,69.573,14143,0
20091203,69.48,69.676,69.48,69.676,20272,0
20091204,69.49,69.499,69.378,69.48,49597,0
20091207,69.499,69.583,69.434,69.573,12753,0
20091208,69.739,69.858,69.629,69.848,50830,0
20091209,69.886,69.886,69.829,69.839,16993,0
20091210,69.794,69.82,69.739,69.794,35832,0
20091211,69.829,69.839,69.73,69.775,28796,0
20091214,69.867,69.876,69.748,69.784,31539,0
20091215,69.676,69.766,69.592,69.667,71962,0
20091216,69.839,69.985,69.775,69.848,184407,0
20091217,69.923,69.995,69.895,69.895,89605,0
20091218,69.977,69.985,69.82,69.82,12741,0
20091221,69.886,69.886,69.685,69.73,34424,0
20091222,69.676,69.757,69.62,69.722,125722,0
20091223,69.611,69.713,69.564,69.62,85562,0
20091224,69.536,69.545,69.351,69.369,22606,0
20091228,69.351,69.387,69.287,69.322,47639,0
20091229,69.322,69.341,68.276,69.332,57350,0
20091230,69.277,69.351,69.277,69.341,21585,0
20091231,69.223,69.462,69.14,69.277,20598,0
20100104,69.378,69.462,69.295,69.462,66398,0
20100105,69.49,69.629,69.462,69.564,83992,0
20100106,69.695,69.775,69.526,69.766,22670,0
20100107,69.803,69.803,69.573,69.713,167531,0
20100108,69.794,69.794,69.713,69.775,118272,0
20100111,69.876,69.876,69.812,69.839,34447,0
20100112,70.032,70.032,69.839,69.848,36335,0
20100113,69.958,69.977,69.803,69.839,44979,0
20100114,70.134,70.134,69.803,70.004,53116,0
20100115,70.051,70.124,70.051,70.096,37000,0
20100119,69.94,69.94,69.803,69.848,100794,0
20100120,70.014,70.042,69.958,69.968,183123,0
20100121,70.032,70.105,69.904,70.06,175726,0
20100122,70.051,70.06,70.023,70.051,74446,0
20100125,70.134,70.134,70.032,70.06,49659,0
20100126,70.105,70.105,69.995,70.051,194870,0
20100127,70.07,70.07,69.923,69.968,79936,0
20100128,70.014,70.014,69.895,69.94,86474,0
20100129,69.784,69.914,69.775,69.867,38839,0
20100201,70.042,70.042,69.829,69.886,27965,0
20100202,69.886,69.895,69.812,69.876,45602,0
20100203,69.839,69.848,69.775,69.829,54402,0
20100204,69.977,69.995,69.867,69.985,25646,0
20100205,70.105,70.134,69.839,69.977,74714,0
20100208,70.078,70.078,69.812,69.958,41072,0
20100209,69.923,69.949,69.848,69.895,72560,0
20100210,69.931,69.931,69.667,69.82,60239,0
20100211,69.82,69.82,69.713,69.757,75497,0
20100212,69.968,69.968,69.812,69.829,25635,0
20100216,69.848,69.876,69.757,69.829,81131,0
20100217,69.867,69.867,69.748,69.803,79180,0
20100218,69.886,69.886,69.704,69.748,59821,0
20100219,69.766,69.766,69.658,69.739,57118,0
20100222,69.886,69.895,69.722,69.858,62920,0
20100223,69.886,69.958,69.848,69.949,54581,0
20100224,69.904,70.014,69.895,70.014,78055,0
20100225,70.096,70.096,69.949,70.023,39913,0
20100226,69.995,70.032,69.895,70.004,94271,0
20100301,70.114,70.114,69.968,70.032,48237,0
20100302,70.114,70.114,69.995,70.07,46815,0
20100303,70.07,70.087,70.032,70.087,33601,0
20100304,70.105,70.105,70.051,70.087,32627,0
20100305,70.078,70.078,69.995,70.06,41755,0
20100308,70.032,70.051,70.004,70.014,29287,0
20100309,69.995,70.07,69.985,70.07,19771,0
20100310,70.105,70.105,70.042,70.07,34505,0
20100311,70.06,70.06,69.995,70.051,52996,0
20100312,70.023,70.096,69.914,70.096,52517,0
20100315,69.968,70.07,69.94,70.06,58545,0
20100316,70.283,70.283,70.004,70.114,51592,0
20100317,70.171,70.218,70.124,70.199,60375,0
20100318,70.199,70.218,70.162,70.208,66022,0
20100319,70.171,70.18,70.124,70.162,91944,0
20100322,70.18,70.208,70.143,70.208,36858,0
20100323,70.283,70.283,70.171,70.189,91398,0
20100324,70.143,70.152,70.042,70.078,59920,0
20100325,70.032,70.078,69.949,70.032,54872,0
20100326,70.105,70.105,69.995,70.078,103596,0
20100329,70.162,70.162,70.032,70.124,74899,0
20100330,70.114,70.208,70.032,70.171,89627,0
20100331,70.078,70.124,70.042,70.096,49976,0
20100401,70.078,70.114,70.014,70.078,51994,0
20100405,70.051,70.051,69.839,69.904,226863,0
20100406,69.914,69.931,69.848,69.904,61376,0
20100407,69.949,70.042,69.895,70.042,91425,0
20100408,70.087,70.087,70.004,70.032,78290,0
20100409,70.023,70.152,69.94,70.134,320667,0
20100412,70.246,70.246,70.087,70.143,62487,0
20100413,70.218,70.218,70.105,70.208,56744,0
20100414,70.264,70.264,70.134,70.171,82646,0
20100415,70.236,70.321,70.18,70.321,43631,0
20100416,70.357,70.474,70.311,70.474,33234,0
20100419,70.428,70.428,70.255,70.409,245926,0
20100420,70.321,70.392,70.292,70.357,311099,0
20100421,70.264,70.392,70.264,70.366,53025,0
20100422,70.382,70.437,70.321,70.382,203344,0
20100423,70.315,70.361,70.259,70.315,155721,0
20100426,70.357,70.357,70.274,70.33,41810,0
20100427,70.366,70.464,70.321,70.428,32493,0
20100428,70.409,70.419,70.292,70.374,46215,0
20100429,70.33,70.437,70.321,70.428,50530,0
20100430,70.392,70.419,70.338,70.374,59290,0
20100503,70.539,70.539,70.199,70.264,57898,0
20100504,70.283,70.419,70.283,70.392,38557,0
20100505,70.456,70.539,70.18,70.419,49512,0
20100506,70.382,70.539,70.264,70.409,316743,0
20100507,70.401,70.419,70.208,70.218,173330,0
20100510,70.357,70.374,70.199,70.236,34171,0
20100511,70.428,70.474,70.246,70.464,40488,0
20100512,70.374,70.53,70.292,70.447,123645,0
20100513,70.366,70.456,70.366,70.382,87836,0
20100514,70.447,70.483,70.338,70.409,35586,0
20100517,70.539,70.539,70.374,70.474,85381,0
20100518,70.567,70.594,70.428,70.586,46474,0
20100519,70.492,70.549,70.401,70.456,64798,0
20100520,70.539,70.539,70.208,70.33,85578,0
20100521,70.33,70.474,70.283,70.321,75115,0
20100524,70.464,70.464,70.382,70.409,43688,0
20100525,70.382,70.382,70.189,70.208,65256,0
20100526,70.171,70.274,70.143,70.236,37512,0
20100527,70.18,70.227,69.895,69.949,296879,0
20100528,70.078,70.134,69.886,70.134,45690,0
20100601,70.218,70.218,69.839,70.004,99281,0
20100602,70.124,70.124,69.867,69.895,45868,0
20100603,69.794,70.042,69.794,69.803,41747,0
20100604,70.014,70.162,69.757,70.162,26066,0
20100607,70.338,70.338,70.087,70.171,37670,0
20100608,69.985,70.227,69.985,70.218,34510,0
20100609,70.087,70.171,70.078,70.171,35435,0
20100610,69.82,70.078,69.82,70.032,362454,0
20100611,69.977,70.134,69.958,70.078,101902,0
20100614,69.995,70.051,69.931,70.032,48739,0
20100615,70.078,70.078,69.914,69.977,96561,0
20100616,70.042,70.07,69.995,70.06,71733,0
20100617,70.152,70.227,70.051,70.171,44898,0
20100618,70.042,70.227,70.042,70.208,81049,0
20100621,70.042,70.283,70.042,70.283,64903,0
20100622,70.124,70.357,70.124,70.357,76839,0
20100623,70.357,70.492,70.264,70.492,66190,0
20100624,70.447,70.464,70.392,70.464,54474,0
20100625,70.392,70.549,70.374,70.549,76783,0
20100628,70.539,70.612,70.483,70.603,65821,0
20100629,70.603,70.658,70.539,70.658,84952,0
20100630,70.494,70.55,70.392,70.494,54063,0
20100701,70.483,70.53,70.321,70.502,48648,0
20100702,70.456,70.539,70.428,70.511,39012,0
20100706,70.511,70.594,70.447,70.594,57521,0
20100707,70.723,70.723,70.577,70.676,66718,0
20100708,70.492,70.649,70.464,70.631,82333,0
20100709,70.732,70.732,70.511,70.631,122618,0
20100712,70.539,70.751,70.53,70.751,46316,0
20100713,70.631,70.741,70.612,70.685,72669,0
20100714,70.853,70.89,70.713,70.89,26976,0
20100715,70.954,70.972,70.853,70.946,68609,0
20100716,71.028,71.11,70.954,71.101,48504,0
20100719,71.037,71.063,71.001,71.037,40649,0
20100720,71.221,71.221,71.045,71.146,185777,0
20100721,71.156,71.221,71.118,71.202,84127,0
20100722,71.137,71.23,71.082,71.23,62114,0
20100723,71.23,71.265,71.174,71.221,86566,0
20100726,71.174,71.174,71.037,71.174,194744,0
20100727,71.137,71.184,71.082,71.174,293296,0
20100728,71.284,71.303,71.118,71.274,164130,0
20100729,71.451,71.451,71.23,71.321,116359,0
20100730,71.284,71.414,71.284,71.395,167378,0
20100802,71.348,71.414,71.274,71.386,93812,0
20100803,71.524,71.524,71.404,71.478,76093,0
20100804,71.386,71.552,71.376,71.478,64276,0
20100805,71.146,71.552,71.146,71.552,56864,0
20100806,71.653,71.653,71.46,71.636,40582,0
20100809,71.57,71.598,71.221,71.589,88784,0
20100810,71.561,71.607,71.451,71.607,408557,0
20100811,71.626,71.645,71.533,71.598,33672,0
20100812,71.681,71.681,71.533,71.552,98856,0
20100813,71.516,71.516,71.432,71.516,63941,0
20100816,71.516,71.636,71.478,71.636,44376,0
20100817,71.653,71.716,71.46,71.709,75138,0
20100818,71.808,71.808,71.7,71.754,42472,0
20100819,71.716,71.745,71.681,71.726,44970,0
20100820,71.726,71.754,71.598,71.662,61031,0
20100823,71.846,71.846,71.7,71.808,36840,0
20100824,71.965,71.965,71.8,71.919,66751,0
20100825,72.086,72.086,71.781,71.836,295002,0
20100826,71.901,71.901,71.681,71.818,123126,0
20100827,71.836,71.855,71.662,71.7,68541,0
20100830,71.846,71.864,71.616,71.846,73535,0
20100831,71.829,71.829,71.617,71.637,87181,0
20100901,71.763,71.763,71.598,71.726,54378,0
20100902,71.726,71.726,71.662,71.726,337346,0
20100903,71.754,71.754,71.57,71.681,63405,0
20100907,71.735,71.781,71.636,71.772,73478,0
20100908,71.616,71.781,71.616,71.726,227645,0
20100909,71.763,71.763,71.598,71.645,100836,0
20100910,71.57,71.598,71.516,71.598,56018,0
20100913,71.662,71.662,71.516,71.662,191757,0
20100914,71.533,71.808,71.533,71.808,168938,0
20100915,71.874,71.874,71.745,71.791,45655,0
20100916,71.808,71.827,71.726,71.772,38474,0
20100917,71.855,71.91,71.8,71.901,46167,0
20100920,71.947,71.994,71.864,71.975,727747,0
20100921,72.049,72.122,71.929,72.077,78444,0
20100922,72.104,72.178,72.067,72.132,124102,0
20100923,72.151,72.151,72.003,72.021,53052,0
20100924,72.095,72.104,71.994,72.095,120606,0
20100927,72.104,72.178,72.039,72.151,457985,0
20100928,72.151,72.205,72.049,72.186,194714,0
20100929,72.16,72.16,72.104,72.151,68424,0
20100930,72.069,72.115,71.976,72.115,92151,0
20101001,72.113,72.151,72.021,72.141,55768,0
20101004,72.195,72.214,72.151,72.195,111229,0
20101005,72.233,72.288,72.195,72.261,170252,0
20101006,72.371,72.371,72.261,72.371,76696,0
20101007,72.251,72.425,72.251,72.415,151673,0
20101008,72.344,72.499,72.344,72.471,58118,0
20101011,72.481,72.545,72.452,72.545,344509,0
20101012,72.573,72.573,72.425,72.471,70731,0
20101013,72.499,72.499,72.307,72.434,265775,0
20101014,72.407,72.407,72.271,72.297,60221,0
20101015,72.28,72.326,72.122,72.122,68085,0
20101018,72.363,72.363,72.224,72.307,44355,0
20101019,72.251,72.344,72.205,72.335,114829,0
20101020,72.397,72.397,72.251,72.363,95589,0
20101021,72.388,72.388,72.261,72.371,448359,0
20101022,72.371,72.371,72.288,72.335,37833,0
20101025,72.425,72.425,72.326,72.363,167232,0
20101026,72.307,72.307,72.141,72.214,101104,0
20101027,72.271,72.271,72.16,72.178,71458,0
20101028,72.288,72.363,72.224,72.363,132982,0
20101029,72.301,72.33,72.143,72.301,98417,0
20101101,72.528,72.528,72.251,72.326,62541,0
20101102,72.425,72.425,72.186,72.288,93387,0
20101103,72.214,72.545,72.214,72.443,114252,0
20101104,72.684,72.684,72.363,72.518,125870,0
20101105,72.307,72.518,72.307,72.49,177670,0
20101108,72.452,72.481,72.388,72.452,162735,0
20101109,72.462,72.462,72.224,72.261,98615,0
20101110,72.224,72.326,72.086,72.326,77295,0
20101111,72.288,72.288,72.122,72.178,37750,0
20101112,72.205,72.224,72.021,72.077,156928,0
20101115,71.965,71.994,71.846,71.883,65833,0
20101116,71.763,71.864,71.672,71.763,74341,0
20101117,72.039,72.039,71.662,71.754,135623,0
20101118,71.947,71.947,71.645,71.846,94401,0
20101119,71.791,71.864,71.763,71.864,99154,0
20101122,71.919,72.003,71.791,71.994,84524,0
20101123,72.067,72.067,71.91,72.021,62334,0
20101124,71.919,71.919,71.772,71.827,97620,0
20101126,71.791,71.827,71.781,71.808,32881,0
20101129,71.864,71.864,71.772,71.808,67078,0
20101130,71.793,71.82,71.71,71.774,55923,0
20101201,71.726,71.726,71.414,71.516,145854,0
20101202,71.516,71.516,71.414,71.442,76650,0
20101203,71.451,71.607,71.376,71.561,95322,0
20101206,71.672,71.726,71.561,71.726,93166,0
20101207,71.543,71.745,71.376,71.423,86950,0
20101208,71.339,71.339,71.118,71.257,126777,0
20101209,71.156,71.221,71.101,71.156,95330,0
20101210,71.101,71.146,70.963,71.01,85027,0
20101213,70.853,71.045,70.853,71.01,270112,0
20101214,71.284,71.284,70.946,71.072,114907,0
20101215,71.118,71.156,70.9,70.937,121475,0
20101216,70.926,71.1,70.917,71.044,76691,0
20101217,71.221,71.284,71.018,71.265,72393,0
20101220,71.312,71.367,71.221,71.274,84138,0
20101221,71.293,71.321,71.174,71.312,95483,0
20101222,71.33,71.33,71.212,71.293,83776,0
20101223,71.274,71.284,71.156,71.284,121250,0
20101227,70.89,71.037,70.778,71.037,55459,0
20101228,71.045,71.045,70.871,70.89,101784,0
20101229,70.828,71.134,70.828,71.115,91799,0
20101230,71.097,71.134,70.968,71.134,156277,0
20101231,71.148,71.279,71.054,71.251,95964,0
20110103,71.202,71.257,71.063,71.247,121239,0
20110104,71.257,71.348,71.239,71.33,312596,0
20110105,71.184,71.193,71.018,71.193,157050,0
20110106,71.239,71.239,71.01,71.063,149643,0
20110107,71.247,71.404,71.193,71.33,237660,0
20110110,71.367,71.516,71.202,71.321,266574,0
20110111,71.46,71.46,71.312,71.376,98776,0
20110112,71.451,71.451,71.284,71.423,104992,0
20110113,71.469,71.516,71.357,71.516,137854,0
20110114,71.386,71.589,71.386,71.589,174065,0
20110118,71.561,71.561,71.339,71.46,136210,0
20110119,71.46,71.543,71.423,71.543,110952,0
20110120,71.469,71.469,71.339,71.414,278319,0
20110121,71.395,71.478,71.33,71.478,262662,0
20110124,71.46,71.533,71.357,71.533,235437,0
20110125,71.442,71.607,71.442,71.579,227737,0
20110126,71.533,71.533,71.432,71.506,127976,0
20110127,71.579,71.616,71.423,71.616,201396,0
20110128,71.579,71.709,71.524,71.653,119159,0
20110131,71.591,71.629,71.525,71.525,59847,0
20110201,71.497,71.524,71.404,71.497,219688,0
20110202,71.497,71.497,71.339,71.348,113973,0
20110203,71.303,71.33,71.239,71.284,172927,0
20110204,71.202,71.257,71.118,71.156,283037,0
20110207,71.156,71.239,71.028,71.212,203549,0
20110208,71.165,71.212,70.991,71.072,139148,0
20110209,71.11,71.212,71.01,71.127,401226,0
20110210,71.156,71.174,71.055,71.146,337116,0
20110211,71.01,71.156,71.01,71.127,230572,0
20110214,71.018,71.146,71.01,71.01,132695,0
20110215,71.156,71.165,71.037,71.146,83590,0
20110216,71.055,71.165,71.037,71.156,77060,0
20110218,71.303,71.33,71.202,71.33,115019,0
20110222,71.321,71.488,71.312,71.432,112131,0
20110223,71.414,71.543,71.404,71.497,148208,0
20110224,71.533,71.561,71.432,71.46,106027,0
20110225,71.478,71.589,71.451,71.589,1699782,0
20110228,71.598,71.663,71.533,71.654,248219,0
20110301,71.607,71.672,71.506,71.662,268186,0
20110302,71.672,71.7,71.552,71.636,113817,0
20110303,71.524,71.533,71.431,71.431,128183,0
20110304,71.561,71.691,71.487,71.681,343262,0
20110307,71.598,71.691,71.524,71.645,143433,0
20110308,71.579,71.645,71.543,71.617,151309,0
20110309,71.672,71.754,71.617,71.726,134970,0
20110310,71.755,71.902,71.691,71.782,230678,0
20110311,71.911,71.929,71.791,71.902,117999,0
20110314,71.892,72.022,71.892,71.957,143628,0
20110315,72.022,72.04,71.818,71.818,109435,0
20110316,72.012,72.078,71.884,72.031,86572,0
20110317,71.997,71.997,71.895,71.988,174279,0
20110318,72.096,72.106,71.93,72.013,216410,0
20110321,72.012,72.105,71.856,71.92,293630,0
20110322,71.846,71.874,71.782,71.827,177371,0
20110323,71.92,71.92,71.726,71.736,152900,0
20110324,71.827,71.846,71.736,71.772,110091,0
20110325,71.837,71.865,71.653,71.7,99069,0
20110328,71.681,71.681,71.552,71.653,577157,0
20110329,71.607,71.7,71.561,71.617,133860,0
20110330,71.552,71.681,71.543,71.681,415223,0
20110331,71.713,71.741,71.507,71.554,461880,0
20110401,71.552,71.552,71.413,71.46,289597,0
20110404,71.691,71.791,71.561,71.607,132802,0
20110405,71.726,71.726,71.486,71.514,159496,0
20110406,71.524,71.626,71.441,71.626,768105,0
20110407,71.653,71.708,71.532,71.691,291535,0
20110408,71.691,71.691,71.561,71.645,184799,0
20110411,71.7,71.709,71.607,71.681,93505,0
20110412,71.71,71.839,71.637,71.839,148059,0
20110413,71.856,71.893,71.726,71.893,146170,0
20110414,71.875,71.93,71.755,71.801,104340,0
20110415,71.8,71.986,71.791,71.986,155055,0
20110418,72.004,72.06,71.856,72.06,121624,0
20110419,71.995,72.096,71.986,72.079,126969,0
20110420,72.144,72.144,72.013,72.06,206111,0
20110421,72.032,72.134,72.032,72.106,127915,0
20110425,72.096,72.153,72.05,72.106,131261,0
20110426,72.189,72.217,72.097,72.189,166572,0
20110427,72.217,72.291,72.097,72.255,206208,0
20110428,72.217,72.401,72.217,72.401,154754,0
20110429,72.212,72.399,72.212,72.39,551923,0
20110502,72.514,72.514,72.348,72.419,128861,0
20110503,72.276,72.422,72.276,72.413,138735,0
20110504,72.419,72.467,72.383,72.438,144029,0
20110505,72.432,72.498,72.351,72.386,249168,0
20110506,72.485,72.56,72.392,72.504,88509,0
20110509,72.671,72.671,72.532,72.606,127925,0
20110510,72.625,72.625,72.419,72.467,204762,0
20110511,72.544,72.572,72.441,72.563,131874,0
20110512,72.597,72.597,72.485,72.569,172973,0
20110513,72.609,72.683,72.572,72.609,111041,0
20110516,72.671,72.698,72.578,72.653,125104,0
20110517,72.707,72.736,72.615,72.671,185033,0
20110518,72.688,72.688,72.532,72.532,99674,0
20110519,72.467,72.653,72.457,72.653,195644,0
20110520,72.553,72.637,72.535,72.591,171426,0
20110523,72.717,72.717,72.615,72.634,112728,0
20110524,72.647,72.683,72.563,72.683,154254,0
20110525,72.73,72.73,72.6,72.674,167537,0
20110526,72.73,72.767,72.674,72.767,116566,0
20110527,72.767,72.832,72.748,72.832,133107,0
20110531,72.798,72.883,72.752,72.883,261759,0
20110601,72.861,72.944,72.786,72.934,133945,0
20110602,72.944,72.944,72.813,72.869,200554,0
20110603,72.99,72.99,72.823,72.888,106429,0
20110606,72.917,72.934,72.823,72.934,204155,0
20110607,72.971,72.971,72.841,72.971,207149,0
20110608,72.971,73.054,72.924,73.018,173853,0
20110609,73.054,73.054,72.868,72.916,205593,0
20110610,72.888,72.944,72.861,72.878,98635,0
20110613,72.842,72.917,72.813,72.869,138181,0
20110614,72.813,72.823,72.748,72.767,183765,0
20110615,72.832,72.99,72.813,72.953,371731,0
20110616,73.038,73.038,72.909,72.983,178406,0
20110617,73.026,73.026,72.906,72.989,151195,0
20110620,73.072,73.072,72.917,73.009,152307,0
20110621,73.026,73.026,72.925,72.925,130576,0
20110622,72.907,73.054,72.888,72.897,427211,0
20110623,72.906,73.081,72.897,73.054,94263,0
20110624,73.109,73.156,72.989,73.147,110697,0
20110627,73.185,73.185,73.008,73.036,281734,0
20110628,73.026,73.026,72.813,72.851,162799,0
20110629,72.795,72.917,72.758,72.758,367674,0
20110630,72.796,72.881,72.739,72.815,227630,0
20110701,72.958,72.958,72.735,72.865,511544,0
20110705,72.903,73.051,72.865,73.051,132032,0
20110706,73.03,73.057,72.983,73.012,150426,0
20110707,73.015,73.015,72.735,72.773,307488,0
20110708,73.023,73.173,72.996,73.154,352582,0
20110711,73.175,73.175,73.054,73.071,231598,0
20110712,73.266,73.266,72.986,73.2,117366,0
20110713,73.109,73.221,73.044,73.119,313396,0
20110714,73.185,73.185,73.036,73.081,108232,0
20110715,73.125,73.182,73.051,73.173,109035,0
20110718,73.185,73.185,73.062,73.081,99853,0
20110719,73.094,73.132,73.021,73.104,76301,0
20110720,73.156,73.166,73.044,73.128,264242,0
20110721,73.081,73.109,72.999,73.071,156247,0
20110722,73.144,73.144,73.033,73.116,169149,0
20110725,73.1,73.109,72.989,73.062,175779,0
20110726,73.002,73.198,73.002,73.189,105416,0
20110727,73.119,73.166,73.062,73.071,114323,0
20110728,73.189,73.217,73.104,73.104,146783,0
20110729,73.192,73.371,73.136,73.333,118079,0
20110801,73.377,73.591,73.293,73.545,757262,0
20110802,73.638,73.638,73.46,73.6,157226,0
20110803,73.619,73.619,73.471,73.536,209816,0
20110804,73.598,73.655,73.469,73.646,307902,0
20110805,73.527,73.545,73.312,73.423,380951,0
20110808,73.423,73.471,73.266,73.414,564958,0
20110809,73.367,73.749,73.163,73.582,271447,0
20110810,73.582,73.676,73.331,73.452,240069,0
20110811,73.266,73.274,72.865,73.274,240875,0
20110812,73.123,73.394,73.113,73.281,195567,0
20110815,73.536,73.536,73.06,73.078,146479,0
20110816,73.023,73.135,73.005,73.116,157245,0
20110817,73.266,73.302,73.144,73.266,399473,0
20110818,73.302,73.302,72.967,73.163,230225,0
20110819,73.113,73.272,73.002,73.263,406415,0
20110822,73.144,73.182,73.106,73.135,138409,0
20110823,72.996,72.996,72.875,72.94,146269,0
20110824,72.894,72.894,72.716,72.809,294097,0
20110825,72.93,73.005,72.857,72.93,95245,0
20110826,72.9,72.974,72.834,72.955,188412,0
20110829,72.806,73.048,72.806,73.038,580936,0
20110830,73.038,73.132,73.012,73.066,252005,0
20110831,73.192,73.266,73.077,73.266,358594,0
20110901,73.384,73.384,73.18,73.319,176664,0
20110902,73.313,73.313,73.086,73.096,261759,0
20110906,73.226,73.272,73.066,73.272,123386,0
20110907,73.245,73.291,73.17,73.291,300972,0
20110908,73.226,73.281,73.114,73.281,139191,0
20110909,73.226,73.253,73.094,73.17,100295,0
20110912,73.113,73.113,73.038,73.038,99491,0
20110913,73.038,73.132,72.974,73.132,134795,0
20110914,73.03,73.161,72.964,73.151,203545,0
20110915,73.021,73.075,72.993,73.038,120056,0
20110916,73.075,73.142,73.03,73.094,167960,0
20110919,73.113,73.113,73.048,73.084,163727,0
20110920,73.048,73.084,73.021,73.038,395293,0
20110921,73.094,73.094,72.844,72.844,180702,0
20110922,72.769,72.788,72.629,72.75,166037,0
20110923,72.656,72.684,72.516,72.572,154249,0
20110926,72.536,72.675,72.394,72.431,258090,0
20110927,72.601,72.62,72.507,72.61,289765,0
20110928,72.648,72.648,72.498,72.638,232319,0
20110929,72.601,72.601,72.422,72.498,258149,0
20110930,72.465,72.589,72.465,72.55,183245,0
20111003,72.32,72.591,72.32,72.525,1174860,0
20111004,72.527,72.527,72.256,72.35,187248,0
20111005,72.312,72.35,72.218,72.35,254978,0
20111006,72.209,72.35,72.209,72.331,260226,0
20111007,72.375,72.411,72.274,72.403,458409,0
20111010,72.572,72.572,72.105,72.179,133835,0
20111011,72.226,72.274,72.17,72.274,122333,0
20111012,72.292,72.516,72.274,72.487,136490,0
20111013,72.449,72.525,72.43,72.468,153578,0
20111014,72.593,72.639,72.442,72.602,108855,0
20111017,72.778,72.778,72.591,72.628,99255,0
20111018,72.656,72.692,72.6,72.666,873105,0
20111019,72.853,72.853,72.609,72.609,266513,0
20111020,72.721,72.721,72.591,72.637,109238,0
20111021,72.771,72.856,72.733,72.79,212322,0
20111024,72.964,72.964,72.684,72.684,327979,0
20111025,72.723,72.874,72.694,72.874,145460,0
20111026,72.89,72.927,72.825,72.927,243311,0
20111027,72.964,73.151,72.853,72.909,189621,0
20111028,72.883,73.051,72.883,73.005,141576,0
20111031,73.194,73.194,73.042,73.128,201902,0
20111101,73.231,73.231,73.051,73.184,217103,0
20111102,73.183,73.239,73.088,73.201,235091,0
20111103,73.212,73.231,73.117,73.202,167503,0
20111104,73.239,73.247,73.077,73.247,310015,0
20111107,73.285,73.304,73.192,73.275,134396,0
20111108,73.285,73.332,73.211,73.248,132317,0
20111109,73.276,73.361,73.165,73.305,228159,0
20111110,73.371,73.371,73.286,73.353,336706,0
20111111,73.231,73.305,73.192,73.258,189643,0
20111114,73.285,73.304,73.183,73.239,231231,0
20111115,73.192,73.192,73.078,73.183,301795,0
20111116,73.239,73.248,73.117,73.22,209107,0
20111117,73.06,73.107,73.015,73.041,276749,0
20111118,72.939,73.051,72.864,72.893,123883,0
20111121,72.864,72.864,72.704,72.79,201397,0
20111122,72.733,72.752,72.611,72.752,154384,0
20111123,72.508,72.537,72.377,72.499,187458,0
20111125,72.431,72.498,72.197,72.385,110131,0
20111128,72.45,72.45,72.301,72.359,246207,0
20111129,72.349,72.431,72.33,72.368,230055,0
20111130,72.451,72.519,72.451,72.509,124014,0
20111201,72.508,72.554,72.469,72.508,263316,0
20111202,72.573,72.639,72.536,72.554,401024,0
20111205,72.714,72.751,72.667,72.714,132824,0
20111206,72.61,72.771,72.601,72.771,207170,0
20111207,72.871,72.974,72.665,72.965,354526,0
20111208,72.853,72.947,72.815,72.909,171433,0
20111209,72.955,72.955,72.805,72.919,311862,0
20111212,72.912,72.922,72.846,72.893,444315,0
20111213,72.903,72.939,72.837,72.912,133328,0
20111214,72.883,72.958,72.864,72.949,554301,0
20111215,72.93,72.986,72.903,72.967,521131,0
20111216,72.984,73.049,72.947,73.031,163295,0
20111219,73.023,73.042,72.874,73.033,194353,0
20111220,73.023,73.098,72.958,73.069,262174,0
20111221,72.996,73.005,72.903,72.967,448453,0
20111222,73.031,73.077,72.984,73.077,237783,0
20111223,73.059,73.154,72.974,73.154,372234,0
20111227,73.077,73.106,72.965,73.013,233581,0
20111228,73.163,73.163,73.022,73.049,534378,0
20111229,73.125,73.219,73.049,73.173,216676,0
20111230,73.244,73.33,73.226,73.302,243200,0
20120103,73.21,73.285,73.096,73.219,360824,0
20120104,73.247,73.247,73.106,73.192,201735,0
20120105,73.2,73.323,73.173,73.294,174161,0
20120106,73.163,73.37,73.163,73.37,1051171,0
20120109,73.389,73.436,73.352,73.407,292473,0
20120110,73.436,73.54,73.389,73.389,501261,0
20120111,73.44,73.498,73.403,73.478,382534,0
20120112,73.526,73.571,73.45,73.498,777715,0
20120113,73.498,73.591,73.459,73.478,625508,0
20120117,73.639,73.732,73.582,73.62,181651,0
20120118,73.746,73.746,73.567,73.7,628456,0
20120119,73.746,73.803,73.634,73.672,504035,0
20120120,73.712,73.77,73.695,73.732,144183,0
20120123,73.803,73.859,73.765,73.859,174973,0
20120124,73.897,73.926,73.831,73.916,217144,0
20120125,74.038,74.151,73.944,74.142,224492,0
20120126,74.151,74.255,74.151,74.208,336687,0
20120127,74.223,74.233,74.167,74.233,182672,0
20120130,74.214,74.214,74.157,74.196,227391,0
20120131,74.276,74.305,74.038,74.219,548368,0
20120201,74.336,74.336,74.081,74.138,432915,0
20120202,74.252,74.261,74.072,74.119,687754,0
20120203,74.309,74.41,74.176,74.41,280961,0
20120206,74.382,74.544,74.318,74.544,1434838,0
20120207,74.507,74.584,74.47,74.527,246061,0
20120208,74.64,74.64,74.517,74.546,202990,0
20120209,74.575,74.622,74.507,74.517,181575,0
20120210,74.584,74.612,74.517,74.612,271205,0
20120213,74.647,74.657,74.534,74.544,283133,0
20120214,74.601,74.647,74.553,74.582,267184,0
20120215,74.619,74.666,74.562,74.647,518206,0
20120216,74.611,74.675,74.553,74.637,562532,0
20120217,74.575,74.669,74.565,74.631,222787,0
20120221,74.629,74.647,74.562,74.619,493868,0
20120222,74.65,74.669,74.594,74.65,1433559,0
20120223,74.684,74.75,74.637,74.75,406105,0
20120224,74.706,74.724,74.622,74.724,583419,0
20120227,74.811,74.821,74.715,74.724,680304,0
20120228,74.753,74.858,74.753,74.83,308210,0
20120229,74.924,74.934,74.847,74.886,331482,0
20120301,74.792,74.916,74.792,74.906,491891,0
20120302,74.938,74.974,74.899,74.965,346290,0
20120305,74.916,74.953,74.877,74.916,300283,0
20120306,74.948,74.948,74.861,74.88,227372,0
20120307,74.842,74.909,74.833,74.909,192561,0
20120308,74.948,74.948,74.833,74.89,246593,0
20120309,74.877,74.906,74.83,74.868,162843,0
20120312,74.868,74.868,74.782,74.821,207060,0
20120313,74.782,74.83,74.763,74.782,439015,0
20120314,74.734,74.773,74.546,74.604,464174,0
20120315,74.604,74.677,74.575,74.622,282289,0
20120316,74.594,74.724,74.546,74.706,382288,0
20120319,74.659,74.677,74.546,74.584,986328,0
20120320,74.677,74.677,74.604,74.65,241183,0
20120321,74.659,74.734,74.622,74.734,226018,0
20120322,74.697,74.763,74.687,74.734,157664,0
20120323,74.736,74.785,74.736,74.766,237043,0
20120326,74.792,74.83,74.697,74.83,307679,0
20120327,74.792,74.906,74.792,74.897,296915,0
20120328,74.906,74.916,74.839,74.877,516119,0
20120329,74.877,74.887,74.848,74.858,361945,0
20120330,74.987,75.006,74.787,74.816,316386,0
20120402,75.021,75.021,74.785,74.833,363892,0
20120403,74.788,74.912,74.683,74.759,662888,0
20120404,74.836,74.836,74.712,74.807,306248,0
20120405,74.836,74.845,74.779,74.817,194745,0
20120409,74.965,74.965,74.785,74.814,529868,0
20120410,74.938,74.938,74.804,74.87,642953,0
20120411,74.909,74.918,74.861,74.89,325385,0
20120412,74.928,74.965,74.851,74.965,594003,0
20120413,74.956,74.974,74.928,74.965,262757,0
20120416,74.956,75.03,74.928,75.021,845223,0
20120417,75.008,75.036,74.961,75.036,480533,0
20120418,75.021,75.03,74.974,75.021,298615,0
20120419,75.048,75.077,75.021,75.048,210605,0
20120420,75.015,75.034,74.912,75.015,420879,0
20120423,75.116,75.116,74.965,74.974,225639,0
20120424,74.984,75.011,74.956,75.011,166054,0
20120425,75.021,75.087,74.974,75.048,265633,0
20120426,75.039,75.097,75.021,75.087,217439,0
20120427,75.1,75.13,75.042,75.052,333911,0
20120430,75.158,75.167,75.11,75.13,326429,0
20120501,75.084,75.142,75.055,75.103,429685,0
20120502,75.13,75.158,75.11,75.158,183297,0
20120503,75.132,75.179,75.103,75.179,238138,0
20120504,75.225,75.225,75.177,75.196,169118,0
20120507,75.216,75.244,75.206,75.244,216599,0
20120508,75.196,75.235,75.186,75.196,260650,0
20120509,75.254,75.254,75.142,75.15,443231,0
20120510,75.189,75.208,75.093,75.15,287940,0
20120511,75.158,75.167,75.11,75.148,150538,0
20120514,75.091,75.139,75.062,75.139,240988,0
20120515,75.12,75.139,75.091,75.13,223775,0
20120516,75.1,75.1,75.015,75.091,338100,0
20120517,74.968,74.988,74.922,74.942,195535,0
20120518,74.942,74.951,74.836,74.932,200991,0
20120521,74.903,74.903,74.827,74.864,175453,0
20120522,74.874,74.894,74.817,74.874,266337,0
20120523,74.884,74.912,74.845,74.874,388926,0
20120524,74.836,74.884,74.779,74.817,267517,0
20120525,74.876,74.914,74.847,74.914,191541,0
20120529,74.903,74.932,74.827,74.903,150846,0
20120530,74.932,74.96,74.874,74.922,260081,0
20120531,75.024,75.024,74.968,75.015,224578,0
20120601,74.98,75.036,74.876,74.895,346512,0
20120604,74.924,74.961,74.819,74.934,601955,0
20120605,74.921,74.921,74.816,74.912,170130,0
20120606,74.931,74.987,74.902,74.968,388370,0
20120607,74.959,75.042,74.931,74.987,324384,0
20120608,75.074,75.132,75.008,75.084,430181,0
20120611,75.113,75.15,75.036,75.122,178957,0
20120612,75.064,75.064,74.905,74.905,301654,0
20120613,74.961,74.989,74.914,74.961,185736,0
20120614,74.895,74.97,74.866,74.952,218488,0
20120615,75.017,75.036,74.944,75.026,196180,0
20120618,75.064,75.093,74.98,75.093,422875,0
20120619,75.16,75.179,75.064,75.179,294016,0
20120620,75.15,75.179,75.064,75.122,215935,0
20120621,75.008,75.179,75.008,75.142,215202,0
20120622,75.13,75.177,75.072,75.177,228911,0
20120625,75.026,75.189,75.026,75.169,209964,0
20120626,75.189,75.189,75.103,75.169,220463,0
20120627,75.208,75.218,75.142,75.218,263320,0
20120628,75.247,75.274,75.169,75.247,247615,0
20120629,75.216,75.368,75.167,75.348,432587,0
20120702,75.464,75.464,75.3,75.339,209274,0
20120703,75.3,75.464,75.3,75.434,153894,0
20120705,75.444,75.578,75.405,75.568,293997,0
20120706,75.587,75.607,75.53,75.587,342717,0
20120709,75.644,75.644,75.568,75.597,301327,0
20120710,75.662,75.662,75.597,75.597,206485,0
20120711,75.662,75.662,75.587,75.636,250554,0
20120712,75.662,75.691,75.626,75.681,296489,0
20120713,75.739,75.787,75.653,75.777,152967,0
20120716,75.843,75.862,75.758,75.805,495602,0
20120717,75.815,75.824,75.777,75.815,272146,0
20120718,75.815,75.929,75.796,75.91,364037,0
20120719,75.939,75.939,75.853,75.9,261430,0
20120720,75.987,75.987,75.796,75.796,335128,0
20120723,75.89,75.89,75.719,75.729,392297,0
20120724,75.805,75.833,75.729,75.729,385291,0
20120725,75.777,75.833,75.758,75.815,187198,0
20120726,75.843,75.871,75.824,75.871,183255,0
20120727,75.824,75.9,75.796,75.9,284285,0
20120730,75.94,75.968,75.853,75.968,493246,0
20120731,76.093,76.093,75.872,76.036,428938,0
20120801,76.169,76.169,75.968,76.083,403636,0
20120802,76.139,76.178,76.016,76.103,330960,0
20120803,76.11,76.11,75.997,76.103,393333,0
20120806,76.139,76.139,76.045,76.083,279884,0
20120807,76.065,76.103,75.977,76.083,398776,0
20120808,76.065,76.103,75.967,76.036,413321,0
20120809,76.026,76.055,75.968,76.007,311399,0
20120810,76.065,76.073,75.968,75.968,231533,0
20120813,76.055,76.11,76.026,76.093,327439,0
20120814,76.073,76.082,75.997,76.007,236442,0
20120815,76.055,76.065,75.987,76.016,218574,0
20120816,76.073,76.093,75.891,75.92,445320,0
20120817,76.016,76.055,75.93,75.968,497580,0
20120820,75.997,76.093,75.968,76.083,259357,0
20120821,76.11,76.169,76.036,76.169,493982,0
20120822,76.246,76.303,76.169,76.295,250706,0
20120823,76.295,76.331,76.256,76.275,406292,0
20120824,76.322,76.322,76.246,76.295,320290,0
20120827,76.378,76.378,76.312,76.35,250982,0
20120828,76.322,76.346,76.275,76.331,252433,0
20120829,76.37,76.378,76.303,76.378,736465,0
20120830,76.37,76.406,76.322,76.406,349025,0
20120831,76.449,76.526,76.392,76.526,332051,0
20120904,76.603,76.603,76.449,76.458,273130,0
20120905,76.44,76.458,76.364,76.411,382467,0
20120906,76.43,76.43,76.346,76.401,423850,0
20120907,76.458,76.545,76.458,76.526,389908,0
20120910,76.555,76.594,76.487,76.564,324478,0
20120911,76.535,76.584,76.514,76.584,266367,0
20120912,76.564,76.564,76.516,76.555,304025,0
20120913,76.641,76.651,76.526,76.641,395550,0
20120914,76.708,76.755,76.613,76.718,693475,0
20120917,76.813,76.813,76.718,76.745,255779,0
20120918,76.842,76.842,76.727,76.784,370131,0
20120919,76.862,76.862,76.718,76.755,375707,0
20120920,76.755,76.813,76.727,76.755,562504,0
20120921,76.794,76.803,76.68,76.774,330095,0
20120924,76.755,76.823,76.737,76.823,251240,0
20120925,76.823,76.9,76.774,76.813,390060,0
20120926,76.794,76.852,76.737,76.794,399834,0
20120927,76.842,76.91,76.794,76.862,709782,0
20120928,76.909,76.909,76.832,76.89,2747378,0
20121001,77.014,77.014,76.929,76.984,2839880,0
20121002,76.957,77.042,76.939,77.042,720792,0
20121003,77.051,77.089,76.994,77.07,432113,0
20121004,77.08,77.089,77.023,77.07,331301,0
20121005,77.07,77.089,77.051,77.08,603733,0
20121008,77.051,77.117,77.051,77.117,286600,0
20121009,77.097,77.107,77.06,77.097,557912,0
20121010,77.097,77.126,77.07,77.117,630659,0
20121011,77.126,77.175,77.08,77.175,265161,0
20121012,77.185,77.214,77.175,77.195,263181,0
20121015,77.224,77.281,77.195,77.281,384706,0
20121016,77.195,77.243,77.195,77.243,428151,0
20121017,77.224,77.29,77.214,77.253,518581,0
20121018,77.224,77.243,77.185,77.224,246516,0
20121019,77.185,77.185,77.126,77.136,276011,0
20121022,77.185,77.185,77.117,77.146,376750,0
20121023,77.146,77.175,77.097,77.175,391077,0
20121024,77.214,77.214,77.136,77.185,347585,0
20121025,77.126,77.136,77.051,77.107,432962,0
20121026,77.126,77.175,77.117,77.165,605120,0
20121031,77.224,77.253,77.175,77.243,480706,0
20121101,77.319,77.319,77.204,77.253,909669,0
20121102,77.325,77.325,77.224,77.253,480322,0
20121105,77.287,77.287,77.2,77.239,419737,0
20121106,77.2,77.22,76.99,76.99,384762,0
20121107,77.085,77.181,77.038,77.122,347863,0
20121108,77.22,77.22,77.085,77.22,396576,0
20121109,77.2,77.22,77.085,77.132,492140,0
20121112,77.085,77.142,77.075,77.132,191032,0
20121113,77.132,77.171,77.094,77.103,343355,0
20121114,77.122,77.161,77.094,77.132,259517,0
20121115,77.085,77.151,77.038,77.085,684683,0
20121116,77.142,77.171,77.046,77.161,533909,0
20121119,77.132,77.21,77.122,77.21,256135,0
20121120,77.161,77.171,77.103,77.149,462048,0
20121121,77.151,77.151,77.094,77.132,297297,0
20121123,77.103,77.151,77.085,77.142,149395,0
20121126,77.122,77.132,77.005,77.103,357549,0
20121127,77.103,77.132,77.038,77.038,286494,0
20121128,77.151,77.171,77.059,77.142,499616,0
20121129,77.181,77.22,77.142,77.22,821482,0
20121130,77.202,77.241,77.173,77.241,474635,0
20121203,77.212,77.232,77.134,77.144,440469,0
20121204,77.241,77.241,77.163,77.212,190526,0
20121205,77.269,77.288,77.212,77.276,277913,0
20121206,77.298,77.347,77.26,77.337,366343,0
20121207,77.298,77.308,77.279,77.298,323694,0
20121210,77.298,77.308,77.251,77.251,425828,0
20121211,77.26,77.318,77.251,77.298,462189,0
20121212,77.26,77.288,77.222,77.241,698788,0
20121213,77.163,77.241,77.163,77.202,467087,0
20121214,77.114,77.212,77.114,77.192,299480,0
20121217,77.183,77.212,77.105,77.183,764188,0
20121218,77.163,77.279,77.114,77.134,474697,0
20121219,77.114,77.212,77.095,77.191,430744,0
20121220,77.222,77.222,77.144,77.153,388124,0
20121221,77.153,77.192,77.087,77.163,416685,0
20121224,76.926,76.926,76.867,76.916,172842,0
20121226,76.926,76.963,76.897,76.954,200046,0
20121227,76.916,77.077,76.916,77.077,326162,0
20121228,77.058,77.105,77.001,77.011,574363,0
20121231,77.077,77.153,77.03,77.134,572990,0
20130102,77.077,77.124,76.963,77.001,1986976,0
20130103,76.926,77.04,76.828,76.916,1116417,0
20130104,76.877,76.945,76.828,76.916,1001865,0
20130107,76.926,77.04,76.926,77.021,263858,0
20130108,77.058,77.124,77.04,77.094,346238,0
20130109,77.144,77.144,77.03,77.105,646030,0
20130110,77.144,77.169,77.077,77.153,543136,0
20130111,77.144,77.163,77.077,77.153,265093,0
20130114,77.163,77.173,77.087,77.105,469465,0
20130115,77.114,77.222,77.021,77.212,1232400,0
20130116,77.241,77.241,77.114,77.114,590206,0
20130117,77.114,77.163,76.991,77.124,659693,0
20130118,77.144,77.153,77.048,77.124,459664,0
20130122,77.105,77.192,77.087,77.192,737016,0
20130123,77.114,77.222,77.114,77.202,695369,0
20130124,77.192,77.212,77.181,77.192,517745,0
20130125,77.124,77.163,77.095,77.124,694279,0
20130128,77.077,77.134,77.067,77.124,767950,0
20130129,77.114,77.144,77.067,77.124,509188,0
20130130,77.095,77.095,76.972,76.991,1123137,0
20130131,77.161,77.161,77.056,77.113,370854,0
20130201,77.181,77.23,76.97,77.009,571435,0
20130204,77.009,77.142,76.975,77.085,458838,0
20130205,77.038,77.181,77.038,77.181,725689,0
20130206,77.191,77.201,77.113,77.142,1257779,0
20130207,77.122,77.23,77.122,77.181,480394,0
20130208,77.191,77.21,77.142,77.21,554063,0
20130211,77.201,77.22,77.191,77.21,431933,0
20130212,77.132,77.201,77.122,77.191,497153,0
20130213,77.142,77.22,77.142,77.201,493834,0
20130214,77.201,77.24,77.142,77.22,1094618,0
20130215,77.181,77.258,77.181,77.23,428453,0
20130219,77.278,77.278,77.22,77.25,464661,0
20130220,77.24,77.268,77.191,77.268,409875,0
20130221,77.296,77.316,77.258,77.268,373582,0
20130222,77.316,77.365,77.268,77.336,408287,0
20130225,77.336,77.403,77.296,77.403,402892,0
20130226,77.431,77.461,77.365,77.365,636253,0
20130227,77.422,77.451,77.355,77.437,299828,0
20130228,77.452,77.452,77.356,77.366,839134,0
20130301,77.404,77.442,77.367,77.423,312425,0
20130304,77.442,77.471,77.394,77.432,358478,0
20130305,77.442,77.472,77.404,77.452,589224,0
20130306,77.432,77.452,77.404,77.422,575892,0
20130307,77.423,77.423,77.307,77.307,567787,0
20130308,77.307,77.366,77.269,77.356,410049,0
20130311,77.404,77.404,77.327,77.366,359889,0
20130312,77.404,77.404,77.327,77.346,517502,0
20130313,77.346,77.366,77.317,77.346,330624,0
20130314,77.307,77.356,77.297,77.327,427131,0
20130315,77.279,77.376,77.259,77.259,589862,0
20130318,77.366,77.404,77.307,77.404,295924,0
20130319,77.471,77.471,77.346,77.356,696703,0
20130320,77.423,77.452,77.317,77.432,544407,0
20130321,77.423,77.481,77.366,77.471,736591,0
20130322,77.501,77.501,77.432,77.471,445158,0
20130325,77.481,77.501,77.462,77.486,430601,0
20130326,77.404,77.471,77.384,77.399,910844,0
20130327,77.442,77.511,77.414,77.496,689631,0
20130328,77.497,77.545,77.448,77.522,491960,0
20130401,77.497,77.555,77.487,77.536,2053485,0
20130402,77.536,77.536,77.424,77.476,1230654,0
20130403,77.536,77.575,77.487,77.57,417721,0
20130404,77.594,77.622,77.536,77.622,2211454,0
20130405,77.584,77.69,77.575,77.681,647349,0
20130408,77.671,77.69,77.632,77.651,3134420,0
20130409,77.671,77.68,77.612,77.632,936814,0
20130410,77.632,77.632,77.575,77.575,495823,0
20130411,77.612,77.612,77.527,77.565,789045,0
20130412,77.641,77.718,77.604,77.671,594899,0
20130415,77.681,77.681,77.594,77.612,408474,0
20130416,77.575,77.737,77.575,77.718,678153,0
20130417,77.69,77.718,77.641,77.641,1307514,0
20130418,77.7,77.7,77.651,77.661,1063123,0
20130419,77.7,77.708,77.652,77.68,1478326,0
20130422,77.681,77.728,77.661,77.681,1398704,0
20130423,77.7,77.765,77.7,77.736,567605,0
20130424,77.755,77.765,77.7,77.765,582905,0
20130425,77.755,77.775,77.728,77.765,691987,0
20130426,77.785,77.814,77.755,77.814,354467,0
20130429,77.842,77.852,77.794,77.833,433362,0
20130430,77.867,77.877,77.799,77.867,433496,0
20130501,77.857,77.887,77.837,77.877,957710,0
20130502,77.867,77.946,77.867,77.916,519800,0
20130503,77.906,77.916,77.877,77.887,322804,0
20130506,77.857,77.867,77.819,77.837,806691,0
20130507,77.819,77.867,77.78,77.821,451068,0
20130508,77.828,77.837,77.77,77.785,405730,0
20130509,77.857,77.877,77.78,77.819,610324,0
20130510,77.819,77.819,77.713,77.723,482361,0
20130513,77.675,77.732,77.675,77.732,387030,0
20130514,77.78,77.78,77.713,77.718,333750,0
20130515,77.76,77.78,77.723,77.765,595931,0
20130516,77.77,77.847,77.741,77.828,359348,0
20130517,77.828,77.828,77.77,77.799,497898,0
20130520,77.819,77.819,77.76,77.789,397666,0
20130521,77.76,77.847,77.741,77.837,481725,0
20130522,77.847,77.887,77.741,77.741,501328,0
20130523,77.741,77.741,77.646,77.672,404457,0
20130524,77.675,77.713,77.666,77.713,310353,0
20130528,77.713,77.713,77.54,77.55,425045,0
20130529,77.452,77.462,77.336,77.453,717091,0
20130530,77.414,77.521,77.385,77.482,708395,0
20130531,77.541,77.541,77.229,77.376,1307062,0
20130603,77.328,77.386,77.202,77.282,489586,0
20130604,77.232,77.27,77.192,77.222,465940,0
20130605,77.192,77.289,77.183,77.202,475591,0
20130606,77.318,77.328,77.143,77.173,504541,0
20130607,77.153,77.26,77.143,77.241,623412,0
20130610,77.192,77.242,77.081,77.242,1176403,0
20130611,77.029,77.163,76.953,77.133,1416714,0
20130612,77.104,77.173,77.021,77.047,1700840,0
20130613,77.039,77.252,77.039,77.242,608219,0
20130614,77.28,77.406,77.27,77.368,471533,0
20130617,77.396,77.396,77.299,77.328,539010,0
20130618,77.396,77.396,77.319,77.319,1021990,0
20130619,77.222,77.27,76.821,76.825,512285,0
20130620,76.485,76.603,76.371,76.495,1148808,0
20130621,76.371,76.476,76.265,76.304,1427432,0
20130624,75.925,76.108,75.698,75.945,1131650,0
20130625,76.1,76.137,76.022,76.128,590528,0
20130626,76.265,76.524,76.265,76.466,1638755,0
20130627,76.554,76.709,76.534,76.613,743069,0
20130628,76.65,76.815,76.621,76.785,779809,0
20130701,76.68,76.775,76.612,76.766,1101186,0
20130702,76.718,76.775,76.66,76.68,776411,0
20130703,76.728,76.775,76.665,76.708,182239,0
20130705,76.407,76.407,76.274,76.35,386256,0
20130708,76.302,76.572,76.294,76.533,554639,0
20130709,76.631,76.689,76.59,76.621,817180,0
20130710,76.631,76.689,76.586,76.602,301031,0
20130711,76.815,76.979,76.815,76.97,484242,0
20130712,77.019,77.056,76.913,76.999,614216,0
20130715,76.999,77.043,76.961,77.029,609725,0
20130716,77.046,77.056,76.943,76.953,490039,0
20130717,77.153,77.172,77.086,77.133,386412,0
20130718,77.153,77.182,77.076,77.123,464791,0
20130719,77.183,77.26,77.124,77.242,489892,0
20130722,77.242,77.26,77.183,77.242,365822,0
20130723,77.27,77.28,77.173,77.241,463269,0
20130724,77.202,77.222,77.059,77.123,795780,0
20130725,77.029,77.153,76.933,77.153,1155050,0
20130726,77.222,77.27,77.153,77.232,760793,0
20130729,77.222,77.222,77.153,77.173,630860,0
20130730,77.202,77.222,77.143,77.173,794114,0
20130731,77.058,77.253,77.021,77.224,1454217,0
20130801,77.175,77.224,77.04,77.088,454305,0
20130802,77.224,77.301,77.166,77.291,406211,0
20130805,77.272,77.301,77.224,77.282,481426,0
20130806,77.272,77.272,77.125,77.234,670435,0
20130807,77.234,77.253,77.184,77.234,464508,0
20130808,77.291,77.311,77.253,77.262,342720,0
20130809,77.321,77.321,77.263,77.301,322547,0
20130812,77.34,77.34,77.253,77.291,585357,0
20130813,77.175,77.18,77.058,77.125,947254,0
20130814,77.165,77.194,77.078,77.096,436056,0
20130815,76.962,77.011,76.866,76.935,492941,0
20130816,76.915,76.971,76.827,76.866,438842,0
20130819,76.816,76.905,76.787,76.846,481631,0
20130820,76.925,76.971,76.856,76.971,786644,0
20130821,76.905,76.905,76.71,76.739,558977,0
20130822,76.747,76.787,76.593,76.613,538930,0
20130823,76.69,76.866,76.642,76.866,867574,0
20130826,76.905,76.935,76.846,76.935,688578,0
20130827,76.981,77.088,76.935,77.021,852684,0
20130828,76.962,77.04,76.935,77.04,699321,0
20130829,76.954,77.058,76.935,77.048,452930,0
20130830,77.17,77.19,77.092,77.092,293343,0
20130903,77.092,77.092,76.841,76.92,274183,0
20130904,76.87,76.94,76.752,76.811,593397,0
20130905,76.714,76.714,76.548,76.607,589866,0
20130906,76.724,76.841,76.656,76.684,741868,0
20130909,76.801,76.88,76.762,76.762,570239,0
20130910,76.762,76.811,76.714,76.781,652126,0
20130911,76.781,76.91,76.762,76.86,657613,0
20130912,76.949,76.957,76.87,76.87,511245,0
20130913,76.851,76.94,76.851,76.94,406631,0
20130916,77.12,77.14,77.035,77.035,651849,0
20130917,77.111,77.14,77.035,77.043,741864,0
20130918,76.986,77.453,76.966,77.433,608417,0
20130919,77.453,77.541,77.325,77.541,678662,0
20130920,77.433,77.512,77.356,77.472,885225,0
20130923,77.443,77.463,77.376,77.423,354457,0
20130924,77.492,77.492,77.423,77.482,301491,0
20130925,77.394,77.57,77.394,77.551,740816,0
20130926,77.512,77.532,77.404,77.502,564924,0
20130927,77.472,77.57,77.472,77.512,416286,0
20130930,77.522,77.541,77.463,77.503,545990,0
20131001,77.493,77.571,77.317,77.337,2193102,0
20131002,77.434,77.503,77.405,77.443,917071,0
20131003,77.453,77.541,77.434,77.443,429521,0
20131004,77.463,77.503,77.395,77.415,1965400,0
20131007,77.513,77.523,77.415,77.443,342320,0
20131008,77.405,77.453,77.366,77.405,498030,0
20131009,77.473,77.483,77.385,77.405,460538,0
20131010,77.405,77.493,77.356,77.483,565298,0
20131011,77.473,77.551,77.424,77.551,550818,0
20131014,77.533,77.561,77.453,77.473,288194,0
20131015,77.581,77.591,77.523,77.541,328148,0
20131016,77.561,77.639,77.533,77.609,652396,0
20131017,77.609,77.736,77.609,77.707,654104,0
20131018,77.803,77.823,77.716,77.753,400763,0
20131021,77.793,77.803,77.688,77.726,1040709,0
20131022,77.861,77.901,77.803,77.861,1170962,0
20131023,77.901,77.931,77.851,77.891,280800,0
20131024,77.941,77.95,77.851,77.911,418838,0
20131025,77.901,77.969,77.881,77.959,269401,0
20131028,77.969,78.009,77.959,77.989,961438,0
20131029,78.009,78.047,77.979,78.038,320857,0
20131030,78.096,78.154,78.028,78.096,581424,0
20131031,78.108,78.127,78.011,78.098,634624,0
20131101,78.108,78.108,77.961,78.011,539111,0
20131104,78.011,78.059,78.001,78.059,378309,0
20131105,78.03,78.059,77.971,78.049,529471,0
20131106,78.127,78.166,78.069,78.157,663812,0
20131107,78.206,78.206,78.108,78.117,931981,0
20131108,77.991,78.001,77.932,77.991,578079,0
20131111,78.03,78.039,77.961,77.991,266938,0
20131112,77.991,77.991,77.893,77.932,699806,0
20131113,77.991,78.011,77.952,77.971,505472,0
20131114,77.981,78.108,77.981,78.108,649965,0
20131115,78.137,78.137,78.069,78.127,571002,0
20131118,78.127,78.176,78.116,78.176,589027,0
20131119,78.127,78.147,78.108,78.127,415024,0
20131120,78.147,78.186,78.098,78.147,481169,0
20131121,78.157,78.216,78.108,78.206,635200,0
20131122,78.137,78.206,78.137,78.186,672937,0
20131125,78.246,78.246,78.157,78.206,732009,0
20131126,78.255,78.362,78.196,78.332,782575,0
20131127,78.372,78.372,78.255,78.274,556338,0
20131129,78.322,78.322,78.234,78.312,457863,0
20131202,78.302,78.312,78.135,78.175,818881,0
20131203,78.155,78.282,78.155,78.235,516397,0
20131204,78.185,78.185,78.135,78.175,460180,0
20131205,78.155,78.175,78.126,78.145,512299,0
20131206,78.145,78.185,78.116,78.175,401825,0
20131209,78.225,78.225,78.126,78.185,524688,0
20131210,78.263,78.315,78.215,78.292,499765,0
20131211,78.312,78.312,78.145,78.155,526534,0
20131212,78.145,78.215,78.078,78.135,666002,0
20131213,78.195,78.205,78.116,78.175,478825,0
20131216,78.205,78.215,78.155,78.215,473389,0
20131217,78.263,78.312,78.195,78.312,577528,0
20131218,78.302,78.371,78.195,78.341,686584,0
20131219,78.195,78.195,78.048,78.185,683147,0
20131220,78.116,78.165,78.058,78.107,600167,0
20131223,78.078,78.165,78.028,78.068,799912,0
20131224,78.114,78.114,78.026,78.046,391625,0
20131226,78.007,78.066,78.007,78.036,396974,0
20131227,78.076,78.105,78.036,78.105,450915,0
20131230,78.134,78.184,78.036,78.164,550076,0
20131231,78.183,78.223,78.134,78.203,607307,0
20140102,78.204,78.204,78.105,78.124,932598,0
20140103,78.214,78.221,78.144,78.154,787580,0
20140106,78.223,78.223,78.174,78.223,953145,0
20140107,78.281,78.281,78.204,78.253,666163,0
20140108,78.223,78.228,78.144,78.174,668632,0
20140109,78.262,78.271,78.144,78.164,586112,0
20140110,78.311,78.427,78.243,78.427,510493,0
20140113,78.427,78.476,78.37,78.407,632691,0
20140114,78.398,78.417,78.311,78.33,394806,0
20140115,78.243,78.321,78.223,78.271,432859,0
20140116,78.35,78.37,78.301,78.34,516308,0
20140117,78.389,78.389,78.301,78.36,488975,0
20140121,78.37,78.417,78.34,78.35,783081,0
20140122,78.37,78.37,78.253,78.281,678516,0
20140123,78.389,78.407,78.301,78.321,985893,0
20140124,78.398,78.417,78.271,78.301,925293,0
20140127,78.301,78.35,78.243,78.243,466117,0
20140128,78.253,78.466,78.253,78.437,1300306,0
20140129,78.456,78.466,78.33,78.456,685148,0
20140130,78.456,78.496,78.437,78.456,518450,0
20140131,78.466,78.576,78.466,78.566,514916,0
20140203,78.629,78.668,78.539,78.649,669264,0
20140204,78.629,78.649,78.59,78.6,694897,0
20140205,78.6,78.61,78.511,78.59,688531,0
20140206,78.59,78.669,78.554,78.639,787478,0
20140207,78.687,78.757,78.649,78.737,395335,0
20140210,78.707,78.727,78.678,78.687,480558,0
20140211,78.649,78.707,78.57,78.639,861027,0
20140212,78.629,78.639,78.56,78.605,662654,0
20140213,78.649,78.707,78.639,78.668,496665,0
20140214,78.649,78.707,78.649,78.668,757113,0
20140218,78.717,78.776,78.649,78.747,592151,0
20140219,78.776,78.806,78.707,78.717,430218,0
20140220,78.649,78.678,78.639,78.639,506739,0
20140221,78.629,78.687,78.58,78.687,571126,0
20140224,78.687,78.727,78.658,78.678,535410,0
20140225,78.687,78.747,78.668,78.737,577845,0
20140226,78.727,78.806,78.717,78.806,532499,0
20140227,78.826,78.905,78.806,78.856,635675,0
20140228,78.856,78.866,78.748,78.866,556899,0
20140303,78.855,78.933,78.835,78.845,501170,0
20140304,78.795,78.835,78.746,78.746,539232,0
20140305,78.775,78.775,78.686,78.736,639141,0
20140306,78.686,78.736,78.648,78.696,811533,0
20140307,78.648,78.648,78.569,78.609,658011,0
20140310,78.638,78.657,78.589,78.638,769501,0
20140311,78.648,78.667,78.599,78.619,494365,0
20140312,78.667,78.726,78.667,78.696,404243,0
20140313,78.667,78.686,78.589,78.648,3459142,0
20140314,78.648,78.696,78.631,78.657,616974,0
20140317,78.775,78.775,78.638,78.677,460882,0
20140318,78.677,78.716,78.638,78.657,962225,0
20140319,78.706,78.706,78.42,78.469,712890,0
20140320,78.489,78.509,78.449,78.479,662224,0
20140321,78.459,78.529,78.439,78.519,595937,0
20140324,78.449,78.479,78.41,78.449,509837,0
20140325,78.449,78.479,78.405,78.43,1917404,0
20140326,78.439,78.569,78.43,78.509,2536687,0
20140327,78.459,78.619,78.459,78.569,559749,0
20140328,78.539,78.569,78.509,78.539,506537,0
20140331,78.549,78.628,78.519,78.628,486814,0
20140401,78.607,78.646,78.537,78.577,1166399,0
20140402,78.527,78.587,78.517,78.527,517067,0
20140403,78.557,78.617,78.527,78.537,380604,0
20140404,78.714,78.763,78.675,78.724,423804,0
20140407,78.773,78.823,78.773,78.793,479394,0
20140408,78.813,78.863,78.793,78.863,415376,0
20140409,78.813,78.961,78.803,78.941,540228,0
20140410,78.961,79.04,78.931,79.03,469824,0
20140411,79.04,79.048,78.98,79,323129,0
20140414,78.923,78.99,78.923,78.971,331167,0
20140415,78.961,79.02,78.941,78.941,477578,0
20140416,78.961,78.971,78.873,78.893,416727,0
20140417,78.893,78.951,78.783,78.863,387356,0
20140421,78.873,78.883,78.793,78.793,484639,0
20140422,78.863,78.883,78.793,78.853,363522,0
20140423,78.912,78.951,78.873,78.873,523681,0
20140424,78.873,78.903,78.823,78.893,311167,0
20140425,78.912,78.941,78.893,78.903,340797,0
20140428,78.893,78.912,78.832,78.883,426283,0
20140429,78.873,78.903,78.863,78.903,343510,0
20140430,78.971,78.98,78.926,78.961,444322,0
20140501,78.959,79.076,78.929,79.028,343927,0
20140502,78.949,79.047,78.91,79.028,343504,0
20140505,79.038,79.038,78.998,79.038,363689,0
20140506,79.047,79.056,79.008,79.047,701460,0
20140507,79.038,79.116,79.008,79.096,656172,0
20140508,79.136,79.175,79.106,79.145,551649,0
20140509,79.086,79.136,79.086,79.086,467170,0
20140512,79.116,79.136,79.081,79.116,375468,0
20140513,79.165,79.195,79.116,79.175,337878,0
20140514,79.235,79.323,79.195,79.313,464971,0
20140515,79.255,79.353,79.245,79.284,852963,0
20140516,79.303,79.363,79.264,79.343,899196,0
20140519,79.373,79.383,79.341,79.363,441771,0
20140520,79.373,79.403,79.347,79.383,494482,0
20140521,79.363,79.383,79.323,79.373,835188,0
20140522,79.373,79.373,79.313,79.363,597614,0
20140523,79.353,79.393,79.333,79.383,391449,0
20140527,79.363,79.403,79.313,79.373,565762,0
20140528,79.443,79.462,79.393,79.452,434822,0
20140529,79.413,79.482,79.413,79.443,526696,0
20140530,79.393,79.452,79.343,79.373,937499,0
20140602,79.345,79.355,79.257,79.266,492925,0
20140603,79.247,79.266,79.157,79.167,355729,0
20140604,79.247,79.247,79.147,79.177,363527,0
20140605,79.217,79.266,79.188,79.227,381101,0
20140606,79.325,79.335,79.247,79.276,350579,0
20140609,79.242,79.247,79.128,79.128,1061029,0
20140610,79.157,79.197,79.137,79.197,459895,0
20140611,79.187,79.217,79.177,79.217,554624,0
20140612,79.217,79.257,79.187,79.227,344620,0
20140613,79.128,79.217,79.128,79.217,317682,0
20140616,79.128,79.177,79.118,79.128,376808,0
20140617,79.118,79.137,79.073,79.108,457952,0
20140618,79.157,79.227,79.098,79.227,784695,0
20140619,79.237,79.276,79.177,79.207,680652,0
20140620,79.197,79.237,79.167,79.207,518007,0
20140623,79.207,79.227,79.167,79.197,854279,0
20140624,79.286,79.286,79.167,79.197,448229,0
20140625,79.295,79.325,79.257,79.276,526396,0
20140626,79.266,79.315,79.257,79.305,488923,0
20140627,79.305,79.345,79.305,79.345,367093,0
20140630,79.365,79.375,79.325,79.375,334432,0
20140701,79.344,79.374,79.334,79.364,763583,0
20140702,79.304,79.304,79.186,79.196,606625,0
20140703,79.146,79.206,79.127,79.206,402860,0
20140707,79.136,79.206,79.136,79.176,402769,0
20140708,79.206,79.256,79.196,79.246,379884,0
20140709,79.196,79.314,79.176,79.294,384302,0
20140710,79.354,79.384,79.304,79.344,481171,0
20140711,79.364,79.374,79.324,79.344,558919,0
20140714,79.314,79.334,79.275,79.304,305189,0
20140715,79.304,79.374,79.246,79.285,377586,0
20140716,79.256,79.304,79.246,79.275,660164,0
20140717,79.344,79.352,79.282,79.285,402119,0
20140718,79.324,79.324,79.265,79.285,536099,0
20140721,79.275,79.314,79.226,79.236,484794,0
20140722,79.294,79.294,79.246,79.265,683075,0
20140723,79.304,79.353,79.291,79.334,364253,0
20140724,79.314,79.314,79.227,79.236,357079,0
20140725,79.275,79.304,79.236,79.275,349335,0
20140728,79.285,79.334,79.285,79.304,554443,0
20140729,79.304,79.354,79.285,79.344,383520,0
20140730,79.265,79.265,79.166,79.246,631381,0
20140731,79.236,79.246,79.136,79.246,464246,0
20140801,79.375,79.405,79.305,79.385,671088,0
20140804,79.425,79.464,79.405,79.459,506488,0
20140805,79.435,79.454,79.385,79.435,326182,0
20140806,79.464,79.494,79.438,79.464,374321,0
20140807,79.484,79.562,79.425,79.553,430550,0
20140808,79.553,79.612,79.504,79.553,400616,0
20140811,79.582,79.582,79.474,79.534,386405,0
20140812,79.562,79.562,79.474,79.484,335149,0
20140813,79.534,79.602,79.504,79.562,391087,0
20140814,79.622,79.632,79.572,79.582,277916,0
20140815,79.592,79.652,79.553,79.602,370210,0
20140818,79.592,79.602,79.524,79.553,543304,0
20140819,79.602,79.612,79.524,79.553,529942,0
20140820,79.562,79.562,79.445,79.445,445759,0
20140821,79.395,79.524,79.395,79.445,734694,0
20140822,79.454,79.474,79.384,79.405,441097,0
20140825,79.425,79.425,79.325,79.405,552322,0
20140826,79.464,79.464,79.405,79.405,490450,0
20140827,79.484,79.504,79.445,79.474,696684,0
20140828,79.524,79.524,79.464,79.494,437032,0
20140829,79.494,79.524,79.464,79.484,675154,0
20140902,79.508,79.508,79.399,79.409,493265,0
20140903,79.418,79.448,79.391,79.448,421216,0
20140904,79.438,79.465,79.399,79.429,1141921,0
20140905,79.547,79.547,79.468,79.508,580834,0
20140908,79.498,79.547,79.429,79.448,588798,0
20140909,79.369,79.378,79.319,79.339,580330,0
20140910,79.28,79.309,79.26,79.28,389425,0
20140911,79.319,79.349,79.241,79.27,374355,0
20140912,79.251,79.251,79.191,79.201,351434,0
20140915,79.251,79.29,79.231,79.27,445601,0
20140916,79.29,79.349,79.27,79.329,444025,0
20140917,79.359,79.379,79.211,79.221,494625,0
20140918,79.191,79.231,79.161,79.211,383190,0
20140919,79.221,79.29,79.201,79.27,649443,0
20140922,79.26,79.359,79.214,79.349,704114,0
20140923,79.339,79.369,79.309,79.359,649312,0
20140924,79.329,79.339,79.26,79.26,474883,0
20140925,79.299,79.349,79.27,79.329,539659,0
20140926,79.161,79.339,79.161,79.29,2122238,0
20140929,79.309,79.319,79.251,79.319,671065,0
20140930,79.299,79.309,79.231,79.231,514251,0
20141001,79.381,79.48,79.381,79.47,571314,0
20141002,79.49,79.49,79.341,79.341,623038,0
20141003,79.331,79.361,79.281,79.331,505461,0
20141006,79.341,79.411,79.331,79.381,757051,0
20141007,79.401,79.51,79.391,79.5,415003,0
20141008,79.48,79.779,79.47,79.779,985385,0
20141009,79.719,79.769,79.639,79.649,562664,0
20141010,79.599,79.719,79.599,79.639,582035,0
20141013,79.759,79.918,79.719,79.868,721461,0
20141014,79.878,79.928,79.779,79.819,581590,0
20141015,80.047,80.335,79.878,79.928,999485,0
20141016,79.928,79.947,79.729,79.769,915054,0
20141017,79.819,79.897,79.769,79.878,822615,0
20141020,79.918,79.947,79.838,79.942,476293,0
20141021,79.809,79.957,79.759,79.957,760519,0
20141022,79.918,79.928,79.819,79.868,515241,0
20141023,79.838,79.848,79.759,79.799,412416,0
20141024,79.809,79.829,79.759,79.789,523862,0
20141027,79.819,79.858,79.789,79.809,607408,0
20141028,79.779,79.823,79.709,79.729,561732,0
20141029,79.749,79.769,79.49,79.569,569200,0
20141030,79.629,79.639,79.564,79.599,689492,0
20141031,79.569,79.629,79.554,79.609,908898,0
20141103,79.574,79.594,79.455,79.515,862111,0
20141104,79.475,79.535,79.475,79.495,509822,0
20141105,79.455,79.535,79.455,79.535,446049,0
20141106,79.436,79.515,79.436,79.475,899116,0
20141107,79.495,79.564,79.455,79.564,419991,0
20141110,79.584,79.584,79.475,79.495,447943,0
20141111,79.505,79.545,79.495,79.525,338302,0
20141112,79.535,79.554,79.465,79.525,388325,0
20141113,79.485,79.545,79.455,79.47,793498,0
20141114,79.485,79.594,79.436,79.574,848983,0
20141117,79.574,79.614,79.564,79.594,1131154,0
20141118,79.584,79.664,79.584,79.624,1135624,0
20141119,79.505,79.584,79.475,79.485,668872,0
20141120,79.614,79.614,79.525,79.545,515376,0
20141121,79.594,79.664,79.554,79.624,617227,0
20141124,79.604,79.654,79.564,79.654,451385,0
20141125,79.654,79.724,79.604,79.724,506280,0
20141126,79.754,79.779,79.684,79.754,757274,0
20141128,79.794,79.794,79.724,79.784,216477,0
20141201,79.822,79.871,79.732,79.747,449556,0
20141202,79.722,79.742,79.622,79.632,553743,0
20141203,79.632,79.652,79.592,79.622,589089,0
20141204,79.622,79.687,79.592,79.652,676716,0
20141205,79.533,79.562,79.393,79.463,732620,0
20141208,79.423,79.483,79.403,79.453,571000,0
20141209,79.533,79.592,79.483,79.533,446965,0
20141210,79.552,79.652,79.493,79.652,660133,0
20141211,79.602,79.619,79.493,79.552,455818,0
20141212,79.572,79.692,79.555,79.662,298582,0
20141215,79.622,79.622,79.463,79.473,631291,0
20141216,79.523,79.562,79.483,79.533,523402,0
20141217,79.513,79.662,79.493,79.533,1119212,0
20141218,79.513,79.543,79.433,79.493,1186805,0
20141219,79.423,79.453,79.393,79.443,614816,0
20141222,79.423,79.473,79.403,79.403,515825,0
20141223,79.4,79.462,79.37,79.45,801422,0
20141224,79.41,79.5,79.38,79.46,310965,0
20141226,79.49,79.52,79.4,79.41,462535,0
20141229,79.42,79.52,79.4,79.44,2225824,0
20141230,79.57,79.58,79.48,79.58,614738,0
20141231,79.48,79.64,79.48,79.63,630733,0
20150102,79.48,79.64,79.48,79.55,602477,0
20150105,79.53,79.64,79.51,79.58,735226,0
20150106,79.69,79.82,79.64,79.68,654686,0
20150107,79.71,79.815,79.66,79.79,1074665,0
20150108,79.81,79.82,79.75,79.78,613354,0
20150109,79.84,79.9,79.8,79.86,497402,0
20150112,79.92,79.95,79.87,79.95,1018711,0
20150113,79.87,79.97,79.87,79.92,709912,0
20150114,79.99,80.13,79.95,79.98,1029790,0
20150115,80.1,80.31,80.05,80.19,1192370,0
20150116,80.2,80.22,80.06,80.1,2487731,0
