Date,Open,High,Low,Close,Volume,OpenInt
20101116,52.739,52.804,52.024,52.024,3786,0
20101117,52.254,52.405,52.254,52.386,41418,0
20101118,52.996,53.356,52.967,53.167,7664,0
20101119,53.327,53.376,53.298,53.318,1473,0
20101122,53.337,53.49,52.996,53.424,10222,0
20101123,52.786,52.967,52.652,52.739,1683,0
20101124,53.385,53.699,53.385,53.699,1576,0
20101126,53.251,53.536,53.251,53.536,4416,0
20101129,52.7,53.289,52.7,53.289,11397,0
20101130,52.729,53.109,52.729,53.109,5782,0
20101201,53.918,54.232,53.851,54.117,4519,0
20101202,54.308,54.698,54.308,54.698,2876,0
20101203,54.612,54.774,54.612,54.765,4465,0
20101206,54.745,54.849,54.745,54.849,948,0
20101207,55.363,55.382,54.859,54.859,4519,0
20101208,54.765,54.897,54.602,54.897,1576,0
20101209,55.297,55.297,54.84,54.84,5313,0
20101210,55.125,55.306,55.04,55.306,9799,0
20101213,55.563,55.563,55.45,55.506,3589,0
20101214,55.297,55.516,55.287,55.516,3260,0
20101215,55.26,55.469,55.058,55.202,6412,0
20101216,55.04,55.04,55.012,55.04,1473,0
20101217,55.478,55.668,55.478,55.573,2789,0
20101220,55.459,55.707,55.459,55.658,9607,0
20101221,55.801,55.925,55.791,55.925,2102,0
20101222,55.935,55.935,55.83,55.878,60237,0
20101223,55.878,55.878,55.868,55.878,1098,0
20101227,55.602,55.868,55.535,55.83,5564,0
20101228,55.783,55.81,55.763,55.81,1849,0
20101229,55.994,56.06,55.994,56.013,7016,0
20101230,55.909,56.042,55.851,55.909,10091,0
20101231,55.688,55.851,55.688,55.822,13118,0
20110103,56.429,56.543,56.343,56.343,7482,0
20110104,56.277,56.277,55.897,56.106,2919,0
20110105,56.01,56.419,56.01,56.419,1672,0
20110106,56.552,56.562,56.277,56.287,1014,0
20110107,56.581,56.581,56.571,56.571,800,0
20110110,56.229,56.401,56.229,56.401,962,0
20110111,56.686,56.715,56.619,56.629,2679,0
20110112,57.067,57.067,57.067,57.067,189,0
20110113,57.2,57.2,57.039,57.085,840,0
20110114,57.095,57.095,57.095,57.095,149,0
20110118,57.447,57.676,57.447,57.656,2114,0
20110119,57.647,57.647,57.142,57.142,3333,0
20110120,56.657,56.657,56.6,56.6,840,0
20110121,57.248,57.267,56.838,56.838,3048,0
20110124,57.257,57.257,56.857,57.171,10537,0
20110125,57.123,57.257,57.057,57.257,12422,0
20110126,57.628,57.78,57.628,57.78,485,0
20110127,57.875,57.875,57.875,57.875,629,0
20110128,57.865,57.865,56.753,56.753,5076,0
20110131,56.918,57.216,56.918,57.206,5384,0
20110201,57.952,58.161,57.952,58.161,2460,0
20110202,58.122,58.122,58.122,58.122,100,0
20110203,57.952,58.064,57.666,58.064,1974,0
20110204,58.36,58.398,58.36,58.398,2046,0
20110207,58.655,58.959,58.655,58.959,856,0
20110208,58.865,58.949,58.865,58.949,1025,0
20110209,58.968,58.968,58.902,58.902,171693,0
20110210,58.541,58.997,58.541,58.865,1340,0
20110211,58.836,59.406,58.836,59.406,1024,0
20110214,59.483,59.577,59.483,59.577,2208,0
20110215,59.521,59.521,59.293,59.293,14762,0
20110216,59.824,59.824,59.759,59.759,6946,0
20110218,60.035,60.063,60.035,60.063,788,0
20110222,59.169,59.445,58.779,58.779,2163,0
20110223,58.17,58.304,58.17,58.304,4177,0
20110224,58.275,58.836,58.275,58.285,1603462,0
20110225,58.626,58.93,58.626,58.93,1690560,0
20110228,59.248,59.296,58.894,59.142,840741,0
20110301,59.293,59.293,58.17,58.209,3746,0
20110302,58.064,58.579,58.064,58.312,6037,0
20110303,59.159,59.435,59.159,59.406,1423,0
20110304,59.349,59.435,58.607,58.988,1393620,0
20110307,58.522,59.273,58.093,58.331,1379753,0
20110308,58.437,58.978,58.227,58.636,1509880,0
20110309,58.513,58.731,58.398,58.589,3048,0
20110310,57.579,57.817,57.533,57.56,202058,0
20110311,57.304,58.064,57.304,58.064,5218,0
20110314,57.599,57.599,56.904,57.599,214,0
20110315,56.515,57.076,56.515,57.076,1299,0
20110316,56.809,56.809,55.649,55.907,4163,0
20110317,56.695,56.818,56.515,56.515,8247,0
20110318,56.875,56.875,56.619,56.619,984,0
20110321,57.608,57.608,57.466,57.56,3062,0
20110322,57.428,57.428,57.361,57.371,3625,0
20110323,57.39,57.752,57.371,57.628,5429,0
20110324,57.913,58.18,57.817,58.103,1642,0
20110325,58.256,58.541,58.217,58.379,3910,0
20110328,58.455,58.474,58.369,58.369,16909,0
20110329,58.445,58.598,58.437,58.598,1401,0
20110330,58.949,59.093,58.949,59.026,1586,0
20110331,58.955,59.071,58.955,59.004,911,0
20110401,59.474,59.474,59.245,59.245,1107,0
20110404,59.321,59.321,59.188,59.216,10371,0
20110405,59.235,59.569,59.235,59.321,7806,0
20110406,59.596,59.596,59.198,59.406,16971,0
20110407,59.112,59.293,59.083,59.254,1223,0
20110408,59.397,59.397,58.949,58.949,1332,0
20110411,58.911,58.911,58.75,58.826,700,0
20110412,58.484,58.551,58.294,58.369,4087,0
20110413,58.34,58.683,58.34,58.589,6584,0
20110414,58.217,58.445,58.217,58.445,1828,0
20110415,58.673,58.779,58.673,58.76,2667,0
20110418,58.027,58.209,57.752,58.209,1739,0
20110419,58.265,58.455,58.113,58.455,3140,0
20110420,59.55,59.559,59.406,59.511,8747,0
20110421,59.833,59.968,59.824,59.958,2128,0
20110425,59.91,59.91,59.653,59.853,7364,0
20110426,60.044,60.481,60.044,60.358,3090,0
20110427,60.434,60.757,60.119,60.757,13120,0
20110428,60.653,60.663,60.643,60.643,2431,0
20110429,60.829,60.994,60.743,60.926,12357,0
20110502,61.128,61.224,60.682,60.682,6100,0
20110503,60.7,60.747,60.196,60.414,10945,0
20110504,60.377,60.377,60.11,60.11,629,0
20110505,59.759,60.253,59.682,59.779,365080,0
20110506,60.196,60.519,59.779,59.779,3461,0
20110509,60.339,60.339,60.272,60.272,931,0
20110510,60.414,60.747,60.414,60.738,5685,0
20110511,60.51,60.51,59.93,60.167,2937,0
20110512,59.93,60.519,59.93,60.463,3253,0
20110513,60.491,60.491,60.082,60.082,761,0
20110516,59.692,59.721,59.596,59.663,1103,0
20110517,59.426,59.435,58.978,59.302,4997,0
20110518,59.321,59.711,59.321,59.702,2539,0
20110520,59.625,59.978,59.493,59.978,1594,0
20110523,58.817,59.112,58.817,58.968,4706,0
20110524,59.046,59.046,58.911,58.949,2612,0
20110525,59.046,59.321,59.046,59.198,2869,0
20110526,59.112,59.511,59.102,59.511,1614,0
20110527,59.577,59.75,59.577,59.625,1273,0
20110531,60.257,60.257,59.941,60.019,3134,0
20110601,60.206,60.206,58.911,58.968,29234,0
20110602,59.026,59.102,58.865,58.884,3240,0
20110603,58.455,58.655,58.189,58.246,5511,0
20110606,58.246,58.246,57.695,57.713,1410,0
20110607,57.835,58.17,57.768,57.768,527,0
20110608,57.521,57.645,57.293,57.512,1763,0
20110609,57.425,57.844,57.425,57.844,1361,0
20110610,57.377,57.377,56.861,56.861,3720,0
20110613,57.02,57.029,56.715,56.724,2404,0
20110614,57.323,57.705,57.323,57.56,19762,0
20110615,57.076,57.19,56.552,56.552,3721,0
20110616,56.787,56.861,56.328,56.605,13190,0
20110617,57.006,57.044,56.595,56.614,14052,0
20110620,57.085,57.085,56.914,57.057,2900,0
20110621,57.31,57.835,57.31,57.835,160681,0
20110622,57.98,58.016,57.768,57.768,6672,0
20110623,56.748,57.377,56.633,57.377,2026,0
20110624,57.558,57.568,56.938,56.938,11914,0
20110627,56.881,57.531,56.777,57.463,186820,0
20110628,57.654,58.321,57.654,58.312,69212,0
20110629,58.561,58.81,58.304,58.703,7881,0
20110630,59.08,59.388,59.071,59.312,87385,0
20110701,59.419,60.212,59.419,60.212,30759,0
20110705,60.154,60.393,60.154,60.192,28321,0
20110706,60.546,60.612,60.345,60.603,13829,0
20110707,61.185,61.384,61.08,61.281,13843,0
20110708,60.68,60.841,60.632,60.803,7700,0
20110711,60.335,60.335,59.896,59.906,1451,0
20110712,59.886,59.906,59.59,59.59,1453,0
20110713,60.115,60.403,59.725,59.725,8486,0
20110714,59.793,59.793,59.248,59.248,5002,0
20110715,59.61,59.829,59.419,59.829,12724,0
20110718,59.228,59.381,59.228,59.381,1166,0
20110719,60.307,60.689,60.249,60.583,6606,0
20110720,60.736,60.86,60.298,60.411,6955,0
20110721,60.622,61.071,60.622,61.042,11003,0
20110722,60.908,61.185,60.908,61.156,1007,0
20110725,60.699,61.165,60.699,61.051,6169,0
20110726,60.85,60.85,60.611,60.611,47149,0
20110727,60.106,60.106,59.257,59.267,22462,0
20110728,59.487,59.764,59.038,59.095,2277,0
20110729,58.572,59.099,58.295,58.783,9709,0
20110801,59.048,59.41,57.998,58.455,9355,0
20110802,58.476,58.476,56.983,56.983,7779,0
20110803,56.777,57.32,56.777,57.31,1966,0
20110804,56.299,56.299,54.543,54.629,3463,0
20110805,55.26,55.46,53.151,54.238,8956,0
20110808,53.025,53.37,51.003,51.003,25554,0
20110809,51.738,53.237,50.774,53.237,10640,0
20110810,52.109,52.835,51.232,51.232,25355,0
20110811,51.653,53.932,51.576,53.932,4715,0
20110812,53.513,53.952,53.513,53.837,4418,0
20110815,54.506,54.791,54.133,54.791,8686,0
20110816,54.114,54.41,54.114,54.41,1133,0
20110817,54.114,54.209,53.942,54.209,1287,0
20110818,51.624,52.006,51.614,51.662,2791,0
20110819,50.918,51.461,50.821,50.821,512,0
20110822,51.099,51.195,50.85,50.86,2165,0
20110823,51.279,52.787,51.279,52.778,4555,0
20110824,52.683,53.035,52.683,53.035,3248,0
20110825,53.531,53.618,52.549,52.673,3621,0
20110826,52.052,53.457,51.929,53.447,3278,0
20110829,54.61,55.048,54.467,55.048,2721,0
20110830,54.838,55.193,54.838,55.096,1195,0
20110831,55.822,56.169,55.399,55.399,6410,0
20110901,55.47,55.47,55.057,55.057,1498,0
20110902,53.544,53.592,53.544,53.582,965,0
20110906,52.244,53.239,52.244,53.019,1272,0
20110907,54.292,54.695,54.283,54.608,2887,0
20110908,54.771,55.241,54.312,54.484,3617,0
20110909,53.622,53.947,52.732,52.761,6209,0
20110912,52.493,53.217,52.396,53.217,1526,0
20110913,53.418,53.952,53.418,53.952,1071,0
20110914,53.457,55.039,53.457,54.867,1551,0
20110915,55.039,55.545,55.039,55.545,2463,0
20110916,55.451,55.795,55.451,55.795,451,0
20110919,54.887,55.669,54.887,55.611,1181,0
20110920,56.109,56.109,55.679,55.679,775,0
20110921,55.031,55.212,53.875,53.875,10731,0
20110922,52.216,52.473,51.395,51.395,3913,0
20110923,51.726,52.32,51.726,52.32,8202,0
20110926,52.455,53.325,52.042,53.325,2325,0
20110927,54.36,54.837,53.861,53.861,760,0
20110928,53.776,54.092,52.923,52.923,2722,0
20110929,53.795,53.823,52.1,52.876,7983,0
20110930,52.115,52.365,51.653,51.653,3079,0
20111003,51.363,51.851,50.205,50.252,15068,0
20111004,50.415,50.464,50.348,50.348,2335,0
20111005,51.698,52.225,51.152,52.225,631,0
20111006,52.674,52.991,52.292,52.991,625,0
20111007,53.23,53.422,52.674,53.144,6383,0
20111010,53.823,54.407,53.766,54.292,7328,0
20111011,54.752,54.809,54.494,54.656,3983,0
20111012,55.594,55.613,55.345,55.461,2639,0
20111013,54.79,55.403,54.771,55.27,2771,0
20111014,56.131,56.312,55.863,56.245,3197,0
20111017,55.632,56.102,55.354,55.471,3298,0
20111018,55.231,56.15,54.752,56.063,9376,0
20111019,55.92,56.073,55.212,55.251,13882,0
20111020,55.212,55.364,54.685,55.316,2506,0
20111021,56.073,56.294,55.958,56.198,1044,0
20111024,56.763,57.28,56.763,57.222,3008,0
20111025,56.58,56.848,56.178,56.178,4809,0
20111026,56.763,56.763,55.967,56.427,9984,0
20111027,58.035,58.591,57.575,58.591,65765,0
20111028,58.4,58.457,58.237,58.4,2095,0
20111031,57.908,57.908,57.185,57.185,7601,0
20111101,55.949,56.341,55.7,55.795,6072,0
20111102,56.447,56.686,56.112,56.58,268344,0
20111103,57.088,57.672,57.041,57.672,1850,0
20111104,57.37,57.515,57.331,57.515,1497,0
20111107,56.877,57.663,56.877,57.663,469,0
20111108,57.96,58.419,57.863,58.361,92582,0
20111109,57.107,57.107,56.322,56.322,5181,0
20111110,56.944,56.944,56.141,56.551,5345,0
20111111,57.796,57.796,57.346,57.73,2958,0
20111115,57.154,57.95,57.116,57.941,9352,0
20111116,57.519,57.519,56.857,56.857,1534,0
20111117,56.676,56.676,55.795,55.853,2378,0
20111118,55.575,55.93,55.575,55.575,835,0
20111121,54.771,54.771,54.445,54.445,987,0
20111122,54.685,54.781,54.426,54.56,1746,0
20111123,54.053,54.139,53.489,53.632,269767,0
20111128,54.944,54.983,54.503,54.896,71146,0
20111129,54.983,55.202,54.876,54.944,3473,0
20111130,56.635,57.098,56.453,57.098,4859,0
20111201,57.538,57.538,57.107,57.125,4273,0
20111202,57.437,57.6,57.187,57.187,1602,0
20111205,57.767,58.055,57.682,57.777,6232,0
20111206,57.678,57.678,57.515,57.59,1000,0
20111207,57.034,57.543,57.034,57.543,831,0
20111208,57.294,57.294,56.687,56.707,1670,0
20111209,57.321,57.399,56.736,57.399,418,0
20111212,56.705,56.705,56.351,56.38,8608,0
20111213,56.918,56.918,55.918,55.948,3805,0
20111214,55.188,55.188,55.159,55.159,1081,0
20111215,55.843,55.843,55.288,55.288,1429,0
20111216,55.487,55.515,55.409,55.515,5036,0
20111219,54.938,55.043,54.831,54.831,1160,0
20111220,56.101,56.572,55.688,56.562,9212,0
20111221,55.948,56.37,55.948,56.37,2960,0
20111222,56.581,56.784,56.418,56.678,250038,0
20111223,56.869,57.148,56.869,57.148,79401,0
20111227,57.274,57.475,57.255,57.34,28931,0
20111228,56.803,56.803,56.639,56.716,6359,0
20111229,57.005,57.119,56.957,57.119,4000,0
20111230,56.993,57.273,56.993,57.127,9801,0
20120103,58.168,58.168,57.783,57.783,59344,0
20120104,57.515,57.61,57.485,57.6,15815,0
20120105,57.745,57.995,57.379,57.995,25239,0
20120106,57.83,58.033,57.802,57.976,5731,0
20120109,58.004,58.023,57.869,57.957,7082,0
20120110,58.638,58.638,58.475,58.475,968,0
20120111,58.293,58.514,58.293,58.514,6352,0
20120112,58.283,58.648,58.283,58.648,1997,0
20120113,58.274,58.379,58.042,58.379,3237,0
20120117,59.014,59.062,58.658,58.725,7045,0
20120118,58.705,59.397,58.705,59.397,11732,0
20120119,59.802,59.878,59.764,59.764,6683,0
20120120,59.783,59.783,59.579,59.754,12240,0
20120123,59.887,59.946,59.562,59.917,18647,0
20120124,59.754,59.936,59.754,59.936,2704,0
20120125,59.917,60.782,59.878,60.733,33162,0
20120126,60.743,60.772,60.244,60.244,1745,0
20120127,60.378,60.512,60.292,60.512,6808,0
20120130,59.955,60.378,59.848,60.368,6199,0
20120131,60.539,60.549,60.134,60.405,17779,0
20120201,60.821,61.061,60.782,60.955,12879,0
20120202,61.147,61.147,60.935,60.974,3024,0
20120203,61.474,61.877,61.474,61.858,8725,0
20120206,61.503,61.867,61.503,61.801,18967,0
20120207,61.821,62.06,61.685,62.06,13656,0
20120208,62.051,62.108,61.821,62.06,5141,0
20120209,62.233,62.416,62.233,62.396,3619,0
20120210,61.848,61.887,61.685,61.887,6924,0
20120213,62.262,62.396,62.07,62.348,6814,0
20120214,62.185,62.272,62.088,62.272,6956,0
20120215,62.705,62.705,62.098,62.098,2125,0
20120216,62.117,62.809,62.051,62.809,17975,0
20120217,62.945,62.945,62.695,62.847,2631,0
20120221,62.906,62.982,62.685,62.781,39541,0
20120222,62.752,62.886,62.705,62.781,4913,0
20120223,62.762,63.021,62.762,63.021,60513,0
20120224,63.291,63.348,63.175,63.203,92746,0
20120227,63.193,63.433,62.954,63.3,1893,0
20120228,63.348,63.501,63.261,63.501,1574,0
20120229,63.654,63.674,63.142,63.161,16791,0
20120301,63.521,63.665,63.433,63.589,54857,0
20120302,63.566,63.566,63.393,63.44,1954,0
20120305,63.348,63.348,62.896,63.098,5821,0
20120306,62.206,62.341,62.024,62.12,13219,0
20120307,62.515,62.621,62.497,62.621,3172,0
20120308,63.036,63.403,62.871,63.297,15956,0
20120309,63.411,63.682,63.383,63.527,5756,0
20120312,63.531,63.627,63.31,63.492,132444,0
20120313,63.849,64.541,63.781,64.541,4888,0
20120314,64.606,64.606,64.328,64.512,3361,0
20120315,64.742,64.761,64.742,64.761,6247,0
20120316,64.924,64.993,64.858,64.993,12524,0
20120319,64.943,65.357,64.943,65.203,7837,0
20120320,64.761,64.982,64.752,64.982,1781,0
20120321,64.953,65.108,64.953,64.992,3484,0
20120322,64.598,64.635,64.366,64.453,2390,0
20120323,64.569,64.664,64.327,64.664,6233,0
20120326,65.214,65.474,65.214,65.436,71044,0
20120327,65.686,65.764,65.667,65.725,8334,0
20120328,65.705,65.705,64.79,64.858,17565,0
20120329,64.877,65.127,64.645,65.099,28336,0
20120330,65.455,65.455,65.176,65.387,939,0
20120402,65.291,66.034,65.233,65.889,1167,0
20120403,65.879,65.985,65.436,65.6,5231,0
20120404,65.34,65.34,64.839,65.099,11188,0
20120405,64.954,65.281,64.954,65.176,1032,0
20120409,64.414,64.732,64.414,64.713,2849,0
20120410,64.531,64.54,63.449,63.489,5767,0
20120411,64.087,64.087,63.874,63.912,7188,0
20120412,64.019,64.664,63.99,64.635,3332,0
20120413,64.654,64.654,64.261,64.28,1008,0
20120416,63.971,64.019,63.662,63.874,1510,0
20120417,64.453,64.934,64.453,64.934,1113,0
20120418,64.752,64.877,64.693,64.809,1427,0
20120419,64.615,64.625,63.912,64.241,1893,0
20120420,64.521,64.645,64.346,64.346,18105,0
20120423,63.518,63.691,63.277,63.624,6110,0
20120424,63.749,63.912,63.614,63.614,2001,0
20120425,64.674,64.8,64.664,64.8,2064,0
20120426,65.196,65.32,65.196,65.242,15453,0
20120427,65.387,65.686,65.387,65.512,2968,0
20120430,65.252,65.252,65.099,65.099,2419,0
20120501,65.186,65.889,65.186,65.648,3155,0
20120502,65.117,65.455,65.002,65.359,24206,0
20120503,65.436,65.436,64.79,64.839,85086,0
20120504,64.414,64.414,63.729,63.837,6921,0
20120507,63.682,63.817,63.672,63.788,1287,0
20120508,62.66,63.459,62.515,63.459,7775,0
20120509,62.881,63.44,62.756,63.161,7544,0
20120510,63.479,63.479,63.104,63.104,8407,0
20120511,62.92,63.604,62.92,63.095,4794,0
20120514,62.39,62.776,62.39,62.776,1921,0
20120515,62.448,62.65,62.12,62.149,2898,0
20120516,62.293,62.293,61.898,61.985,9858,0
20120517,61.6,61.6,60.993,61.031,3454,0
20120518,60.983,60.983,60.25,60.279,7450,0
20120521,60.366,61.435,60.366,61.435,2450,0
20120522,61.744,61.907,61.263,61.494,1951,0
20120523,61.041,61.637,61.041,61.627,9946,0
20120524,61.907,61.985,61.32,61.32,5115,0
20120525,61.735,61.813,61.349,61.474,2701,0
20120529,62.062,62.361,62.024,62.149,2379,0
20120530,61.445,61.474,61.445,61.474,1819,0
20120531,61.137,61.156,60.712,61.127,1796,0
20120601,59.864,59.981,59.46,59.49,6382,0
20120604,59.065,59.161,59.065,59.161,1728,0
20120605,59.581,59.921,59.581,59.882,2092,0
20120606,60.386,61.072,60.366,61.072,2277,0
20120607,61.808,61.835,61.604,61.604,1338,0
20120608,61.014,61.053,60.733,61.053,1260,0
20120611,62.159,62.159,61.011,61.011,2099,0
20120612,60.983,61.33,60.626,61.33,1229,0
20120613,61.137,61.165,60.646,60.761,2736,0
20120614,61.185,61.378,61.185,61.349,4021,0
20120615,61.71,61.971,61.71,61.971,833,0
20120618,62.129,62.129,62.1,62.129,382,0
20120619,62.862,63.171,62.804,62.968,2786,0
20120620,62.968,63.104,62.497,62.497,2045,0
20120621,62.668,62.697,62.475,62.475,661,0
20120622,61.661,61.779,61.429,61.73,3543,0
20120625,61.053,61.053,60.676,60.676,5892,0
20120626,60.839,61.033,60.723,60.956,1834,0
20120627,61.256,61.469,61.256,61.439,628,0
20120628,61.033,61.033,60.56,60.898,1150,0
20120629,62.136,62.522,62.113,62.495,3937,0
20120702,62.456,62.755,62.456,62.736,1699,0
20120703,63.118,63.412,63.118,63.412,1281,0
20120705,63.393,63.47,63.393,63.47,502,0
20120706,62.629,62.727,62.475,62.727,1822,0
20120709,62.505,62.619,62.505,62.619,823,0
20120710,62.446,62.609,62.446,62.609,473,0
20120711,61.894,61.894,61.585,61.585,1473,0
20120712,61.42,61.73,61.13,61.73,1430,0
20120713,61.652,62.146,61.652,62.146,4449,0
20120716,62.32,62.32,62.32,62.32,414,0
20120717,62.532,62.669,62.128,62.598,2706,0
20120718,62.853,63.355,62.836,63.355,7907,0
20120719,63.461,63.703,63.461,63.588,1311,0
20120720,63.311,63.311,62.96,62.96,1143,0
20120723,62.068,62.31,61.73,62.31,6221,0
20120724,61.642,61.66,61.466,61.632,1472,0
20120725,61.576,61.828,61.576,61.595,1610,0
20120726,62.282,62.678,62.282,62.668,5546,0
20120727,63.112,63.803,63.095,63.803,2138,0
20120730,63.693,63.693,63.693,63.693,150,0
20120731,63.82,63.859,63.703,63.731,7071,0
20120801,63.751,63.751,63.171,63.258,7767,0
20120802,63.248,63.248,62.552,62.9,5800,0
20120803,64.167,64.177,64.114,64.114,2238,0
20120807,64.477,64.758,64.477,64.506,1291,0
20120808,64.418,64.616,64.418,64.477,3892,0
20120809,64.545,64.564,64.484,64.526,2711,0
20120810,64.428,64.603,64.341,64.603,1829,0
20120813,64.399,64.399,64.399,64.399,1884,0
20120814,64.825,64.825,64.825,64.825,1385,0
20120815,64.896,64.914,64.778,64.914,701,0
20120816,65.008,65.47,64.921,65.425,27647,0
20120817,65.446,65.599,65.446,65.58,9360,0
20120820,65.454,65.463,65.366,65.395,1175,0
20120821,65.667,65.86,65.185,65.185,7825,0
20120822,65.085,65.473,65.085,65.396,5919,0
20120823,65.038,65.19,64.863,64.99,31007,0
20120824,64.758,65.309,64.758,65.299,4522,0
20120827,65.338,65.523,65.338,65.338,15240,0
20120828,65.23,65.463,65.23,65.376,8385,0
20120829,65.366,65.513,65.204,65.405,3162,0
20120830,65.203,65.203,64.867,64.867,1458,0
20120831,64.776,65.348,64.776,65.212,3915,0
20120904,65.096,65.386,64.817,65.261,2373,0
20120905,65.294,65.342,65.075,65.075,4943,0
20120906,65.754,66.286,65.754,66.286,645,0
20120907,66.44,66.537,66.43,66.453,3041,0
20120910,66.41,66.469,66.102,66.102,3493,0
20120911,66.168,66.266,66.074,66.159,2636,0
20120912,66.315,66.335,66.159,66.335,2578,0
20120913,66.42,67.359,66.42,67.282,3087,0
20120914,67.514,67.804,67.514,67.592,4000,0
20120917,67.524,67.524,67.446,67.514,309,0
20120918,67.494,67.543,67.408,67.408,433,0
20120919,67.488,67.688,67.488,67.688,711,0
20120920,67.234,67.524,67.234,67.446,4531,0
20120921,67.882,67.882,67.524,67.573,3051,0
20120924,67.209,67.335,67.15,67.296,3415,0
20120925,67.364,67.499,66.97,66.97,3675,0
20120926,66.326,66.364,65.975,66.208,5222,0
20120927,66.373,66.917,66.364,66.917,3602,0
20120928,66.257,66.399,66.257,66.336,2024,0
20121001,66.792,67.13,66.578,66.578,6288,0
20121002,66.694,66.807,66.461,66.461,1539,0
20121003,66.878,67.052,66.597,66.878,6612,0
20121004,67.228,67.338,67.228,67.325,1332,0
20121005,67.684,67.723,67.603,67.603,8679,0
20121008,67.061,67.061,66.96,66.992,2004,0
20121009,66.792,66.792,66.205,66.326,2533,0
20121010,66.054,66.155,65.703,65.801,5009,0
20121011,66.208,66.208,65.81,65.81,256,0
20121012,65.655,65.703,65.617,65.693,4905,0
20121015,65.82,66.202,65.82,66.194,1569,0
20121016,66.529,66.752,66.529,66.752,2404,0
20121017,67.005,67.005,66.907,66.907,208,0
20121018,66.637,66.665,66.362,66.539,3919,0
20121019,66.421,66.421,65.276,65.276,3223,0
20121022,65.345,65.345,64.946,65.218,3495,0
20121023,64.82,64.856,64.344,64.733,3171,0
20121024,64.733,64.781,64.412,64.47,2924,0
20121025,64.868,64.868,64.284,64.47,3064,0
20121026,64.431,64.674,64.132,64.605,5675,0
20121031,64.85,64.85,64.396,64.601,6753,0
20121101,64.762,65.432,64.762,65.393,33792,0
20121102,65.742,65.742,64.752,64.781,74199,0
20121105,64.674,64.902,64.674,64.902,1896,0
20121106,65.218,65.519,65.15,65.403,1390,0
20121107,64.84,64.84,63.887,64.305,10176,0
20121108,64.189,64.287,63.345,63.345,3385,0
20121109,63.217,63.926,63.217,63.43,4093,0
20121112,63.654,63.703,63.519,63.519,1938,0
20121113,63.335,63.897,63.335,63.412,9818,0
20121114,63.519,63.519,62.372,62.372,9636,0
20121115,62.605,62.605,62.072,62.295,3559,0
20121116,62.402,62.723,61.975,62.625,7825,0
20121119,63.47,63.857,63.47,63.857,1463,0
20121120,63.995,64.128,63.684,63.946,3991,0
20121121,64.091,64.239,64.091,64.206,2823,0
20121123,64.83,64.936,64.781,64.936,308,0
20121126,64.845,65.014,64.845,65.014,3311,0
20121127,64.995,65.16,64.771,64.79,14977,0
20121128,64.52,65.18,64.52,65.18,4941,0
20121129,65.548,65.693,65.315,65.645,10491,0
20121130,65.616,65.742,65.403,65.674,17136,0
20121203,65.723,65.926,65.315,65.335,17367,0
20121204,65.175,65.315,65.073,65.287,3801,0
20121205,64.966,65.195,64.966,65.195,598,0
20121206,64.936,65.111,64.936,65.111,1135,0
20121207,65.5,65.5,65.082,65.296,26423,0
20121210,65.276,65.519,65.276,65.373,6184,0
20121211,65.703,66.093,65.703,66.016,4756,0
20121212,66.139,66.149,65.674,65.693,3228,0
20121213,65.772,65.85,65.199,65.451,28167,0
20121214,65.111,65.122,64.912,64.912,3343,0
20121217,65.266,65.693,65.14,65.693,247073,0
20121218,65.792,66.501,65.772,66.451,11319,0
20121219,66.461,66.461,66.179,66.179,1811,0
20121220,65.548,65.733,65.548,65.733,4556,0
20121221,65.121,65.345,65.053,65.253,30873,0
20121224,65.227,65.227,65.121,65.14,4340,0
20121226,65.18,65.19,64.558,64.664,10399,0
20121227,64.703,64.791,63.975,64.781,4695,0
20121228,64.344,64.529,64.053,64.053,4724,0
20121231,63.83,65.18,63.83,65.18,3504,0
20130102,66.5,66.754,66.267,66.754,75803,0
20130103,66.81,67.033,66.617,66.655,3443,0
20130104,66.792,66.947,66.723,66.888,65848,0
20130107,66.665,66.752,66.597,66.626,37008,0
20130108,66.772,66.772,66.408,66.645,12339,0
20130109,66.966,66.976,66.81,66.888,9819,0
20130110,67.09,67.209,66.89,67.189,6591,0
20130111,67.15,67.305,67.15,67.296,2161,0
20130114,67.199,67.199,67.005,67.112,18416,0
20130115,66.83,67.112,66.772,67.088,10240,0
20130116,66.96,67.229,66.96,67.092,13830,0
20130117,67.452,67.702,67.374,67.529,3270,0
20130118,67.403,67.655,67.274,67.638,8395,0
20130122,67.655,67.801,67.506,67.782,2889,0
20130123,68.151,68.208,68.024,68.103,8960,0
20130124,67.811,68.228,67.811,68.005,17463,0
20130125,68.074,68.306,68.024,68.132,13877,0
20130128,68.316,68.316,68.093,68.218,2282,0
20130129,68.016,68.375,67.913,68.375,6359,0
20130130,68.464,68.464,68.026,68.088,15223,0
20130131,68.064,68.211,68.035,68.054,14710,0
20130201,68.35,68.724,68.346,68.655,4885,0
20130204,68.306,68.393,67.959,68.014,5990,0
20130205,68.304,68.647,68.132,68.529,10208,0
20130206,68.287,68.623,68.287,68.443,8729,0
20130207,68.569,68.569,68.023,68.471,15538,0
20130208,68.944,69.021,68.94,68.996,9394,0
20130211,68.888,68.917,68.831,68.917,2503,0
20130212,68.879,68.947,68.809,68.838,86957,0
20130213,68.879,68.966,68.692,68.853,3953,0
20130214,68.714,68.982,68.714,68.888,10616,0
20130215,68.947,69.064,68.753,68.821,2329,0
20130219,69.045,69.288,69.015,69.288,18208,0
20130220,69.17,69.17,68.491,68.491,5649,0
20130221,68.139,68.139,67.86,68.005,2132,0
20130222,68.287,68.675,68.238,68.675,24952,0
20130225,69.055,69.055,67.782,67.782,24750,0
20130226,67.965,68.056,67.539,68.024,121430,0
20130227,68.083,68.966,68.083,68.945,9704,0
20130228,68.849,69.268,68.665,68.665,15991,0
20130301,68.569,69.015,68.422,68.927,8214,0
20130304,68.811,69.229,68.734,69.229,4270,0
20130305,69.695,70.093,69.637,69.976,16895,0
20130306,70.054,70.142,69.898,69.898,5173,0
20130307,69.972,70.122,69.972,70.103,10521,0
20130308,70.19,70.398,70.122,70.398,4316,0
20130311,70.326,70.56,70.268,70.56,3376,0
20130312,70.413,70.501,70.196,70.238,65400,0
20130313,70.355,70.501,70.345,70.501,1443,0
20130314,70.74,70.783,70.689,70.773,4183,0
20130315,70.783,70.783,70.503,70.608,7266,0
20130318,70.336,70.579,70.287,70.316,4419,0
20130319,70.54,70.54,69.752,69.965,5435,0
20130320,70.647,70.763,70.48,70.763,6110,0
20130321,70.365,70.402,70.142,70.171,20991,0
20130322,70.3,70.623,70.281,70.622,5369,0
20130325,70.837,70.962,70.358,70.379,3846,0
20130326,70.709,70.887,70.709,70.887,3326,0
20130327,70.612,70.942,70.582,70.932,2722,0
20130328,71.099,71.323,71.051,71.304,2514,0
20130401,71.313,71.362,70.728,70.758,28529,0
20130402,71.225,71.41,71.103,71.18,4003,0
20130403,71.046,71.059,70.445,70.574,10921,0
20130404,70.632,70.846,70.505,70.699,17249,0
20130405,69.833,70.242,69.833,70.202,15053,0
20130408,70.339,70.875,70.281,70.875,14920,0
20130409,70.962,71.284,70.787,71.08,7815,0
20130410,71.41,72.121,71.381,72.073,9143,0
20130411,72.063,72.414,72.053,72.414,660,0
20130412,72.151,72.161,71.916,72.111,37573,0
20130415,71.78,71.78,70.642,70.709,9172,0
20130416,71.08,71.498,70.959,71.371,15239,0
20130417,71.011,71.06,70.417,70.555,9034,0
20130418,70.669,70.679,70.029,70.029,8206,0
20130419,70.421,70.679,70.183,70.554,576132,0
20130422,70.588,71.205,70.588,71.205,8791,0
20130423,71.449,71.84,71.109,71.738,17512,0
20130424,71.732,71.908,71.64,71.683,6932,0
20130425,72.034,72.356,71.966,72.139,72788,0
20130426,72.004,72.102,71.898,72.083,9764,0
20130429,72.189,72.639,72.189,72.55,4899,0
20130430,72.471,72.852,72.336,72.851,111090,0
20130501,72.803,72.803,72.257,72.257,13497,0
20130502,72.609,73.086,72.609,73.027,58832,0
20130503,73.65,73.993,73.641,73.758,27513,0
20130506,73.826,73.981,73.718,73.904,3241,0
20130507,74.04,74.196,73.932,74.196,1361,0
20130508,74.186,74.536,74.186,74.526,3606,0
20130509,74.544,74.795,74.319,74.319,7634,0
20130510,74.459,74.741,74.459,74.687,14673,0
20130513,74.927,74.951,74.909,74.951,1230,0
20130514,75.131,75.45,75.131,75.433,5258,0
20130515,75.394,75.92,75.394,75.813,7482,0
20130516,75.619,75.695,75.441,75.441,2860,0
20130517,75.833,76.086,75.677,76.086,4126,0
20130520,76.027,76.241,75.997,75.997,6433,0
20130521,75.978,76.318,75.783,76.271,6149,0
20130522,76.194,76.563,75.277,75.375,17613,0
20130523,74.683,75.287,74.625,75.202,15495,0
20130524,74.819,75.141,74.754,75.141,5685,0
20130528,75.92,76.202,75.481,75.589,27428,0
20130529,75.179,75.179,74.598,74.908,8098,0
20130530,75.238,75.441,75.238,75.316,10026,0
20130531,74.939,75.332,74.202,74.202,12915,0
20130603,74.391,74.44,73.798,74.44,6536,0
20130604,74.761,74.761,73.838,74.089,3204,0
20130605,73.875,74.04,73.046,73.046,16193,0
20130606,73.096,73.611,72.911,73.611,2453,0
20130607,74.128,74.556,74.128,74.556,4031,0
20130610,74.898,74.898,74.516,74.556,43739,0
20130611,73.942,74.44,73.942,73.972,5170,0
20130612,74.44,74.44,73.281,73.309,6562,0
20130613,73.242,74.07,73.105,74.07,3388,0
20130614,74.293,74.371,73.826,73.932,1263,0
20130617,74.516,74.683,74.073,74.422,7267,0
20130618,74.595,75.106,74.595,75.062,2189,0
20130619,75.014,75.037,74.031,74.031,12596,0
20130620,73.319,73.319,71.974,72.151,6465,0
20130621,72.471,72.52,71.61,72.141,18552,0
20130624,71.528,71.85,70.864,71.371,7909,0
20130625,72.026,72.202,71.763,72.046,57169,0
20130626,72.574,72.838,72.408,72.838,3607,0
20130627,73.19,73.317,73.122,73.122,3287,0
20130628,72.858,73.248,72.71,72.769,6982,0
20130701,73.591,73.875,73.327,73.327,13157,0
20130702,73.503,73.678,72.985,73.108,2489,0
20130703,73.023,73.629,73.023,73.629,2374,0
20130705,73.807,74.197,73.807,74.197,1023,0
20130708,74.627,74.627,74.462,74.578,5697,0
20130709,74.949,75.099,74.66,75.019,15927,0
20130710,75.019,75.253,74.979,75.097,4341,0
20130711,76.006,76.291,75.929,76.291,8855,0
20130712,76.271,76.476,76.221,76.476,7236,0
20130715,76.427,76.622,76.427,76.583,2959,0
20130716,76.622,76.622,76.195,76.271,2815,0
20130717,76.515,76.549,76.417,76.466,550,0
20130718,76.662,76.671,76.573,76.662,61586,0
20130719,76.368,76.483,76.261,76.418,34631,0
20130722,76.54,76.744,76.54,76.652,27842,0
20130723,76.887,76.916,76.466,76.564,13782,0
20130724,76.847,76.847,76.143,76.299,6117,0
20130725,76.368,76.593,76.291,76.593,2296,0
20130726,76.417,76.758,76.094,76.758,2362,0
20130729,76.554,76.758,76.328,76.437,10090,0
20130730,76.632,76.838,76.583,76.74,11442,0
20130731,77.003,77.092,76.73,76.778,1568,0
20130801,77.583,77.776,77.58,77.776,2572,0
20130802,77.698,77.893,77.629,77.893,6211,0
20130805,77.835,77.961,77.805,77.961,5153,0
20130806,77.766,77.766,77.426,77.536,5807,0
20130807,77.161,77.324,76.896,77.237,5690,0
20130808,77.551,77.678,77.179,77.511,10632,0
20130809,77.64,77.64,77.237,77.306,1864,0
20130812,77.208,77.359,77.141,77.183,6597,0
20130813,77.326,77.535,77.052,77.495,1927,0
20130814,77.472,77.472,77.062,77.062,6775,0
20130815,76.466,76.466,75.802,75.879,4575,0
20130816,75.821,75.909,75.608,75.741,3602,0
20130819,75.586,75.957,75.507,75.507,4720,0
20130820,75.527,75.975,75.527,75.975,2133,0
20130821,75.693,76.006,75.312,75.438,3834,0
20130822,75.596,77.981,75.596,76.114,4750,0
20130823,76.476,76.54,76.173,76.54,7463,0
20130826,76.652,76.906,76.388,76.388,7190,0
20130827,75.821,75.821,75.088,75.088,5252,0
20130828,75.243,75.391,75.243,75.332,4283,0
20130829,75.517,75.967,75.517,75.732,74069,0
20130830,75.801,75.801,75.248,75.248,4889,0
20130903,75.92,75.92,75.419,75.723,898,0
20130904,76.028,76.411,76.028,76.331,8734,0
20130905,76.381,76.528,76.381,76.459,3692,0
20130906,76.788,76.934,76.104,76.525,11944,0
20130909,76.936,77.386,76.936,77.31,8186,0
20130910,77.674,77.903,77.669,77.903,19636,0
20130911,77.854,78.099,77.854,78.094,1592,0
20130912,78.275,78.333,78.07,78.08,7552,0
20130913,78.213,78.235,78.157,78.167,6562,0
20130916,78.832,78.945,78.593,78.593,9324,0
20130917,78.754,79.106,78.754,79.055,9523,0
20130918,79.135,80.162,78.905,80.005,9057,0
20130919,80.211,80.358,80.074,80.142,6111,0
20130920,80.111,80.13,79.561,79.629,843,0
20130923,79.453,79.454,78.972,79.208,254627,0
20130924,79.374,79.463,79.099,79.159,10292,0
20130925,79.266,79.266,78.785,78.785,6114,0
20130926,79.029,79.353,79.029,79.353,63471,0
20130927,78.992,79.099,78.893,78.893,101501,0
20130930,78.255,78.726,78.245,78.589,3770,0
20131001,79.344,79.414,79.149,79.314,7134,0
20131002,78.953,79.324,78.953,79.324,10088,0
20131003,79.109,79.109,78.225,78.658,5197,0
20131004,78.648,79.217,78.648,79.188,6114,0
20131007,78.864,78.913,78.53,78.53,5809,0
20131008,78.412,78.422,77.196,77.196,16388,0
20131009,77.303,77.373,76.843,77.048,7848,0
20131010,77.833,78.804,77.833,78.804,16306,0
20131011,79.089,79.394,79.089,79.394,6420,0
20131014,78.923,79.649,78.923,79.58,11210,0
20131015,79.551,79.669,79.119,79.198,11005,0
20131016,79.649,80.246,79.649,80.246,23338,0
20131017,80.101,80.719,80.001,80.709,7948,0
20131018,81.15,81.465,81.043,81.415,54318,0
20131021,81.592,81.592,81.258,81.425,197514,0
20131022,81.572,82.042,81.572,81.876,10803,0
20131023,81.445,81.582,81.238,81.502,7526,0
20131024,81.562,82.003,81.562,81.916,21809,0
20131025,82.307,82.317,81.936,82.317,19771,0
20131028,82.307,82.504,82.259,82.357,12637,0
20131029,82.661,82.769,82.465,82.749,9682,0
20131030,82.994,82.994,82.102,82.416,51362,0
20131031,82.032,82.543,82.012,82.307,3350,0
20131101,82.563,82.563,82.012,82.288,77452,0
20131104,82.494,82.631,82.357,82.622,20688,0
20131105,82.249,82.622,82.012,82.524,10803,0
20131106,82.661,82.838,82.416,82.671,17528,0
20131107,82.857,82.857,81.395,81.395,8765,0
20131108,81.572,82.435,81.542,82.435,7337,0
20131111,82.307,82.514,82.22,82.425,4586,0
20131112,82.259,82.465,82.249,82.249,1018,0
20131113,82.082,83.182,82.052,83.182,4484,0
20131114,83.387,83.662,83.24,83.642,7948,0
20131115,83.808,83.937,83.662,83.927,11210,0
20131118,84.084,84.163,83.358,83.387,12941,0
20131119,83.427,83.533,83.044,83.249,10292,0
20131120,83.328,83.487,82.681,82.809,4688,0
20131121,83.064,83.514,83.064,83.487,10088,0
20131122,83.662,83.996,83.642,83.977,55336,0
20131125,84.241,84.241,83.77,83.878,8765,0
20131126,84.27,84.349,84.26,84.349,611,0
20131127,84.27,84.418,84.221,84.418,13452,0
20131129,84.614,84.712,84.437,84.437,5199,0
20131202,84.565,84.565,84.093,84.103,12433,0
20131203,83.957,84.064,83.692,83.751,5288,0
20131204,83.524,84.084,83.162,83.798,7134,0
20131205,83.672,83.798,83.514,83.623,15999,0
20131206,84.28,84.456,84.119,84.339,9286,0
20131209,84.751,84.751,84.481,84.565,10903,0
20131210,84.418,84.545,84.26,84.339,10145,0
20131211,84.447,84.447,83.662,83.662,7441,0
20131212,83.447,83.447,83.034,83.231,8153,0
20131213,83.442,83.442,83.089,83.275,23659,0
20131216,83.937,83.937,83.662,83.76,11109,0
20131217,83.858,83.858,83.427,83.553,11414,0
20131218,83.633,84.722,83.064,84.722,20076,0
20131219,84.634,84.76,84.349,84.673,6522,0
20131220,84.866,85.492,84.836,85.29,17261,0
20131223,85.664,85.871,85.594,85.871,7853,0
20131224,85.95,86.107,85.95,86.098,4277,0
20131226,86.274,86.579,86.274,86.52,17074,0
20131227,87.329,87.329,86.333,86.373,15126,0
20131230,86.423,86.501,86.293,86.433,7918,0
20131231,86.49,86.875,86.49,86.836,12385,0
20140102,86.679,86.679,85.977,86.137,11532,0
20140103,86.273,86.289,85.882,85.882,18629,0
20140106,85.831,85.831,85.417,85.604,9441,0
20140107,85.881,86.218,85.871,86.14,11624,0
20140108,86.177,86.273,86.018,86.196,16283,0
20140109,86.413,86.491,85.937,86.293,4887,0
20140110,86.323,86.559,86.246,86.559,2537,0
20140113,86.453,86.58,85.28,85.344,8374,0
20140114,85.507,86.501,85.507,86.433,15634,0
20140115,86.659,87.004,86.649,86.895,7308,0
20140116,86.806,86.905,86.728,86.865,21927,0
20140117,86.865,86.924,86.491,86.491,5238,0
20140121,87.22,87.22,86.549,86.915,10354,0
20140122,86.994,87.15,86.895,87.122,6395,0
20140123,86.786,86.786,86.187,86.501,7512,0
20140124,85.851,86.077,84.698,84.698,17359,0
20140127,84.718,84.718,83.605,83.95,13196,0
20140128,83.989,84.55,83.989,84.452,21725,0
20140129,83.97,84.048,83.535,83.644,3554,0
20140130,84.442,85.013,84.442,84.679,12994,0
20140131,83.841,84.85,83.801,84.255,19087,0
20140203,84.225,84.225,82.214,82.214,14838,0
20140204,82.59,83.107,82.551,82.985,7058,0
20140205,82.679,83.014,82.176,82.837,17602,0
20140206,83.368,83.93,83.368,83.901,10134,0
20140207,84.482,85.151,84.254,85.151,13606,0
20140210,85.191,85.447,85.033,85.358,23494,0
20140211,85.546,86.358,85.546,86.358,10683,0
20140212,86.589,86.689,86.264,86.433,23842,0
20140213,85.969,87.074,85.969,87.004,6442,0
20140214,86.944,87.397,86.786,87.279,12664,0
20140218,87.436,87.585,87.16,87.449,29328,0
20140219,87.309,87.644,86.964,86.964,9440,0
20140220,86.954,87.674,86.934,87.614,29602,0
20140221,87.674,87.87,87.456,87.476,55617,0
20140224,87.811,88.432,87.427,87.89,23740,0
20140225,87.989,88.266,87.847,87.92,7044,0
20140226,88.186,88.416,87.84,88.037,6109,0
20140227,88.216,88.608,88.216,88.577,8058,0
20140228,88.658,89.181,88.353,88.599,13935,0
20140303,87.989,88.096,87.427,88.011,9075,0
20140304,88.963,89.457,88.963,89.404,17708,0
20140305,89.427,89.466,89.345,89.416,6169,0
20140306,89.653,89.653,89.403,89.403,5484,0
20140307,89.583,89.594,88.973,89.138,9417,0
20140310,89.229,89.269,88.767,89.162,8698,0
20140311,89.249,89.554,88.718,88.757,14099,0
20140312,88.382,88.829,88.276,88.796,4227,0
20140313,89.19,89.199,87.565,87.733,16430,0
20140314,87.674,87.999,87.516,87.535,18276,0
20140317,88.55,88.57,88.028,88.284,9076,0
20140318,88.58,89.092,88.531,89.033,11900,0
20140319,88.924,89.042,87.999,88.412,11003,0
20140320,88.312,88.777,88.056,88.737,10690,0
20140321,89.229,89.398,88.161,88.161,7837,0
20140324,88.483,88.551,87.138,87.69,6838,0
20140325,88.028,88.166,87.366,87.751,12926,0
20140326,88.166,88.236,87.098,87.098,8903,0
20140327,86.367,86.831,86.367,86.831,5278,0
20140328,87.01,87.602,86.918,87.039,37202,0
20140331,87.682,88.008,87.563,87.919,9315,0
20140401,88.206,88.769,88.206,88.73,22071,0
20140402,88.858,89.016,88.798,88.818,15823,0
20140403,89.004,89.004,88.429,88.503,17643,0
20140404,88.64,88.749,86.98,87.098,11914,0
20140407,86.743,87.01,85.843,86.515,20460,0
20140408,86.11,86.634,85.912,86.554,18181,0
20140409,86.881,87.741,86.707,87.741,6138,0
20140410,87.741,87.741,85.655,85.695,5288,0
20140411,85.171,85.595,84.775,84.785,14205,0
20140414,85.428,85.645,84.993,84.993,8452,0
20140415,85.813,85.932,84.548,85.932,9912,0
20140416,86.447,86.753,86.18,86.738,5328,0
20140417,86.821,87.227,86.664,87.049,18503,0
20140421,87,87.434,86.94,87.336,5250,0
20140422,87.721,88.226,87.721,88.054,9494,0
20140423,87.969,87.969,87.583,87.652,10984,0
20140424,88.284,88.284,87.414,87.839,5976,0
20140425,87.474,87.484,86.644,86.831,9655,0
20140428,87.217,87.563,86.15,87.069,17261,0
20140429,87.524,87.612,87.148,87.563,7558,0
20140430,87.454,87.78,87.454,87.761,3323,0
20140501,87.929,88.16,87.751,87.79,10287,0
20140502,88.047,88.246,87.811,87.88,5297,0
20140505,87.82,88.216,87.78,88.216,4427,0
20140506,87.849,88.096,87.414,87.434,6093,0
20140507,87.404,87.404,86.779,87.237,7059,0
20140508,87.474,88.186,87.208,87.391,9107,0
20140509,87.098,87.761,87.039,87.761,9936,0
20140512,87.959,88.792,87.959,88.779,10027,0
20140513,88.947,88.986,88.71,88.873,5429,0
20140514,88.71,88.71,88.3,88.3,4850,0
20140515,88.136,88.136,87.028,87.573,19446,0
20140516,87.79,87.897,87.346,87.89,9837,0
20140519,88.091,88.481,88.047,88.481,2410,0
20140520,88.136,88.423,87.583,87.839,38411,0
20140521,88.018,88.418,88.018,88.418,17363,0
20140522,88.818,89.036,88.7,88.858,49405,0
20140523,88.917,89.411,88.828,89.382,14952,0
20140527,89.638,89.955,89.638,89.948,7849,0
20140528,89.863,89.975,89.678,89.844,55745,0
20140529,90.005,90.308,89.975,90.308,14818,0
20140530,90.222,90.455,90.172,90.449,13191,0
20140602,90.399,90.602,90.282,90.58,5967,0
20140603,90.36,90.504,90.311,90.449,4960,0
20140604,90.38,90.745,90.232,90.706,7590,0
20140605,90.677,91.338,90.656,91.299,7442,0
20140606,91.595,91.672,91.547,91.652,6801,0
20140609,91.665,92.001,91.507,91.694,6430,0
20140610,91.655,91.665,91.487,91.665,6880,0
20140611,91.338,91.477,91.181,91.282,4900,0
20140612,91.338,91.338,90.538,90.564,6824,0
20140613,90.785,90.884,90.706,90.706,2138,0
20140616,90.785,90.974,90.706,90.894,6905,0
20140617,90.884,91.24,90.824,91.151,5561,0
20140618,91.201,91.813,90.993,91.813,5434,0
20140619,91.971,92.001,91.625,91.794,6511,0
20140620,91.961,91.961,91.813,91.934,5047,0
20140623,92.016,92.026,91.802,91.946,16125,0
20140624,91.828,92.229,91.371,91.414,10389,0
20140625,91.341,92.085,91.321,91.986,4321,0
20140626,91.887,91.89,91.371,91.887,75172,0
20140627,91.808,92.036,91.808,92.024,2288,0
20140630,92.283,92.363,92.281,92.292,2495,0
20140701,92.681,93.237,92.681,93.177,1969,0
20140702,92.959,93.197,92.949,93.078,3426,0
20140703,93.328,93.584,93.301,93.475,5665,0
20140707,93.336,93.385,93.028,93.097,4548,0
20140708,92.889,92.889,91.986,92.284,14460,0
20140709,92.363,92.808,92.334,92.708,6729,0
20140710,91.778,92.611,91.619,92.254,3735,0
20140711,92.383,92.572,92.329,92.552,3836,0
20140714,92.939,93.207,92.909,93.167,4361,0
20140715,93.157,93.266,92.234,92.596,14898,0
20140716,92.999,92.999,92.591,92.809,29184,0
20140717,92.403,92.7,91.678,91.678,6472,0
20140718,91.926,92.789,91.926,92.744,7561,0
20140721,92.383,92.581,92.373,92.581,3095,0
20140722,92.859,93.138,92.859,93.067,7966,0
20140723,93.326,93.445,93.227,93.326,6068,0
20140724,93.564,93.564,93.385,93.424,2208,0
20140725,93.028,93.028,92.79,92.879,4902,0
20140728,92.466,92.909,92.466,92.849,27837,0
20140729,93.137,93.137,92.631,92.631,2232,0
20140730,93.009,93.028,92.532,92.741,2556,0
20140731,92.135,92.135,90.955,90.993,13644,0
20140801,90.696,91.104,90.2,90.815,6301,0
20140804,90.875,91.371,90.726,91.371,3867,0
20140805,90.895,91.023,90.27,90.597,18993,0
20140806,89.972,90.825,89.972,90.538,10238,0
20140807,90.795,90.805,90.022,90.2,22804,0
20140808,90.3,91.033,90.15,91.033,7290,0
20140811,91.45,91.828,91.371,91.58,4249,0
20140812,91.441,91.619,91.033,91.301,8968,0
20140813,91.54,92.034,91.54,91.996,6567,0
20140814,92.264,92.403,92.264,92.375,6741,0
20140815,92.838,92.91,92.046,92.621,21058,0
20140818,93.167,93.494,93.167,93.373,9204,0
20140819,93.664,94.09,93.664,94.073,17743,0
20140820,93.961,94.338,93.961,94.279,6831,0
20140821,94.537,94.537,94.249,94.348,13721,0
20140822,94.239,94.567,94.14,94.447,5409,0
20140825,94.983,95.001,94.638,94.825,262613,0
20140826,94.983,95.072,94.913,94.943,8440,0
20140827,94.963,94.963,94.723,94.844,10039,0
20140828,94.577,94.825,94.577,94.804,15220,0
20140829,94.785,95.06,94.785,94.895,14475,0
20140902,95.251,95.32,94.825,95.003,38121,0
20140903,95.36,95.36,94.825,94.913,45090,0
20140904,95.033,95.37,94.556,94.557,50617,0
20140905,94.683,95.121,94.368,95.12,12107,0
20140908,95.132,95.221,94.785,94.976,6600,0
20140909,94.805,94.854,94.298,94.375,8815,0
20140910,94.318,94.883,94.318,94.864,7203,0
20140911,94.735,94.815,94.632,94.735,5020,0
20140912,94.477,94.683,94.07,94.288,9722,0
20140915,93.931,94.259,93.712,93.88,17173,0
20140916,93.782,94.745,93.604,94.715,13512,0
20140917,94.825,95.102,94.586,94.805,4612,0
20140918,95.043,95.281,94.963,95.261,12598,0
20140919,95.678,95.678,94.963,95.33,14667,0
20140922,95.01,95.01,94.034,94.23,20583,0
20140923,93.964,94.287,93.835,93.882,7762,0
20140924,94.034,94.771,93.676,94.771,17252,0
20140925,93.835,93.835,93.108,93.128,12859,0
20140926,93.556,94.114,93.407,94.064,5394,0
20140929,93.148,94.033,93.148,93.918,42777,0
20140930,94.084,94.084,93.477,93.828,15621,0
20141001,92.76,93.128,92.093,92.262,25979,0
20141002,92.342,92.491,91.217,92.361,62961,0
20141003,92.959,93.566,92.849,93.397,15626,0
20141006,93.755,93.775,93.009,93.241,11754,0
20141007,92.8,92.8,91.863,91.863,39296,0
20141008,91.744,93.108,91.455,93.105,5768,0
20141009,93.228,93.257,91.645,91.814,11953,0
20141010,91.684,91.904,90.622,90.622,22676,0
20141013,90.37,90.37,88.578,88.578,17034,0
20141014,89.136,89.604,88.499,88.658,231659,0
20141015,87.692,88.588,86.258,88.309,37862,0
20141016,86.925,88.937,86.816,88.389,22567,0
20141017,89.514,90.002,89.156,89.544,8321,0
20141020,89.405,90.486,89.405,90.44,6295,0
20141021,91.007,92.342,91.007,92.332,23930,0
20141022,92.439,92.66,91.548,91.565,19190,0
20141023,92.521,93.198,92.411,92.873,26827,0
20141024,92.969,93.467,92.829,93.467,9821,0
20141027,92.939,93.427,92.809,93.387,14547,0
20141028,93.477,94.412,93.477,94.412,15111,0
20141029,94.452,94.731,93.925,93.925,5801,0
20141030,94.392,95.179,94.233,94.981,17514,0
20141031,96.175,96.175,95.816,96.035,10554,0
20141103,96.27,96.434,96.105,96.105,9031,0
20141104,95.985,95.985,95.269,95.687,35258,0
20141105,96.243,96.384,95.806,95.929,8164,0
20141106,96.125,96.523,95.956,96.523,5987,0
20141107,96.204,96.633,96.202,96.461,14153,0
20141110,96.503,96.901,96.493,96.881,29080,0
20141111,96.911,97.071,96.752,96.971,9319,0
20141112,96.901,97.2,96.772,97.186,24871,0
20141113,97.3,97.565,96.941,97.209,34449,0
20141114,97.3,97.3,96.971,97.218,11297,0
20141117,97.17,97.369,96.971,97.11,24037,0
20141118,97.19,97.967,97.19,97.777,11456,0
20141119,97.638,97.638,97.269,97.608,9805,0
20141120,97.071,97.907,97.071,97.785,13203,0
20141121,98.952,98.952,98.116,98.285,16507,0
20141124,98.574,98.758,98.574,98.752,9896,0
20141125,98.982,99.072,98.733,98.838,13494,0
20141126,98.783,99.06,98.783,99.06,21848,0
20141128,99.161,99.38,99.032,99.261,2651,0
20141201,99.171,100.2,98.056,98.12,57830,0
20141202,98.206,98.604,98.206,98.507,9779,0
20141203,98.693,98.972,98.564,98.972,16639,0
20141204,98.733,99.102,98.534,98.806,45598,0
20141205,98.851,99.092,98.851,98.952,10605,0
20141208,98.952,99.011,97.937,98.11,12252,0
20141209,96.951,98.116,96.802,98.116,10793,0
20141210,97.967,97.993,96.575,96.852,14187,0
20141211,97.103,97.926,97.011,97.011,78397,0
20141212,96.364,96.742,95.806,95.806,8732,0
20141215,96.314,96.392,94.734,95.04,18718,0
20141216,94.651,95.984,93.974,94.034,34180,0
20141217,94.582,96.055,94.293,95.854,229169,0
20141218,97.13,98.17,97.09,98.17,14984,0
20141219,98.54,98.81,98.19,98.68,7738,0
20141222,98.58,98.99,98.56,98.9,28379,0
20141223,99.069,99.209,98.86,99.08,7630,0
20141224,99.14,99.33,99.13,99.29,3585,0
20141226,99.32,99.69,99.31,99.67,4633,0
20141229,99.34,99.68,99.34,99.6,20141,0
20141230,99.44,99.5,98.957,99.01,9450,0
20141231,99.26,99.32,98.06,98.06,8690,0
20150102,98.8,98.8,97.43,98.06,26031,0
20150105,97.63,97.63,96.139,96.366,16061,0
20150106,96.6,96.6,94.77,95.42,25426,0
20150107,96.3,96.67,96.01,96.585,12005,0
20150108,97.5,98.462,97.25,98.39,14282,0
20150109,98.68,98.68,97.331,97.623,142353,0
20150112,97.87,97.87,96.698,96.83,13185,0
20150113,97.59,98.35,96.134,96.81,30308,0
20150114,95.75,96.35,95.58,96.34,17532,0
20150115,96.78,96.89,95.47,95.6,30246,0
20150116,95.17,96.57,95.17,96.57,27328,0
