Date,Open,High,Low,Close,Volume,OpenInt
20110922,23.98,24.23,23.76,23.76,2300,0
20110923,23.33,23.33,23.33,23.33,193,0
20110926,23.42,23.42,23.42,23.42,1000,0
20110927,23.91,23.91,23.72,23.72,1600,0
20110928,23.78,23.78,23.5,23.5,400,0
20110929,24.29,25.16,24.29,25.16,1500,0
20110930,24.37,24.37,24.37,24.37,2000,0
20111005,23.47,23.47,23.47,23.47,100,0
20111007,24.15,24.15,24.15,24.15,100,0
20111011,24.51,24.51,24.51,24.51,200,0
20111014,26.43,26.43,25.99,26.24,425,0
20111017,26.17,26.31,26.17,26.31,200,0
20111019,26.25,26.25,25.58,25.58,400,0
20111021,25.51,25.51,25.09,25.09,400,0
20111024,25.35,25.35,25.35,25.35,200,0
20111026,25.28,25.28,25.28,25.28,200,0
20111027,25.52,25.52,25.52,25.52,100,0
20111028,25.59,25.59,25.4,25.4,1026,0
20111031,25.06,25.06,25.06,25.06,100,0
20111101,24.77,24.96,24.77,24.96,200,0
20111102,24.58,24.85,24.54,24.64,1573,0
20111108,25.13,25.16,24.81,25.16,350,0
20111109,24.7,24.7,24.7,24.7,100,0
20111110,24.78,24.78,24.69,24.69,600,0
20111114,24.29,24.29,24.06,24.06,400,0
20111116,24.04,24.05,24.04,24.05,305,0
20111118,23.67,23.67,23.67,23.67,100,0
20111121,23.88,23.88,23.88,23.88,200,0
20111125,22.86,22.86,22.86,22.86,400,0
20111129,23,23.21,23,23.21,1100,0
20111130,23.44,23.44,23.42,23.42,400,0
20111202,23.39,23.39,23.24,23.24,600,0
20111205,23.57,23.57,23.57,23.57,100,0
20111207,23.61,23.61,22.89,22.89,4093,0
20111208,23.4,23.66,23.4,23.66,600,0
20111212,22.96,23.68,22.8,23.68,1150,0
20111213,23.08,23.08,23,23,550,0
20111214,22.47,22.55,22.47,22.55,500,0
20111216,22.77,22.77,22.77,22.77,100,0
20111219,22.9,22.95,22.83,22.95,400,0
20111221,22.95,22.95,22.95,22.95,200,0
20111223,23.36,23.36,23.16,23.16,500,0
20111227,23.34,23.34,23.34,23.34,860,0
20111228,23.31,23.33,22.85,22.85,1400,0
20111229,22.98,22.98,22.98,22.98,100,0
20111230,22.93,22.93,22.93,22.93,100,0
20120103,23.68,23.81,23.68,23.81,200,0
20120104,23.93,24.33,23.93,24.33,752,0
20120105,23.5,23.52,22.6,22.84,1000,0
20120106,22.75,22.85,22.75,22.85,400,0
20120109,22.65,23.01,22.6,23,1400,0
20120111,23.3,23.3,23.3,23.3,200,0
20120112,23.1,23.1,23.04,23.04,200,0
20120113,22.95,22.95,22.95,22.95,900,0
20120117,23.44,23.44,23.19,23.21,800,0
20120119,23.54,23.62,23.54,23.62,1100,0
20120120,23.55,23.69,23.5,23.67,900,0
20120123,23.97,23.98,23.97,23.98,200,0
20120124,23.97,23.98,23.91,23.91,1000,0
20120125,23.8,23.81,23.75,23.8,1550,0
20120126,23.87,23.87,23.82,23.82,200,0
20120127,23.5,23.52,23.44,23.44,800,0
20120130,23.27,23.27,23.22,23.22,500,0
20120131,23.17,23.17,23.17,23.17,200,0
20120201,22.94,22.94,22.94,22.94,100,0
20120202,22.96,23.12,22.85,22.86,2700,0
20120203,23.21,23.21,23.12,23.13,1380,0
20120207,23.37,23.37,23.36,23.36,1900,0
20120208,23.45,23.45,23.45,23.45,823,0
20120210,23.5,23.5,23.5,23.5,300,0
20120214,23,23.02,22.91,23.02,2100,0
20120215,23.12,23.12,23.12,23.12,500,0
20120216,23.39,23.39,23.39,23.39,200,0
20120217,23.3,23.3,23.3,23.3,200,0
20120221,23.62,23.62,23.62,23.62,200,0
20120224,24.2,24.26,24.19,24.26,999,0
20120227,24.49,24.93,24.49,24.66,1650,0
20120228,24.54,24.59,24.54,24.59,1220,0
20120229,24.3,24.31,23.36,23.36,700,0
20120301,24.2,24.2,24.2,24.2,400,0
20120302,24.26,24.55,24.26,24.55,800,0
20120306,23.59,23.59,23.46,23.46,200,0
20120308,23.22,23.22,23.08,23.08,400,0
20120309,22.84,23.32,22.84,23.32,1000,0
20120312,22.69,22.69,22.69,22.69,100,0
20120313,23.05,23.27,23.05,23.27,200,0
20120320,24.16,24.16,24.16,24.16,100,0
20120326,24.14,24.14,23.29,23.62,55925,0
20120327,23.57,23.57,23.44,23.44,1500,0
20120329,23.54,23.54,23.44,23.44,2000,0
20120330,23.68,23.81,23.68,23.79,1600,0
20120403,23.55,23.57,23.51,23.54,2400,0
20120404,23.63,23.63,23.63,23.63,1000,0
20120405,23.79,23.79,23.77,23.78,2000,0
20120409,23.91,23.95,23.88,23.95,1200,0
20120412,23.46,23.46,23.46,23.46,200,0
20120413,23.02,23.02,23.02,23.02,300,0
20120416,22.51,22.51,22.4,22.4,3000,0
20120417,22.76,22.77,22.76,22.77,300,0
20120419,22.21,22.21,21.95,21.95,2630,0
20120423,21.73,21.73,21.73,21.73,1500,0
20120424,21.64,21.64,21.64,21.64,100,0
20120425,24.5,24.5,21.8,21.8,1201,0
20120427,21.33,21.33,21.33,21.33,2300,0
20120430,21.38,21.39,21.12,21.12,2070,0
20120501,20.98,20.98,20.98,20.98,2000,0
20120502,20.95,21.09,20.89,21.09,500,0
20120507,20.87,20.87,20.75,20.75,2450,0
20120508,20.73,20.73,20.09,20.57,2500,0
20120510,20.4,20.4,20.4,20.4,1600,0
20120518,20.38,20.4,20.38,20.4,3700,0
20120522,20,20,19.9,19.9,950,0
20120523,19.6,19.6,19.6,19.6,100,0
20120525,19.62,19.62,19.62,19.62,1600,0
20120529,19.59,19.59,19.59,19.59,250,0
20120530,19.38,19.44,19.38,19.41,1599,0
20120531,19.25,19.25,19.25,19.25,175,0
20120601,18.89,19.56,18.89,19.01,1700,0
20120604,19,19,19,19,1400,0
20120606,19.34,21.51,19.34,21.51,702,0
20120607,19.29,19.29,19.29,19.29,3000,0
20120611,19.33,19.33,19.3,19.3,600,0
20120612,19.19,19.19,19.15,19.15,5100,0
20120614,19.05,19.05,18.63,18.63,7000,0
20120615,18.99,19.75,18.4,19.19,14300,0
20120619,19.18,19.48,19.18,19.48,2400,0
20120621,19.65,19.69,19.02,19.02,11000,0
20120622,19.33,19.33,18.69,18.77,3685,0
20120625,18.7,18.8,18.7,18.8,1250,0
20120626,18.83,18.83,18.83,18.83,500,0
20120628,19.47,19.47,18.86,19.18,3703,0
20120702,19.47,19.48,19.47,19.47,1300,0
20120703,19.66,19.84,19.66,19.84,1030,0
20120705,19.98,20.18,19.98,20,4900,0
20120706,20.13,20.16,19.97,20,2400,0
20120709,20.47,20.85,20.45,20.82,3777,0
20120710,20.79,21.16,20.67,20.7,6013,0
20120711,20.81,21,20.64,21,9167,0
20120712,20.58,21.08,20.4,20.41,5300,0
20120713,20.63,20.89,20.57,20.76,22944,0
20120716,20.46,20.68,20.31,20.68,2700,0
20120717,20.6,20.76,20.6,20.69,1500,0
20120718,20.74,20.8,20.71,20.72,1000,0
20120719,20.75,20.82,20.49,20.78,4074,0
20120720,20.7,21.09,20.7,21.02,9058,0
20120723,20.98,21.03,20.84,21.02,2127,0
20120724,21.01,21.01,20.78,20.78,1407,0
20120725,20.83,20.83,20.83,20.83,200,0
20120726,20.48,21.08,19.75,19.88,5300,0
20120727,20.23,20.54,20.23,20.54,4240,0
20120730,20.54,20.56,20.54,20.56,1800,0
20120801,20.46,20.46,20.34,20.34,33603,0
20120802,20.23,20.23,19.97,20.07,8400,0
20120803,20.07,20.07,20,20,200,0
20120806,20,20,19.55,19.76,11137,0
20120807,19.58,19.6,19.58,19.6,515,0
20120808,19.55,19.55,19.41,19.41,1810,0
20120809,19.25,19.32,19.14,19.23,3220,0
20120813,19.05,19.05,19,19,300,0
20120814,18.93,18.94,18.82,18.82,400,0
20120815,18.98,19.06,18.98,19.02,800,0
20120816,18.97,19.05,18.8,18.8,1400,0
20120817,18.95,19.2,18.95,19.2,4305,0
20120820,19.16,19.16,19.16,19.16,600,0
20120821,18.8,18.86,18.53,18.53,765,0
20120822,18.65,18.71,18.65,18.71,788,0
20120823,18.71,18.76,18.53,18.76,2493,0
20120824,18.54,18.66,18.4,18.66,2739,0
20120827,18.55,18.62,18.37,18.37,1500,0
20120828,18.69,18.69,18.69,18.69,100,0
20120829,18.71,18.71,18.55,18.55,4692,0
20120830,18.75,18.83,18.65,18.83,1355,0
20120831,18.56,18.78,18.56,18.77,955,0
20120904,18.74,18.74,18.4,18.4,3549,0
20120905,18.3,18.3,18.26,18.26,1600,0
20120906,18.05,18.11,17.96,17.96,2900,0
20120907,18.15,18.34,18.15,18.33,1150,0
20120911,18.43,18.43,18.27,18.27,1000,0
20120912,18.7,18.7,18.55,18.55,6022,0
20120913,18.64,18.76,18.63,18.7,700,0
20120914,18.97,18.97,18.87,18.87,3499,0
20120917,18.9,18.9,18.84,18.84,700,0
20120918,18.42,18.42,18.32,18.32,1225,0
20120919,18.39,18.39,18,18,6965,0
20120921,18.42,18.48,18.03,18.35,4902,0
20120925,18.77,19.46,18.66,18.85,19803,0
20120926,18.67,18.67,18.4,18.44,13900,0
20120927,18.36,18.56,18.32,18.53,6650,0
20120928,18.44,18.44,18.41,18.41,1400,0
20121001,18.98,19.21,18.84,19.03,7318,0
20121002,19.15,19.56,19.14,19.56,29381,0
20121003,19.13,19.58,19.1,19.5,4667,0
20121004,19.46,19.55,19.01,19.48,46760,0
20121005,19.2,19.39,19.04,19.39,3800,0
20121008,19.16,19.39,19.12,19.25,5670,0
20121009,19.34,19.37,19.13,19.21,14175,0
20121010,19.07,19.19,18.92,18.93,51960,0
20121011,18.67,18.76,18.35,18.44,28273,0
20121012,18.21,18.23,17.95,18.21,19750,0
20121015,18.11,18.11,17.42,17.86,23200,0
20121016,17.96,18.14,17.94,18.14,3698,0
20121017,18.08,18.09,18.08,18.09,400,0
20121018,17.87,17.95,17.78,17.95,8766,0
20121019,17.93,18.49,17.93,18.17,54300,0
20121022,17.97,17.97,17.71,17.74,14600,0
20121023,17.7,17.7,17.58,17.64,6900,0
20121024,17.56,17.73,17.56,17.67,3300,0
20121025,17.53,17.59,17.5,17.58,3000,0
20121026,17.46,17.51,17.34,17.51,24774,0
20121031,17.72,17.75,17.33,17.55,9100,0
20121101,17.46,17.51,17.46,17.49,8700,0
20121102,17.51,17.72,17.5,17.62,16450,0
20121105,17.46,17.55,17.41,17.52,24101,0
20121106,17.77,17.88,17.72,17.77,43260,0
20121107,17.68,17.68,17.33,17.39,16511,0
20121108,17.18,17.3,17.13,17.21,10962,0
20121109,17.45,17.48,17.37,17.39,32003,0
20121112,17.43,17.65,17.43,17.49,28050,0
20121113,17.7,17.76,17.52,17.61,25350,0
20121114,17.56,17.58,17.2,17.46,1603,0
20121115,17.29,17.35,17.29,17.34,3300,0
20121116,17.26,17.42,17.26,17.37,7100,0
20121119,17.89,17.93,17.86,17.91,44400,0
20121120,17.82,17.98,17.82,17.83,21477,0
20121121,17.71,17.75,17.66,17.68,25976,0
20121123,17.41,17.44,17.32,17.39,15200,0
20121126,17.45,17.45,17.43,17.43,3100,0
20121127,17.54,17.56,17.43,17.47,12168,0
20121128,17.37,17.51,17.35,17.43,8836,0
20121129,17.52,17.54,17.5,17.53,4250,0
20121130,17.51,17.55,17.5,17.53,20403,0
20121203,17.88,17.95,17.75,17.81,26672,0
20121204,17.8,17.89,17.47,17.6,18340,0
20121205,17.56,17.73,17.5,17.71,11400,0
20121206,17.63,17.68,17.57,17.6,37885,0
20121207,17.54,17.6,17.49,17.55,34500,0
20121210,17.4,17.42,17.2,17.24,21350,0
20121211,17.2,17.37,17.2,17.28,53400,0
20121212,17.2,17.2,17.02,17.06,17421,0
20121213,16.93,17.12,16.9,17.07,16958,0
20121214,17.09,17.44,17.09,17.39,17479,0
20121217,17.56,17.73,17.52,17.64,14950,0
20121218,17.52,17.78,17.48,17.67,30350,0
20121219,17.67,17.67,17.56,17.63,59147,0
20121220,17.41,17.64,17.41,17.63,10383,0
20121221,17.64,17.69,17.55,17.55,33935,0
20121224,17.51,17.51,17.51,17.51,700,0
20121226,17.58,17.58,17.55,17.55,800,0
20121227,17.76,17.84,17.69,17.84,850,0
20121228,17.79,17.79,17.69,17.7,2225,0
20121231,17.85,17.86,17.63,17.84,4350,0
20130102,17.95,17.96,17.88,17.89,15800,0
20130103,17.57,17.63,17.38,17.47,22279,0
20130104,17.28,17.41,17.27,17.36,79400,0
20130107,17.42,17.48,17.27,17.45,35800,0
20130108,17.37,17.43,17.28,17.28,19200,0
20130109,17.27,17.45,17.21,17.43,24865,0
20130110,17.4,17.6,17.4,17.57,26050,0
20130111,17.56,17.68,17.56,17.67,8645,0
20130114,17.53,17.53,17.5,17.5,500,0
20130115,17.46,17.49,17.35,17.38,13325,0
20130116,17.22,17.25,17.11,17.22,16917,0
20130117,17.14,17.16,17.04,17.04,7585,0
20130118,17.09,17.1,17.03,17.06,3083,0
20130122,17,17,16.74,16.76,2873,0
20130123,16.94,16.94,16.94,16.94,500,0
20130124,16.79,17.04,16.79,17.04,1220,0
20130125,16.89,16.99,16.86,16.98,3948,0
20130128,17.22,17.22,17.16,17.22,3653,0
20130129,17,17,16.97,16.97,1039,0
20130130,17.18,17.25,16.95,17.23,1100,0
20130131,17.22,17.31,17.19,17.31,1000,0
20130201,17.31,17.36,17.18,17.23,40400,0
20130205,17.17,17.17,17.06,17.06,455,0
20130207,16.76,16.78,16.74,16.74,1700,0
20130208,16.7,16.8,16.68,16.8,3040,0
20130212,16.68,16.68,16.56,16.56,18798,0
20130213,16.73,16.73,16.59,16.66,2400,0
20130214,16.44,16.49,16.32,16.35,20710,0
20130215,16.25,16.25,16.21,16.21,4200,0
20130219,16.42,16.42,16.3,16.34,12905,0
20130220,16.59,16.61,16.48,16.54,17811,0
20130221,16.48,16.48,16.44,16.48,3600,0
20130222,16.69,16.72,16.64,16.69,9625,0
20130225,16.7,16.7,16.48,16.48,3970,0
20130226,16.55,16.63,16.55,16.56,1000,0
20130227,16.6,16.69,16.59,16.59,4400,0
20130228,16.66,16.66,16.66,16.66,760,0
20130301,16.51,16.51,16.51,16.51,1425,0
20130304,16.56,16.56,16.56,16.56,150,0
20130305,16.53,16.62,16.53,16.57,685,0
20130306,16.62,16.62,16.5,16.51,14200,0
20130307,16.72,16.91,16.72,16.89,6668,0
20130308,17.02,17.02,16.74,16.74,9190,0
20130311,17.03,17.05,16.95,17,2993,0
20130312,16.85,17.01,16.65,17.01,1363,0
20130314,17.06,17.06,17.06,17.06,100,0
20130315,16.96,17,16.96,17,1436,0
20130318,16.72,16.75,16.54,16.66,5471,0
20130319,16.76,16.8,16.72,16.76,640,0
20130320,16.76,16.76,16.76,16.76,1000,0
20130322,16.67,16.67,16.6,16.6,600,0
20130325,16.5,16.5,16.34,16.34,1700,0
20130326,16.36,16.38,16.26,16.28,1903,0
20130327,16.25,16.32,16.22,16.26,1855,0
20130328,16.22,16.22,16.09,16.09,2991,0
20130403,16.06,16.11,16,16,1399,0
20130404,16.02,16.02,16.01,16.02,800,0
20130405,15.9,16.11,15.9,16.03,1368,0
20130408,15.97,15.97,15.97,15.97,100,0
20130409,16.11,16.11,16.11,16.11,513,0
20130410,16.11,16.2,16.11,16.13,1500,0
20130411,16.13,16.13,16.13,16.13,240,0
20130412,16.16,16.19,16.16,16.18,550,0
20130415,15.95,15.95,15.9,15.94,590,0
20130416,16.16,16.16,16.07,16.07,440,0
20130417,16.07,16.07,15.98,15.98,476,0
20130418,15.91,15.94,15.91,15.94,200,0
20130419,16.14,16.19,16.06,16.19,2149,0
20130424,15.95,15.95,15.78,15.78,1000,0
20130425,15.79,15.79,15.75,15.79,1477,0
20130426,15.8,15.8,15.8,15.8,450,0
20130429,15.72,15.89,15.72,15.89,388,0
20130501,15.97,15.97,15.81,15.81,215,0
20130502,15.89,15.9,15.89,15.9,275,0
20130503,15.95,15.99,15.94,15.99,353,0
20130506,16.03,16.17,16.03,16.06,1625,0
20130507,15.99,15.99,15.99,15.99,400,0
20130509,16.59,16.59,15.9,15.9,637,0
20130510,15.85,15.85,15.81,15.81,500,0
20130513,15.5,15.83,15.07,15.76,1685,0
20130515,15.49,15.49,15.43,15.44,2600,0
20130516,15.6,15.6,15.37,15.38,4399,0
20130517,15.17,15.4,15.17,15.4,1979,0
20130520,15.32,15.32,15.32,15.32,324,0
20130522,15.41,15.41,15.18,15.18,450,0
20130523,15.36,15.4,15.28,15.28,4013,0
20130528,15.38,15.38,15.26,15.26,4306,0
20130530,15.13,15.13,15.13,15.13,324,0
20130531,15.08,15.11,15.08,15.11,1203,0
20130603,15,15.01,14.98,14.98,1000,0
20130604,14.94,14.94,14.94,14.94,208,0
20130605,14.91,14.91,14.83,14.89,1968,0
20130607,14.94,14.96,14.9,14.92,4021,0
20130610,15.95,15.95,14.92,14.92,1231,0
20130613,14.76,14.79,14.76,14.79,1656,0
20130614,14.98,14.99,14.98,14.98,700,0
20130617,15.26,15.3,15.02,15.12,8658,0
20130618,15.15,15.15,15.01,15.01,1356,0
20130620,14.81,14.81,14.69,14.69,676,0
20130621,14.8,14.94,14.78,14.94,787,0
20130624,14.99,15.05,14.99,15.05,1400,0
20130625,15.23,15.23,15.08,15.08,650,0
20130626,15.09,15.17,15.09,15.17,477,0
20130627,15.03,15.03,14.91,14.91,277,0
20130628,14.91,14.92,14.91,14.92,965,0
20130701,14.85,14.85,14.85,14.85,200,0
20130702,14.64,14.64,14.6,14.62,700,0
20130705,14.36,14.38,14.36,14.38,600,0
20130709,14.4,14.4,14.35,14.35,400,0
20130710,14.52,14.52,14.34,14.34,900,0
20130711,14.26,14.26,14.22,14.23,1300,0
20130716,14.27,14.27,14.27,14.27,200,0
20130717,14.1,14.18,14.1,14.16,1200,0
20130718,14.31,14.31,14.29,14.29,1300,0
20130719,14.22,14.27,14.2,14.27,800,0
20130725,14.2,14.26,14.2,14.26,268,0
20130730,14.53,14.53,14.53,14.53,300,0
20130731,14.49,14.53,14.49,14.53,425,0
20130801,14.54,14.54,14.54,14.54,2150,0
20130806,14.43,14.43,14.43,14.43,100,0
20130807,14.63,14.63,14.63,14.63,100,0
20130812,14.64,14.64,14.64,14.64,200,0
20130815,14.68,14.82,14.65,14.73,2073,0
20130816,14.67,14.67,14.67,14.67,300,0
20130819,14.36,14.36,14.33,14.33,2150,0
20130820,14.4,14.49,14.25,14.35,9800,0
20130821,14.15,14.21,14.15,14.18,1700,0
20130822,14.05,14.13,14.05,14.13,1740,0
20130826,14.28,14.33,14.28,14.33,3760,0
20130827,14.63,14.63,14.16,14.23,3730,0
20130828,14.2,14.24,14.2,14.24,321,0
20130904,14.24,14.32,14.2,14.2,16061,0
20130905,14.36,14.37,14.36,14.37,2140,0
20130906,14.51,14.51,14.38,14.38,800,0
20130910,14.64,14.8,14.64,14.8,761,0
20130911,15,15,14.76,14.79,3150,0
20130912,14.96,14.96,14.84,14.84,2000,0
20130913,14.52,14.83,14.52,14.79,2600,0
20130916,14.8,14.89,14.3,14.71,3680,0
20130917,14.8,14.8,14.55,14.63,2750,0
20130918,14.79,14.79,14.61,14.7,2310,0
20130919,14.88,14.94,14.82,14.94,2794,0
20130920,14.95,14.95,14.89,14.89,400,0
20130923,14.86,14.86,14.86,14.86,300,0
20130924,15,15.05,15,15.05,2250,0
20130925,15.16,15.16,15.16,15.16,100,0
20130926,15.21,15.22,15.21,15.22,380,0
20130930,15.2,15.21,15.14,15.19,1050,0
20131001,15.18,15.24,15.18,15.24,1240,0
20131002,15.4,15.44,15.4,15.44,4100,0
20131003,15.51,15.56,15.48,15.56,2496,0
20131004,14.17,15.41,14.17,15.4,720,0
20131007,15.35,15.54,15.35,15.54,4100,0
20131008,15.52,15.56,15.51,15.51,2200,0
20131009,15.53,15.54,15.53,15.53,1156,0
20131010,15.55,15.66,15.55,15.66,1625,0
20131014,15.8,15.86,15.75,15.86,2400,0
20131015,15.65,15.65,15.6,15.6,300,0
20131016,15.69,15.8,15.69,15.8,1555,0
20131017,15.76,15.83,15.76,15.83,970,0
20131018,15.97,16,15.88,16,2728,0
20131021,15.93,16.57,15.93,16.57,8190,0
20131022,15.94,16.03,15.94,16.03,1350,0
20131023,15.98,15.98,15.85,15.85,6200,0
20131024,15.76,15.76,15.68,15.71,1290,0
20131025,15.79,15.79,15.7,15.71,646,0
20131028,15.65,15.65,15.55,15.59,1400,0
20131029,15.34,15.38,15.34,15.38,5100,0
20131030,15.41,15.41,15.29,15.35,304,0
20131031,15.3,15.3,15.23,15.23,2400,0
20131101,15.21,15.21,15.2,15.21,2403,0
20131104,15.21,15.21,15.21,15.21,200,0
20131106,15.15,15.15,15.15,15.15,100,0
20131107,15.06,15.08,15.02,15.03,900,0
20131108,15,15,15,15,133,0
20131111,14.51,14.95,14.51,14.95,700,0
20131112,14.83,15,14.83,15,765,0
20131114,14.73,14.73,14.73,14.73,200,0
20131115,14.73,14.73,14.73,14.73,305,0
20131119,14.83,14.83,14.83,14.83,600,0
20131120,14.79,14.85,14.79,14.85,400,0
20131121,14.85,14.85,14.85,14.85,737,0
20131122,14.8,14.8,14.8,14.8,100,0
20131125,14.74,14.74,14.74,14.74,100,0
20131127,14.5,14.7,14.5,14.7,869,0
20131202,14.48,14.55,14.48,14.55,500,0
20131203,14.33,14.34,14.3,14.31,6859,0
20131204,14.32,14.32,14.26,14.32,1600,0
20131205,14.28,14.28,14.28,14.28,200,0
20131209,14.19,14.19,14.19,14.19,230,0
20131210,14.32,14.32,13.8,13.97,1115,0
20131219,13.63,13.75,13.61,13.75,1435,0
20131223,13.96,13.96,13.86,13.86,416,0
20131224,14,14,14,14,243,0
20131226,14.1,14.1,13.76,13.76,570,0
20131227,13.93,14.1,13.93,14.09,1427,0
20131230,14.15,14.15,13.98,14.01,1645,0
20131231,14.14,14.14,14.05,14.05,6202,0
20140102,13.9,13.9,13.9,13.9,2800,0
20140103,14.08,14.08,13.9,13.9,205,0
20140106,13.98,13.98,13.75,13.75,1190,0
20140108,13.7,13.7,13.7,13.7,150,0
20140109,13.33,13.33,13.33,13.33,304,0
20140110,13.28,13.41,13.28,13.4,6398,0
20140113,13.39,13.39,13.3,13.3,988,0
20140114,13.41,13.7,13.41,13.7,1896,0
20140115,13.3,13.6,13.2,13.35,4030,0
20140116,13.37,13.5,13.37,13.5,800,0
20140117,13.28,13.3,13.2,13.25,1900,0
20140121,13.15,13.24,13.14,13.23,1448,0
20140122,13.1,13.25,13.1,13.25,492,0
20140123,13.2,13.2,13.13,13.17,1169,0
20140127,13,13.02,12.93,12.94,1824,0
20140128,13.09,13.09,13.07,13.07,1272,0
20140130,13.08,13.08,13.08,13.08,345,0
20140131,13.42,13.65,13.42,13.46,1370,0
20140203,13.55,13.57,13.54,13.57,2115,0
20140204,14.1,14.57,13.87,13.88,6322,0
20140205,13.96,13.96,13.96,13.96,218,0
20140206,13.73,13.86,13.72,13.74,1253,0
20140207,13.73,13.78,13.73,13.78,1113,0
20140210,13.61,13.62,13.61,13.62,459,0
20140211,13.59,14.5,13.51,14.5,1582,0
20140212,13.99,14.41,13.44,14.4,4060,0
20140213,13.76,13.9,13.67,13.9,5520,0
20140214,13.01,13.32,13.01,13.32,360,0
20140218,14.01,14.45,13.97,14.45,1300,0
20140219,14.85,14.85,14.19,14.28,9265,0
20140220,14.29,14.29,14.28,14.28,1417,0
20140221,14.4,14.7,14.36,14.56,2920,0
20140224,14.74,15.2,14.66,15.2,8887,0
20140225,15.05,16.45,14.5,16.45,33269,0
20140226,14.67,14.9,14.53,14.9,7625,0
20140227,14.99,15.99,14.99,15.75,4436,0
20140228,14.91,15.05,14.64,14.72,6570,0
20140303,15.01,15.12,14.99,15.1,8168,0
20140304,14.99,14.99,14.99,14.99,1050,0
20140305,15.36,15.36,15.25,15.25,1395,0
20140306,15.3,15.31,15.2,15.2,3675,0
20140307,14.65,15.02,14.65,14.97,2191,0
20140310,15.1,15.15,15.1,15.15,2586,0
20140311,15.28,15.29,15.12,15.25,5630,0
20140312,15.15,15.23,15.06,15.06,2622,0
20140313,14.92,15.07,14.65,14.69,8938,0
20140314,14.43,14.78,14.43,14.64,1560,0
20140317,14.75,14.75,14.65,14.65,2042,0
20140318,14.6,14.75,14.41,14.71,26968,0
20140319,14.77,15.08,14.77,15.08,1478,0
20140320,14.77,15.02,14.41,14.42,3163,0
20140321,14.45,14.52,14.41,14.52,1815,0
20140324,14.53,14.53,14.12,14.12,810,0
20140325,14.6,14.64,14.3,14.64,2550,0
20140326,15,15,14.71,14.71,5800,0
20140327,15.19,15.35,14.15,14.15,14931,0
20140328,15.23,15.31,14.2,14.2,4177,0
20140331,15.2,15.23,15.09,15.22,1048,0
20140401,15.12,15.12,14.66,14.88,17870,0
20140402,14.67,14.81,14.67,14.78,4620,0
20140403,14.7,15.22,14.59,14.86,22740,0
20140404,14.82,15.28,14.8,15.28,6461,0
20140407,14.9,14.9,14.82,14.82,1040,0
20140408,14.9,14.9,14.4,14.4,4563,0
20140409,14.86,15.04,14.82,15.04,18769,0
20140410,14.95,15.02,14.22,14.22,2200,0
20140411,14.7,14.91,14.7,14.88,11198,0
20140415,14.89,14.91,14.74,14.82,46900,0
20140416,15.03,15.15,14.99,15.14,13596,0
20140417,14.67,15.63,14.27,14.77,4025,0
20140421,14.74,14.74,14.74,14.74,345,0
20140422,15.08,15.26,14.9,15.26,23640,0
20140423,15.2,15.2,15.1,15.11,5296,0
20140424,15.1,15.1,14.89,14.99,6560,0
20140425,15.09,15.17,15.03,15.05,2062,0
20140428,14.97,14.99,14.79,14.86,20461,0
20140429,14.84,15,14.84,14.89,41642,0
20140430,15.01,16.07,15.01,15.2,18669,0
20140501,15.15,15.26,15.1,15.26,8397,0
20140502,15.03,15.52,14.85,14.85,21256,0
20140505,14.85,15.14,14.83,14.93,26057,0
20140506,14.75,15.3,14.68,15.18,10545,0
20140507,14.83,14.92,14.81,14.92,4400,0
20140508,14.79,15.53,14.68,15.53,3093,0
20140509,14.73,14.9,14.72,14.83,5764,0
20140512,14.83,15.36,14.56,15.36,10969,0
20140513,15.18,15.18,15.18,15.18,1077,0
20140514,15.25,15.26,15.2,15.2,2333,0
20140515,15.26,15.44,15.21,15.28,22402,0
20140516,15.27,15.27,15.05,15.22,14801,0
20140519,15.2,15.24,15,15,19377,0
20140520,15.31,15.31,15,15.21,27353,0
20140521,14.85,15.1,14.77,14.85,16179,0
20140522,15.03,15.48,15.01,15.11,12400,0
20140523,14.9,15.21,14.9,15,9181,0
20140527,14.83,14.84,14.65,14.75,13378,0
20140528,14.7,14.86,14.5,14.51,17851,0
20140529,14.93,14.98,14.86,14.98,5560,0
20140603,14.94,14.94,14.65,14.65,580,0
20140604,14.8,14.8,14.55,14.56,1790,0
20140605,14.61,14.61,14.55,14.55,656,0
20140606,14.55,14.69,14.55,14.69,3500,0
20140609,14.66,14.74,14.6,14.68,5650,0
20140610,14.7,14.7,14.62,14.62,1300,0
20140611,14.62,14.62,14.51,14.51,728,0
20140612,14.5,14.5,14.5,14.5,1390,0
20140613,14.65,14.75,14.63,14.75,1334,0
20140616,14.86,14.86,14.8,14.8,2977,0
20140618,14.89,14.89,14.88,14.89,710,0
20140619,15.25,15.35,15.22,15.3,3988,0
20140620,15.39,15.39,15.3,15.39,940,0
20140623,15.21,15.3,15.21,15.3,500,0
20140624,15.27,15.37,15.27,15.36,1050,0
20140625,15.22,15.47,15.22,15.45,6565,0
20140626,15.24,15.24,15.24,15.24,463,0
20140627,15.22,15.51,15.18,15.5,21025,0
20140630,14.96,15.1,14.92,15.1,1155,0
20140701,15,15,14.96,14.96,1053,0
20140702,14.84,14.91,14.79,14.9,6100,0
20140703,14.9,14.93,14.9,14.9,333,0
20140707,14.79,14.85,14.52,14.85,1935,0
20140708,14.85,16,14.62,14.62,2070,0
20140709,14.72,14.72,14.5,14.5,4225,0
20140710,14.57,14.75,14.57,14.73,1000,0
20140711,14.68,14.68,14.5,14.51,4600,0
20140714,14.69,14.69,14.61,14.69,454,0
20140715,14.51,14.51,14.51,14.51,1200,0
20140716,14.53,14.66,14.48,14.48,5665,0
20140717,14.65,14.65,14.24,14.24,3935,0
20140718,14.3,14.3,14,14.2,4344,0
20140721,14.45,14.46,13.84,14.45,4867,0
20140722,14.45,14.67,14.02,14.29,2661,0
20140723,14.5,14.5,14.44,14.49,2900,0
20140724,14.75,14.75,14.75,14.75,442,0
20140725,15,15,14.85,14.85,720,0
20140728,14.7,14.7,14.6,14.7,1280,0
20140729,14.53,14.53,14.5,14.5,600,0
20140730,14.36,14.37,14.36,14.37,600,0
20140731,14.26,14.26,14.19,14.2,900,0
20140801,14.21,14.21,14.15,14.2,1332,0
20140804,14.27,14.4,14.27,14.4,274,0
20140805,14.4,14.42,14.33,14.4,5734,0
20140806,14.37,14.37,14.27,14.28,4539,0
20140807,14.23,14.28,14.17,14.17,1200,0
20140808,14,14.18,14,14.16,1250,0
20140811,14.05,14.32,14,14.28,1825,0
20140812,14.27,14.28,14.2,14.2,8209,0
20140813,14.09,14.56,14.03,14.27,39400,0
20140814,14.04,14.09,14.04,14.09,204,0
20140815,14,14.11,13.83,14.04,16503,0
20140818,14.13,14.13,14.13,14.13,501,0
20140819,13.86,13.86,13.61,13.61,4938,0
20140820,13.8,13.95,13.77,13.95,5765,0
20140821,14.15,14.15,14.12,14.12,500,0
20140822,14.14,14.14,13.81,14.05,454,0
20140825,13.89,14,13.84,14,1087,0
20140826,14.05,14.05,13.94,13.94,550,0
20140827,14.05,14.06,13.96,13.96,2090,0
20140828,14.18,14.18,14.18,14.18,130,0
20140829,14.09,14.09,14.09,14.09,404,0
20140902,14.27,14.27,14.02,14.07,1788,0
20140903,13.98,14.08,13.98,14,3884,0
20140904,13.91,14.02,13.89,13.89,14121,0
20140905,14.05,14.05,13.88,13.88,1330,0
20140908,13.98,13.98,13.91,13.91,401,0
20140909,13.88,13.88,13.88,13.88,601,0
20140910,13.5,13.54,13.21,13.51,3451,0
20140911,13.49,13.49,13.49,13.49,124,0
20140912,13.21,13.4,13.2,13.2,6122,0
20140915,13.2,13.2,13.01,13.12,2531,0
20140916,13.18,13.65,13.01,13.65,3379,0
20140917,13.04,13.4,12.94,13.18,4847,0
20140918,13.08,13.98,12.94,13.98,5060,0
20140919,13,13,12.8,12.8,6480,0
20140922,12.6,12.71,12.6,12.65,4555,0
20140923,12.76,12.9,12.64,12.64,1169,0
20140924,12.83,12.91,12.73,12.84,3062,0
20140925,13.01,13.06,12.82,12.99,1857,0
20140926,13,13.11,12.98,13.08,1953,0
20140929,13.17,13.18,13.16,13.18,300,0
20140930,13.15,13.15,13.15,13.15,200,0
20141001,12.94,12.94,12.91,12.94,962,0
20141002,12.92,12.92,12.9,12.9,2149,0
20141003,13,13,13,13,1201,0
20141006,13.23,13.93,13.21,13.93,1500,0
20141007,13.51,13.51,13.51,13.51,662,0
20141008,13.31,13.51,13.3,13.32,1802,0
20141009,13.41,13.45,13.41,13.45,1567,0
20141010,13.26,13.7,13.25,13.7,1238,0
20141013,13.75,13.75,13.33,13.37,13115,0
20141014,13.38,13.38,13.35,13.35,1100,0
20141016,13.25,13.37,13.2,13.2,841,0
20141017,13.17,13.25,13.14,13.14,2286,0
20141020,13.2,13.37,13.2,13.23,4297,0
20141023,13.14,13.2,13.1,13.19,13708,0
20141024,13.05,13.1,13.05,13.1,879,0
20141027,13.05,13.05,13.05,13.05,972,0
20141028,12.87,13.1,12.85,12.94,13219,0
20141030,12.81,13.27,12.81,12.86,14875,0
20141031,12.82,12.82,12.82,12.82,478,0
20141103,12.84,14.19,12.82,13.18,4636,0
20141104,12.91,13.1,12.76,12.8,8819,0
20141105,12.75,12.75,12.6,12.6,2801,0
20141106,12.65,12.65,12.61,12.61,1409,0
20141107,12.85,12.86,12.67,12.67,1780,0
20141110,12.69,12.7,12.67,12.7,2314,0
20141111,12.93,13.07,12.89,13.07,5965,0
20141112,13.13,13.28,13.07,13.21,11992,0
20141113,13,13.1,12.83,12.97,5098,0
20141114,12.9,12.9,12.9,12.9,207,0
20141117,12.79,12.8,12.72,12.74,3073,0
20141118,12.79,12.79,12.79,12.79,200,0
20141119,12.9,14.45,12.89,12.97,13064,0
20141120,13,13.07,12.94,13,4873,0
20141121,12.9,13.15,12.86,13.12,3766,0
20141124,12.97,12.97,12.85,12.85,818,0
20141125,12.86,12.99,12.78,12.99,2450,0
20141126,12.88,13.09,12.88,13.09,2488,0
20141128,12.66,12.7,12.6,12.6,8321,0
20141201,12.51,12.66,12.51,12.58,1718,0
20141202,12.51,12.55,12.4,12.44,10736,0
20141203,12.25,12.34,12.15,12.15,2452,0
20141204,12.19,12.23,12.19,12.23,407,0
20141205,12.21,12.26,12.21,12.26,800,0
20141208,12.34,12.34,12.29,12.31,673,0
20141209,12.31,12.48,12.31,12.48,1192,0
20141210,12.49,12.5,12.49,12.5,1530,0
20141211,12.3,12.39,12.16,12.16,1396,0
20141212,12.2,12.21,12,12,2234,0
20141215,12.13,12.3,12,12.05,1076,0
20141216,12.01,12.03,11.79,11.95,5131,0
20141217,11.97,11.98,11.82,11.82,1115,0
20141218,11.95,11.96,11.95,11.96,668,0
20141219,11.96,12.35,11.96,12.35,400,0
20141222,12.16,12.19,12,12.15,8809,0
20141223,12,12.2,12,12.2,1338,0
20141224,11.99,12,11.97,12,950,0
20141226,11.96,11.96,11.79,11.79,1090,0
20141229,11.87,12,11.86,12,2932,0
20141230,11.93,11.93,11.8,11.8,3387,0
20141231,11.79,11.88,11.79,11.88,5202,0
20150102,11.59,11.6,11.46,11.59,4637,0
20150105,11.6,11.6,11.45,11.45,1695,0
20150106,11.7,11.94,11.7,11.86,9753,0
20150107,11.9,11.94,11.71,11.71,350,0
20150108,12,12.08,11.87,12.07,1974,0
20150109,12.09,12.09,11.95,11.96,1342,0
20150112,11.86,11.9,11.76,11.76,1885,0
20150113,11.85,11.9,11.85,11.89,2285,0
20150114,12.09,12.09,12.03,12.07,2613,0
20150115,12.2,12.22,12.2,12.22,450,0
