Date,Open,High,Low,Close,Volume,OpenInt
20101118,956.1,956.1,926.5,927.7,300,0
20101119,991.5,991.5,940.2,940.2,300,0
20101122,957.4,963.4,924.5,924.5,175,0
20101123,975.9,975.9,967.8,967.8,80,0
20101124,915.4,924,912.5,912.5,450,0
20101129,1006.7,1048.2,1006.7,1009,2510,0
20101130,1050,1060,1036.4,1039.4,353,0
20101201,970,988.5,967,988.5,1940,0
20101202,882,882,870,870,88,0
20101203,878.8,878.8,816.5,816.5,420,0
20101206,822,822,798.1,798.1,140,0
20101207,751.2,755,751.2,755,250,0
20101208,771.5,774.2,771.4,773.8,278,0
20101209,730.8,742.8,720.3,720.3,250,0
20101213,660,669.1,660,666.2,250,0
20101214,674.3,693.1,673.3,693.1,250,0
20101215,701,701,666.8,701,210,0
20101216,697,697,697,697,60,0
20101220,660.7,667.5,658.1,664.4,2383,0
20101221,652.4,652.4,652.2,652.2,70,0
20101223,659.5,659.5,659.5,659.5,30,0
20101227,688.1,691.3,688.1,690,324,0
20101228,694.9,694.9,691.1,691.1,40,0
20110103,657.5,657.5,652.1,652.1,40,0
20110104,674.1,674.1,674.1,674.1,20,0
20110105,653.8,653.8,653.8,653.8,20,0
20110106,622.3,630.9,622.3,630.7,220,0
20110107,628.6,628.6,628.6,628.6,20,0
20110110,646.5,647.6,646.5,647.6,20,0
20110111,610,613.6,603.2,606.4,206,0
20110113,576.5,576.5,561.9,561.9,700,0
20110114,543,543,535.5,535.5,60,0
20110118,528.2,528.2,503.6,503.6,200,0
20110119,526.6,544.9,526.5,544.9,70,0
20110120,555.1,555.1,533.8,534.3,580,0
20110121,513.7,540,513.7,538.5,8940,0
20110125,521.2,539.2,515,515.7,380,0
20110126,508,508,468.5,468.5,5800,0
20110127,471.8,471.8,471.8,471.8,10,0
20110128,507.5,511.7,507,507.7,586,0
20110131,496.2,496.2,489.8,490,200,0
20110201,465.1,465.1,454.3,454.3,205,0
20110204,435.8,441.3,431.8,435,420,0
20110207,415.4,415.4,400.4,406.5,393,0
20110208,410.3,410.3,395.7,395.7,40,0
20110209,402,409.1,396.5,409.1,60,0
20110210,409.2,409.2,392.5,392.5,510,0
20110211,391.4,391.4,383.8,385,640,0
20110214,381.7,381.7,381.7,381.7,60,0
20110215,375.2,386.1,375.2,386.1,290,0
20110216,375.3,386,372.1,381.2,130,0
20110218,404.2,404.2,404.2,404.2,40,0
20110222,458.6,492,436.7,486.5,928,0
20110223,500,531.3,485,516.4,710,0
20110224,525,525,510,519.5,170,0
20110225,472.8,472.8,472.8,472.8,20,0
20110228,440.1,440.1,440.1,440.1,10,0
20110301,444.5,477.5,444.5,477.5,20,0
20110302,485.8,485.8,475.3,475.3,190,0
20110303,448.5,448.5,447.5,447.5,60,0
20110304,463.2,463.2,463.2,463.2,10,0
20110307,475.2,498.8,475.2,486.7,410,0
20110308,477.9,477.9,477.9,477.9,10,0
20110309,486.3,486.3,486.3,486.3,10,0
20110310,525,532,519,530,1160,0
20110311,550,550,514.8,514.8,127,0
20110314,520,535,520,535,50,0
20110315,603.1,603.1,546.3,546.3,979,0
20110316,570,636.3,570,624.4,420,0
20110317,561.1,577.1,555,561.8,825,0
20110318,531.3,539.9,531.3,539.9,60,0
20110321,470,490.3,460.8,460.8,220,0
20110322,465.8,471.4,458.4,462.5,443,0
20110323,460,462,447.5,447.5,60,0
20110324,433,441.5,426.9,432.7,700,0
20110325,424.4,433.7,407.9,433.7,3651,0
20110328,421.7,435.1,420,435.1,325,0
20110329,438.8,441.3,418.5,418.5,187,0
20110330,403.3,405,397,398,110,0
20110331,400.1,401.6,398.8,399.2,320,0
20110401,388,394.6,381.8,394.6,958,0
20110404,393.1,396.7,392.8,392.8,200,0
20110405,391.3,391.3,379,384.2,295,0
20110406,376.7,391.3,376,381.8,1666,0
20110407,384.9,399.1,379.7,387,225,0
20110408,380,407.7,378,407.7,120,0
20110411,392.8,412.8,392.8,412.8,75,0
20110412,430,430.1,427.2,427.8,300,0
20110413,417.6,417.6,410.6,417.6,570,0
20110414,428.7,431.1,407.5,416.9,1254,0
20110415,407.8,425,395.9,407.1,4887,0
20110418,438.1,448,426,426,528,0
20110419,420.8,420.8,400.6,400.6,65,0
20110420,373.8,373.8,363.7,370,812,0
20110421,369.4,373.1,359.3,361.5,475,0
20110425,355.1,356,348,350.4,520,0
20110426,330,330,322.9,324.2,125,0
20110427,319.2,335.5,307.5,309.8,692,0
20110428,308.7,308.7,297.9,298.8,570,0
20110429,293.1,293.1,290.1,290.1,70,0
20110502,284.3,302,284.3,300.6,334,0
20110503,306.1,318.5,306.1,318.5,556,0
20110504,333.5,335.5,324.9,327.5,375,0
20110505,338.6,350,330,350,545,0
20110506,314.1,324.9,306.3,324.9,385,0
20110510,320,320,299,299,110,0
20110511,305.3,320.8,305.1,320.8,230,0
20110512,326.1,326.1,310,310,420,0
20110513,310,321.5,310,321.5,40,0
20110516,326.5,331.1,325.3,327.5,800,0
20110517,337.1,339.5,317,317,1020,0
20110518,306.9,308.6,301.6,306.3,1010,0
20110519,296.6,302.4,296.5,301,640,0
20110520,305.7,305.7,305.7,305.7,38,0
20110523,342.2,349.2,333.9,333.9,495,0
20110524,332.1,333.1,324.5,325.6,283,0
20110525,340.4,340.4,313.1,313.1,330,0
20110526,308.9,308.9,307.1,307.1,70,0
20110527,293.2,295,287.2,290,560,0
20110531,270.9,279,266.4,266.4,152,0
20110601,280.5,301,278.9,301,163,0
20110602,306.2,311.7,295.2,300.7,95,0
20110603,323.5,323.5,301.8,309.7,565,0
20110606,313.1,313.1,308,311.3,467,0
20110607,313.5,317,308.8,317,150,0
20110608,315.9,330.5,315.9,330.5,51,0
20110609,318.9,318.9,303.3,304.3,375,0
20110610,316,340,316,321.9,465,0
20110613,320,346.3,320,336.8,190,0
20110614,307.1,307.1,302,307,462,0
20110615,321.5,352.2,321.5,349.8,1055,0
20110616,359.3,406.9,349.8,384.5,1037,0
20110617,364,379.5,330.3,330.3,241,0
20110620,359.7,385,345.6,349.8,203,0
20110621,328.1,328.1,315.1,326,160,0
20110622,317,337,313.2,337,90,0
20110623,371.6,383.7,331.4,331.4,546,0
20110624,336.6,365.5,336.6,365.5,81,0
20110627,371.7,371.7,343.4,345.6,1889,0
20110628,327.1,327.1,325.2,325.2,230,0
20110629,310.5,312.9,300.1,300.1,375,0
20110630,282.9,282.9,271.3,273.3,2185,0
20110701,272,272,239.7,240.5,1185,0
20110705,259.4,259.4,238.8,238.8,49,0
20110706,246.8,256.4,240.2,248.4,1278,0
20110707,227.4,232.9,220.7,224.7,1030,0
20110708,239.5,241.1,233.7,236.1,2385,0
20110711,254.6,270.9,252,266.5,3052,0
20110712,274.8,278,251.2,278,847,0
20110713,262,280.8,261.5,280.8,338,0
20110714,282.7,300,282.7,298.5,309,0
20110715,293.6,295,290.2,290.2,129,0
20110718,301.5,311.9,299.1,311.9,235,0
20110719,291.1,291.1,272.9,272.9,130,0
20110720,265.7,266.6,259.3,259.3,1128,0
20110721,248,249.4,233.6,249.4,170,0
20110722,241,241,236.9,238.4,191,0
20110725,252.1,253.9,244.5,251.6,1698,0
20110726,250.3,265.8,250.1,261.8,1180,0
20110727,271.9,290,271.9,288.8,315,0
20110728,287.9,290,259,290,2670,0
20110729,314.1,314.1,281.6,282.6,2070,0
20110801,250.5,284.9,250.5,267.5,7798,0
20110802,281.2,297.5,281.2,297.5,130,0
20110803,306.2,338.4,297.3,297.3,860,0
20110804,326.9,402.2,324.6,402.2,1939,0
20110805,370,507.3,368.3,429.1,2593,0
20110808,509.2,597.7,470.6,573.2,3173,0
20110809,526.9,600,417.8,450,2831,0
20110810,476.6,538.1,465.4,538.1,2358,0
20110811,522.6,546.1,411.5,440.1,1433,0
20110812,407.1,435,395.1,435,1411,0
20110815,399.9,402,379.5,379.5,3386,0
20110816,395,420,377.5,386.8,2248,0
20110817,360,407,360,394.4,355,0
20110818,474.2,551.5,463.2,537.4,2645,0
20110819,624.4,624.6,513.1,607.9,1617,0
20110822,582.5,620,512.4,620,949,0
20110823,570.5,621.4,550.6,557.5,2702,0
20110824,550,564.6,517.3,533.9,505,0
20110825,520.3,588.8,496.9,571.2,9981,0
20110826,599.5,624.9,511.5,523.8,2044,0
20110829,512.5,512.5,459.3,459.3,2054,0
20110830,463.1,490,454.9,459.1,741,0
20110831,453.3,473,437.5,457.5,835,0
20110901,430.9,475.6,430.9,475.6,1474,0
20110902,524,536.3,507.1,532.6,1745,0
20110906,624.8,626.7,562.7,564.4,2407,0
20110907,529.8,529.8,503.8,503.8,2340,0
20110908,504.1,523.3,478.2,517,1098,0
20110909,547.9,620.4,543.4,603.5,1658,0
20110912,655,689.3,610,610,927,0
20110913,598.9,628,590,600.6,823,0
20110914,592.8,628.8,549.9,559.9,1930,0
20110915,547.9,578.9,505.3,518.5,950,0
20110916,493.9,524,482.3,495.8,695,0
20110919,525.2,564,517.8,517.8,623,0
20110920,520,525.7,480,518.6,1904,0
20110921,522.7,585.5,515.7,585.5,2009,0
20110922,644,749.8,644,699.6,5475,0
20110923,757,757.5,689.3,700,2567,0
20110926,718.8,722.7,628.1,628.1,1711,0
20110927,596.7,618.6,550,605.1,1905,0
20110928,598.8,680.4,598.8,680.4,897,0
20110929,650,715,620.6,655.6,1045,0
20110930,713.9,748.9,680.6,745.9,2034,0
20111003,751.5,868.1,738.6,868.1,2057,0
20111004,938.4,980.4,800,800,4167,0
20111005,770.4,846.1,688.7,692,4013,0
20111006,685,720,656.1,658,1401,0
20111007,640,700,628.9,652,1350,0
20111010,600,615.3,565,565,1505,0
20111011,570.5,570.5,536.3,543,1278,0
20111012,521.6,521.6,469,482.4,1952,0
20111013,497.9,520,483.4,484.4,656,0
20111014,450,458.2,429.3,429.5,1289,0
20111017,430.5,493.7,430.5,484.5,725,0
20111018,493.3,512.2,420.8,442,1557,0
20111019,433.7,507.6,375.8,491.1,3794,0
20111020,490.6,530.7,471.1,489.5,1949,0
20111021,450,461.6,444.4,448.7,1490,0
20111024,448.7,448.7,396.6,401.5,2260,0
20111025,410.1,436.2,410.1,435,1281,0
20111026,428.1,451.8,398.6,410.6,1187,0
20111027,389.8,389.8,294,307.2,5774,0
20111028,313.9,313.9,297,297.4,1183,0
20111031,325,347.9,318.7,347.6,613,0
20111101,384.9,453.3,384.9,435.8,3078,0
20111102,418.3,430,402.6,413.5,2891,0
20111103,383.4,415.3,370.8,374.9,879,0
20111104,408,411.3,378.4,390.7,1236,0
20111107,410,411.8,379.2,381.2,2160,0
20111108,357.4,390.5,350.7,351.6,2312,0
20111109,380.3,465,380.3,464.4,5098,0
20111110,424,457.5,415.6,424.1,1382,0
20111111,400,452.8,376.9,385,251,0
20111114,404.2,420,398.7,413.9,1262,0
20111115,427.9,428.8,391.7,396.9,1830,0
20111116,428,440.4,402.3,440.3,1526,0
20111117,438,496.5,435.9,487.5,4115,0
20111118,469.8,483.9,460,467.2,1001,0
20111121,505.5,522.5,487.8,492.5,4592,0
20111122,501.3,515,486.8,490,642,0
20111123,510,530.1,505.6,524.8,1204,0
20111125,544.6,549.1,509,548.3,335,0
20111128,509.8,509.8,458,490,1890,0
20111129,471.3,481.4,450,468.6,948,0
20111130,419.9,428.8,377.4,377.5,6445,0
20111201,383.2,397.5,360.1,373.5,6130,0
20111202,351.3,364.4,337.2,364.4,3209,0
20111205,330,359.1,330,355.2,2882,0
20111206,350,355.6,340.5,345.1,613,0
20111207,357.8,372.5,349,359.4,2357,0
20111208,375,399.4,371.1,399.4,4164,0
20111209,370.7,371.2,355.4,355.4,634,0
20111212,381.6,392.5,371,378,2241,0
20111213,350.1,393.2,350,385.4,837,0
20111214,390,406.9,383,393.1,1090,0
20111215,379.9,379.9,361,370.4,445,0
20111216,358,370,346.5,362.3,1196,0
20111219,353.3,369.8,350.2,369.4,1055,0
20111220,340,340,312.9,312.9,3737,0
20111221,319.2,319.9,280.3,284.1,1768,0
20111222,284,284,263.5,277.4,1806,0
20111223,267,286.1,267,282.3,725,0
20111227,282.4,282.4,269.6,272.7,941,0
20111228,274.8,293.1,274.7,293,1018,0
20111229,280.9,284.9,276.4,276.4,1081,0
20111230,275,285,268.3,284.1,903,0
20120103,262.4,266.3,259.7,261,2671,0
20120104,268.4,273.2,252.6,254,525,0
20120105,255.4,262.7,245.5,245.5,716,0
20120106,249,250.7,236.4,240.3,1142,0
20120109,240,240.3,233.9,233.9,1120,0
20120110,225,227.5,222,225.9,1127,0
20120111,250.3,250.3,230.5,232.6,255,0
20120112,235.1,239.5,226.7,230,454,0
20120113,243.9,252.9,241,241,1705,0
20120117,227.5,240.9,225,239.1,2399,0
20120118,234,234,225.8,226.2,1692,0
20120119,225,225.6,215.6,220,2934,0
20120120,229.5,229.5,207.1,209,2982,0
20120123,208.9,212.1,199.2,201.1,1561,0
20120124,225.6,225.6,198.5,201.8,1456,0
20120125,206.6,208.9,187.2,187.2,1363,0
20120126,179.9,195.3,177.9,194.2,1615,0
20120127,202,202,185,185,2348,0
20120130,197,202,187.6,193.2,699,0
20120131,192.9,195.5,188.5,195.5,503,0
20120201,190,190,180.2,180.4,1100,0
20120202,180,185,176,179,2066,0
20120203,174.9,174.9,161.5,162.4,6411,0
20120206,168,168,157.3,157.3,1512,0
20120207,165.5,165.5,155.9,155.9,2795,0
20120208,155,162.5,154.4,158.9,1340,0
20120209,162.5,167.1,160.9,163.5,1003,0
20120210,175.9,201.7,150.1,188.3,4130,0
20120213,169.5,179,164.3,171.7,425,0
20120214,189,192.9,177.9,181.8,1737,0
20120215,179.9,196.4,166.2,191.8,2743,0
20120216,199,199,178.6,182.6,908,0
20120217,180.2,185.3,180.2,184.6,524,0
20120221,183.7,194.8,183.6,189.5,590,0
20120222,188,190,183.8,187,635,0
20120223,186.4,187.5,169,175.7,1555,0
20120224,175.9,182.2,171,182.2,1030,0
20120227,191,194,182.1,184.4,926,0
20120228,191.2,191.2,184.7,186,420,0
20120229,180.5,183.1,174.7,181.5,1250,0
20120301,176.5,179.6,174.4,177.2,823,0
20120302,177.2,181.9,174.7,180.5,1584,0
20120305,183,183.7,178.7,180.1,240,0
20120306,196,200,192,193.3,3478,0
20120307,192.2,192.2,184,184.5,913,0
20120308,179.6,179.6,171,173.5,2258,0
20120309,170.5,170.7,164.3,169.4,13674,0
20120312,165,166.5,159.9,160.5,11356,0
20120313,155.2,159,145.9,147.8,13236,0
20120314,147.8,158.5,144.8,153,2033,0
20120315,154.6,158.5,150.4,150.4,1471,0
20120316,149.9,155.6,149.9,155.6,2005,0
20120319,156.3,156.7,144.8,145.8,1902,0
20120320,149.2,152.4,138.7,138.8,2966,0
20120321,139,139,112.6,129.5,6780,0
20120322,136.4,138.2,132.4,133.7,2581,0
20120323,134.7,135,120.5,121,8693,0
20120326,120,120,106.5,106.8,6004,0
20120327,105.4,110.3,105.2,110.1,7334,0
20120328,109.6,119.1,108.8,113,1587,0
20120329,117.5,118.7,110,112,1567,0
20120330,106.5,110,105,110,6977,0
20120402,105.9,106.3,100.9,101.3,1425,0
20120403,102.2,108.9,102.2,104.6,1946,0
20120404,112.4,115.1,107.9,107.9,1681,0
20120405,109.5,112.8,101.2,112.8,416,0
20120409,121.6,121.6,115.5,119.4,1415,0
20120410,124,135.7,121.1,135.1,2508,0
20120411,125.8,133.8,125.8,131.5,875,0
20120412,125.7,126.1,117.5,117.5,948,0
20120413,116.2,129.8,116.2,129.7,1250,0
20120416,121.5,130.4,121.5,125,933,0
20120417,120.7,120.7,115.7,117.5,1725,0
20120418,119.1,120,115.1,119.5,519,0
20120419,116,126.7,116,122.1,435,0
20120420,115,117.2,113.3,117,496,0
20120423,124,126.5,123.8,123.9,904,0
20120424,119.5,120.7,117.6,118.9,663,0
20120425,113.8,113.8,107.5,108.2,3276,0
20120426,107.5,108.1,101,101.7,2932,0
20120427,101,104.7,99.5,101.2,4813,0
20120430,102.6,104.3,102.5,102.6,1088,0
20120501,102.4,102.9,96.5,98.1,1229,0
20120502,100.9,103.2,98.5,98.5,1009,0
20120503,98.8,102.5,97,100.2,4534,0
20120504,103,109,103,106.9,2032,0
20120507,108.7,108.7,102.7,103.2,1535,0
20120508,107.1,115.5,105.2,105.2,3851,0
20120509,113.5,115.5,108.4,111,3574,0
20120510,108,109.3,103.4,107,1790,0
20120511,112.3,112.3,106.5,110.1,1317,0
20120514,117.7,118,114.5,117.8,3407,0
20120515,121.1,128.2,116.4,127.8,17225,0
20120516,127.8,136.7,124.2,135.4,6538,0
20120517,135.2,145.9,133.8,145.9,15682,0
20120518,141.8,156.5,140,154.4,6916,0
20120521,151.6,152.6,136.1,136.1,3298,0
20120522,134.4,148,128.1,148,2659,0
20120523,149.6,153.7,139.8,141.7,12132,0
20120524,139.8,146.2,139.7,140.6,1113,0
20120525,143.8,143.8,140,140,513,0
20120529,134.3,134.3,127.4,128.7,5325,0
20120530,133.1,138.8,133.1,138.8,4462,0
20120531,141.7,149.3,138.8,142.9,4630,0
20120601,153.4,160.7,152,160.1,5133,0
20120604,156,165.6,155,155.5,4965,0
20120605,158.7,158.7,150,151.2,2470,0
20120606,149.1,149.1,139.6,139.9,2454,0
20120607,130.7,138.7,129,138.7,2281,0
20120608,139.5,139.5,127.4,127.7,2604,0
20120611,120,139,118.5,139,2975,0
20120612,139.2,145,138,139.9,4951,0
20120613,144.3,150,140.1,150,1459,0
20120614,152.4,152.4,138,139.9,3547,0
20120615,136.1,138.2,126.7,127.4,5148,0
20120618,130.2,130.2,117.4,117.4,8035,0
20120619,113.4,116,111.9,113.7,7197,0
20120620,118,118.2,110,110,1807,0
20120621,106.8,121.8,106,121.8,4821,0
20120622,112.6,116,106.9,107,9302,0
20120625,115.4,120.7,115.4,117.1,1841,0
20120626,112.1,118.7,111,111.4,2501,0
20120627,110,112.3,108.7,112.3,2338,0
20120628,116.6,116.7,112.8,113.8,435,0
20120629,106.5,106.5,97.5,98.5,12299,0
20120702,94.9,96.3,90,90,3838,0
20120703,86.2,88.9,85.6,85.7,1133,0
20120705,87.2,91.5,87.2,89.4,530,0
20120706,96.3,96.3,89.5,89.9,2819,0
20120709,89.4,90,87,87.4,1697,0
20120710,85,90.5,84.2,90.4,500,0
20120711,87.9,91.8,86.5,86.5,2160,0
20120712,91.1,92,86.6,88.1,851,0
20120713,85,85,80,80.7,3119,0
20120716,83.1,84.2,81.3,82.6,360,0
20120717,81.5,81.8,76.3,77,1754,0
20120718,76.9,77.9,75.7,76.3,1080,0
20120719,75.5,77.7,74.1,74.1,2990,0
20120720,77.5,81.4,77.4,80.5,6413,0
20120723,90,90.1,86.4,88.4,1230,0
20120724,85.6,96,85.6,91.7,2206,0
20120725,91.3,93,87.4,90,2055,0
20120726,82.7,84.8,80,80.3,2110,0
20120727,76,78.8,75.9,77.8,1482,0
20120730,77.5,80.2,75.5,80,1870,0
20120731,81.2,82,79.9,81.2,710,0
20120801,79.3,81.2,78.2,80.3,810,0
20120802,82.8,84.6,79.3,80.1,2021,0
20120803,75.5,76.2,72.6,72.6,5811,0
20120806,71.5,72.4,68.8,70.3,4879,0
20120807,68.2,72.1,67.9,72.1,1416,0
20120808,71.4,71.4,67.6,68.7,1955,0
20120809,68,69.2,66.8,67.4,1690,0
20120810,68.8,68.9,65.9,65.9,1240,0
20120813,65.6,66.4,63.7,64.3,2190,0
20120814,66.4,68,65,68,2888,0
20120815,68,68.9,68,68.9,264,0
20120816,68.9,69.4,66.4,66.6,2736,0
20120817,67,67.3,65,65.1,6566,0
20120820,65.2,66.5,65.2,65.6,2490,0
20120821,65.5,68.9,64.4,68.4,4435,0
20120822,68.7,70.8,68.5,68.6,2928,0
20120823,69.7,72.3,69.7,70.7,3607,0
20120824,73.1,73.1,69.2,69.3,1295,0
20120827,68.7,70.1,67.6,69.8,3462,0
20120828,70.5,71.4,69.1,70,6217,0
20120829,70.2,70.8,68,70.3,3940,0
20120830,72.9,74.4,70.8,72.4,4814,0
20120831,70.8,72.2,68.8,68.9,4144,0
20120904,70.2,70.2,69.9,69.9,470,0
20120905,68,68,65.9,66.2,4016,0
20120906,63.5,63.5,56.3,56.3,8966,0
20120907,55,55,51.6,52.2,5312,0
20120910,52.2,55,50.7,54.9,9667,0
20120911,53.7,53.7,51.3,51.7,2965,0
20120912,50,50.8,48.5,48.7,7781,0
20120913,48.5,48.8,41.7,43.5,10032,0
20120914,40.5,42.6,38.3,42.5,13612,0
20120917,42.8,43.2,41.4,41.9,4360,0
20120918,43.4,43.4,41.1,41.1,2076,0
20120919,42.1,42.2,40.2,41.6,1910,0
20120920,42.5,43.8,41.7,42.3,9980,0
20120921,40.8,42.1,40.7,41.5,2286,0
20120924,42.1,42.1,40,40.6,5671,0
20120925,40.5,44.4,39.3,44.2,4193,0
20120926,44.2,47,43.9,45.7,20846,0
20120927,45,45,40.7,41,8249,0
20120928,40.5,43.1,40.5,42.7,4096,0
20121001,41.4,42.7,39.8,42.7,3145,0
20121002,41.2,42.2,40.6,40.6,5000,0
20121003,40.9,41,39.8,40.3,5006,0
20121004,39.5,39.5,38.6,38.6,2401,0
20121005,37,38.3,36.3,38,4203,0
20121008,38.5,38.5,38,38,1886,0
20121009,38.3,40.5,38.1,40,5864,0
20121010,40.5,40.5,38.3,39.9,2411,0
20121011,38.2,39.4,37.7,38.8,3550,0
20121012,37.5,39,37.1,38.9,3131,0
20121015,38.6,38.6,36.8,37,1486,0
20121016,35.4,36.5,35.3,35.8,2089,0
20121017,35.1,35.6,34.9,34.9,1828,0
20121018,35.9,36.2,34,36.2,2399,0
20121019,36.2,38.9,35.1,38,9259,0
20121022,38.8,39.1,37.3,37.3,3928,0
20121023,40,42.3,39.7,40.7,8765,0
20121024,39.9,40.9,39.2,40.7,4899,0
20121025,38.3,40.6,38.2,40,7132,0
20121026,39.4,41,38.9,39.7,2900,0
20121031,40.7,41.9,39.9,40.6,997,0
20121101,39.7,39.7,35.2,35.2,3199,0
20121102,36.3,37.2,35.3,37.2,3487,0
20121105,38.2,39.3,37.8,37.8,3300,0
20121106,38,38,35,36.4,733,0
20121107,37.6,41.3,37.4,40.5,11698,0
20121108,40.1,40.8,38.7,40.6,3506,0
20121109,42,42.2,39.5,42.1,3682,0
20121112,41.6,41.7,38.6,38.6,6082,0
20121113,40.5,40.5,37.7,39.1,4220,0
20121114,37.6,42.1,37.3,41.7,8408,0
20121115,40.1,42.9,40.1,41.7,2003,0
20121116,42.4,42.8,39,39,2110,0
20121119,37.3,37.3,34.2,34.2,7521,0
20121120,34.3,34.3,33,33,2975,0
20121121,33.5,33.6,32.5,33.6,3083,0
20121123,33,33,31.2,31.8,3829,0
20121126,32,32,30.9,31,3383,0
20121127,30.7,32,30,32,2908,0
20121128,32.4,33,30,30,5356,0
20121129,30.1,30.1,29.1,29.4,1870,0
20121130,30,30.6,30,30.3,736,0
20121203,29.2,30.4,27.7,30.4,7142,0
20121204,31.1,31.2,30.5,31,950,0
20121205,30.9,31.3,29.3,29.7,2485,0
20121206,29.7,30,29.4,30,3341,0
20121207,29,30.1,28.5,28.6,2057,0
20121210,30,30,28.4,28.5,597,0
20121211,28,28,26.9,27.3,3750,0
20121212,27.5,28.6,26.5,28,1446,0
20121213,28.2,29.3,27.2,29,3291,0
20121214,29.3,29.6,28.5,28.9,4991,0
20121217,28.9,28.9,27.3,27.6,3755,0
20121218,26.6,26.8,25,25.8,4969,0
20121219,24.8,27.5,24.8,27.5,5558,0
20121220,27,28.3,26.7,28.3,2975,0
20121221,31.8,36.9,25.2,29.6,13453,0
20121224,30,31.4,29.6,29.8,1036,0
20121226,30.9,31.6,30.9,31.1,1704,0
20121227,31,34.3,31,31.4,6975,0
20121228,33.4,34.2,31.6,33.2,6833,0
20121231,34.3,34.4,29.2,29.7,6710,0
20130102,25.66,26.35,24.5,24.93,10520,0
20130103,24.7,25,23.93,25,5925,0
20130104,24.2,24.76,24.17,24.21,2480,0
20130107,24.95,25.33,24.67,24.74,4600,0
20130108,24.84,25,24.84,24.92,370,0
20130109,24.5,24.87,24.5,24.67,1250,0
20130110,24.02,24.31,23.73,23.73,2126,0
20130111,24.14,24.26,23.67,23.72,2469,0
20130114,23.59,24.04,23.55,23.55,7300,0
20130115,23.16,23.17,22.53,22.65,3898,0
20130116,22.11,22.59,21.88,22.59,2500,0
20130117,22.01,22.27,21.71,21.95,3455,0
20130118,21.41,21.78,18.71,20.33,6950,0
20130122,20.33,20.53,18.9,19.1,7560,0
20130123,18.35,19.05,17.73,17.75,12000,0
20130124,17.97,19.23,17.93,18.77,1160,0
20130125,17.75,17.95,17.37,17.75,5707,0
20130128,17.5,18.34,17.5,18.34,2700,0
20130129,18.67,18.77,17.2,17.54,3195,0
20130130,18.57,18.57,17.66,18.11,4680,0
20130131,18.38,18.49,18.37,18.37,6560,0
20130201,18.37,18.37,17.4,17.9,1600,0
20130204,18.85,19.5,18.68,19.5,7400,0
20130205,19.45,19.45,17.96,18.39,3600,0
20130206,18.49,18.91,18.49,18.55,990,0
20130207,18,19.08,18,18.49,5192,0
20130208,18.03,18.03,17.33,17.7,1500,0
20130211,17.5,17.5,17.5,17.5,200,0
20130212,17.13,17.13,16.4,16.85,7959,0
20130213,17.32,17.32,17.21,17.29,2825,0
20130214,17.25,17.25,17,17,950,0
20130215,16.78,16.78,16.78,16.78,150,0
20130219,16,16,15.51,15.51,400,0
20130220,15.16,16.8,15.16,16.31,4100,0
20130221,17.39,17.68,16.84,17.11,15123,0
20130222,16.89,17.1,16.5,16.5,17200,0
20130225,16.59,18.73,15.02,18.7,11690,0
20130226,18.17,19.6,17.8,18.84,4190,0
20130227,18.1,18.2,16.56,16.78,2875,0
20130228,16.77,17.64,16.77,17.64,2700,0
20130301,18,18.53,17.38,17.99,1600,0
20130304,18.1,18.5,16.99,16.99,2300,0
20130305,16.1,16.21,16.1,16.15,1600,0
20130306,16.12,16.31,16.12,16.31,400,0
20130307,16,16,15.75,15.75,2100,0
20130308,16.13,16.13,15.83,15.83,225,0
20130311,15.67,15.67,15.16,15.16,950,0
20130312,15.52,15.7,15.22,15.59,1661,0
20130313,15.5,15.5,15.25,15.25,9800,0
20130314,14.71,15.65,14.7,15.27,4200,0
20130315,16,16.26,15.06,15.06,1640,0
20130318,16.25,16.47,15.44,15.67,2437,0
20130319,15.71,17,15.71,16.38,4900,0
20130320,16.38,16.38,14.9,14.9,12316,0
20130321,15.71,16.32,15.71,16.32,2300,0
20130322,16,16.5,15.18,15.31,3400,0
20130325,15.5,16,15.33,15.74,7498,0
20130326,14.52,15.1,14.52,15.01,3430,0
20130327,15.01,15.1,14.81,14.82,5143,0
20130328,15,15,14.75,14.75,1000,0
20130401,14.54,14.54,14.54,14.54,350,0
20130402,14.53,14.9,14.3,14.9,3610,0
20130403,14.74,15.35,14.74,14.87,6337,0
20130404,14.52,14.56,14.52,14.52,800,0
20130405,16,16.43,15.08,15.23,3383,0
20130408,15.3,15.3,14.21,14.43,1893,0
20130409,14,14,13.7,13.92,2656,0
20130410,13.5,13.8,13.1,13.17,3675,0
20130411,12.56,13.03,12.5,12.7,6243,0
20130412,12.4,12.4,12.4,12.4,200,0
20130415,12.34,14.88,12.34,14.17,10061,0
20130416,12.9,13.48,12.6,12.6,13505,0
20130417,14.15,14.61,13.73,14.51,19220,0
20130418,15.01,16.27,15.01,15.45,6045,0
20130419,15.52,15.75,14.76,14.77,4635,0
20130422,15,15,13.71,13.71,1590,0
20130423,13.11,13.7,12.52,12.95,11154,0
20130424,12.35,12.7,12.2,12.55,2463,0
20130425,12.99,12.99,11.94,12.56,7155,0
20130426,12.43,12.84,12.43,12.49,3412,0
20130429,12.32,12.45,12.31,12.31,1522,0
20130430,12.49,12.49,11.96,12.2,4100,0
20130501,11.96,12.46,11.96,12.46,1900,0
20130502,12.45,12.45,11.84,12.01,584,0
20130503,12.49,12.49,11.36,11.67,13166,0
20130506,11.95,11.95,11.05,11.49,9210,0
20130507,10.85,11.49,10.72,11.06,6080,0
20130508,11.28,11.29,10.57,10.87,9325,0
20130509,10.94,11.19,10.94,11.14,1472,0
20130510,11.08,11.5,11.08,11.4,3400,0
20130513,11.23,11.44,11.23,11.44,270,0
20130514,10.78,11,10.78,10.94,3404,0
20130515,10.85,11.01,10.75,10.86,4879,0
20130516,11.1,11.1,10.85,11.03,1300,0
20130517,10.37,10.6,10.34,10.35,3832,0
20130520,10.77,10.77,10.55,10.63,1132,0
20130521,10.56,11.09,10.56,11.09,8800,0
20130522,10.36,11.42,10.36,11.11,6612,0
20130523,11.52,12.4,11.39,11.55,17851,0
20130524,11.78,11.94,11.74,11.74,1320,0
20130528,10.71,11.04,10.62,11.04,3759,0
20130529,11.76,11.79,11.08,11.08,2970,0
20130530,11.1,11.28,10.9,10.94,10874,0
20130531,11.24,12,11.06,12,5830,0
20130603,12.23,12.85,12.15,12.36,5254,0
20130604,12.35,12.44,12.11,12.11,5701,0
20130605,12.4,13.29,12.4,13.2,8320,0
20130606,13.52,13.82,12.88,12.88,4530,0
20130607,12.37,12.37,11.63,11.86,12204,0
20130610,11.8,11.95,11.54,11.75,6640,0
20130611,12.55,12.86,12.21,12.86,6260,0
20130612,13.07,13.79,13.07,13.63,4733,0
20130613,14.01,14.01,12.59,12.59,5380,0
20130614,12.66,13.62,12.66,13.62,8152,0
20130617,13.12,13.12,12.58,12.8,5425,0
20130618,12.52,12.69,12.51,12.66,13000,0
20130619,12.53,12.96,11.64,12.96,6000,0
20130620,13.85,15.54,13.85,15.54,30005,0
20130621,14.29,15.4,14,14.38,12789,0
20130624,16.21,16.74,15.6,16.46,29052,0
20130625,15.13,15.74,15.13,15.7,1112,0
20130626,15,15.25,14.85,14.99,12832,0
20130627,14.22,14.66,14,14.25,3950,0
20130628,14.25,14.37,13.95,13.97,2127,0
20130701,13.5,13.5,12.9,13.35,13070,0
20130702,13.4,13.74,13.07,13.73,10945,0
20130703,14.14,14.19,13.32,13.32,3950,0
20130705,13.06,13.26,12.5,12.5,3560,0
20130708,12,12,11.49,11.5,37548,0
20130709,10.85,10.95,10.34,10.57,12546,0
20130710,10.49,10.79,10.46,10.46,5147,0
20130711,10.48,10.48,9.67,9.75,30892,0
20130712,9.51,10.08,9.5,9.76,24023,0
20130715,9.78,9.91,9.35,9.53,17906,0
20130716,9.66,10.17,9.63,10.17,54340,0
20130717,10.29,10.29,9.43,9.56,36215,0
20130718,9.5,9.5,9,9.24,22760,0
20130719,9.41,9.41,8.98,9.05,17905,0
20130722,8.95,9.14,8.72,8.72,15676,0
20130723,8.7,8.7,8.43,8.69,19266,0
20130724,8.59,8.82,8.56,8.82,5795,0
20130725,8.9,8.9,8.38,8.38,7338,0
20130726,8.65,8.89,8.3,8.3,23800,0
20130729,8.48,8.65,8.4,8.49,5253,0
20130730,8.41,8.46,8.18,8.18,13875,0
20130731,8.1,8.1,7.73,7.95,13759,0
20130801,7.85,7.85,7.3,7.33,15351,0
20130802,7.5,7.76,7.09,7.1,7825,0
20130805,7.1,7.1,6.89,6.92,14328,0
20130806,7.12,7.39,7.12,7.39,34249,0
20130807,7.5,7.82,7.39,7.53,42986,0
20130808,7.06,7.48,7.06,7.2,19720,0
20130809,7.33,7.67,7.23,7.47,7510,0
20130812,7.8,7.86,7.47,7.47,10116,0
20130813,7.47,7.75,7.41,7.42,57825,0
20130814,7.45,7.72,7.43,7.7,26990,0
20130815,8.14,8.51,8.1,8.48,51303,0
20130816,8.64,8.64,8.06,8.36,30095,0
20130819,8.47,8.74,8.31,8.7,13065,0
20130820,8.67,8.79,8.01,8.34,20111,0
20130821,8.58,8.75,7.96,8.29,435299,0
20130822,8.32,8.37,7.92,8,24135,0
20130823,7.99,8.01,7.77,7.78,76297,0
20130826,7.73,8.29,7.47,8.23,61447,0
20130827,8.83,9.52,8.65,9.5,52503,0
20130828,9.77,9.93,8.93,9.19,88115,0
20130829,9.46,9.59,9,9.53,48003,0
20130830,9.37,10.02,9.37,9.9,43579,0
20130903,9.05,9.44,8.88,9.18,36194,0
20130904,9.28,9.28,8.81,8.85,60479,0
20130905,8.72,8.83,8.65,8.75,8240,0
20130906,8.58,9.3,8.39,8.72,43670,0
20130909,8.72,8.78,8.12,8.12,21737,0
20130910,7.78,7.79,7.6,7.6,24856,0
20130911,7.57,7.61,7.05,7.16,42209,0
20130912,7.04,7.44,6.99,7.41,17965,0
20130913,7.22,7.45,7.05,7.15,53811,0
20130916,6.86,7.06,6.66,6.93,68570,0
20130917,6.94,6.94,6.67,6.67,104018,0
20130918,6.77,6.95,6.11,6.32,58238,0
20130919,6.2,6.4,6.2,6.4,23285,0
20130920,6.47,6.74,6.36,6.74,29230,0
20130923,6.78,7.08,6.67,6.82,137967,0
20130924,6.9,6.92,6.68,6.75,3634,0
20130925,6.99,6.99,6.7,6.89,24521,0
20130926,6.72,6.83,6.5,6.72,24050,0
20130927,6.83,7.04,6.79,6.85,42080,0
20130930,7.56,7.56,7.07,7.3,38290,0
20131001,7.35,7.35,6.86,6.9,83965,0
20131002,7.26,7.34,7,7.05,33403,0
20131003,7.22,7.91,7.22,7.48,88863,0
20131004,7.7,7.7,7.28,7.29,17700,0
20131007,7.68,8.14,7.58,8.14,115021,0
20131008,8.09,8.84,8.09,8.8,87755,0
20131009,8.91,9.16,8.32,8.52,108343,0
20131010,7.73,7.87,7.1,7.11,196094,0
20131011,7.04,7.14,6.53,6.7,319879,0
20131014,7.17,7.28,6.65,6.96,35224,0
20131015,6.89,7.24,6.61,7.16,39376,0
20131016,6.8,6.87,6.15,6.27,64119,0
20131017,6.37,6.39,5.82,5.87,87063,0
20131018,5.62,5.82,5.47,5.72,36876,0
20131021,5.21,5.61,5.21,5.58,34373,0
20131022,5.26,5.55,5.26,5.54,25070,0
20131023,5.77,5.91,5.7,5.8,15744,0
20131024,5.66,5.66,5.54,5.54,8000,0
20131025,5.6,5.63,5.57,5.57,3500,0
20131028,5.72,5.72,5.45,5.54,32377,0
20131029,5.58,5.66,5.5,5.5,31440,0
20131030,5.57,5.77,5.45,5.68,16090,0
20131031,5.63,5.65,5.41,5.5,10300,0
20131101,5.56,5.72,5.56,5.67,3010,0
20131104,5.45,5.48,5.4,5.4,10050,0
20131105,5.5,5.5,5.36,5.41,1900,0
20131106,5.29,5.36,5.22,5.25,22250,0
20131107,5.18,5.68,5.18,5.57,40422,0
20131108,5.42,5.54,5.1,5.1,22455,0
20131111,5.17,5.32,5.14,5.32,1400,0
20131112,5.33,5.45,5.29,5.39,13400,0
20131113,5.5,5.5,5.27,5.27,4751,0
20131114,5.25,5.31,5.15,5.2,17293,0
20131115,5.22,5.23,5.1,5.15,14831,0
20131118,5.05,5.12,4.96,5.1,12692,0
20131119,5.03,5.26,5.03,5.15,12332,0
20131120,5.3,5.31,4.98,5.13,7439,0
20131121,4.88,4.92,4.7,4.7,62228,0
20131122,4.7,4.72,4.49,4.51,19324,0
20131125,4.54,4.54,4.36,4.41,10601,0
20131126,4.4,4.47,4.25,4.34,28421,0
20131127,4.33,4.43,4.32,4.33,11125,0
20131129,4.26,4.4,4.26,4.38,1540,0
20131202,4.32,4.44,4.25,4.4,21226,0
20131203,4.46,4.61,4.42,4.56,37129,0
20131204,4.6,4.67,4.38,4.53,69301,0
20131205,4.49,4.52,4.41,4.51,8150,0
20131206,4.25,4.27,4.12,4.21,26602,0
20131209,4.1,4.1,4,4.03,19107,0
20131210,4.05,4.13,4.05,4.1,7850,0
20131211,4.1,4.45,4.1,4.45,30342,0
20131212,4.44,4.54,4.31,4.42,35411,0
20131213,4.42,4.55,4.41,4.47,7997,0
20131216,4.48,4.48,4.33,4.46,9130,0
20131217,4.5,4.55,4.49,4.55,4310,0
20131218,4.48,4.48,3.8,3.8,42460,0
20131219,3.96,3.99,3.84,3.92,8273,0
20131220,3.87,3.92,3.8,3.8,25796,0
20131223,3.65,3.81,3.62,3.62,24543,0
20131224,3.5,3.58,3.36,3.45,34593,0
20131226,3.25,3.46,3,3.37,16151,0
20131227,3.41,3.44,3.4,3.44,27117,0
20131230,3.22,3.5,3.22,3.47,27499,0
20131231,3.36,3.5,3.36,3.4,36677,0
20140102,3.56,3.63,3.49,3.63,62663,0
20140103,3.52,3.62,3.43,3.62,14148,0
20140106,3.49,3.56,3.37,3.45,22510,0
20140107,3.35,3.37,3.29,3.32,17870,0
20140108,3.26,3.37,3.26,3.35,2565,0
20140109,3.23,3.36,3.23,3.36,4200,0
20140110,3.38,3.39,3.21,3.29,17281,0
20140113,3.28,3.55,3.28,3.54,18225,0
20140114,3.37,3.41,3.2,3.25,15239,0
20140115,3.31,3.33,3.13,3.26,43945,0
20140116,3.3,3.35,3.21,3.29,16687,0
20140117,3.29,3.32,3.24,3.32,1750,0
20140121,3.27,3.46,3.25,3.27,33800,0
20140122,3.24,3.24,3.08,3.15,37040,0
20140123,3.32,3.35,3.18,3.18,42329,0
20140124,3.39,3.81,3.37,3.73,109888,0
20140127,3.79,4.1,3.48,3.68,63363,0
20140128,3.64,3.64,3.43,3.5,14605,0
20140129,3.66,3.84,3.63,3.83,45853,0
20140130,3.69,3.72,3.52,3.54,9318,0
20140131,4.12,4.2,3.8,4.08,81780,0
20140203,4,4.68,4,4.6,137011,0
20140204,4.5,4.65,4.34,4.6,36968,0
20140205,4.63,4.9,4.63,4.85,33425,0
20140206,4.77,4.77,4.12,4.12,16862,0
20140207,3.81,3.93,3.51,3.62,84866,0
20140210,3.51,3.63,3.45,3.53,18852,0
20140211,3.42,3.42,3.22,3.28,44094,0
20140212,3.32,3.38,3.17,3.34,52199,0
20140213,3.42,3.42,3.13,3.18,90534,0
20140214,3.16,3.16,3,3.07,65726,0
20140218,3,3.12,2.96,2.99,46113,0
20140219,3.12,3.21,2.95,3.2,66283,0
20140220,3.25,3.25,2.96,3.03,49788,0
20140221,2.91,3.05,2.91,3.05,20738,0
20140224,3,3,2.85,2.93,163485,0
20140225,2.95,3.03,2.9,2.91,23933,0
20140226,2.91,3.06,2.89,3.02,23738,0
20140227,3.07,3.07,2.96,3.02,10559,0
20140228,2.95,3.19,2.87,3.04,96240,0
20140303,3.32,3.5,3.09,3.27,129897,0
20140304,2.96,3.15,2.89,2.9,75800,0
20140305,3,3,2.89,2.95,30791,0
20140306,2.87,2.93,2.87,2.92,29621,0
20140307,2.86,3,2.85,2.95,54385,0
20140310,2.99,3.07,2.97,2.99,7295,0
20140311,2.91,3.08,2.9,3.02,45473,0
20140312,3.11,3.15,3.02,3.02,27438,0
20140313,2.97,3.27,2.97,3.17,97912,0
20140314,3.3,3.36,3.2,3.27,93633,0
20140317,3.05,3.13,2.96,3.01,92399,0
20140318,2.96,2.97,2.87,2.87,87155,0
20140319,2.93,3.09,2.84,3.01,55733,0
20140320,2.99,3.04,2.84,2.9,46057,0
20140321,2.82,2.99,2.8,2.99,38255,0
20140324,2.99,3.09,2.92,2.95,20540,0
20140325,2.88,2.98,2.88,2.93,12600,0
20140326,2.85,3.01,2.82,3.01,20800,0
20140327,3.05,3.12,2.98,3.01,34377,0
20140328,2.95,2.97,2.87,2.93,14059,0
20140331,2.87,3.01,2.76,2.83,201834,0
20140401,2.78,2.78,2.6,2.67,396248,0
20140402,2.65,2.66,2.53,2.64,383736,0
20140403,2.6,2.68,2.6,2.61,40208,0
20140404,2.56,2.72,2.41,2.65,80702,0
20140407,2.71,2.84,2.69,2.77,65508,0
20140408,2.75,2.81,2.7,2.7,39144,0
20140409,2.7,2.75,2.56,2.64,47105,0
20140410,2.58,2.86,2.55,2.86,92540,0
20140411,2.91,3,2.82,2.94,103545,0
20140414,2.86,3,2.85,2.94,18644,0
20140415,2.92,3.12,2.87,2.96,23630,0
20140416,2.75,2.84,2.65,2.65,46634,0
20140417,2.74,2.74,2.6,2.66,27565,0
20140421,2.7,2.7,2.51,2.57,52035,0
20140422,2.47,2.54,2.47,2.54,27814,0
20140423,2.57,2.57,2.52,2.54,10061,0
20140424,2.52,2.61,2.52,2.56,5960,0
20140425,2.63,2.68,2.6,2.6,11200,0
20140428,2.59,2.68,2.51,2.51,30902,0
20140429,2.5,2.51,2.44,2.47,40510,0
20140430,2.49,2.49,2.41,2.44,28129,0
20140501,2.47,2.48,2.35,2.46,36793,0
20140502,2.4,2.44,2.39,2.41,31412,0
20140505,2.55,2.55,2.41,2.41,26823,0
20140506,2.43,2.5,2.41,2.5,11748,0
20140507,2.51,2.51,2.4,2.4,72055,0
20140508,2.35,2.4,2.25,2.3,102666,0
20140509,2.37,2.37,2.3,2.3,12480,0
20140512,2.29,2.29,2.14,2.15,20690,0
20140513,2.17,2.21,2.13,2.21,22302,0
20140514,2.2,2.23,2.17,2.23,15572,0
20140515,2.25,2.33,2.25,2.29,51901,0
20140516,2.22,2.27,2.15,2.15,23282,0
20140519,2.22,2.22,2.1,2.1,28516,0
20140520,2.12,2.17,2.1,2.1,13257,0
20140521,2.12,2.12,2.02,2.03,48881,0
20140522,2.06,2.07,2.02,2.07,12424,0
20140523,2.07,2.07,2.04,2.07,14590,0
20140527,1.99,2.01,1.93,1.96,54469,0
20140528,1.98,1.99,1.94,1.96,16853,0
20140529,1.98,1.99,1.92,1.98,15035,0
20140530,2,2,1.94,1.97,14144,0
20140602,1.97,2.02,1.97,1.98,85385,0
20140603,2.01,2.01,1.96,1.96,33550,0
20140604,1.98,2,1.89,1.89,47766,0
20140605,1.88,1.89,1.78,1.78,43372,0
20140606,1.78,1.78,1.59,1.64,131726,0
20140609,1.65,1.69,1.58,1.65,54676,0
20140610,1.67,1.67,1.62,1.63,20800,0
20140611,1.69,1.71,1.65,1.69,35515,0
20140612,1.64,1.85,1.64,1.79,69399,0
20140613,1.76,1.8,1.69,1.74,48112,0
20140616,1.75,1.76,1.69,1.69,11738,0
20140617,1.68,1.69,1.6,1.61,64867,0
20140618,1.65,1.68,1.51,1.51,90197,0
20140619,1.45,1.53,1.44,1.5,68098,0
20140620,1.48,1.51,1.47,1.49,23248,0
20140623,1.53,1.69,1.49,1.55,69307,0
20140624,1.5,1.55,1.46,1.54,56835,0
20140625,1.56,1.56,1.46,1.47,17421,0
20140626,1.46,1.5,1.45,1.48,28512,0
20140627,1.46,1.46,1.43,1.45,23727,0
20140630,1.43,1.43,1.37,1.4,36900,0
20140701,1.38,1.38,1.3,1.3,442568,0
20140702,1.35,1.35,1.27,1.28,46800,0
20140703,1.4,1.41,1.23,1.28,104916,0
20140707,1.27,1.32,1.26,1.32,42598,0
20140708,1.37,1.39,1.32,1.34,59796,0
20140709,1.33,1.34,1.26,1.28,45057,0
20140710,1.39,1.39,1.29,1.32,70051,0
20140711,1.31,1.33,1.28,1.32,31270,0
20140714,1.23,1.28,1.21,1.26,107258,0
20140715,1.24,1.29,1.2,1.25,39423,0
20140716,1.2,1.23,1.18,1.2,87604,0
20140717,1.22,1.36,1.21,1.31,144236,0
20140718,1.28,1.28,1.18,1.23,83555,0
20140721,1.28,1.29,1.24,1.25,17955,0
20140722,1.21,1.21,1.16,1.19,23648,0
20140723,1.21,1.21,1.19,1.21,9800,0
20140724,1.21,1.25,1.21,1.25,42622,0
20140725,1.25,1.3,1.23,1.27,79028,0
20140728,1.27,1.29,1.23,1.26,21798,0
20140729,1.26,1.27,1.24,1.27,4300,0
20140730,1.27,1.29,1.25,1.29,40732,0
20140731,1.36,1.45,1.35,1.42,183915,0
20140801,1.45,1.57,1.35,1.53,202858,0
20140804,1.5,1.58,1.42,1.47,90497,0
20140805,1.49,1.63,1.48,1.59,85415,0
20140806,1.69,1.69,1.55,1.68,97850,0
20140807,1.63,1.79,1.58,1.76,46121,0
20140808,1.75,1.8,1.62,1.66,81530,0
20140811,1.6,1.6,1.46,1.55,123388,0
20140812,1.53,1.58,1.48,1.54,94015,0
20140813,1.49,1.49,1.38,1.41,93142,0
20140814,1.38,1.4,1.31,1.31,125551,0
20140815,1.27,1.39,1.25,1.27,114213,0
20140818,1.25,1.25,1.17,1.19,133907,0
20140819,1.19,1.19,1.13,1.15,452994,0
20140820,1.21,1.21,1.14,1.14,57275,0
20140821,1.15,1.17,1.13,1.15,47139,0
20140822,1.17,1.18,1.15,1.15,28724,0
20140825,1.12,1.15,1.11,1.15,61500,0
20140826,1.12,1.15,1.12,1.14,58109,0
20140827,1.15,1.17,1.14,1.16,27494,0
20140828,1.16,1.25,1.15,1.16,92213,0
20140829,1.18,1.2,1.15,1.18,33385,0
20140902,1.19,1.23,1.16,1.22,21271,0
20140903,1.19,1.2,1.15,1.17,103790,0
20140904,1.19,1.23,1.13,1.21,59743,0
20140905,1.19,1.23,1.12,1.13,60546,0
20140908,1.12,1.16,1.12,1.13,26484,0
20140909,1.15,1.19,1.14,1.18,24647,0
20140910,1.19,1.22,1.14,1.14,75207,0
20140911,1.18,1.22,1.15,1.16,83380,0
20140912,1.15,1.22,1.15,1.19,43523,0
20140915,1.2,1.23,1.2,1.22,23083,0
20140916,1.24,1.26,1.13,1.17,104425,0
20140917,1.13,1.16,1.1,1.15,191681,0
20140918,1.13,1.15,1.11,1.13,150119,0
20140919,1.1,1.15,1.09,1.15,24139,0
20140922,1.16,1.2,1.14,1.18,19528,0
20140923,1.23,1.24,1.19,1.22,81679,0
20140924,1.21,1.24,1.17,1.17,54285,0
20140925,1.22,1.33,1.22,1.32,343044,0
20140926,1.28,1.31,1.22,1.25,81826,0
20140929,1.35,1.37,1.27,1.32,149009,0
20140930,1.34,1.36,1.29,1.35,47806,0
20141001,1.39,1.49,1.37,1.47,130392,0
20141002,1.43,1.5,1.4,1.42,67190,0
20141003,1.35,1.36,1.26,1.29,63271,0
20141006,1.25,1.34,1.23,1.34,38655,0
20141007,1.4,1.49,1.37,1.47,80989,0
20141008,1.48,1.52,1.26,1.26,120870,0
20141009,1.28,1.43,1.27,1.41,100260,0
20141010,1.47,1.63,1.41,1.63,345707,0
20141013,1.62,1.95,1.58,1.9,276445,0
20141014,1.78,1.97,1.64,1.88,230906,0
20141015,2.06,2.32,1.91,1.93,491551,0
20141016,2.32,2.32,1.94,2.05,315807,0
20141017,1.8,1.88,1.68,1.84,291709,0
20141020,1.84,1.88,1.65,1.68,89029,0
20141021,1.6,1.6,1.44,1.46,162253,0
20141022,1.48,1.6,1.4,1.59,99127,0
20141023,1.59,1.59,1.35,1.45,178293,0
20141024,1.46,1.52,1.36,1.36,78532,0
20141027,1.44,1.5,1.34,1.35,71848,0
20141028,1.3,1.31,1.19,1.2,170190,0
20141029,1.19,1.4,1.15,1.21,247089,0
20141030,1.22,1.25,1.15,1.24,128405,0
20141031,1.15,1.18,1.11,1.15,218265,0
20141103,1.11,1.19,1.11,1.18,106277,0
20141104,1.19,1.26,1.18,1.2,81105,0
20141105,1.15,1.18,1.15,1.17,63945,0
20141106,1.13,1.17,1.09,1.11,137258,0
20141107,1.11,1.13,1.04,1.13,225801,0
20141110,1.08,1.08,1,1.02,347555,0
20141111,1,1.03,0.99,1.01,96653,0
20141112,1.07,1.07,1,1.01,119624,0
20141113,1.02,1.09,1,1.05,57692,0
20141114,1.01,1.05,1,1.03,131872,0
20141117,1.03,1.04,0.99,1.01,1117815,0
20141118,1.01,1.01,0.97,0.99,170739,0
20141119,0.98,1.02,0.98,1,38984,0
20141120,1.02,1.05,1,1.01,52293,0
20141121,0.98,1.01,0.95,1.01,51481,0
20141124,0.98,0.99,0.97,0.98,29304,0
20141125,0.98,1,0.97,1,83486,0
20141126,0.97,0.99,0.96,0.96,51970,0
20141128,0.96,0.97,0.95,0.97,7706,0
20141201,1.01,1.05,0.99,1.02,111810,0
20141202,1.03,1.03,0.96,0.96,69926,0
20141203,0.95,0.98,0.92,0.92,67848,0
20141204,0.95,0.97,0.93,0.93,58617,0
20141205,0.91,0.92,0.89,0.92,124873,0
20141208,0.94,0.98,0.91,0.96,36805,0
20141209,1.06,1.08,0.97,0.97,111311,0
20141210,0.98,1.12,0.98,1.11,147807,0
20141211,1,1.21,1,1.2,124291,0
20141212,1.3,1.34,1.22,1.32,345860,0
20141215,1.22,1.38,1.18,1.32,278743,0
20141216,1.38,1.38,1.15,1.37,120402,0
20141217,1.29,1.38,0.96,1.1,163466,0
20141218,1.08,1.08,1.01,1.01,72917,0
20141219,0.96,1.02,0.96,0.98,98556,0
20141222,0.95,0.98,0.93,0.94,152727,0
20141223,0.93,0.96,0.9,0.96,71363,0
20141224,0.93,1,0.93,0.94,86776,0
20141226,0.99,0.99,0.91,0.95,79065,0
20141229,0.94,0.94,0.92,0.92,57062,0
20141230,1.02,1.2,0.93,0.97,28627,0
20141231,0.96,1.09,0.94,1.09,92027,0
20150102,1,1.12,0.98,1.07,93558,0
20150105,1.04,1.19,1.04,1.18,288740,0
20150106,1.14,1.3,1.12,1.21,288576,0
20150107,1.22,1.22,1.13,1.15,27850,0
20150108,1.07,1.07,0.98,1,131156,0
20150109,1,1.07,1,1.06,44162,0
20150112,1.09,1.17,1.09,1.13,115262,0
20150113,1.12,1.22,1.01,1.16,190377,0
20150114,1.23,1.29,1.19,1.21,211331,0
20150115,1.3,1.3,1.17,1.28,106179,0
20150116,1.26,1.34,1.19,1.2,197687,0
