Date,Open,High,Low,Close,Volume,OpenInt
20110617,18.376,18.376,18.376,18.376,1748,0
20110623,18.274,18.274,18.274,18.274,137,0
20110627,18.53,18.53,18.53,18.53,1091,0
20110705,19.19,19.19,19.19,19.19,1023,0
20110712,18.128,18.128,18.128,18.128,273,0
20110714,18.2,18.2,18.2,18.2,382,0
20110720,17.827,17.827,17.827,17.827,1365,0
20110721,17.805,17.805,17.805,17.805,273,0
20110722,17.805,17.805,17.123,17.585,3004,0
20110725,17.805,17.805,17.805,17.805,273,0
20110726,17.68,17.805,17.68,17.805,273,0
20110727,17.805,17.93,17.542,17.542,1365,0
20110728,17.805,17.805,17.805,17.805,137,0
20110729,17.512,17.512,17.512,17.512,137,0
20110801,17.695,17.849,17.695,17.849,819,0
20110803,17.219,17.219,16.852,16.852,273,0
20110804,16.311,16.311,16.311,16.311,137,0
20110808,15.204,15.204,15.204,15.204,137,0
20110809,15.284,22.868,15.284,15.387,411,0
20110810,15.387,15.387,15.204,15.204,273,0
20110811,16.12,16.12,16.12,16.12,137,0
20110815,16.449,16.449,16.449,16.449,137,0
20110824,15.746,15.746,15.746,15.746,137,0
20110829,16.12,16.332,16.12,16.332,342,0
20110901,17.116,17.116,17.116,17.116,273,0
20110921,16.933,16.933,16.933,16.933,362,0
20110922,15.908,15.908,15.908,15.908,137,0
20111013,16.346,16.346,16.346,16.346,137,0
20111019,16.091,16.091,16.091,16.091,682,0
20111021,16.376,16.376,15.856,15.856,682,0
20111025,16.259,16.442,16.259,16.442,273,0
20111031,17.094,17.094,17.094,17.094,145,0
20111101,17.885,17.937,16.852,17.475,15013,0
20111108,17.446,17.834,17.182,17.673,21836,0
20111122,17.219,17.219,17.138,17.138,411,0
20111123,17.131,17.131,17.094,17.094,546,0
20111125,16.34,16.354,16.34,16.354,819,0
20111128,18.039,18.039,16.662,16.75,8461,0
20111129,16.699,17.021,16.632,16.999,6279,0
20111130,18.347,18.384,17.46,17.46,1365,0
20111201,17.197,17.256,17.189,17.189,1365,0
20111208,17.109,17.109,17.109,17.109,137,0
20120104,16.962,16.962,16.948,16.948,411,0
20120105,16.823,16.823,16.823,16.823,273,0
20120111,17.043,17.043,17.036,17.036,322,0
20120113,16.728,17.776,16.713,16.816,996,0
20120117,17.299,17.299,17.299,17.299,185,0
20120118,17.6,17.6,17.6,17.6,137,0
20120119,17.636,17.636,17.636,17.636,273,0
20120123,17.71,17.71,17.71,17.71,273,0
20120126,17.9,17.9,17.673,17.673,641,0
20120207,17.746,17.746,17.746,17.746,273,0
20120228,18.025,18.025,18.025,18.025,411,0
20120229,18.427,18.427,17.831,17.831,613,0
20120301,18.105,18.105,17.805,17.805,4694,0
20120308,17.725,17.871,17.673,17.783,7779,0
20120309,17.644,17.783,17.6,17.666,8735,0
20120312,17.614,17.614,17.424,17.497,6141,0
20120313,17.725,18.01,17.688,17.959,2730,0
20120314,18.12,18.15,17.908,17.908,3276,0
20120315,18.047,18.113,18.01,18.062,2456,0
20120316,17.951,18.076,17.951,17.951,2184,0
20120319,17.914,18.076,17.914,17.959,3684,0
20120320,17.688,17.761,17.636,17.702,5186,0
20120321,17.82,17.834,17.68,17.746,3004,0
20120322,17.556,17.593,17.497,17.497,4641,0
20120326,17.688,17.739,17.673,17.688,4095,0
20120327,17.82,17.82,17.71,17.768,5186,0
20120328,17.394,17.394,17.24,17.24,5460,0
20120329,17.131,17.138,17.109,17.138,1228,0
20120330,17.303,17.303,17.192,17.221,4914,0
20120402,17.482,17.534,17.453,17.512,1091,0
20120403,17.556,17.556,17.505,17.505,546,0
20120405,17.028,17.094,16.955,16.999,2730,0
20120410,16.611,16.611,16.303,16.303,819,0
20120426,16.369,16.86,16.369,16.449,3371,0
20120427,16.618,16.618,16.618,16.618,137,0
20120502,16.757,17.138,16.757,17.021,11559,0
20120503,16.991,17.388,16.991,17.211,4026,0
20120504,17.057,17.087,16.566,16.566,2811,0
20120507,16.728,16.816,16.728,16.786,5971,0
20120508,16.845,16.845,16.303,16.383,6005,0
20120509,16.237,16.259,16.009,16.025,2184,0
20120510,16.449,16.582,16.398,16.582,5460,0
20120511,16.376,16.376,16.032,16.032,2184,0
20120514,15.606,15.914,15.548,15.841,4230,0
20120515,15.841,16.068,15.637,15.856,5517,0
20120516,16.229,16.229,15.592,15.731,38897,0
20120517,15.468,15.468,15.115,15.115,2184,0
20120518,15.175,15.175,15.175,15.175,273,0
20120521,15.387,15.387,15.387,15.387,273,0
20120522,15.621,15.637,15.423,15.423,1365,0
20120523,15.233,15.497,15.233,15.46,2865,0
20120524,15.006,15.006,14.969,14.969,927,0
20120525,14.735,15.08,14.735,15.08,2061,0
20120529,15.035,15.05,15.035,15.043,2320,0
20120530,14.749,14.757,14.749,14.757,1091,0
20120601,14.86,14.903,14.86,14.903,1091,0
20120604,15.014,15.028,14.932,14.947,3276,0
20120606,15.109,15.109,15.109,15.109,682,0
20120607,15.354,15.354,15.004,15.354,682,0
20120612,15.123,15.197,15.123,15.189,5186,0
20120613,15.263,15.452,15.218,15.24,31663,0
20120614,15.24,15.38,15.24,15.372,14468,0
20120615,15.317,15.406,15.295,15.339,23201,0
20120618,15.218,15.423,15.218,15.372,23474,0
20120619,15.666,16.149,15.666,16.091,43809,0
20120620,16.72,16.72,15.672,15.878,27433,0
20120621,15.771,15.808,14.729,15.325,17154,0
20120622,15.325,15.466,15.19,15.369,38799,0
20120625,15.079,15.458,14.878,15.004,8738,0
20120626,14.209,15.071,14.209,15.034,13308,0
20120627,14.953,15.042,14.848,14.863,17073,0
20120628,14.804,14.878,14.684,14.781,23524,0
20120629,15.763,15.763,15.466,15.562,18915,0
20120702,15.258,15.331,15.258,15.317,3092,0
20120709,15.317,15.339,15.287,15.295,4167,0
20120710,15.354,15.384,14.67,14.767,20634,0
20120711,14.774,14.937,14.774,14.87,3765,0
20120712,14.729,14.729,14.707,14.707,806,0
20120717,14.997,16.344,14.885,15.153,30785,0
20120718,15.056,15.28,15.056,15.183,6050,0
20120719,15.25,15.28,15.064,15.212,9409,0
20120720,15.123,15.25,15.049,15.161,30785,0
20120723,14.565,14.811,14.543,14.692,26214,0
20120724,14.729,14.774,14.707,14.714,7662,0
20120726,14.937,14.953,14.834,14.878,5915,0
20120727,15.317,15.875,15.272,15.875,31052,0
20120730,15.674,15.786,15.667,15.748,9948,0
20120801,15.547,15.808,15.503,15.808,2284,0
20120802,15.212,15.212,15.212,15.212,19222,0
20120803,15.919,15.919,15.763,15.763,1076,0
20120806,15.778,15.778,15.778,15.778,269,0
20120810,15.919,15.994,15.919,15.994,269,0
20120816,16.008,16.143,16.008,16.098,4032,0
20120817,16.165,16.172,16.046,16.105,8416,0
20120820,16.113,16.113,15.883,15.942,5283,0
20120821,16.21,16.217,16.068,16.075,6855,0
20120822,15.889,16.016,15.793,15.816,16373,0
20120823,15.667,15.667,15.652,15.652,806,0
20120824,15.816,15.816,15.771,15.771,1076,0
20120827,15.667,15.667,15.652,15.652,806,0
20120831,15.444,15.451,15.235,15.25,7124,0
20120907,15.726,15.726,15.726,15.726,806,0
20120917,15.994,15.994,15.994,15.994,269,0
20120920,16.143,16.143,16.143,16.143,404,0
20120921,16.083,16.18,16.083,16.083,2823,0
20120927,15.6,15.6,15.6,15.6,377,0
20120928,15.667,15.667,15.54,15.54,942,0
20121001,15.786,15.786,15.786,15.786,269,0
20121008,15.697,15.756,15.697,15.756,269,0
20121009,15.703,15.719,15.703,15.719,1614,0
20121011,15.756,15.816,15.756,15.786,1076,0
20121012,15.697,15.697,15.697,15.697,672,0
20121015,15.83,15.83,15.83,15.83,672,0
20121018,15.822,15.822,15.808,15.808,942,0
20121024,15.361,15.361,15.361,15.361,269,0
20121025,15.451,15.451,15.451,15.451,211,0
20121115,14.953,14.953,14.945,14.945,1345,0
20121126,15.235,15.272,15.235,15.258,1882,0
20121203,15.533,15.533,15.533,15.533,672,0
20121210,15.674,15.674,15.473,15.481,1076,0
20121212,15.28,15.719,15.28,15.703,1546,0
20121218,15.994,16.075,15.622,16.068,14578,0
20121219,16.232,16.297,16.135,16.281,7829,0
20121220,16.096,16.2,15.975,16.2,16899,0
20121221,15.758,16.232,15.758,16.12,19385,0
20121224,16.217,16.393,16.135,16.2,15408,0
20121226,16.208,16.208,16.208,16.208,1243,0
20121227,16.297,16.297,16.144,16.184,7083,0
20121228,16.135,16.217,16.055,16.176,33922,0
20121231,16.135,16.305,16.039,16.192,25472,0
20130102,16.643,16.699,16.522,16.619,37393,0
20130103,16.675,16.86,16.602,16.731,81763,0
20130104,16.675,16.86,16.619,16.796,81813,0
20130107,16.691,16.691,16.602,16.626,8077,0
20130108,16.369,16.402,16.256,16.369,33301,0
20130109,16.594,16.787,16.458,16.587,73935,0
20130110,16.562,16.836,16.53,16.764,87975,0
20130111,16.53,16.731,16.514,16.538,79277,0
20130114,16.682,16.779,16.538,16.675,22490,0
20130115,16.635,16.787,16.426,16.562,45155,0
20130116,16.482,16.555,16.344,16.53,42248,0
20130117,16.74,16.74,16.587,16.635,48831,0
20130118,16.587,16.667,16.458,16.635,13916,0
20130123,16.626,16.764,16.49,16.764,14787,0
20130124,16.772,16.916,16.651,16.836,49157,0
20130125,16.811,16.82,16.538,16.538,55047,0
20130128,16.498,16.506,16.498,16.506,745,0
20130129,16.329,16.329,16.264,16.264,1367,0
20130130,16.217,16.217,16.079,16.079,2485,0
20130204,16.064,16.12,16.064,16.12,249,0
20130206,16.12,16.297,15.806,16.297,4598,0
20130207,16.377,16.377,16.055,16.103,4150,0
20130208,15.926,15.935,15.926,15.935,399,0
20130212,16.031,16.031,16.015,16.015,752,0
20130214,15.983,16.079,15.983,16.055,889,0
20130219,16.144,16.144,16.144,16.144,124,0
20130221,15.797,15.797,15.459,15.693,3294,0
20130222,15.87,15.87,15.588,15.653,10313,0
20130225,15.758,15.758,15.741,15.741,622,0
20130226,15.717,15.717,15.661,15.693,1492,0
20130228,15.71,15.71,15.71,15.71,124,0
20130308,15.943,16.12,15.926,16.064,3976,0
20130318,15.83,15.83,15.83,15.83,249,0
20130319,15.508,15.637,15.468,15.637,2236,0
20130320,15.726,15.726,15.726,15.726,249,0
20130321,15.597,15.597,15.492,15.492,373,0
20130325,15.388,15.388,15.388,15.388,168,0
20130327,15.726,15.726,15.588,15.612,2112,0
20130402,15.299,15.524,15.299,15.524,498,0
20130404,15.235,15.299,15.203,15.299,2129,0
20130405,15.162,15.162,15.162,15.162,1243,0
20130415,14.534,15.203,14.534,14.985,1367,0
20130419,15.145,15.145,15.145,15.145,249,0
20130425,15.605,15.677,15.605,15.677,4971,0
20130426,15.42,15.709,15.259,15.259,6089,0
20130429,15.677,15.677,15.677,15.677,373,0
20130430,15.417,15.417,15.417,15.417,124,0
20130502,15.75,15.797,15.733,15.733,1180,0
20130503,15.886,16.208,15.668,16.079,17547,0
20130507,16.096,16.256,16.055,16.192,37843,0
20130508,16.176,16.24,15.918,15.935,35911,0
20130509,16.031,16.135,16.031,16.12,1876,0
20130510,16.152,16.305,16.103,16.103,18701,0
20130513,15.983,16.088,15.975,16.023,11036,0
20130514,15.935,15.975,15.773,15.918,13792,0
20130515,15.975,16.208,15.894,16.023,19618,0
20130516,16.023,16.168,15.935,15.95,9320,0
20130517,15.959,16.192,15.935,16.192,4368,0
20130520,16.176,16.176,16.015,16.176,870,0
20130521,16.337,16.417,16.152,16.224,8347,0
20130522,16.281,16.329,16.039,16.135,4722,0
20130523,15.862,16.023,15.862,16.023,498,0
20130524,15.911,16.023,15.886,15.967,1362,0
20130528,16.079,16.079,15.894,15.926,2982,0
20130529,15.736,15.779,15.641,15.659,3479,0
20130530,15.621,15.943,15.621,15.782,13295,0
20130531,15.468,15.65,15.131,15.201,23812,0
20130603,15.226,15.668,15.178,15.492,60328,0
20130604,15.512,15.572,15.235,15.329,69801,0
20130605,15.157,15.226,14.932,15.001,74748,0
20130606,14.959,15.192,14.855,15.088,42382,0
20130607,15.017,15.017,14.703,14.8,60514,0
20130610,14.8,15.089,14.703,14.872,35724,0
20130611,14.5,14.639,14.5,14.639,18887,0
20130612,14.494,14.502,14.26,14.26,3852,0
20130613,14.406,14.631,14.406,14.534,38893,0
20130614,14.587,14.595,14.483,14.492,13934,0
20130618,14.397,14.457,14.397,14.432,2031,0
20130619,14.462,14.478,14.051,14.051,2338,0
20130620,13.761,13.946,13.754,13.915,1865,0
20130621,13.965,13.965,13.886,13.895,745,0
20130624,13.679,13.679,13.489,13.498,2858,0
20130625,13.524,13.645,13.515,13.645,2250,0
20130627,13.749,14.007,13.74,13.921,15215,0
20130628,13.792,14.007,13.792,14.007,3935,0
20130701,13.913,13.913,13.913,13.913,578,0
20130705,13.221,13.774,13.178,13.774,9258,0
20130708,13.421,13.481,13.421,13.481,681,0
20130709,13.576,13.576,13.567,13.567,2316,0
20130710,13.524,13.524,13.437,13.437,860,0
20130711,13.714,13.714,13.714,13.714,116,0
20130712,13.731,13.731,13.714,13.731,1124,0
20130715,13.835,13.895,13.835,13.895,463,0
20130716,13.939,14.016,13.904,13.947,5847,0
20130717,14.069,14.103,14.051,14.095,4313,0
20130722,14.172,14.172,14.172,14.172,231,0
20130723,14.457,14.457,14.371,14.423,1620,0
20130724,14.414,14.439,14.414,14.432,2431,0
20130725,14.336,14.561,14.336,14.561,6364,0
20130726,14.406,14.406,14.353,14.353,1042,0
20130729,14.388,14.439,14.388,14.406,3703,0
20130731,14.163,14.232,14.155,14.215,5439,0
20130805,14.345,14.353,14.345,14.345,1493,0
20130807,13.947,13.974,13.947,13.974,811,0
20130808,14.095,14.095,14.095,14.095,347,0
20130809,14.474,14.474,14.474,14.474,1042,0
20130812,14.622,14.673,14.604,14.604,578,0
20130815,14.439,14.587,14.388,14.587,752,0
20130819,14.535,14.656,14.535,14.656,11109,0
20130820,14.527,14.535,14.388,14.388,10299,0
20130821,14.397,14.397,14.397,14.397,1389,0
20130823,14.535,14.535,14.509,14.535,8911,0
20130826,14.699,14.699,14.595,14.595,6552,0
20130827,14.371,14.371,14.103,14.12,2756,0
20130828,14.172,14.397,14.111,14.146,1622,0
20130829,14.172,14.319,14.172,14.223,3370,0
20130830,14.25,15.598,14.19,14.587,6604,0
20130903,14.552,14.552,14.552,14.552,4282,0
20130904,14.172,14.379,14.172,14.319,79500,0
20130905,14.518,14.63,14.518,14.63,509,0
20130906,14.76,14.76,14.76,14.76,6018,0
20130909,15.071,15.106,15.062,15.106,91963,0
20130910,15.313,15.313,15.122,15.122,5955,0
20130913,15.019,15.338,15.019,15.183,97229,0
20130916,15.14,15.14,15.14,15.14,347,0
20130919,15.9,15.9,15.296,15.364,1504,0
20130920,15.322,15.322,15.322,15.322,475,0
20130923,15.226,15.226,15.226,15.226,124,0
20130924,15.329,15.329,15.329,15.329,534,0
20130926,15.442,15.563,15.434,15.468,14813,0
20130927,15.218,15.218,15.218,15.218,92213,0
20130930,15.122,15.122,15.122,15.122,347,0
20131001,15.027,15.157,15.01,15.148,4513,0
20131004,15.053,15.053,15.053,15.053,347,0
20131009,15.062,15.062,15.053,15.053,586,0
20131010,15.14,15.14,15.14,15.14,463,0
20131011,15.192,15.329,15.192,15.252,3124,0
20131014,15.329,15.329,15.329,15.329,356,0
20131016,15.529,15.529,15.529,15.529,347,0
20131017,15.451,15.529,15.451,15.494,2373,0
20131018,15.615,15.615,15.485,15.485,1504,0
20131021,15.701,15.701,15.615,15.615,606,0
20131024,15.468,15.468,15.373,15.425,39172,0
20131028,15.554,15.554,15.554,15.554,202,0
20131029,15.641,15.745,15.58,15.745,2633,0
20131030,15.728,15.745,15.728,15.745,5902,0
20131031,15.745,15.935,15.667,15.719,3240,0
20131101,15.719,15.719,15.719,15.719,355,0
20131104,15.822,15.849,15.822,15.849,578,0
20131105,15.589,15.589,15.589,15.589,116,0
20131106,15.84,15.961,15.684,15.891,40301,0
20131107,15.762,15.857,15.71,15.754,8997,0
20131108,15.572,15.606,15.572,15.589,548,0
20131111,15.736,15.796,15.684,15.762,4197,0
20131112,15.814,15.814,15.512,15.512,7644,0
20131113,15.529,15.728,15.451,15.728,5786,0
20131114,15.978,16.047,15.84,15.917,7197,0
20131115,16.099,16.194,16.004,16.065,20005,0
20131118,16.228,16.228,15.875,15.875,1157,0
20131120,15.831,15.831,15.831,15.831,116,0
20131121,15.684,15.684,15.503,15.503,1157,0
20131122,15.434,15.434,15.373,15.373,1955,0
20131125,15.296,15.296,15.166,15.166,1583,0
20131126,15.14,15.14,14.751,15.019,5613,0
20131127,15.122,15.131,15.122,15.131,1320,0
20131202,15.14,15.14,14.864,14.864,3760,0
20131203,14.906,14.941,14.673,14.708,6250,0
20131204,14.794,14.794,14.751,14.751,403,0
20131210,14.794,14.794,14.776,14.776,586,0
20131211,14.518,14.518,13.982,14.319,16732,0
20131213,14.448,14.448,14.448,14.448,415,0
20131216,14.63,14.716,14.578,14.595,10878,0
20131218,14.864,14.864,14.864,14.864,148,0
20131219,14.699,14.708,14.604,14.604,3752,0
20131220,14.557,14.566,14.528,14.528,1644,0
20131223,14.828,14.905,14.779,14.857,3145,0
20131224,14.857,14.857,14.857,14.857,326,0
20131226,14.721,14.721,14.721,14.721,218,0
20131227,14.741,14.867,14.741,14.867,1944,0
20131230,14.992,14.992,14.992,14.992,156,0
20131231,14.944,15.07,14.944,15.07,415,0
20140102,15.07,15.07,14.712,14.712,1240,0
20140103,14.653,14.653,14.653,14.653,276,0
20140106,14.528,14.528,14.528,14.528,339,0
20140108,14.528,14.886,14.489,14.528,3677,0
20140109,14.402,14.528,14.043,14.121,10249,0
20140110,14.16,14.237,14.14,14.237,1394,0
20140113,14.053,14.053,13.995,13.995,2839,0
20140114,14.179,14.179,14.111,14.16,3431,0
20140116,14.712,14.712,14.247,14.247,13501,0
20140117,14.179,14.179,13.792,13.811,52091,0
20140121,13.762,13.83,13.714,13.772,13587,0
20140122,13.782,13.908,13.782,13.908,2733,0
20140123,13.859,13.859,13.859,13.859,550,0
20140124,13.859,13.859,13.375,13.375,12749,0
20140127,13.22,13.375,13.22,13.336,5378,0
20140129,13.423,13.423,13.423,13.423,177,0
20140130,13.578,13.578,13.143,13.356,3044,0
20140131,13.317,13.317,13.307,13.307,1453,0
20140203,13.385,13.385,12.978,12.978,5484,0
20140204,13.269,13.54,13.181,13.278,20993,0
20140205,13.152,13.152,13.104,13.104,1842,0
20140206,13.375,13.482,13.375,13.462,787,0
20140207,13.462,13.472,13.462,13.472,756,0
20140210,13.365,13.365,13.365,13.365,294,0
20140211,13.637,13.675,13.559,13.675,1689,0
20140212,13.559,13.559,13.559,13.559,1549,0
20140213,13.298,13.317,13.094,13.123,15451,0
20140214,13.375,13.375,13.375,13.375,550,0
20140218,13.559,13.607,13.317,13.317,4517,0
20140219,13.269,13.307,12.978,13.036,6583,0
20140220,13.065,13.094,13.065,13.094,932,0
20140221,13.288,13.288,13.143,13.239,1682,0
20140224,13.317,13.336,13.259,13.336,4290,0
20140225,13.598,13.598,13.123,13.123,2067,0
20140226,12.833,13.065,12.813,12.833,43260,0
20140227,13.162,13.162,13.162,13.162,451,0
20140228,13.152,13.152,13.065,13.065,2032,0
20140303,12.804,12.804,12.755,12.784,1585,0
20140304,13.065,13.627,12.833,13.143,9406,0
20140305,13.172,13.172,13.017,13.065,1154,0
20140307,13.085,13.133,12.968,13.065,8258,0
20140310,13.026,13.026,12.736,12.804,5439,0
20140311,12.881,12.881,12.881,12.881,310,0
20140313,12.949,12.968,12.881,12.881,12527,0
20140314,13.075,13.075,12.726,12.755,1963,0
20140317,12.726,12.765,12.726,12.765,4342,0
20140318,12.746,12.939,12.746,12.939,4853,0
20140319,12.978,13.114,12.959,13.017,2747,0
20140320,13.017,13.288,13.017,13.288,3264,0
20140321,13.269,13.365,13.269,13.365,517,0
20140324,13.404,13.433,13.365,13.404,2498,0
20140325,13.598,13.598,13.385,13.385,3537,0
20140326,13.578,13.656,13.404,13.404,7641,0
20140327,13.85,13.879,13.85,13.879,1657,0
20140328,13.888,13.995,13.888,13.927,990,0
20140331,14.053,14.053,14.024,14.024,1701,0
20140401,14.043,14.043,13.946,14.043,1493,0
20140402,14.295,14.421,14.295,14.373,2263,0
20140403,14.876,14.876,14.227,14.334,7606,0
20140404,14.508,14.692,14.382,14.382,7059,0
20140407,14.537,14.537,14.537,14.537,103,0
20140408,14.692,14.721,14.411,14.411,4372,0
20140409,14.218,14.285,14.218,14.276,4192,0
20140410,14.344,14.518,14.344,14.518,17997,0
20140411,14.479,14.479,14.256,14.469,12870,0
20140414,14.431,14.518,14.431,14.479,16021,0
20140415,14.13,14.46,14.024,14.198,5726,0
20140416,14.344,14.344,14.295,14.334,1542,0
20140421,14.683,14.683,14.528,14.528,516,0
20140422,14.653,14.653,14.479,14.479,3541,0
20140423,14.528,14.528,14.402,14.402,1091,0
20140428,14.334,14.44,14.285,14.392,3881,0
20140429,14.644,14.663,14.469,14.518,5283,0
20140430,14.45,14.45,14.45,14.45,521,0
20140501,14.44,14.45,14.44,14.45,6201,0
20140502,14.469,14.741,14.469,14.741,4716,0
20140505,14.75,14.76,14.673,14.692,4904,0
20140506,14.721,14.818,14.721,14.799,50721,0
20140507,14.886,15.089,14.876,15.089,86040,0
20140508,14.828,15.012,14.828,14.847,2311,0
20140509,14.779,14.934,14.77,14.799,4208,0
20140512,15.041,15.041,14.973,15.041,4001,0
20140513,14.954,15.002,14.915,15.002,2595,0
20140514,15.06,15.06,15.002,15.002,899,0
20140515,14.963,14.973,14.867,14.876,2911,0
20140516,14.963,14.963,14.944,14.944,707,0
20140519,14.944,14.944,14.837,14.847,3269,0
20140520,14.837,14.847,14.537,14.537,1715,0
20140521,14.605,14.624,14.528,14.528,2789,0
20140522,14.605,14.605,14.528,14.528,7413,0
20140523,14.547,14.663,14.547,14.663,2430,0
20140527,14.634,14.644,14.392,14.392,3642,0
20140528,14.44,14.576,14.44,14.576,1101,0
20140529,14.363,14.528,14.344,14.353,6634,0
20140530,14.353,14.479,14.15,14.208,5563,0
20140602,14.121,14.169,14.121,14.15,5296,0
20140603,14.247,14.276,14.247,14.276,727,0
20140604,14.227,14.227,14.227,14.227,967,0
20140605,14.237,14.237,14.101,14.101,3791,0
20140606,14.363,14.557,14.353,14.537,4986,0
20140609,14.469,14.663,14.334,14.586,101107,0
20140610,14.673,14.799,14.615,14.799,3924,0
20140611,14.528,15.099,14.528,14.77,75724,0
20140612,14.925,14.925,14.683,14.741,25604,0
20140613,14.77,14.963,14.77,14.915,5179,0
20140616,14.886,14.886,14.779,14.808,2200,0
20140617,14.799,14.837,14.76,14.837,5816,0
20140618,14.828,15.012,14.741,15.012,1058,0
20140619,15.012,15.012,14.867,14.915,2853,0
20140620,14.963,14.963,14.867,14.925,1725,0
20140623,14.876,14.876,14.692,14.692,9114,0
20140624,14.75,14.925,14.692,14.692,3928,0
20140625,14.721,14.721,14.528,14.557,2401,0
20140626,14.528,14.566,14.528,14.557,4332,0
20140627,14.489,14.489,14.402,14.402,1809,0
20140630,14.431,14.431,14.247,14.344,2508,0
20140702,14.324,14.324,14.237,14.256,1342,0
20140703,14.411,14.411,14.353,14.392,4418,0
20140707,14.45,14.576,14.411,14.576,10150,0
20140708,14.382,14.499,14.344,14.45,5749,0
20140709,14.566,14.663,14.566,14.624,4527,0
20140710,14.547,14.624,14.547,14.624,1397,0
20140711,14.576,14.702,14.576,14.683,4970,0
20140714,14.741,15.012,14.741,14.963,19185,0
20140715,14.963,14.973,14.896,14.963,1080,0
20140716,15.002,15.002,14.973,14.973,1246,0
20140717,14.837,14.857,14.837,14.857,2629,0
20140718,14.886,15.341,14.886,15.302,13122,0
20140721,15.206,15.341,15.206,15.341,1316,0
20140722,15.438,15.515,15.438,15.457,2838,0
20140723,15.302,15.37,15.302,15.312,1449,0
20140724,15.506,15.506,15.486,15.506,2884,0
20140725,15.496,15.515,15.419,15.486,3583,0
20140728,15.496,15.496,15.39,15.438,1843,0
20140729,15.467,15.467,15.235,15.322,4876,0
20140730,15.206,15.244,15.206,15.235,1654,0
20140731,14.77,15.002,14.77,14.925,1935,0
20140801,14.983,14.983,14.799,14.799,686,0
20140804,15.012,15.089,14.847,15.089,5860,0
20140805,15.186,15.186,15.051,15.051,518,0
20140806,15.022,15.109,14.954,15.031,2675,0
20140807,15.147,15.147,15.147,15.147,165,0
20140808,14.818,14.925,14.77,14.857,2358,0
20140811,15.002,15.031,14.828,15.031,533,0
20140812,14.925,15.002,14.915,15.002,1070,0
20140813,14.828,14.847,14.789,14.847,1989,0
20140814,14.876,14.876,14.77,14.77,1728,0
20140815,15.07,15.07,14.954,14.954,1403,0
20140818,14.905,15.264,14.905,15.264,6034,0
20140819,15.283,15.409,15.283,15.409,829,0
20140820,15.515,15.583,15.515,15.554,2779,0
20140821,15.554,15.554,15.554,15.554,298,0
20140822,15.38,15.38,15.36,15.37,1414,0
20140825,15.564,15.738,15.477,15.67,44164,0
20140826,15.699,15.845,15.699,15.845,923,0
20140827,15.971,16.155,15.971,16.155,2685,0
20140828,16.126,16.126,15.854,15.913,2954,0
20140829,15.922,16.126,15.922,16.106,6417,0
20140902,16.106,16.252,16.029,16.252,3217,0
20140903,16.213,16.252,16.087,16.087,4357,0
20140904,16.252,16.271,15.903,15.99,2739,0
20140905,15.932,16.009,15.922,16.009,4129,0
20140908,16.009,16.058,15.651,15.651,1324,0
20140909,15.554,15.632,15.36,15.399,20342,0
20140910,15.254,15.254,15.186,15.186,952,0
20140911,15.331,15.399,15.244,15.399,11085,0
20140912,15.167,15.254,14.934,14.944,13954,0
20140915,15.041,15.264,15.022,15.196,3911,0
20140916,15.399,15.787,15.399,15.641,12443,0
20140917,15.748,15.767,15.651,15.651,2932,0
20140918,15.438,15.438,15.438,15.438,170,0
20140919,15.341,15.341,15.341,15.341,252,0
20140922,14.944,14.963,14.76,14.76,3195,0
20140923,14.837,14.973,14.789,14.973,1305,0
20140924,14.857,15.031,14.75,15.012,1656,0
20140925,14.925,14.973,14.896,14.925,180923,0
20140926,14.886,15.109,14.886,15.109,11608,0
20140929,14.557,14.653,14.528,14.624,6843,0
20140930,14.315,14.44,14.208,14.44,11943,0
20141001,14.227,14.227,14.043,14.043,5012,0
20141002,14.179,14.256,14.014,14.256,397552,0
20141003,14.15,14.431,14.15,14.382,769,0
20141006,15.186,15.206,15.041,15.041,7607,0
20141007,15.399,15.399,15.176,15.176,13130,0
20141008,15.051,15.167,14.915,15.167,18430,0
20141009,15.351,15.399,15.138,15.196,10020,0
20141010,14.876,14.886,14.847,14.847,1419,0
20141013,15.031,15.448,15.031,15.448,933,0
20141014,15.167,15.419,15.167,15.419,13526,0
20141015,14.799,14.944,14.276,14.808,23459,0
20141016,14.557,14.557,14.285,14.295,69427,0
20141017,14.528,14.779,14.528,14.528,8278,0
20141020,14.111,14.469,14.111,14.295,5214,0
20141021,13.685,13.917,13.685,13.859,9982,0
20141022,13.733,13.946,13.733,13.733,7456,0
20141023,13.607,13.607,13.356,13.356,4131,0
20141024,13.501,13.888,13.501,13.666,9522,0
20141027,13.123,13.336,13.094,13.278,19015,0
20141028,13.559,13.724,13.482,13.637,25148,0
20141029,13.656,13.656,13.356,13.356,3243,0
20141030,13.724,13.724,13.356,13.356,41,0
20141031,13.801,14.237,13.801,14.218,6404,0
20141103,14.053,14.198,13.937,13.937,632,0
20141104,13.946,14.189,13.937,14.072,2539,0
20141105,14.063,14.121,13.966,14.043,202975,0
20141106,13.753,13.753,13.656,13.656,7676,0
20141107,13.801,13.946,13.801,13.83,7465,0
20141110,13.946,13.946,13.801,13.801,4801,0
20141112,13.937,13.937,13.724,13.762,3832,0
20141113,13.598,13.743,13.53,13.53,7653,0
20141114,13.443,13.443,13.394,13.394,1003,0
20141117,13.394,13.394,13.288,13.327,2067,0
20141118,13.385,13.588,13.375,13.578,2072,0
20141119,13.772,13.888,13.646,13.888,4233,0
20141120,14.092,14.092,13.772,13.956,2437,0
20141121,14.072,14.624,14.072,14.576,101977,0
20141124,14.479,14.479,14.285,14.285,6712,0
20141125,14.479,14.624,14.295,14.295,5772,0
20141126,14.373,14.373,14.256,14.256,2996,0
20141128,14.256,14.256,14.208,14.208,1322,0
20141201,13.607,13.607,13.482,13.491,6725,0
20141202,13.462,13.53,13.336,13.346,17506,0
20141203,13.482,13.53,13.423,13.423,2240,0
20141204,13.365,13.365,13.22,13.22,14261,0
20141205,13.317,13.414,13.298,13.414,2336,0
20141208,13.172,13.172,12.92,12.92,3136,0
20141209,12.93,12.978,12.813,12.949,5980,0
20141210,12.755,12.775,12.678,12.687,2824,0
20141211,12.736,12.823,12.736,12.823,620,0
20141212,12.465,12.591,12.397,12.397,1698,0
20141215,12.106,12.377,12.019,12.077,6960,0
20141216,12.039,12.271,12.039,12.097,4351,0
20141217,12.465,12.62,12.377,12.62,1690,0
20141218,12.707,12.707,12.474,12.484,9629,0
20141219,12.8,12.81,12.57,12.76,33293,0
20141222,12.68,12.87,12.61,12.85,5158,0
20141223,13.02,13.02,13,13,1097,0
20141224,13.01,13.01,12.86,12.94,2370,0
20141226,12.97,13.12,12.88,12.88,4032,0
20141229,12.9,13.02,12.9,13.02,1643,0
20141230,12.94,12.94,12.88,12.88,1320,0
20141231,12.74,12.85,12.74,12.85,22853,0
20150102,12.62,12.84,12.48,12.51,2491,0
20150105,12.34,12.34,12.33,12.33,620,0
20150106,12.2,12.31,12.18,12.3,269668,0
20150107,12.61,12.71,12.51,12.56,4620,0
20150108,12.7,12.81,12.7,12.7,11100,0
20150109,12.65,12.66,12.43,12.51,9068,0
20150112,12.47,12.47,12.35,12.46,1200,0
20150113,12.21,12.51,12.21,12.38,4134,0
20150114,12.39,12.39,12.34,12.34,352,0
20150115,12.37,12.37,12.3,12.3,911,0
20150116,12.57,12.58,12.51,12.51,6588,0
