Date,Open,High,Low,Close,Volume,OpenInt
20060616,44.939,45.001,44.822,44.974,2346,0
20060619,45.073,45.073,44.572,44.572,3681,0
20060620,44.661,44.661,44.498,44.498,447,0
20060621,44.562,45.019,44.562,44.974,4684,0
20060622,44.724,44.724,44.696,44.696,894,0
20060623,44.607,44.865,44.607,44.822,2900,0
20060626,44.893,44.974,44.893,44.902,17515,0
20060627,44.902,44.902,44.724,44.724,1560,0
20060628,44.706,44.706,44.669,44.669,340,0
20060629,45.225,45.619,45.064,45.619,2346,0
20060630,45.79,45.988,45.781,45.933,6810,0
20060703,45.988,46.219,45.988,46.219,2116,0
20060705,46.006,46.058,46.006,46.032,7253,0
20060706,45.7,46.058,45.7,45.952,4462,0
20060707,45.961,46.192,45.853,45.853,4130,0
20060710,45.97,46.246,45.97,46.024,4352,0
20060711,46.076,46.192,45.807,46.183,4684,0
20060712,46.14,46.175,45.781,45.807,4912,0
20060713,45.628,45.628,45.198,45.198,4800,0
20060714,44.974,45.073,44.733,44.848,15953,0
20060717,44.911,44.911,44.831,44.848,2900,0
20060718,44.974,44.974,44.572,44.572,69846,0
20060719,45.315,45.862,45.315,45.862,116372,0
20060720,45.97,45.97,45.431,45.431,28115,0
20060721,45.351,45.351,44.902,44.929,1898,0
20060724,45.108,45.405,45.108,45.405,1791,0
20060725,45.924,45.924,45.898,45.898,894,0
20060726,45.745,45.898,45.61,45.844,27557,0
20060727,45.933,45.97,45.512,45.512,9485,0
20060728,45.988,46.157,45.898,46.13,10154,0
20060731,45.97,46.024,45.924,46.006,5022,0
20060801,45.745,45.988,45.745,45.988,2008,0
20060802,46.103,46.21,45.988,46.05,3681,0
20060803,46.05,46.391,46.05,46.372,1452,0
20060804,46.731,46.919,46.578,46.578,3798,0
20060807,46.453,46.453,46.246,46.345,4241,0
20060808,46.426,46.426,46.426,46.426,1452,0
20060809,46.382,46.382,46.041,46.05,9819,0
20060810,45.69,45.924,45.69,45.924,14615,0
20060811,45.88,45.88,45.503,45.619,4014,0
20060814,45.97,46.183,45.763,45.763,5132,0
20060815,46.237,46.336,46.192,46.336,6691,0
20060816,46.517,46.686,46.508,46.659,7812,0
20060817,46.686,46.837,46.677,46.731,6137,0
20060818,46.81,46.81,46.633,46.749,554,0
20060821,46.74,46.74,46.606,46.677,7588,0
20060822,46.642,46.828,46.642,46.828,2454,0
20060823,46.865,46.874,46.382,46.416,8035,0
20060824,46.535,46.535,46.399,46.462,2677,0
20060825,46.471,46.471,46.299,46.382,3681,0
20060828,46.435,46.793,46.435,46.749,6691,0
20060829,46.749,46.919,46.596,46.883,3014,0
20060830,46.883,46.991,46.865,46.963,17630,0
20060831,47.08,47.197,47.08,47.153,4241,0
20060901,47.162,47.278,47.162,47.188,6137,0
20060905,47.269,47.358,47.241,47.341,16736,0
20060906,47.09,47.098,46.883,46.928,20420,0
20060907,46.819,46.828,46.596,46.659,6247,0
20060908,46.749,46.91,46.624,46.91,13500,0
20060911,46.856,47.037,46.633,46.937,8816,0
20060912,46.954,47.456,46.954,47.456,11829,0
20060913,47.412,47.699,47.412,47.69,3681,0
20060914,47.654,47.654,47.529,47.565,6582,0
20060915,47.761,47.815,47.699,47.797,5688,0
20060918,47.618,47.707,47.492,47.546,10042,0
20060919,47.546,47.636,47.323,47.636,8590,0
20060920,47.699,47.978,47.699,47.842,4912,0
20060921,47.942,47.942,47.447,47.492,3351,0
20060922,47.386,47.465,47.197,47.465,12604,0
20060925,47.565,47.761,47.323,47.761,5242,0
20060926,47.716,47.978,47.699,47.978,14393,0
20060927,48.039,48.129,48.029,48.029,3681,0
20060928,48.207,48.207,47.942,48.111,4575,0
20060929,48.12,48.129,47.942,47.942,9372,0
20061002,47.87,48.084,47.779,47.86,17515,0
20061003,47.797,48.147,47.77,47.994,11493,0
20061004,48.047,48.262,47.842,48.262,29119,0
20061005,48.308,48.604,48.262,48.56,9595,0
20061006,48.426,48.462,48.19,48.345,13389,0
20061009,48.335,48.649,48.272,48.649,5464,0
20061010,48.658,48.782,48.462,48.64,13947,0
20061011,48.551,48.746,48.417,48.56,8927,0
20061012,48.746,49.071,48.746,49.071,25886,0
20061013,49.161,49.257,49.161,49.248,4462,0
20061016,49.248,49.41,49.248,49.41,13724,0
20061017,49.283,49.329,49.144,49.257,9819,0
20061018,49.329,49.518,49.222,49.392,6920,0
20061019,49.283,49.374,49.222,49.311,24210,0
20061020,49.153,49.239,49.043,49.161,4800,0
20061023,48.953,49.41,48.953,49.41,7812,0
20061024,49.283,49.438,49.283,49.429,12719,0
20061025,49.329,49.608,49.329,49.6,28561,0
20061026,49.671,49.905,49.491,49.905,16852,0
20061027,49.733,49.841,49.536,49.536,9372,0
20061030,49.447,49.787,49.447,49.724,14728,0
20061031,49.759,49.759,49.5,49.654,25106,0
20061101,49.751,49.939,49.292,49.356,8035,0
20061102,49.153,49.222,49.062,49.153,24210,0
20061103,49.239,49.266,48.685,48.946,6247,0
20061106,49.107,49.491,49.107,49.419,19414,0
20061107,49.374,49.608,49.374,49.483,6471,0
20061108,49.197,49.733,49.197,49.626,11829,0
20061109,49.509,49.626,49.447,49.474,4912,0
20061110,49.474,49.626,49.438,49.626,4241,0
20061113,49.608,49.822,49.608,49.751,9485,0
20061114,49.777,50.065,49.635,50.065,11602,0
20061115,50.145,50.317,50.118,50.272,19748,0
20061116,50.388,50.521,50.361,50.503,23655,0
20061117,50.442,50.442,50.254,50.423,7253,0
20061120,50.451,50.826,50.451,50.702,10264,0
20061121,50.675,50.908,50.675,50.908,8035,0
20061122,51.06,51.088,50.889,51.042,8927,0
20061124,50.862,51.13,50.862,51.078,5464,0
20061127,50.898,50.898,50.263,50.263,49761,0
20061128,50.092,50.397,49.923,50.361,14169,0
20061129,50.503,50.908,50.503,50.908,6691,0
20061130,50.908,51.14,50.772,51.014,9261,0
20061201,51.122,51.13,50.567,50.961,13056,0
20061204,51.078,51.597,51.078,51.597,27114,0
20061205,51.597,51.696,51.58,51.632,5022,0
20061206,51.58,51.705,51.482,51.562,8702,0
20061207,51.562,51.615,51.373,51.373,5464,0
20061208,51.347,51.464,51.265,51.364,13277,0
20061211,51.329,51.436,51.329,51.41,5358,0
20061212,51.419,51.446,51.176,51.373,9595,0
20061213,51.473,51.525,51.311,51.347,7476,0
20061214,51.392,51.705,51.392,51.606,27782,0
20061215,51.641,51.65,51.446,51.446,7922,0
20061218,51.482,51.543,51.097,51.097,5688,0
20061219,50.898,51.113,50.772,51.106,16624,0
20061220,51.167,51.311,51.167,51.167,8035,0
20061221,51.185,51.185,50.558,50.567,86360,0
20061222,50.521,50.521,50.352,50.423,11383,0
20061226,50.612,50.763,50.593,50.763,5464,0
20061227,51.006,51.23,51.006,51.23,9372,0
20061228,51.148,51.204,51.06,51.078,7698,0
20061229,51.06,51.14,50.88,50.944,13056,0
20070103,51.265,51.436,50.8,51.033,33029,0
20070104,51.033,51.097,50.8,51.097,14952,0
20070105,50.926,50.926,50.423,50.485,30124,0
20070108,50.397,50.485,50.209,50.433,20975,0
20070109,50.485,50.593,50.326,50.548,8035,0
20070110,50.46,50.818,50.46,50.818,7922,0
20070111,50.88,51.301,50.88,51.158,8035,0
20070112,51.185,51.364,51.185,51.364,14058,0
20070116,51.705,51.705,51.311,51.401,19973,0
20070117,51.383,51.473,51.194,51.311,30797,0
20070118,51.401,51.41,51.148,51.185,10154,0
20070119,51.088,51.428,51.088,51.428,6137,0
20070122,51.464,51.464,51.158,51.238,14615,0
20070123,51.23,51.58,51.23,51.491,11269,0
20070124,51.606,51.885,51.552,51.868,12157,0
20070125,51.919,51.919,51.508,51.606,25106,0
20070126,51.723,51.732,51.383,51.732,10154,0
20070129,51.786,51.964,51.786,51.868,8255,0
20070130,52.026,52.144,51.937,52.144,11493,0
20070131,52.144,52.564,52.009,52.521,6810,0
20070201,52.619,52.897,52.619,52.889,16736,0
20070202,53.024,53.075,52.924,53.075,7365,0
20070205,53.041,53.057,52.924,52.969,15732,0
20070206,53.146,53.247,52.987,53.228,7029,0
20070207,53.21,53.506,53.192,53.506,15287,0
20070208,53.365,53.471,53.328,53.453,12943,0
20070209,53.541,53.541,52.7,52.987,19862,0
20070212,52.933,52.933,52.646,52.808,25662,0
20070213,52.924,53.228,52.852,53.228,30238,0
20070214,53.356,53.585,53.356,53.427,21533,0
20070215,53.506,53.622,53.4,53.576,35372,0
20070216,53.435,53.585,53.346,53.585,19973,0
20070220,53.604,53.991,53.453,53.955,8702,0
20070221,53.811,53.865,53.714,53.865,26779,0
20070222,53.955,54,53.668,53.839,26219,0
20070223,53.794,53.794,53.506,53.64,14952,0
20070226,53.839,53.865,53.274,53.604,33661,0
20070227,52.646,53.346,51.751,52.009,38493,0
20070228,52.314,52.476,51.885,52.235,18856,0
20070301,51.455,52.386,51.338,52.117,15185,0
20070302,51.928,52.045,51.473,51.473,17407,0
20070305,50.845,51.176,50.433,50.433,21312,0
20070306,50.711,51.41,50.209,51.292,50544,0
20070307,51.13,51.436,51.06,51.148,23543,0
20070308,51.491,51.796,51.491,51.741,27893,0
20070309,51.901,51.901,51.562,51.751,10711,0
20070312,51.796,51.982,51.606,51.877,13724,0
20070313,51.65,51.65,50.88,50.898,14952,0
20070314,51.042,51.042,50.308,51.014,20081,0
20070315,51.051,51.534,51.051,51.516,13056,0
20070316,51.58,51.606,51.204,51.221,20532,0
20070319,51.464,51.768,51.464,51.659,14615,0
20070320,51.632,52.026,51.632,52.009,13947,0
20070321,52.098,52.825,51.937,52.69,10937,0
20070322,52.798,52.88,52.592,52.69,21981,0
20070323,52.915,52.924,52.772,52.88,33029,0
20070326,52.763,52.763,52.08,52.476,32690,0
20070327,52.199,52.199,51.937,52.072,25554,0
20070328,51.885,51.955,51.751,51.768,12719,0
20070329,52.108,52.108,51.641,51.823,23432,0
20070330,52.026,52.144,51.668,51.946,34924,0
20070402,52.144,52.296,51.982,52.279,30682,0
20070403,52.556,52.825,52.502,52.718,76204,0
20070404,52.727,52.727,52.574,52.655,8816,0
20070405,52.646,52.754,52.592,52.69,18298,0
20070409,52.798,52.798,52.681,52.736,20307,0
20070410,52.745,52.969,52.745,52.861,10598,0
20070411,52.736,52.798,52.413,52.502,18633,0
20070412,52.332,52.556,52.19,52.556,10154,0
20070413,52.619,52.772,52.467,52.745,19304,0
20070416,53.328,53.453,53.015,53.219,41505,0
20070417,53.265,53.461,53.192,53.4,42066,0
20070418,53.328,53.541,53.283,53.417,6361,0
20070419,53.139,53.409,53.139,53.274,8477,0
20070420,53.622,53.649,53.391,53.631,29792,0
20070423,53.82,53.882,53.714,53.769,10598,0
20070424,53.882,53.882,53.471,53.723,10378,0
20070425,53.936,54.161,53.723,54.088,6026,0
20070426,54.125,54.187,53.882,54.088,6691,0
20070427,53.991,54.097,53.936,54.034,4462,0
20070430,54.069,54.069,53.356,53.356,23319,0
20070501,53.488,53.631,53.121,53.558,37158,0
20070502,53.585,53.973,53.558,53.973,15063,0
20070503,53.909,54.25,53.909,54.043,37265,0
20070504,54.143,54.152,53.918,54.017,7365,0
20070507,54.161,54.215,54.143,54.161,6247,0
20070508,54,54.143,53.909,54.134,5242,0
20070509,54.034,54.52,54.01,54.484,11046,0
20070510,54.269,54.295,53.787,53.787,30797,0
20070511,53.982,54.25,53.982,54.25,9933,0
20070514,54.269,54.358,53.936,54.043,19748,0
20070515,54.134,54.278,53.714,53.714,23319,0
20070516,53.865,53.936,53.595,53.82,10822,0
20070517,53.769,53.811,53.576,53.622,11046,0
20070518,53.75,53.82,53.585,53.723,22316,0
20070521,53.803,54.106,53.769,54.017,8702,0
20070522,54.017,54.457,54.017,54.358,26779,0
20070523,54.511,54.618,54.097,54.134,13500,0
20070524,54.026,54.242,53.256,53.356,10598,0
20070525,53.613,53.769,53.409,53.576,27672,0
20070529,53.936,54.206,53.936,54.088,28115,0
20070530,53.946,54.599,53.927,54.599,11943,0
20070531,54.906,54.969,54.635,54.77,12389,0
20070601,55.013,55.118,54.915,55.04,15400,0
20070604,54.995,55.237,54.95,55.237,9819,0
20070605,55.013,55.048,54.725,54.77,22091,0
20070606,54.366,54.439,54.152,54.295,15400,0
20070607,54.052,54.052,53.102,53.102,32358,0
20070608,53.164,53.506,52.889,53.506,52662,0
20070611,53.383,53.64,53.237,53.488,7365,0
20070612,53.328,53.374,52.789,52.789,16400,0
20070613,52.996,53.383,52.924,53.374,13056,0
20070614,53.686,53.787,53.524,53.585,20753,0
20070615,53.909,54.161,53.901,53.973,10598,0
20070618,53.991,53.991,53.759,53.794,9261,0
20070619,53.515,53.803,53.427,53.777,4684,0
20070620,53.882,53.882,53.121,53.13,8702,0
20070621,53.024,53.265,52.655,53.237,6920,0
20070622,53.093,53.146,52.69,52.745,11712,0
20070625,52.386,52.655,51.946,52.098,13836,0
20070626,52.287,52.342,51.751,51.751,9372,0
20070627,51.659,52.378,51.58,52.378,10598,0
20070628,52.439,52.798,52.405,52.521,10264,0
20070629,52.638,52.834,52.218,52.323,30573,0
20070702,52.655,53.015,52.583,52.978,39274,0
20070703,53.21,53.292,53.164,53.183,7922,0
20070705,53.265,53.461,53.155,53.365,11602,0
20070706,53.391,53.622,53.183,53.622,17742,0
20070709,53.704,53.704,53.391,53.488,7029,0
20070710,53.219,53.219,52.547,52.547,16179,0
20070711,52.485,52.709,52.323,52.709,24100,0
20070712,52.906,53.453,52.906,53.453,29235,0
20070713,53.365,53.82,53.365,53.803,11943,0
20070716,53.695,53.759,53.391,53.391,17407,0
20070717,53.453,53.64,53.391,53.391,7698,0
20070718,53.174,53.174,52.681,52.789,5805,0
20070719,53.292,53.383,53.247,53.337,3458,0
20070720,53.164,53.174,52.421,52.521,16067,0
20070723,52.843,52.843,52.314,52.36,17065,0
20070724,51.841,51.946,51.014,51.042,23097,0
20070725,51.482,51.705,50.675,51.106,14169,0
20070726,50.154,50.494,49.474,50.01,63263,0
20070727,49.841,50.083,48.882,48.909,22873,0
20070730,49.205,49.671,48.927,49.5,30797,0
20070731,49.967,50.272,48.692,48.989,33473,0
20070801,49.188,49.365,48.399,49.365,74087,0
20070802,49.698,49.841,49.356,49.608,18633,0
20070803,49.239,49.275,48.183,48.199,15174,0
20070806,48.174,49.126,47.537,49.034,50654,0
20070807,48.882,49.859,48.791,49.536,35480,0
20070808,49.896,50.809,49.877,50.629,61370,0
20070809,49.787,50.272,49.374,49.374,43962,0
20070810,48.417,49.671,48.354,49.356,30237,0
20070813,49.563,49.608,49.071,49.23,22430,0
20070814,48.962,48.962,47.906,47.906,10042,0
20070815,47.833,48.28,47.09,47.09,12048,0
20070816,46.856,47.797,46.05,47.797,33920,0
20070817,49.392,49.491,48.443,48.936,43290,0
20070820,49.161,49.311,48.819,49.248,11602,0
20070821,48.882,49.654,48.882,49.491,4912,0
20070822,49.967,50.074,49.708,50.065,17181,0
20070823,50.218,50.218,49.742,49.85,10264,0
20070824,49.769,50.227,49.689,50.218,8816,0
20070827,50.235,50.235,49.635,49.635,21869,0
20070828,49.356,49.356,48.371,48.443,9933,0
20070829,48.882,49.456,48.667,49.447,2454,0
20070830,49.089,49.662,49.089,49.365,26556,0
20070831,49.708,50.1,49.708,49.958,13389,0
20070904,49.887,50.72,49.887,50.423,12276,0
20070905,50.1,50.1,49.608,49.831,11046,0
20070906,49.822,49.983,49.464,49.813,12389,0
20070907,49.302,49.302,48.946,49.116,126861,0
20070910,49.23,49.23,48.399,48.685,72746,0
20070911,48.891,49.188,48.863,49.08,126303,0
20070912,48.962,49.346,48.962,49.161,25773,0
20070913,49.292,49.671,49.213,49.429,50320,0
20070914,49.116,49.698,49.116,49.698,5358,0
20070917,49.6,49.635,49.383,49.456,22985,0
20070918,49.742,50.8,49.545,50.8,27557,0
20070919,51.355,51.632,51.265,51.364,7476,0
20070920,51.13,51.158,50.729,50.791,3351,0
20070921,51.006,51.014,50.754,50.754,38828,0
20070924,50.406,50.567,50.182,50.244,8816,0
20070925,49.787,50.065,49.708,50.065,43182,0
20070926,50.209,50.442,50.154,50.379,9036,0
20070927,50.621,50.684,50.503,50.647,18074,0
20070928,50.593,50.754,50.406,50.567,8816,0
20071001,50.862,51.247,50.835,51.212,39945,0
20071002,51.347,51.571,51.283,51.571,208757,0
20071003,51.347,51.58,51.301,51.464,23876,0
20071004,51.525,51.571,51.32,51.436,16067,0
20071005,51.832,52.262,51.705,52.218,56347,0
20071008,52.126,52.199,51.919,51.973,26888,0
20071009,51.982,52.181,51.696,52.181,6920,0
20071010,52.144,52.144,51.85,51.964,8035,0
20071011,52.279,52.296,51.641,51.714,42623,0
20071012,51.777,51.885,51.589,51.589,27782,0
20071015,51.516,51.678,50.917,51.069,24659,0
20071016,50.818,50.818,50.442,50.539,30903,0
20071017,50.772,50.781,49.948,50.433,94063,0
20071018,50.019,50.361,49.939,50.281,46079,0
20071019,50.191,50.191,48.98,48.98,29235,0
20071022,48.891,49.6,48.676,49.356,12389,0
20071023,49.796,49.85,49.337,49.751,16292,0
20071024,49.509,49.644,48.918,49.6,32469,0
20071025,49.671,49.983,49.144,49.813,107449,0
20071026,50.298,50.298,49.759,50.281,4130,0
20071029,50.406,50.485,50.037,50.191,12048,0
20071030,50.145,50.334,50.128,50.154,47305,0
20071031,50.308,50.702,50.308,50.584,7588,0
20071101,50.308,50.308,49.438,49.438,47305,0
20071102,49.5,49.5,48.773,48.953,13277,0
20071105,48.701,48.998,48.587,48.719,30237,0
20071106,48.882,49.248,48.569,49.248,7365,0
20071107,48.728,48.728,47.906,47.915,65943,0
20071108,47.994,48.207,47.394,48.207,25662,0
20071109,47.733,48.354,47.511,48.066,7365,0
20071112,48.129,48.604,47.824,47.824,13056,0
20071113,47.824,49.098,47.824,49.062,7476,0
20071114,49.474,49.474,48.56,48.56,11156,0
20071115,48.299,48.569,47.851,48.129,13166,0
20071116,48.047,48.047,47.511,47.681,4800,0
20071119,47.456,47.456,47,47,26888,0
20071120,47,47.376,46.13,46.686,46746,0
20071121,46.444,46.784,46.094,46.372,12498,0
20071123,46.731,47.116,46.651,46.963,3122,0
20071126,46.874,47.134,45.736,45.736,15063,0
20071127,46.201,46.49,45.933,46.49,41842,0
20071128,46.49,47.915,46.49,47.879,24992,0
20071129,47.716,47.897,47.403,47.752,27893,0
20071130,48.345,48.551,48.075,48.308,58134,0
20071203,48.235,48.363,47.888,48.12,30124,0
20071204,47.906,47.906,47.583,47.654,86585,0
20071205,48.101,48.488,48.012,48.399,24769,0
20071206,48.443,49.41,48.38,49.402,20081,0
20071207,49.5,49.6,49.337,49.337,6582,0
20071210,49.41,50.01,49.41,50.01,10490,0
20071211,49.991,50.074,48.129,48.147,28230,0
20071212,49.161,49.419,47.824,48.19,34697,0
20071213,47.879,48.207,47.609,48.075,31131,0
20071214,47.761,47.942,47.098,47.098,12719,0
20071217,46.74,46.828,46.121,46.121,266331,0
20071218,46.299,46.416,45.736,46.336,19973,0
20071219,46.219,46.624,46.148,46.444,22091,0
20071220,46.837,46.847,46.068,46.847,49650,0
20071221,47.447,47.465,47,47.403,9036,0
20071224,47.645,47.987,47.492,47.987,26331,0
20071226,47.733,47.851,47.492,47.779,110683,0
20071227,47.474,47.724,46.973,47.009,28561,0
20071228,47.287,47.332,46.606,46.686,33811,0
20071231,46.587,46.847,46.336,46.624,38493,0
20080102,46.444,46.775,45.871,46.016,28788,0
20080103,46.183,46.183,45.306,45.306,33691,0
20080104,44.974,44.982,44.006,44.148,43290,0
20080107,44.167,44.715,43.863,44.249,27114,0
20080108,44.365,44.661,42.892,42.975,25328,0
20080109,42.875,43.19,41.873,43.172,73193,0
20080110,42.816,44.185,42.536,43.782,54113,0
20080111,43.559,43.881,43.066,43.352,51657,0
20080114,43.612,43.673,43.093,43.559,25438,0
20080115,42.798,42.984,42.536,42.536,29565,0
20080116,42.474,43.414,42.474,42.816,40838,0
20080117,42.77,42.858,41.577,41.577,20640,0
20080118,41.559,42.097,40.109,41.239,30237,0
20080122,39.166,41.8,39.166,41.614,141923,0
20080123,40.788,43.916,40.779,43.828,40046,0
20080124,43.89,44.061,43.396,43.737,33473,0
20080125,43.924,44.348,43.138,43.377,82454,0
20080128,43.396,44.599,42.947,44.599,63820,0
20080129,44.769,45.189,44.338,45.108,17742,0
20080130,45.091,45.727,44.489,44.489,94727,0
20080131,44.006,46.121,44.006,46.068,127196,0
20080201,45.853,46.91,45.807,46.91,24547,0
20080204,46.945,46.945,46.246,46.29,21424,0
20080205,45.826,45.906,45.037,45.037,30124,0
20080206,45.091,45.405,44.526,44.526,40949,0
20080207,44.498,44.948,44.185,44.724,65604,0
20080208,44.948,45.055,44.203,44.444,45856,0
20080211,44.427,44.498,43.853,44.294,30237,0
20080212,44.544,44.992,44.338,44.652,37825,0
20080213,45.045,45.235,44.553,44.974,47086,0
20080214,45.037,45.037,44.303,44.329,79664,0
20080215,44.069,44.462,43.952,44.462,74087,0
20080219,44.167,44.957,44.069,44.258,81004,0
20080220,43.89,44.874,43.881,44.724,174170,0
20080221,45.028,45.198,44.052,44.052,182537,0
20080222,44.148,44.427,43.594,44.399,281462,0
20080225,44.517,45.405,44.13,45.37,386049,0
20080226,45.477,45.924,45.171,45.718,179638,0
20080227,45.431,46.016,45.431,45.539,66052,0
20080228,45.225,45.279,44.733,44.831,211772,0
20080229,44.381,44.381,43.414,43.603,50990,0
20080303,43.469,43.673,43.102,43.549,66276,0
20080304,43.289,43.46,42.698,43.289,61253,0
20080305,43.594,43.791,43.111,43.289,61815,0
20080306,42.875,42.875,41.981,41.981,44405,0
20080307,41.506,42.474,41.506,42.035,180641,0
20080310,41.99,42.16,41.388,41.433,121392,0
20080311,42.071,43.155,41.892,43.111,179410,0
20080312,43.021,43.478,42.762,42.762,28230,0
20080313,42.286,43.244,41.883,43.083,140250,0
20080314,43.414,43.414,41.945,42.33,353807,0
20080317,41.424,42.151,41.229,41.818,100639,0
20080318,42.305,43.423,42.295,43.423,189677,0
20080319,43.819,43.989,42.875,42.875,42623,0
20080320,43.074,43.934,42.753,43.934,96290,0
20080324,43.819,44.544,43.666,44.258,40838,0
20080325,44.148,44.581,44.069,44.48,48537,0
20080326,44.409,44.409,43.656,43.728,66945,0
20080327,43.899,43.98,43.155,43.2,30124,0
20080328,43.146,43.352,42.546,42.546,28340,0
20080331,42.735,43.307,42.589,42.965,362397,0
20080401,43.647,44.769,43.568,44.715,94897,0
20080402,44.752,45.315,44.562,44.974,31241,0
20080403,44.696,45.27,44.652,45.198,25830,0
20080404,45.189,45.324,44.822,44.884,72860,0
20080407,45.073,45.458,44.974,45.028,38269,0
20080408,44.687,44.911,44.507,44.643,8927,0
20080409,44.795,44.804,43.853,43.853,47868,0
20080410,43.844,44.312,43.638,44.078,17299,0
20080411,43.594,43.952,43.377,43.387,34034,0
20080414,43.298,43.377,43.03,43.074,49867,0
20080415,43.253,43.414,43.057,43.414,25561,0
20080416,43.863,44.724,43.773,44.678,16877,0
20080417,44.462,44.957,44.312,44.848,26112,0
20080418,45.672,45.672,45.252,45.324,58536,0
20080421,45.171,45.243,44.786,44.939,21305,0
20080422,44.59,44.752,44.321,44.526,15468,0
20080423,44.517,44.939,44.507,44.687,19101,0
20080424,44.544,45.37,44.462,45.361,27178,0
20080425,45.378,45.736,45.108,45.654,45752,0
20080428,45.773,46.006,45.495,45.844,19152,0
20080429,45.853,45.871,45.548,45.708,38226,0
20080430,45.736,45.997,45.225,45.289,44138,0
20080501,45.126,46.299,45.126,46.299,15789,0
20080502,46.74,46.74,46.175,46.256,30761,0
20080505,46.041,46.166,45.924,46.068,23930,0
20080506,45.727,46.416,45.663,46.416,10197,0
20080507,46.29,46.372,45.495,45.583,6387,0
20080508,45.773,45.871,45.431,45.566,19892,0
20080509,45.458,45.773,45.458,45.521,9502,0
20080512,45.754,46.237,45.557,46.237,13123,0
20080513,46.237,46.408,46.14,46.336,5730,0
20080514,46.435,46.973,46.435,46.606,9337,0
20080515,46.587,47.153,46.587,47.153,12351,0
20080516,46.81,47.009,46.775,46.928,12453,0
20080519,46.91,47.367,46.819,46.954,12405,0
20080520,46.668,46.677,46.355,46.499,46175,0
20080521,46.499,46.606,45.745,45.807,8931,0
20080522,45.727,46.13,45.727,45.97,17201,0
20080523,45.431,45.601,45.431,45.477,4010,0
20080527,45.405,46.041,45.405,45.979,16158,0
20080528,46.068,46.068,45.834,46.068,2878,0
20080529,46.121,46.668,46.121,46.535,32364,0
20080530,46.554,46.554,46.29,46.444,57756,0
20080602,46.282,46.29,45.745,46.085,52551,0
20080603,46.192,46.237,45.628,45.952,107184,0
20080604,46.032,46.426,45.961,46.112,27877,0
20080605,46.309,46.802,46.309,46.802,9584,0
20080606,46.606,46.606,45.635,45.635,11720,0
20080609,45.557,45.7,45.019,45.099,2474,0
20080610,44.812,45.289,44.812,45.037,2441,0
20080611,44.939,44.939,44.212,44.453,8434,0
20080612,44.507,44.553,43.881,44.105,10241,0
20080613,44.399,44.696,44.24,44.696,12652,0
20080616,44.581,45.118,44.581,45.001,19142,0
20080617,45.171,45.171,44.489,44.489,33316,0
20080618,44.176,44.267,43.737,43.934,28591,0
20080619,43.837,44.24,43.673,44.24,95165,0
20080620,44.043,44.043,43.45,43.523,28444,0
20080623,43.074,43.2,42.376,42.376,18221,0
20080624,42.186,42.807,42.044,42.376,15460,0
20080625,42.589,43.262,42.589,42.689,54367,0
20080626,42.213,42.259,41.623,41.623,11710,0
20080627,41.388,41.685,41.057,41.255,13026,0
20080630,41.361,41.506,41.012,41.057,30725,0
20080701,40.582,41.13,40.394,40.957,16193,0
20080702,41.246,41.246,40.266,40.331,207632,0
20080703,40.385,40.404,39.783,39.783,53629,0
20080707,40.027,40.037,39.057,39.454,35970,0
20080708,39.372,40.825,39.372,40.825,13343,0
20080709,40.673,40.771,39.542,39.542,14830,0
20080710,39.498,39.983,39.435,39.828,8777,0
20080711,39.239,40.009,38.953,39.606,8560,0
20080714,39.668,39.668,38.673,38.673,22172,0
20080715,38.332,39.112,37.786,38.844,11958,0
20080716,38.665,39.947,38.485,39.947,12642,0
20080717,40.385,40.879,39.765,40.869,60253,0
20080718,40.6,40.905,40.591,40.905,13972,0
20080721,41.167,41.176,40.788,40.966,25633,0
20080722,40.573,42.061,40.573,42.007,11836,0
20080723,42.007,42.833,41.756,42.384,15712,0
20080724,42.195,42.195,40.709,40.744,17588,0
20080725,40.779,41.255,40.709,40.869,8711,0
20080728,40.645,40.664,40.259,40.276,9305,0
20080729,40.266,41.515,40.266,41.515,7876,0
20080730,41.756,41.99,41.264,41.8,6948,0
20080731,41.488,41.927,41.488,41.614,38807,0
20080801,41.542,41.659,41.167,41.559,22473,0
20080804,41.659,41.659,41.102,41.157,6606,0
20080805,41.883,42.142,41.864,42.142,1517,0
20080806,42.286,42.58,42.035,42.58,2411,0
20080807,42.222,42.339,41.55,41.685,2439,0
20080808,41.774,42.929,41.774,42.911,16936,0
20080811,42.993,43.989,42.993,43.559,12111,0
20080812,43.343,43.423,42.753,42.798,12951,0
20080813,42.68,42.779,42.204,42.58,18976,0
20080814,42.555,43.146,42.555,42.965,18485,0
20080815,43.163,43.585,43.074,43.289,26324,0
20080818,43.28,43.28,42.492,42.608,4492,0
20080819,42.16,42.357,41.855,41.855,20901,0
20080820,41.809,42.097,41.542,41.774,8134,0
20080821,41.703,41.955,41.623,41.818,13267,0
20080822,41.981,42.305,41.981,42.25,5965,0
20080825,41.945,42.007,41.659,41.694,10374,0
20080826,41.901,41.901,41.515,41.729,3309,0
20080827,42.133,42.277,42.114,42.241,2159,0
20080828,42.527,43.172,42.438,43.12,4723,0
20080829,42.984,43.218,42.929,43.039,9347,0
20080902,43.163,43.765,42.653,42.92,13684,0
20080903,42.689,43.272,42.689,43.172,37843,0
20080904,42.875,42.875,42.151,42.295,12930,0
20080905,41.892,42.241,41.379,42.16,6563,0
20080908,43.701,43.701,42.938,43.523,11628,0
20080909,43.45,43.692,42.16,42.16,5031,0
20080910,42.492,42.735,41.873,42.735,16106,0
20080911,41.738,42.735,41.649,42.735,8804,0
20080912,42.492,43.262,42.492,43.19,16793,0
20080915,42.16,42.884,41.774,41.783,9496,0
20080916,40.546,42.259,40.546,42.186,18570,0
20080917,41.809,41.809,40.609,40.879,9502,0
20080918,40.806,42.518,39.659,42.518,45953,0
20080919,43.934,46.246,43.63,44.365,25504,0
20080922,44.13,44.148,42.268,42.268,341730,0
20080923,42.035,42.384,41.649,41.694,11411,0
20080924,41.765,41.765,41.167,41.176,31669,0
20080925,41.416,41.955,41.416,41.8,125460,0
20080926,41.479,42.071,41.112,42.071,17714,0
20080929,41.694,41.694,39.31,39.372,63939,0
20080930,39.579,40.627,39.372,40.591,43220,0
20081001,40.484,40.609,40.101,40.609,12670,0
20081002,40.511,40.511,38.799,38.817,204812,0
20081003,39.435,39.668,37.625,37.625,18421,0
20081006,36.612,36.71,34.64,36.397,43304,0
20081007,36.397,36.397,34.201,34.201,19206,0
20081008,32.687,34.532,32.651,33.94,18822,0
20081009,33.87,33.87,30.473,30.563,150150,0
20081010,29.012,31.431,28.69,30.812,45220,0
20081013,32.918,33.108,32.202,32.857,13416,0
20081014,35.09,35.965,32.909,33.502,25514,0
20081015,32.354,32.354,30.742,30.742,8603,0
20081016,30.259,31.324,28.858,31.324,8860,0
20081017,30.598,32.293,30.598,31.27,77894,0
20081020,31.476,32.426,31.351,32.426,4132,0
20081021,31.996,32.354,31.567,31.567,24494,0
20081022,30.858,30.858,29.505,29.657,10988,0
20081023,29.891,29.891,27.63,28.582,15342,0
20081024,27.158,28.518,26.886,28.086,17876,0
20081027,27.621,28.242,26.71,27.479,21334,0
20081028,27.586,29.891,26.781,29.255,31220,0
20081029,29.766,30.678,29.237,30.669,32406,0
20081030,30.59,30.696,29.908,30.598,29362,0
20081031,30.776,31.657,30.776,31.44,12495,0
20081103,31.377,31.88,31.368,31.423,54438,0
20081104,32.15,32.472,31.754,32.472,22541,0
20081105,32.159,32.186,30.598,30.598,17739,0
20081106,30.401,30.401,29.173,29.182,51670,0
20081107,29.629,29.962,29.333,29.962,16851,0
20081110,30.696,30.696,28.831,28.831,31713,0
20081111,28.296,28.753,28.042,28.483,6856,0
20081112,27.921,28.15,27.194,27.487,23376,0
20081113,27.237,29.255,26.278,29.255,41954,0
20081114,29.209,29.209,28,28.077,10698,0
20081117,27.595,28.187,27.254,27.373,27224,0
20081118,27.577,27.604,26.125,27.012,44234,0
20081119,27.112,27.245,25.149,25.149,17486,0
20081120,25.032,25.032,23.572,23.572,28566,0
20081121,23.705,24.665,22.792,24.665,35628,0
20081124,24.827,26.692,24.827,26.692,21123,0
20081125,26.913,27.121,26.215,27.058,24225,0
20081126,26.817,28.349,26.817,28.322,69286,0
20081128,28.224,28.466,28.105,28.429,8200,0
20081201,27.775,27.775,25.767,25.767,33614,0
20081202,25.785,26.556,25.562,26.359,26287,0
20081203,26.457,27.712,26.278,27.712,25641,0
20081204,27.857,28.086,26.537,26.959,24675,0
20081205,26.556,28.042,26.029,28.042,78004,0
20081208,29.469,29.469,28.474,29.209,11174,0
20081209,29.2,29.739,28.242,28.51,78029,0
20081210,28.734,29.173,28.483,29.038,74801,0
20081211,28.753,29.272,27.167,27.444,23997,0
20081212,26.519,28.637,26.519,28.637,61447,0
20081215,27.992,28.051,27.355,27.784,69794,0
20081216,28.438,29.693,28.259,29.693,38164,0
20081217,29.574,30.285,29.092,30.15,45080,0
20081218,30.015,30.015,28.986,29.246,36279,0
20081219,29.648,29.9,29.173,29.496,66424,0
20081222,29.146,29.146,27.612,28.187,76443,0
20081223,28.725,28.725,28.069,28.278,71377,0
20081224,28.268,28.573,28.069,28.573,33846,0
20081226,28.778,28.858,28.278,28.849,34161,0
20081229,28.886,28.886,27.911,28.287,117640,0
20081230,28.536,29.308,28.527,29.308,74175,0
20081231,29.02,30.311,29.02,30.196,118306,0
20090102,30.006,30.849,29.9,30.633,13898,0
20090105,30.651,30.858,30.033,30.598,21702,0
20090106,30.858,31.63,30.776,31.396,17623,0
20090107,30.803,30.894,30.024,30.222,19186,0
20090108,29.846,30.401,29.819,30.32,18373,0
20090109,29.846,29.864,29.416,29.416,63813,0
20090112,28.725,28.814,27.983,28.233,13867,0
20090113,27.83,28.627,27.83,28.545,19809,0
20090114,28,28,26.968,27.245,41212,0
20090115,26.736,27.784,26.143,27.416,22329,0
20090116,28.268,28.268,27.13,28.105,23066,0
20090120,27.803,27.803,25.894,26.001,19884,0
20090121,26.421,27.167,26.038,26.844,20433,0
20090122,26.94,27.3,26.26,26.637,12675,0
20090123,25.947,27.245,25.785,27.066,8181,0
20090126,27.533,27.63,26.692,27.176,40229,0
20090127,27.586,27.586,27.184,27.55,73130,0
20090128,28.376,29.012,28.25,28.986,20234,0
20090129,28.296,28.349,27.373,27.373,23485,0
20090130,27.666,27.666,26.179,26.324,18287,0
20090202,26.029,26.61,25.974,26.369,21786,0
20090203,26.674,26.799,26.206,26.664,51972,0
20090204,26.719,27.121,26.189,26.359,19172,0
20090205,26.224,26.994,25.974,26.701,20298,0
20090206,26.683,27.757,26.683,27.757,9979,0
20090209,27.712,27.939,27.479,27.739,25837,0
20090210,27.39,27.586,25.947,26.206,21067,0
20090211,26.404,26.404,25.748,26.064,19189,0
20090212,25.748,26.206,25.005,26.206,30827,0
20090213,25.983,26.269,25.607,25.739,11133,0
20090217,24.845,24.845,24.137,24.137,14310,0
20090218,24.242,24.242,23.723,24.075,36605,0
20090219,24.333,24.333,23.276,23.276,24263,0
20090220,22.647,23.473,22.415,23.285,83669,0
20090223,23.768,23.768,22.218,22.218,63713,0
20090224,22.606,23.517,22.288,23.509,26864,0
20090225,23.41,23.732,22.773,23.194,19553,0
20090226,23.357,23.446,22.656,22.746,10999,0
20090227,22.119,22.847,21.422,22.425,19561,0
20090302,21.797,22.057,20.946,21,44687,0
20090303,21.385,22.226,20.38,20.631,98809,0
20090304,20.901,21.634,20.766,21.259,21157,0
20090305,20.873,21.511,19.815,19.978,26690,0
20090306,19.987,20.211,19.171,19.771,78811,0
20090309,19.513,20.121,19.467,19.662,28027,0
20090310,20.013,21.341,20.013,21.341,16612,0
20090311,21.653,21.77,21.286,21.707,16608,0
20090312,21.511,23.321,20.471,22.587,20652,0
20090313,22.773,22.89,22.307,22.7,36113,0
20090316,22.773,23.106,22.298,22.298,11081,0
20090317,22.298,23.043,22.048,22.953,10427,0
20090318,22.89,24.306,22.746,23.84,15199,0
20090319,24.352,24.352,23.813,23.813,23983,0
20090320,23.786,23.786,22.881,23.025,18218,0
20090323,23.176,24.575,23.176,24.575,12350,0
20090324,24.46,24.8,23.939,23.939,11733,0
20090325,24.215,24.719,23.303,23.921,7514,0
20090326,24.665,25.104,24.361,25.086,34355,0
20090327,24.809,24.898,24.477,24.477,20995,0
20090330,24.101,24.197,23.185,23.348,25345,0
20090331,23.661,24.407,23.437,24.048,141241,0
20090401,23.464,24.424,23.464,24.424,190241,0
20090402,25.31,25.757,25.185,25.382,51119,0
20090403,25.562,26.315,25.31,26.315,24925,0
20090406,25.875,25.929,25.419,25.929,15091,0
20090407,25.507,25.507,24.782,24.782,13543,0
20090408,25.014,25.212,24.872,25.158,7151,0
20090409,26.278,27.103,25.92,27.094,11798,0
20090413,26.556,27.542,26.556,27.318,9911,0
20090414,26.844,26.94,26.106,26.106,10026,0
20090415,26.089,26.877,26.089,26.877,2315,0
20090416,26.799,27.812,26.573,27.542,16479,0
20090417,27.676,28.16,27.381,27.911,7779,0
20090420,27.39,27.39,25.965,25.983,19006,0
20090421,25.659,27.212,25.616,27.212,9402,0
20090422,26.861,27.821,26.808,26.994,23607,0
20090423,27.149,27.237,26.519,27.237,20068,0
20090424,27.373,28.322,27.212,28.314,13017,0
20090427,27.657,27.992,27.254,27.435,12150,0
20090428,27.184,27.83,27.184,27.282,19541,0
20090429,27.964,28.6,27.964,28.077,8617,0
20090430,28.716,28.931,28.305,28.305,16995,0
20090501,28.042,28.42,27.784,28.178,63349,0
20090504,31.377,31.377,28.563,29.766,15873,0
20090505,29.434,29.657,29.047,29.289,20098,0
20090506,29.748,29.962,29.2,29.917,23208,0
20090507,30.196,30.536,28.831,28.931,13884,0
20090508,29.218,30.259,29.218,30.259,5997,0
20090511,29.855,29.855,29.407,29.407,3450,0
20090512,29.407,29.505,28.402,29.02,40016,0
20090513,28.06,28.196,27.373,27.373,37164,0
20090514,27.533,28.268,27.194,28.077,11437,0
20090515,27.902,28.095,27.425,27.685,64518,0
20090518,27.866,28.904,27.866,28.904,11259,0
20090519,28.707,29.11,28.554,28.778,6360,0
20090520,29.165,29.308,28.483,28.563,12133,0
20090521,28.224,28.305,27.55,28.032,70132,0
20090522,28.358,28.358,27.93,27.939,13314,0
20090526,27.586,28.986,27.586,28.986,4842,0
20090527,29.012,29.075,28.187,28.187,6461,0
20090528,28.637,28.637,28.042,28.349,4029,0
20090529,28.814,29.138,28.466,29.138,9348,0
20090601,29.748,30.563,29.748,30.32,16578,0
20090602,30.214,30.347,30.095,30.095,12272,0
20090603,29.908,29.908,29.469,29.748,7805,0
20090604,29.739,30.311,29.611,30.311,16441,0
20090605,30.83,30.858,29.962,30.132,11799,0
20090608,30.041,30.205,29.684,30.059,6016,0
20090609,29.944,30.249,29.891,30.113,12402,0
20090610,30.113,30.113,29.574,29.926,7089,0
20090611,30.231,30.383,30.024,30.024,12170,0
20090612,29.776,29.891,29.539,29.891,8690,0
20090615,29.514,29.514,28.968,29.209,9635,0
20090616,29.574,29.574,28.518,28.6,9827,0
20090617,28.536,28.716,28.132,28.322,13152,0
20090618,28.457,28.68,28.278,28.68,5039,0
20090619,28.922,28.941,28.664,28.761,10163,0
20090622,27.946,27.946,27.487,27.497,19654,0
20090623,27.167,27.47,27.167,27.425,3365,0
20090624,27.604,27.902,27.497,27.657,4983,0
20090625,27.515,28.268,27.506,28.268,11021,0
20090626,28.15,28.411,28.132,28.411,3804,0
20090629,28.646,28.804,28.187,28.655,7976,0
20090630,28.977,28.977,28.278,28.384,3407,0
20090701,28.877,28.941,28.753,28.753,6727,0
20090702,28.349,28.769,27.784,27.784,10336,0
20090706,27.506,27.748,27.158,27.748,201465,0
20090707,27.703,27.703,26.994,26.994,13524,0
20090708,26.968,27.194,26.369,26.465,8381,0
20090709,26.994,27.13,26.861,26.861,16901,0
20090710,26.922,26.949,26.457,26.834,1731,0
20090713,26.861,27.373,26.736,27.364,3377,0
20090714,27.506,27.884,27.47,27.884,25782,0
20090715,28.545,28.877,28.402,28.868,12482,0
20090716,28.627,30.518,28.627,29.191,6270,0
20090717,29.101,29.101,28.895,29.057,10668,0
20090720,29.315,29.584,29.255,29.584,5586,0
20090721,29.882,29.882,29.129,29.272,3331,0
20090722,29.514,29.666,29.452,29.452,3598,0
20090723,29.548,30.75,29.548,30.75,4093,0
20090724,30.419,30.885,30.374,30.83,31615,0
20090727,30.812,31.153,30.812,31.153,1736,0
20090728,31.056,31.189,30.858,31.153,7778,0
20090729,31.064,31.064,30.786,30.876,1556,0
20090730,31.288,31.834,31.288,31.558,7918,0
20090731,31.548,31.852,31.423,31.737,41681,0
20090803,32.122,32.381,31.888,32.381,6606,0
20090804,32.194,32.901,31.817,32.901,4549,0
20090805,32.918,33.18,32.579,33.153,9921,0
20090806,33.073,33.411,32.936,33.036,6946,0
20090807,33.528,34.486,33.367,34.228,18656,0
20090810,33.931,34.004,32.785,33.637,8405,0
20090811,33.234,33.376,33.091,33.286,12607,0
20090812,33.51,33.959,33.385,33.655,5057,0
20090813,33.977,34.04,32.785,33.852,3784,0
20090814,33.762,33.762,33.171,33.349,9433,0
20090817,32.831,32.831,32.363,32.435,5102,0
20090818,32.66,32.884,32.372,32.857,22626,0
20090819,32.39,32.99,32.39,32.918,7172,0
20090820,32.972,33.394,32.972,33.394,4641,0
20090821,33.852,34.265,33.852,34.265,8907,0
20090824,34.496,34.596,34.031,34.147,13069,0
20090825,34.398,34.624,34.345,34.372,11164,0
20090826,34.256,34.478,34.129,34.425,10619,0
20090827,34.514,34.605,33.852,34.569,8185,0
20090828,35.09,35.09,34.587,34.793,9654,0
20090831,34.238,34.319,34.095,34.319,3788,0
20090901,33.861,34.486,33.197,33.197,6466,0
20090902,33.064,33.206,31.996,32.981,10688,0
20090903,33.225,33.411,32.822,33.402,6254,0
20090904,33.305,33.699,33.305,33.699,13659,0
20090908,34.077,34.265,34.04,34.265,8842,0
20090909,34.256,34.793,34.21,34.73,20797,0
20090910,34.829,35.24,34.633,35.186,18876,0
20090911,35.186,37.016,35.081,35.258,12923,0
20090914,37.06,37.06,34.917,35.77,7802,0
20090915,35.779,36.397,34.633,36.291,8304,0
20090916,36.891,37.32,36.477,37.257,14093,0
20090917,37.438,37.526,36.8,37.025,6069,0
20090918,37.302,37.302,36.845,37.248,9021,0
20090921,36.424,36.504,36.191,36.486,4653,0
20090922,36.657,37.042,36.657,36.981,8144,0
20090923,36.791,36.963,36.415,36.415,21555,0
20090924,36.362,39.973,35.437,35.528,13218,0
20090925,35.428,35.887,34.633,35.473,8339,0
20090928,35.653,36.308,35.545,36.209,8596,0
20090929,36.603,36.603,36.254,36.459,19268,0
20090930,37.338,37.338,35.869,36.156,4982,0
20091001,35.761,36.119,34.981,34.981,27412,0
20091002,34.505,34.848,34.164,34.596,20928,0
20091005,33.843,35.5,33.843,35.446,158704,0
20091006,35.896,36.165,35.67,35.915,8063,0
20091007,35.689,35.834,35.653,35.825,5623,0
20091008,36.191,36.648,36.101,36.504,11861,0
20091009,36.523,36.657,36.432,36.657,10415,0
20091012,37.016,37.016,36.691,36.71,3553,0
20091013,36.549,36.728,36.371,36.585,5648,0
20091014,36.963,37.473,36.882,37.375,23544,0
20091015,37.077,37.438,37.077,37.438,10264,0
20091016,38.332,38.332,36.737,37.008,9739,0
20091019,37.008,37.625,36.989,37.491,6515,0
20091020,37.357,38.719,36.817,36.927,15218,0
20091021,36.882,37.357,36.576,36.576,11019,0
20091022,36.371,37.239,36.334,37.148,48250,0
20091023,37.464,37.464,36.514,36.629,13246,0
20091026,37.042,37.194,36.11,36.146,29524,0
20091027,36.263,36.308,35.761,35.761,11661,0
20091028,35.661,35.752,34.542,34.542,10717,0
20091029,35.143,35.707,35.045,35.591,20610,0
20091030,35.51,35.51,34.354,34.505,32035,0
20091102,34.478,35.008,34.049,34.551,17229,0
20091103,33.904,35.099,33.852,35.099,6484,0
20091104,35.51,35.51,34.829,34.829,19047,0
20091105,34.389,35.555,34.389,35.555,5921,0
20091106,35.168,35.698,35.168,35.626,9770,0
20091109,35.816,36.691,35.816,36.691,11270,0
20091110,36.523,36.639,36.254,36.585,13830,0
20091111,36.773,37.105,36.666,36.773,11371,0
20091112,36.764,37.025,36.273,36.273,6931,0
20091113,36.514,36.972,36.273,36.549,12427,0
20091116,37.194,37.653,37.194,37.446,16173,0
20091117,37.157,37.42,37.148,37.239,18102,0
20091118,37.375,37.375,37.068,37.375,12393,0
20091119,36.585,36.62,36.353,36.603,21751,0
20091120,36.371,36.495,36.156,36.334,14227,0
20091123,37.131,37.202,36.62,36.62,7162,0
20091124,36.808,36.808,36.406,36.594,11109,0
20091125,36.773,36.963,36.764,36.891,10162,0
20091127,35.402,36.495,35.402,36.282,2413,0
20091130,36.156,36.263,35.984,36.263,5030,0
20091201,36.8,37.034,36.648,36.817,21281,0
20091202,37.06,37.266,37.042,37.202,6133,0
20091203,37.266,37.552,36.872,36.872,7138,0
20091204,37.803,37.803,37.194,37.589,19150,0
20091207,37.759,37.786,37.32,37.5,4166,0
20091208,37.105,37.429,36.918,37.194,10498,0
20091209,37.114,37.266,37.016,37.105,11184,0
20091210,37.57,37.589,37.393,37.393,6729,0
20091211,37.454,37.812,37.454,37.768,10027,0
20091214,38.01,38.296,37.903,38.217,10432,0
20091215,38.19,38.377,38.082,38.127,12010,0
20091216,38.432,38.494,38.332,38.332,12135,0
20091217,38.063,38.332,37.92,37.938,20679,0
20091218,38.183,38.225,37.929,38.225,13577,0
20091221,37.866,38.521,37.866,38.34,15324,0
20091222,38.432,38.494,38.324,38.494,5903,0
20091223,38.736,38.909,38.468,38.844,12842,0
20091224,40.188,40.188,38.944,38.953,7715,0
20091228,39.274,39.274,38.986,39.12,13933,0
20091229,39.212,39.212,38.936,39.048,7602,0
20091230,38.918,38.927,38.781,38.909,13025,0
20091231,39.066,39.112,38.513,38.513,20890,0
20100104,38.646,38.918,36.972,38.781,2725,0
20100105,38.781,38.799,38.582,38.736,7420,0
20100106,38.808,38.986,38.799,38.953,20227,0
20100107,39.329,39.329,38.881,39.157,12519,0
20100108,39.157,39.157,38.963,39.085,8356,0
20100111,39.454,39.454,39.085,39.194,5442,0
20100112,39.057,39.057,38.7,38.799,5799,0
20100113,39.085,39.382,38.863,39.382,12119,0
20100114,39.659,39.659,39.166,39.363,6044,0
20100115,39.606,39.606,38.844,39.012,18413,0
20100119,38.944,39.489,38.944,39.444,8731,0
20100120,39.012,39.246,37.768,39.246,8146,0
20100121,39.435,39.435,38.591,38.591,7777,0
20100122,38.504,38.61,37.974,37.974,6460,0
20100125,38.109,38.19,37.839,38.082,21460,0
20100126,37.857,38.296,37.857,38.073,5989,0
20100127,38.001,38.001,36.495,37.68,12486,0
20100128,37.929,37.929,37.366,37.552,8311,0
20100129,37.705,37.866,37.266,37.266,5284,0
20100201,37.123,37.643,37.123,37.579,5801,0
20100202,37.83,38.225,37.57,38.225,4389,0
20100203,38.217,38.217,37.75,37.803,10534,0
20100204,37.464,37.662,36.882,36.882,22710,0
20100205,36.972,36.972,36.236,36.927,17811,0
20100208,36.909,37.14,36.701,36.701,10586,0
20100209,37.008,37.086,36.62,37.042,12598,0
20100210,36.882,37.14,36.666,36.945,10511,0
20100211,37.008,37.348,35.859,37.284,15861,0
20100212,36.937,37.357,36.937,37.266,1102,0
20100216,37.884,38.164,37.884,38.091,17105,0
20100217,38.253,38.494,38.253,38.45,5555,0
20100218,38.619,38.736,38.441,38.736,4752,0
20100219,38.89,39.129,38.762,39.04,79701,0
20100222,39.04,39.166,38.986,39.075,7941,0
20100223,39.075,39.075,38.691,38.691,7628,0
20100224,38.89,39.022,38.719,39.022,4622,0
20100225,38.53,39.022,38.53,39.012,9840,0
20100226,38.963,38.978,38.826,38.89,4036,0
20100301,38.953,39.391,38.953,39.346,82747,0
20100302,39.642,39.687,39.391,39.551,66986,0
20100303,39.705,39.765,39.525,39.588,6610,0
20100304,39.588,39.696,39.561,39.696,6905,0
20100305,39.837,40.25,39.837,40.25,16532,0
20100308,40.349,40.555,40.349,40.529,16399,0
20100309,40.285,40.852,40.285,40.6,52558,0
20100310,40.467,40.852,40.467,40.825,30451,0
20100311,40.609,40.975,40.555,40.975,6658,0
20100312,41.157,41.157,40.843,41.084,7319,0
20100315,41.066,41.121,40.825,41.121,7797,0
20100316,41.185,41.623,41.139,41.623,16899,0
20100317,41.765,42.052,41.729,41.936,12760,0
20100318,41.827,42.123,41.738,41.846,16471,0
20100319,41.783,41.792,41.309,41.47,12095,0
20100322,41.112,41.818,41.112,41.809,53600,0
20100323,41.783,42.061,41.649,42.061,15499,0
20100324,41.945,41.945,41.596,41.747,15858,0
20100325,42.241,42.241,41.668,41.668,11993,0
20100326,41.873,41.918,41.55,41.596,16702,0
20100329,41.568,41.586,41.433,41.586,30938,0
20100330,41.677,41.729,41.46,41.577,10431,0
20100331,41.515,41.685,41.424,41.46,14562,0
20100401,41.659,41.955,41.442,41.677,14923,0
20100405,41.918,42.305,41.809,42.305,28693,0
20100406,42.438,42.68,42.169,42.68,15295,0
20100407,42.735,42.735,42.151,42.33,18806,0
20100408,42.25,42.277,41.972,42.259,2427,0
20100409,42.384,42.589,42.268,42.589,23278,0
20100412,42.589,42.644,42.474,42.562,8243,0
20100413,42.68,42.965,42.419,42.807,16591,0
20100414,43.021,43.209,42.884,43.19,19792,0
20100415,43.28,43.28,42.993,43.146,14413,0
20100416,42.993,43.163,42.357,42.644,145057,0
20100419,42.571,42.58,42.114,42.483,62182,0
20100420,42.762,42.975,42.598,42.956,12376,0
20100421,43.227,43.352,43.066,43.352,47364,0
20100422,42.562,43.737,42.562,43.737,8593,0
20100423,43.712,44.055,43.712,44.037,16236,0
20100426,44.194,44.258,43.97,44.087,14574,0
20100427,43.765,43.961,43.236,43.244,13099,0
20100428,43.218,43.262,41.909,43.039,27985,0
20100429,43.549,43.952,43.326,43.791,17074,0
20100430,44.006,44.006,43.03,43.039,29153,0
20100503,43.262,43.872,43.262,43.872,3831,0
20100504,43.253,43.253,42.419,42.744,14237,0
20100505,42.392,42.617,41.586,42.277,657924,0
20100506,42.213,45.53,37.643,41.148,47360,0
20100507,40.7,40.797,39.731,39.892,48590,0
20100510,41.703,42.492,40.788,41.756,14661,0
20100511,41.506,42.509,41.506,42.026,15266,0
20100512,42.213,42.84,42.195,42.807,247096,0
20100513,42.644,42.816,42.357,42.357,24972,0
20100514,42.133,42.295,41.167,41.442,72370,0
20100517,41.55,41.738,40.879,41.524,11434,0
20100518,42.044,42.044,40.879,40.879,11279,0
20100519,40.609,40.914,40.027,40.546,15831,0
20100520,39.561,39.783,38.899,38.899,28604,0
20100521,37.662,39.372,37.643,39.066,13968,0
20100524,39.138,39.678,38.978,38.986,35279,0
20100525,37.957,38.963,37.607,38.963,56861,0
20100526,39.12,39.642,38.944,38.978,18681,0
20100527,39.678,40.312,39.678,40.312,27033,0
20100528,40.223,40.413,40.027,40.162,10330,0
20100601,39.678,40.064,39.12,39.166,26567,0
20100602,39.12,39.865,39.012,39.837,50899,0
20100603,40.205,40.331,39.901,40.285,190677,0
20100604,39.212,39.588,38.567,38.567,16193,0
20100607,38.808,38.808,38.082,38.082,14965,0
20100608,38.063,38.504,37.643,38.504,16460,0
20100609,38.799,39.212,38.413,38.413,52855,0
20100610,39.212,39.705,39.138,39.705,29885,0
20100611,39.756,39.973,39.606,39.973,7323,0
20100614,40.618,40.735,40.232,40.285,18489,0
20100615,40.564,41.13,40.564,41.121,22201,0
20100616,40.897,41.202,40.806,40.939,19504,0
20100617,41.239,41.239,40.609,41.029,9091,0
20100618,41.13,41.13,40.843,40.914,7283,0
20100621,41.506,41.596,40.655,40.717,10614,0
20100622,40.735,40.762,39.846,39.846,9463,0
20100623,39.696,39.865,39.489,39.668,7012,0
20100624,39.427,39.705,39.138,39.148,15307,0
20100625,39.221,39.723,39.103,39.4,70339,0
20100628,39.148,39.427,38.927,39.255,60235,0
20100629,38.646,38.646,37.662,38.073,13041,0
20100630,37.934,38.424,37.672,37.726,8815,0
20100701,37.786,37.786,36.918,37.671,34598,0
20100702,37.688,37.75,37.131,37.32,25772,0
20100706,37.786,37.92,36.963,37.095,104950,0
20100707,37.239,38.315,37.239,38.315,41766,0
20100708,39.003,39.057,38.459,39.057,648784,0
20100709,38.936,39.255,38.936,39.212,14399,0
20100712,39.255,39.301,38.89,39.12,61723,0
20100713,39.588,40.064,39.588,39.965,32386,0
20100714,39.865,39.901,39.588,39.765,20961,0
20100715,39.855,39.92,39.194,39.749,11288,0
20100716,39.749,39.749,38.576,38.682,11983,0
20100719,38.826,39.094,38.413,38.89,17226,0
20100720,38.404,39.561,38.404,39.561,9380,0
20100721,39.837,39.837,38.944,38.986,10766,0
20100722,39.615,40.109,39.615,40.037,6862,0
20100723,39.855,40.511,39.855,40.511,4994,0
20100726,40.502,41.239,40.502,41.239,7953,0
20100727,41.343,41.343,41.102,41.202,2995,0
20100728,41.139,41.139,40.691,40.709,13844,0
20100729,40.939,41.075,40.276,40.664,20851,0
20100730,40.34,40.682,40.205,40.6,31407,0
20100802,41.148,41.433,41.13,41.433,42831,0
20100803,41.157,41.352,41.029,41.102,8524,0
20100804,41.326,41.326,41.029,41.246,39313,0
20100805,40.897,41.047,40.879,41.012,32834,0
20100806,40.6,40.879,40.44,40.852,4990,0
20100809,41.246,41.264,41.093,41.255,10629,0
20100810,40.788,41.066,40.726,41.003,4367,0
20100811,40.027,40.162,39.642,39.749,24364,0
20100812,39.246,39.561,39.246,39.435,8602,0
20100813,39.239,39.615,39.239,39.355,17302,0
20100816,39.239,39.481,39.129,39.391,21176,0
20100817,39.756,40.223,39.659,40.055,14159,0
20100818,40.046,40.241,39.819,40.145,19626,0
20100819,39.992,39.992,39.175,39.346,8186,0
20100820,39.066,39.246,38.909,39.246,4533,0
20100823,39.463,39.597,39.012,39.012,6661,0
20100824,38.539,38.918,38.468,38.909,101166,0
20100825,38.504,39.022,38.305,38.97,9147,0
20100826,39.194,39.239,38.727,38.918,89575,0
20100827,38.927,39.525,38.539,39.525,21948,0
20100830,39.516,39.588,38.97,38.97,4819,0
20100831,38.809,39.259,38.809,38.972,19915,0
20100901,39.956,40.205,39.65,40.205,31420,0
20100902,40.331,40.627,40.259,40.609,59794,0
20100903,41.075,41.534,40.869,41.121,38881,0
20100907,40.744,40.914,40.609,40.609,104151,0
20100908,40.779,40.897,40.6,40.664,328616,0
20100909,41.47,41.47,40.645,40.797,195850,0
20100910,40.869,41.029,40.816,40.914,332645,0
20100913,41.352,41.524,41.255,41.515,86816,0
20100914,41.379,41.649,41.343,41.497,290757,0
20100915,41.596,41.631,41.029,41.568,68463,0
20100916,41.586,41.586,41.264,41.361,49178,0
20100917,41.809,41.809,41.326,41.559,71801,0
20100920,41.524,42.017,41.22,41.955,136219,0
20100921,41.981,42.123,41.623,41.685,161374,0
20100922,41.659,41.8,41.326,41.361,50893,0
20100923,41.003,41.37,40.834,40.879,37615,0
20100924,41.568,41.883,41.424,41.883,39954,0
20100927,42.026,42.026,41.542,41.659,61353,0
20100928,41.72,42,41.264,42,74106,0
20100929,41.809,41.99,41.703,41.864,53135,0
20100930,42.081,42.36,41.712,41.946,20136,0
20101001,42.33,42.33,41.864,42.061,57347,0
20101004,42.08,42.222,41.677,41.955,42598,0
20101005,42.438,42.762,42.186,42.707,39849,0
20101006,42.635,42.725,42.367,42.608,71221,0
20101007,42.762,42.956,42.348,42.483,51755,0
20101008,42.518,42.875,42.392,42.807,60898,0
20101011,42.807,42.993,42.807,42.892,15976,0
20101012,42.816,42.956,42.58,42.911,23459,0
20101013,43.163,43.469,43.048,43.262,31552,0
20101014,43.289,43.352,42.956,43.111,22722,0
20101015,43.549,44.069,43.011,43.102,25431,0
20101018,43.236,43.45,43.218,43.45,13114,0
20101019,43.011,43.872,42.68,42.884,30752,0
20101020,43.253,43.594,43.048,43.433,21428,0
20101021,43.603,43.782,43.093,43.352,17207,0
20101022,43.442,43.45,43.28,43.405,20475,0
20101025,43.747,43.773,43.495,43.495,14911,0
20101026,43.343,43.54,43.253,43.343,33392,0
20101027,43.083,43.227,42.789,43.172,25825,0
20101028,43.343,43.377,42.938,43.155,19288,0
20101029,43.078,43.334,43.078,43.279,13007,0
20101101,43.469,43.63,42.993,43.253,20444,0
20101102,43.594,43.682,43.469,43.638,22803,0
20101103,43.692,44.078,43.369,43.701,33965,0
20101104,44.373,44.572,44.167,44.517,33392,0
20101105,44.678,44.865,44.544,44.769,28781,0
20101108,44.643,44.643,44.321,44.544,19769,0
20101109,44.498,44.678,43.756,43.906,24726,0
20101110,43.872,44.139,43.719,44.139,18110,0
20101111,43.844,44.167,43.756,44.052,31237,0
20101112,43.853,43.934,43.369,43.495,16203,0
20101115,43.594,43.881,43.594,43.719,36278,0
20101116,43.326,43.326,42.456,42.661,18506,0
20101117,42.789,42.929,42.707,42.824,27257,0
20101118,43.298,43.469,43.227,43.272,9913,0
20101119,43.19,43.36,42.984,43.36,29817,0
20101122,43.209,43.568,43.155,43.523,25588,0
20101123,43.083,43.172,42.947,43.102,30255,0
20101124,43.433,43.837,43.387,43.837,56161,0
20101126,43.621,43.747,43.54,43.638,20159,0
20101129,43.387,43.647,43.048,43.603,75213,0
20101130,43.271,43.523,43.109,43.352,31206,0
20101201,44.034,44.078,43.801,44.024,24174,0
20101202,44.122,44.643,44.122,44.633,15610,0
20101203,44.59,44.831,44.381,44.831,29087,0
20101206,44.696,44.874,44.643,44.822,19553,0
20101207,45.342,45.342,44.857,44.902,85069,0
20101208,45.019,45.028,44.633,44.777,62334,0
20101209,45.126,45.126,44.678,44.804,27625,0
20101210,45.091,45.216,44.84,45.207,43695,0
20101213,45.708,45.708,45.171,45.171,43001,0
20101214,45.431,45.44,45.099,45.189,33251,0
20101215,45.135,45.361,44.929,44.957,28518,0
20101216,45.045,45.207,44.857,45.135,59147,0
20101217,45.252,45.396,45.118,45.396,47325,0
20101220,45.37,45.512,45.306,45.449,44078,0
20101221,45.628,45.816,45.512,45.7,162747,0
20101222,45.396,45.681,45.351,45.566,21079,0
20101223,45.619,45.619,45.423,45.467,29542,0
20101227,45.261,45.575,45.252,45.548,14026,0
20101228,45.44,45.628,45.37,45.521,52863,0
20101229,45.861,45.861,45.579,45.668,37569,0
20101230,45.779,45.788,45.624,45.705,24455,0
20101231,45.595,45.677,45.439,45.439,16514,0
20110103,45.773,46.166,45.773,46.068,28929,0
20110104,46.076,46.076,45.378,45.644,33535,0
20110105,45.61,45.888,45.575,45.853,32283,0
20110106,45.933,45.933,45.672,45.745,24896,0
20110107,45.952,45.952,45.387,45.672,24350,0
20110110,45.557,45.807,45.252,45.799,35272,0
20110111,46.219,46.219,45.672,45.799,38974,0
20110112,46.175,46.175,45.924,45.988,29358,0
20110113,46.103,46.157,45.97,46.041,45112,0
20110114,46.121,46.318,46.006,46.265,35202,0
20110118,46.228,46.569,46.201,46.569,49068,0
20110119,46.865,46.865,45.898,46.016,16812,0
20110120,46.05,46.05,45.799,45.862,10938,0
20110121,46.13,46.13,45.781,45.799,22498,0
20110124,45.988,46.29,45.943,46.21,20031,0
20110125,46.14,46.416,46.024,46.416,102961,0
20110126,46.633,46.731,46.453,46.596,9536,0
20110127,46.659,47,46.562,46.982,15401,0
20110128,46.982,46.982,46.112,46.112,33374,0
20110131,46.183,46.616,46.183,46.387,21007,0
20110201,46.775,47.018,46.651,46.973,30991,0
20110202,46.802,46.982,46.757,46.784,32274,0
20110203,46.793,46.963,46.526,46.919,27983,0
20110204,46.954,46.954,46.695,46.892,28889,0
20110207,47.053,47.269,47.053,47.25,13265,0
20110208,47.483,47.483,47.153,47.412,24221,0
20110209,47.287,47.403,47.134,47.287,38870,0
20110210,47.188,47.447,47.188,47.447,21142,0
20110211,47.403,47.77,47.403,47.77,30848,0
20110214,47.906,47.906,47.654,47.815,43602,0
20110215,47.636,47.807,47.574,47.672,9580,0
20110216,47.951,48.066,47.86,48.021,26677,0
20110218,48.435,48.435,48.217,48.354,26258,0
20110222,47.707,48.157,47.456,47.537,34324,0
20110223,47.636,47.645,46.837,46.991,15317,0
20110224,46.883,47.627,46.624,46.856,28912,0
20110225,47.179,47.69,47.098,47.69,19254,0
20110228,47.801,48.19,47.801,48.136,14804,0
20110301,48.173,48.173,47.244,47.299,34084,0
20110302,47.29,47.424,47.128,47.281,20479,0
20110303,47.695,48.137,47.695,48.1,31789,0
20110304,48.244,48.244,47.376,47.699,24796,0
20110307,48.003,48.003,47.098,47.367,34787,0
20110308,47.412,48.101,47.412,48.057,18315,0
20110309,47.797,48.021,47.779,47.925,11511,0
20110310,47.182,47.424,47.109,47.109,29450,0
20110311,47.1,48.216,46.443,47.497,202491,0
20110314,47.153,47.233,46.91,47.116,35515,0
20110315,45.816,47.053,45.745,46.695,41161,0
20110316,46.642,47.26,46.016,46.246,29572,0
20110317,46.848,46.848,46.28,46.415,27253,0
20110318,47.055,47.109,46.623,46.677,76748,0
20110321,47.416,47.641,47.371,47.57,32518,0
20110322,47.641,47.651,47.29,47.371,13300,0
20110323,46.866,47.353,46.811,47.244,12894,0
20110324,47.272,47.624,47.074,47.442,31922,0
20110325,47.74,48.128,47.579,47.821,19864,0
20110328,48.091,48.1,47.721,47.767,21825,0
20110329,47.749,47.967,47.479,47.913,22243,0
20110330,48.216,48.553,48.037,48.534,21441,0
20110331,48.566,48.783,48.325,48.7,15264,0
20110401,48.904,49.149,48.803,49.002,16666,0
20110404,49.202,49.202,48.975,49.121,10476,0
20110405,49.289,49.516,49.103,49.326,15425,0
20110406,49.544,49.579,49.334,49.544,30607,0
20110407,49.48,49.498,49.121,49.149,19020,0
20110408,49.202,49.202,48.688,48.857,13158,0
20110411,48.984,48.984,48.516,48.615,19679,0
20110412,48.336,48.571,48.199,48.271,41422,0
20110413,48.562,48.562,48.083,48.336,38977,0
20110414,48.083,48.571,48.074,48.571,15060,0
20110415,48.553,49.057,48.516,48.94,13374,0
20110418,48.408,48.408,48.028,48.299,31301,0
20110419,48.417,48.553,48.299,48.48,15410,0
20110420,49.149,49.298,49.103,49.263,6526,0
20110421,49.371,49.507,49.244,49.48,10677,0
20110425,49.426,49.634,49.389,49.525,11484,0
20110426,49.697,50.129,49.652,50.056,18887,0
20110427,50.22,50.336,49.949,50.336,14833,0
20110428,50.372,50.625,50.372,50.515,16349,0
20110429,50.697,50.697,50.348,50.521,10874,0
20110502,50.707,50.867,50.408,50.48,19431,0
20110503,50.417,50.588,49.949,50.192,18022,0
20110504,50.328,50.328,49.643,49.905,16624,0
20110505,49.625,50.001,49.371,49.589,23680,0
20110506,49.94,50.11,49.498,49.625,24022,0
20110509,49.67,50.028,49.625,49.931,13183,0
20110510,50.265,50.697,50.065,50.606,12903,0
20110511,50.445,50.445,49.931,50.12,15225,0
20110512,50.01,50.372,49.804,50.319,21315,0
20110513,50.381,50.408,49.777,49.94,36358,0
20110516,49.795,50.11,49.715,49.715,14086,0
20110517,49.643,49.67,49.334,49.516,18322,0
20110518,49.625,50.138,49.525,50.12,23695,0
20110519,50.274,50.488,49.931,50.274,20942,0
20110520,50.155,50.192,49.732,49.931,24441,0
20110523,49.407,49.426,49.13,49.166,36068,0
20110524,49.298,49.371,49.075,49.184,13063,0
20110525,49.029,49.544,48.876,49.426,44447,0
20110526,49.317,49.777,49.039,49.723,14399,0
20110527,49.958,50.129,49.813,49.931,28229,0
20110531,50.332,50.514,50.121,50.514,15404,0
20110601,50.462,50.472,49.334,49.334,64371,0
20110602,49.445,49.516,48.912,49.094,45401,0
20110603,49.002,49.048,48.562,48.712,48913,0
20110606,48.534,48.553,48.065,48.119,17320,0
20110607,48.198,48.564,48.163,48.336,44342,0
20110608,47.865,48.318,47.865,48.082,23494,0
20110609,48.19,48.271,47.837,48.163,24096,0
20110610,47.956,47.956,47.238,47.357,156073,0
20110613,47.587,47.587,47.254,47.488,12945,0
20110614,48.137,48.235,47.812,48.001,21615,0
20110615,47.686,47.876,47.208,47.398,29037,0
20110616,47.411,47.683,47.158,47.437,16752,0
20110617,48.018,48.018,47.575,47.709,12289,0
20110620,47.977,48.182,47.704,48.028,79241,0
20110621,48.372,48.797,48.364,48.564,187149,0
20110622,48.491,49.569,48.491,48.491,15407,0
20110623,47.938,48.271,47.611,48.146,33361,0
20110624,48.29,48.355,47.818,48.026,24754,0
20110627,48.173,48.336,47.93,48.063,58486,0
20110628,48.309,48.743,48.271,48.734,18523,0
20110629,49.006,49.25,48.734,49.172,21184,0
20110630,49.344,49.547,49.317,49.419,14532,0
20110701,49.551,50.268,49.515,50.131,49893,0
20110705,50.231,50.268,49.897,50.077,12978,0
20110706,50.049,50.476,50.03,50.295,58446,0
20110707,50.975,51.02,50.685,50.839,18575,0
20110708,50.404,50.657,50.25,50.648,44631,0
20110711,50.086,50.314,49.615,49.697,43790,0
20110712,49.933,50.04,49.642,49.642,14063,0
20110713,49.941,50.158,49.588,49.606,36141,0
20110714,49.796,49.906,49.136,49.136,42639,0
20110715,49.199,49.443,49.025,49.333,24167,0
20110718,49.215,49.215,48.581,48.752,51543,0
20110719,49.232,49.56,49.108,49.479,35598,0
20110720,49.678,49.804,49.56,49.697,12588,0
20110721,49.915,50.367,49.915,50.295,54238,0
20110722,50.177,50.34,50.04,50.287,55861,0
20110725,49.697,50.223,49.688,49.969,7941,0
20110726,49.857,49.866,49.601,49.601,76271,0
20110727,49.433,49.433,48.509,48.527,47354,0
20110728,48.464,48.825,48.243,48.243,48246,0
20110729,47.661,48.301,47.296,48.063,32750,0
20110801,48.769,48.769,47.547,47.782,44828,0
20110802,47.533,47.844,46.444,46.444,58030,0
20110803,46.359,46.477,45.053,46.44,170511,0
20110804,45.942,45.951,44.083,44.119,118873,0
20110805,44.681,44.681,42.532,43.466,94500,0
20110808,42.413,42.668,40.112,40.112,141412,0
20110809,41.118,41.68,40.165,41.434,76112,0
20110810,41.805,42.939,41.424,41.471,47696,0
20110811,41.715,44.119,41.535,43.612,369210,0
20110812,43.955,44.237,43.392,43.602,59903,0
20110815,44.145,44.998,44.145,44.998,20549,0
20110816,44.435,44.755,44.256,44.582,20429,0
20110817,44.979,45.098,44.284,44.499,35806,0
20110818,42.901,43.357,42.404,42.668,61154,0
20110819,42.17,42.929,42.015,42.105,28783,0
20110822,42.686,42.76,41.889,42.114,20998,0
20110823,42.17,43.42,42.079,43.42,27970,0
20110824,43.392,44.284,43.194,44.256,22156,0
20110825,44.536,44.591,43.166,43.383,34446,0
20110826,43.267,44.21,42.929,44.083,11942,0
20110829,44.672,45.659,44.672,45.659,49084,0
20110830,45.452,46.024,45.062,45.751,31322,0
20110831,46.056,46.45,45.789,46.011,57392,0
20110901,46.203,46.322,45.372,45.399,13908,0
20110902,44.373,44.777,44.08,44.17,11403,0
20110906,43.06,43.838,42.849,43.765,54132,0
20110907,44.541,45.283,44.25,45.283,23544,0
20110908,44.852,45.447,44.642,44.678,27006,0
20110909,44.385,44.385,43.325,43.59,16595,0
20110912,43.076,43.71,42.857,43.701,32450,0
20110913,43.909,44.346,43.502,44.247,65053,0
20110914,44.228,45.271,44.064,44.845,13306,0
20110915,45.298,45.461,44.826,45.452,15128,0
20110916,45.357,45.749,45.135,45.494,18325,0
20110919,44.809,45.026,44.554,45.026,20148,0
20110920,45.161,45.498,44.645,44.645,16611,0
20110921,44.755,44.971,43.085,43.085,21085,0
20110922,42.297,42.369,41.351,41.925,51953,0
20110923,41.723,42.355,41.468,42.126,117135,0
20110926,42.391,43.042,41.889,42.958,73916,0
20110927,43.918,44.35,43.582,43.582,81492,0
20110928,43.874,43.874,42.337,42.337,30984,0
20110929,43.206,43.518,42.383,43.06,79806,0
20110930,42.537,42.886,42.157,42.184,81276,0
20111003,41.751,42.374,40.416,40.416,130849,0
20111004,39.96,41.723,39.538,41.714,55700,0
20111005,41.944,42.301,41.285,42.199,28204,0
20111006,42.099,43.224,42.007,43.224,66021,0
20111007,43.252,43.343,42.409,42.684,40976,0
20111010,43.489,44.048,42.948,44.011,22387,0
20111011,43.792,44.001,43.554,43.765,26233,0
20111012,44.029,44.651,43.984,44.332,26894,0
20111013,43.984,44.314,43.535,44.156,12042,0
20111014,44.861,45.008,44.394,44.825,27829,0
20111017,44.523,44.523,43.838,43.902,21943,0
20111018,44.039,45.319,43.572,45.053,17459,0
20111019,45.099,45.283,44.523,44.579,78973,0
20111020,44.467,44.861,44.203,44.852,14588,0
20111021,45.538,45.886,45.236,45.813,69261,0
20111024,45.969,46.893,45.951,46.8,46468,0
20111025,46.581,46.646,45.813,45.886,110001,0
20111026,46.783,46.783,45.629,46.287,34036,0
20111027,48.072,48.44,47.203,48.118,84275,0
20111028,48.118,48.118,47.314,47.955,27799,0
20111031,47.167,47.713,47.167,47.177,58663,0
20111101,46.124,46.287,45.274,45.466,40168,0
20111102,46.287,46.728,46.016,46.297,10850,0
20111103,46.791,47.459,46.297,47.35,23427,0
20111104,47.094,47.297,46.569,47.14,11704,0
20111107,47.186,47.231,46.628,47.231,15122,0
20111108,47.625,47.761,46.682,47.652,29778,0
20111109,46.893,46.893,45.822,45.913,29464,0
20111110,46.472,46.472,46.033,46.243,15647,0
20111111,46.864,47.341,46.737,47.268,34421,0
20111114,47.04,47.094,46.509,46.646,16752,0
20111115,46.509,47.149,46.233,46.91,34577,0
20111116,46.481,47.13,46.39,46.435,67924,0
20111117,46.362,46.538,45.557,45.674,237571,0
20111118,45.85,46.051,45.637,45.85,19228,0
20111121,45.264,45.264,44.607,44.87,43324,0
20111122,43.918,44.907,43.918,44.588,131617,0
20111123,44.633,44.633,43.453,43.489,37837,0
20111125,43.481,43.946,43.307,43.544,10397,0
20111128,45.292,45.292,44.35,44.762,59105,0
20111129,44.669,45.099,44.669,44.935,32044,0
20111130,46.39,46.861,46.25,46.861,31661,0
20111201,46.754,46.993,46.472,46.609,27693,0
20111202,47.103,47.186,46.547,46.646,211381,0
20111205,47.277,47.533,46.846,47.159,33471,0
20111206,47.167,47.306,46.835,47.094,45511,0
20111207,46.892,47.24,46.441,47.149,37577,0
20111208,46.892,46.892,45.955,46.073,99901,0
20111209,46.311,47.047,46.201,46.873,75342,0
20111212,46.764,46.764,45.988,46.353,25665,0
20111213,46.818,46.874,45.611,45.869,31702,0
20111214,45.777,45.85,45.357,45.428,21850,0
20111215,45.813,46.124,45.684,45.988,54831,0
20111216,46.257,47.37,45.973,46.229,88759,0
20111219,46.509,46.509,45.502,45.584,177400,0
20111220,46.481,47.076,46.279,46.837,281391,0
20111221,46.901,47.342,46.662,47.24,69944,0
20111222,47.397,47.885,47.397,47.783,41061,0
20111223,48.021,48.095,47.847,48.021,26343,0
20111227,47.986,48.232,47.959,47.959,66352,0
20111228,48.169,48.169,47.315,47.397,45759,0
20111229,47.498,48.085,47.498,48.058,139447,0
20111230,47.994,48.288,47.806,47.843,50833,0
20120103,48.802,48.802,48.058,48.25,102314,0
20120104,47.931,48.159,47.838,48.068,60164,0
20120105,47.829,48.39,47.324,48.288,147775,0
20120106,48.307,48.501,47.885,48.195,146250,0
20120109,48.409,48.473,48.03,48.288,69474,0
20120110,48.858,48.942,48.7,48.7,126938,0
20120111,48.566,48.987,48.566,48.923,39162,0
20120112,48.996,49.033,48.566,49.033,41287,0
20120113,48.647,48.905,48.482,48.867,50910,0
20120117,49.344,49.344,48.802,48.933,68610,0
20120118,48.886,49.353,48.812,49.353,104621,0
20120119,49.547,49.621,49.252,49.557,55249,0
20120120,49.41,49.612,49.353,49.612,55271,0
20120123,49.621,49.952,49.363,49.612,37939,0
20120124,49.298,49.649,49.154,49.649,30419,0
20120125,49.594,50.126,49.391,50.108,208888,0
20120126,50.348,50.384,49.722,49.898,34593,0
20120127,49.804,49.907,49.612,49.832,25952,0
20120130,49.447,49.667,49.108,49.557,49014,0
20120131,49.891,49.891,49.311,49.455,55677,0
20120201,50.024,50.348,49.898,50.237,49940,0
20120202,50.357,50.43,50.163,50.265,56686,0
20120203,50.946,51.111,50.816,51.102,45864,0
20120206,50.927,50.954,50.807,50.954,40081,0
20120207,50.797,51.093,50.679,50.982,42868,0
20120208,51.102,51.247,50.743,51.083,39403,0
20120209,51.184,51.184,50.734,51.093,34772,0
20120210,50.641,50.725,50.458,50.567,27308,0
20120213,51.137,51.137,50.697,50.954,107311,0
20120214,50.697,50.779,50.375,50.65,26543,0
20120215,50.899,50.908,50.421,50.595,50700,0
20120216,50.595,51.321,50.567,51.293,50087,0
20120217,51.606,51.606,51.321,51.405,144441,0
20120221,51.579,51.679,51.093,51.184,20173,0
20120222,51.22,51.22,50.779,50.861,34908,0
20120223,50.88,51.23,50.779,51.184,25988,0
20120224,51.274,51.441,51.165,51.247,18498,0
20120227,51.009,51.505,50.734,51.312,55004,0
20120228,51.396,51.46,51.009,51.137,41757,0
20120229,51.312,51.406,50.809,50.968,22018,0
20120301,51.34,51.386,51.055,51.202,20735,0
20120302,51.149,51.206,50.825,50.881,30917,0
20120305,50.834,50.992,50.586,50.963,33231,0
20120306,50.557,50.706,49.982,50.056,84882,0
20120307,50.224,50.519,50.094,50.519,9546,0
20120308,50.919,50.928,50.51,50.862,47129,0
20120309,51.076,51.456,50.9,51.269,19526,0
20120312,51.321,51.405,51.165,51.321,16565,0
20120313,51.642,52.223,51.615,52.214,25509,0
20120314,52.232,52.323,51.8,51.909,32540,0
20120315,51.964,52.26,51.819,52.26,50967,0
20120316,52.207,52.316,52.16,52.271,36159,0
20120319,52.177,52.543,52.158,52.269,245658,0
20120320,51.974,52.196,51.828,52.065,79387,0
20120321,52.149,52.205,51.857,52.001,23544,0
20120322,51.542,51.66,51.238,51.505,24779,0
20120323,51.484,51.78,51.233,51.677,129890,0
20120326,52.307,52.373,52.131,52.316,19258,0
20120327,52.409,52.511,52.297,52.297,28607,0
20120328,52.263,52.279,51.762,52.093,18580,0
20120329,51.808,52.066,51.456,51.945,51127,0
20120330,52.296,52.296,51.973,52.135,74071,0
20120402,52.066,52.65,52.047,52.446,32547,0
20120403,52.373,52.474,52.075,52.4,21649,0
20120404,51.899,52.02,51.639,51.883,46667,0
20120405,51.734,51.827,51.429,51.567,10361,0
20120409,50.807,51.076,50.75,50.955,18768,0
20120410,50.871,50.871,49.825,49.901,58595,0
20120411,50.372,50.437,50.224,50.381,21740,0
20120412,50.612,51.14,50.584,51.112,26355,0
20120413,50.9,50.965,50.538,50.538,25976,0
20120416,50.928,51.011,50.474,50.75,50565,0
20120417,51.187,51.639,51.095,51.484,87886,0
20120418,51.214,51.326,51.076,51.13,48490,0
20120419,51.159,51.381,50.733,50.937,38997,0
20120420,51.278,51.557,51.224,51.307,15168,0
20120423,50.724,50.844,50.4,50.825,33952,0
20120424,50.947,51.288,50.947,51.206,36954,0
20120425,51.827,51.955,51.603,51.918,29737,0
20120426,51.667,52.234,51.63,52.131,21314,0
20120427,52.364,52.409,51.89,52.409,56359,0
20120430,52.175,52.316,51.967,52.071,22099,0
20120501,52.724,52.873,52.122,52.455,102252,0
20120502,52.15,52.364,51.926,52.288,95305,0
20120503,52.316,52.409,51.808,51.856,27007,0
20120504,51.63,51.63,51.14,51.297,24092,0
20120507,51.086,51.316,51.019,51.13,123062,0
20120508,50.9,51.048,50.474,51.048,29628,0
20120509,50.547,51.029,50.298,50.825,28363,0
20120510,51.002,51.242,50.659,50.909,36145,0
20120511,50.706,51.177,50.678,50.854,32416,0
20120514,50.474,50.482,50.121,50.28,22028,0
20120515,50.177,50.326,49.788,49.901,36206,0
20120516,50.14,50.242,49.52,49.557,23111,0
20120517,49.474,49.474,48.464,48.483,29105,0
20120518,48.483,48.612,47.853,47.872,40817,0
20120521,48.037,48.815,47.872,48.768,41398,0
20120522,48.909,49.259,48.768,48.992,33517,0
20120523,48.52,49.269,48.39,49.24,17351,0
20120524,49.352,49.474,48.964,49.428,10873,0
20120525,49.464,49.631,49.38,49.389,20366,0
20120529,49.834,50.056,49.595,49.973,47971,0
20120530,49.622,49.687,49.029,49.095,14200,0
20120531,49.079,49.53,48.636,49.165,34853,0
20120601,48.259,48.659,47.9,47.975,23529,0
20120604,47.975,48.01,47.298,47.686,43627,0
20120605,47.607,48.249,47.607,48.23,28168,0
20120606,48.979,49.258,48.606,49.258,31750,0
20120607,49.772,50.537,49.14,49.14,59913,0
20120608,49.195,49.614,49.054,49.614,18709,0
20120611,50.187,50.474,48.806,48.862,41746,0
20120612,49.067,49.389,48.806,49.37,86294,0
20120613,49.324,49.51,48.89,48.918,117188,0
20120614,49.104,49.566,49.019,49.399,20885,0
20120615,49.567,49.932,49.456,49.866,17680,0
20120618,49.622,50.168,49.622,50.131,18672,0
20120619,50.408,51.057,50.252,50.622,44767,0
20120620,50.631,50.696,50.261,50.482,24962,0
20120621,50.547,50.649,49.427,49.474,24608,0
20120622,49.837,49.837,49.483,49.66,156960,0
20120625,49.073,49.073,48.763,48.979,28604,0
20120626,49.101,49.304,48.781,49.167,20886,0
20120627,49.314,49.698,49.277,49.633,22606,0
20120628,49.446,49.818,49.195,49.818,56274,0
20120629,51.139,51.785,50.609,50.961,28469,0
20120702,51.891,51.891,50.435,51.406,35183,0
20120703,51.482,51.827,51.482,51.78,13613,0
20120705,51.818,51.856,51.508,51.724,30872,0
20120706,51.246,51.482,51.163,51.444,22394,0
20120709,51.501,51.501,50.987,51.219,12351,0
20120710,51.545,51.545,50.649,50.846,17750,0
20120711,50.743,50.948,50.499,50.846,28146,0
20120712,50.574,50.855,50.249,50.631,58112,0
20120713,50.883,51.472,50.883,51.472,27377,0
20120716,51.35,51.444,51.061,51.284,15533,0
20120717,51.564,51.724,51.042,51.685,17746,0
20120718,51.582,51.92,51.582,51.78,28848,0
20120719,52.021,52.021,51.619,51.789,16095,0
20120720,51.545,51.611,51.246,51.331,24415,0
20120723,50.873,51.013,50.556,50.864,50872,0
20120724,50.838,50.838,50.066,50.377,54494,0
20120725,50.463,50.489,50.108,50.221,59252,0
20120726,51.116,51.191,50.463,50.697,77596,0
20120727,51.051,51.704,51.051,51.501,11650,0
20120730,51.602,51.695,51.426,51.564,18989,0
20120731,51.604,51.804,51.32,51.32,186657,0
20120801,51.657,51.789,51.172,51.172,32333,0
20120802,50.921,51.07,50.574,50.968,35603,0
20120803,51.799,51.965,51.789,51.891,13360,0
20120806,51.965,52.172,51.899,52.002,33630,0
20120807,52.266,52.396,52.049,52.143,22391,0
20120808,51.984,52.21,51.975,52.134,12894,0
20120809,52.162,52.311,51.994,52.153,26915,0
20120810,51.984,52.238,51.899,52.238,42569,0
20120813,52.21,52.257,51.891,52.134,25442,0
20120814,52.432,52.432,52.068,52.172,29190,0
20120815,52.2,52.368,52.134,52.292,24183,0
20120816,52.377,52.722,52.301,52.676,31822,0
20120817,52.76,52.852,52.61,52.815,33162,0
20120820,52.656,52.741,52.544,52.693,20938,0
20120821,52.947,53.075,52.638,52.741,73260,0
20120822,52.619,52.703,52.33,52.629,43638,0
20120823,52.535,52.769,52.105,52.162,46980,0
20120824,52.049,52.517,52.039,52.377,19105,0
20120827,52.656,52.656,52.339,52.339,17395,0
20120828,52.247,52.535,52.21,52.396,85157,0
20120829,52.46,52.619,52.292,52.554,22060,0
20120830,52.275,52.414,52.095,52.257,31966,0
20120831,52.628,52.628,52.203,52.457,19015,0
20120904,52.437,52.796,52.079,52.674,78192,0
20120905,52.654,52.768,52.569,52.674,67229,0
20120906,52.928,53.511,52.928,53.501,32097,0
20120907,53.613,54.433,53.575,53.7,22809,0
20120910,53.636,53.824,53.617,53.636,24068,0
20120911,53.636,53.888,53.636,53.861,24793,0
20120912,53.973,54.084,53.806,54.074,58783,0
20120913,54.102,54.728,53.898,54.57,114784,0
20120914,54.989,55.252,54.839,54.942,68478,0
20120917,54.888,54.888,54.515,54.579,18428,0
20120918,54.547,54.547,54.245,54.33,37970,0
20120919,54.491,54.612,54.302,54.547,46268,0
20120920,54.255,54.292,54.037,54.284,44667,0
20120921,54.621,55.592,53.729,54.161,125533,0
20120924,54.093,54.453,54.093,54.255,18346,0
20120925,54.555,54.639,53.538,53.575,98889,0
20120926,53.592,53.602,53.273,53.329,33312,0
20120927,53.518,53.786,53.282,53.545,102590,0
20120928,53.442,53.641,53.241,53.508,16219,0
20121001,53.594,53.681,53.087,53.314,39522,0
20121002,53.436,53.777,53.219,53.464,28920,0
20121003,53.594,53.748,53.324,53.529,111776,0
20121004,53.786,54.011,53.613,54.011,18116,0
20121005,54.349,54.443,54.037,54.179,20444,0
20121008,53.963,54.132,53.934,54.074,10634,0
20121009,54.019,54.151,53.671,53.671,15188,0
20121010,53.652,53.729,53.372,53.529,55199,0
20121011,53.953,54.011,53.71,53.812,65271,0
20121012,53.7,53.719,53.296,53.39,14107,0
20121015,53.492,53.729,53.296,53.7,12874,0
20121016,53.934,54.169,53.934,54.141,44441,0
20121017,54.169,54.667,54.169,54.602,15184,0
20121018,54.583,54.801,54.501,54.772,13864,0
20121019,54.593,54.602,54.047,54.151,17692,0
20121022,54.179,54.179,53.69,54.011,15481,0
20121023,53.406,53.66,53.12,53.508,37367,0
20121024,53.729,53.841,53.296,53.408,22975,0
20121025,53.652,53.822,53.134,53.511,48704,0
20121026,53.538,53.565,53.219,53.473,21150,0
20121031,52.702,53.863,52.702,53.683,39107,0
20121101,53.841,54.528,53.738,54.453,29553,0
20121102,54.621,54.621,53.934,53.944,20707,0
20121105,53.869,54.037,53.538,54.019,20681,0
20121106,54.285,54.495,54.153,54.428,30756,0
20121107,53.869,53.869,53.1,53.31,42753,0
20121108,53.301,53.406,52.675,52.675,86642,0
20121109,52.334,52.988,52.144,52.579,45525,0
20121112,52.862,52.862,52.401,52.523,14442,0
20121113,52.278,52.787,51.967,52.382,23886,0
20121114,52.428,52.504,51.499,51.553,28459,0
20121115,51.506,51.714,50.876,51.347,85393,0
20121116,51.396,51.907,51.111,51.881,96058,0
20121119,52.457,52.646,52.373,52.646,24689,0
20121120,52.071,52.843,51.986,52.843,35509,0
20121121,52.956,53.2,52.721,52.928,29690,0
20121123,53.234,53.406,53.11,53.406,137960,0
20121126,53.263,53.479,53.224,53.479,50292,0
20121127,53.368,53.641,53.243,53.329,21091,0
20121128,53.129,53.65,52.826,53.641,34977,0
20121129,53.935,53.935,53.631,53.812,57268,0
20121130,53.937,54.127,53.861,54.078,24723,0
20121203,54.342,54.457,53.859,53.973,30136,0
20121204,53.78,54.139,53.751,53.929,33272,0
20121205,53.954,54.191,53.728,54.066,46126,0
20121206,54.002,54.2,54.002,54.171,31732,0
20121207,54.409,54.447,54.085,54.22,21592,0
20121210,54.267,54.533,54.21,54.447,35186,0
20121211,54.607,54.682,54.333,54.578,71752,0
20121212,54.607,54.854,54.38,54.486,24183,0
20121213,54.598,54.598,54.029,54.153,43429,0
20121214,54.085,54.248,53.887,53.944,38723,0
20121217,54.295,54.627,54.048,54.627,98222,0
20121218,54.682,55.497,54.428,55.262,160995,0
20121219,55.242,55.953,54.873,54.873,180835,0
20121220,55.026,55.328,54.921,55.281,37859,0
20121221,54.617,55.016,54.466,54.863,125928,0
20121224,54.457,54.691,53.602,54.361,48023,0
20121226,54.486,54.486,54.038,54.048,24986,0
20121227,54.066,54.114,53.452,54.066,56797,0
20121228,53.831,53.954,53.499,53.499,69284,0
20121231,53.59,54.431,53.408,54.392,66108,0
20130102,55.394,56.181,55.291,55.66,59983,0
20130103,55.679,56.086,55.679,55.829,39469,0
20130104,56.019,56.408,55.904,56.379,109599,0
20130107,56.266,56.266,56.039,56.171,117407,0
20130108,56.096,56.114,55.803,55.961,55942,0
20130109,56.124,56.247,56.048,56.228,49090,0
20130110,56.314,56.464,56.208,56.438,41907,0
20130111,56.473,56.511,56.247,56.437,66819,0
20130114,56.427,56.521,56.313,56.473,32269,0
20130115,56.596,56.739,56.369,56.672,73779,0
20130116,56.616,56.672,56.463,56.588,31692,0
20130117,56.769,57.195,56.72,57.06,28760,0
20130118,57.131,57.301,56.978,57.234,68077,0
20130122,57.273,57.784,57.263,57.784,108980,0
20130123,57.653,58.346,57.577,57.615,68022,0
20130124,57.7,57.984,57.549,57.737,102678,0
20130125,57.966,57.966,57.588,57.822,186452,0
20130128,58.1,58.1,57.578,57.927,42841,0
20130129,58.1,58.269,57.927,58.194,70309,0
20130130,58.526,58.526,57.89,57.89,71026,0
20130131,58.149,58.299,57.831,58.254,178552,0
20130201,58.507,58.594,58.412,58.546,55702,0
20130204,58.307,58.374,58.042,58.109,66268,0
20130205,58.243,58.633,58.243,58.517,69068,0
20130206,58.355,58.785,58.336,58.747,78085,0
20130207,58.785,58.823,58.317,58.738,74486,0
20130208,58.823,59.117,58.823,59.079,64224,0
20130211,59.137,59.336,58.936,59.079,49055,0
20130212,59.166,59.403,59.07,59.364,57597,0
20130213,59.344,59.526,59.194,59.393,85948,0
20130214,59.137,59.383,59.04,59.364,56428,0
20130215,59.526,59.526,59.204,59.393,49053,0
20130219,59.497,59.851,59.441,59.813,77203,0
20130220,59.936,59.936,58.907,58.907,68672,0
20130221,58.992,58.992,58.261,58.488,40137,0
20130222,58.804,59.108,58.766,59.011,112110,0
20130225,59.279,59.45,57.965,57.965,36794,0
20130226,58.402,58.507,57.956,58.402,54380,0
20130227,58.555,59.328,58.46,59.213,30797,0
20130228,59.191,59.564,59.133,59.133,68144,0
20130301,58.74,59.321,58.616,59.243,33041,0
20130304,59.184,59.575,59.04,59.565,82245,0
20130305,59.787,60.216,59.654,60.064,57797,0
20130306,60.304,60.371,60.017,60.181,118911,0
20130307,60.207,60.349,60.14,60.272,105035,0
20130308,60.52,60.759,60.234,60.749,65750,0
20130311,60.623,60.888,60.574,60.869,30506,0
20130312,60.811,60.916,60.641,60.859,92698,0
20130313,60.925,61.136,60.726,61.088,31729,0
20130314,61.26,61.487,61.222,61.46,73046,0
20130315,61.349,61.502,61.274,61.502,66374,0
20130318,60.574,61.468,60.525,61.25,56710,0
20130319,61.334,61.66,60.623,61.117,86242,0
20130320,61.492,61.674,61.339,61.607,49378,0
20130321,61.245,61.529,61.054,61.063,46979,0
20130322,61.33,61.455,61.245,61.369,59809,0
20130325,61.607,61.806,61.073,61.378,121061,0
20130326,61.502,61.76,61.426,61.731,51573,0
20130327,61.702,61.768,61.236,61.636,62033,0
20130328,61.845,62.216,61.636,62.132,57534,0
20130401,62.007,62.502,61.464,61.692,92590,0
20130402,62.022,62.061,61.497,61.632,132265,0
20130403,61.674,61.845,60.778,60.874,49534,0
20130404,61.009,61.497,61.009,61.497,133992,0
20130405,60.581,61.517,60.581,61.431,64078,0
20130408,61.636,61.96,61.274,61.874,103659,0
20130409,62.036,62.33,61.722,62.055,45290,0
20130410,62.099,62.824,62.099,62.814,117925,0
20130411,62.75,63.227,62.693,63.027,85401,0
20130412,62.882,62.968,62.546,62.853,40983,0
20130415,62.491,62.491,60.962,61.067,43255,0
20130416,61.554,61.937,61.269,61.907,43060,0
20130417,61.916,61.916,60.539,60.978,49115,0
20130418,61,61.136,60.601,60.858,30953,0
20130419,61.009,61.517,60.868,61.45,70166,0
20130422,61.411,61.907,61.029,61.773,32737,0
20130423,61.889,62.347,61.773,62.298,81775,0
20130424,62.213,62.585,62.157,62.528,45523,0
20130425,62.615,63.063,62.519,62.776,77688,0
20130426,62.949,62.949,62.298,62.386,56735,0
20130429,62.605,63.007,62.464,62.853,28288,0
20130430,62.793,63.227,62.551,63.227,156108,0
20130501,63.016,63.026,62.425,62.501,46875,0
20130502,62.73,63.14,62.183,63.131,77173,0
20130503,63.79,64.135,63.611,63.838,91945,0
20130506,63.807,64.048,63.75,63.913,36064,0
20130507,64.05,64.461,64.004,64.461,85920,0
20130508,64.289,64.69,64.289,64.69,111241,0
20130509,64.605,64.777,64.184,64.231,86764,0
20130510,64.404,64.69,64.211,64.576,32448,0
20130513,64.572,64.686,64.303,64.486,51296,0
20130514,64.563,65.239,64.563,65.211,45705,0
20130515,65.059,65.784,65.031,65.573,56333,0
20130516,65.49,65.669,65.107,65.191,64424,0
20130517,65.514,65.984,65.496,65.974,38516,0
20130520,65.871,66.184,65.803,65.987,84708,0
20130521,65.987,66.261,65.851,66.09,107151,0
20130522,66.087,66.614,64.681,64.852,123709,0
20130523,64.184,64.843,63.733,64.823,55809,0
20130524,64.307,64.471,63.985,64.365,66669,0
20130528,65.235,65.341,64.385,64.624,53640,0
20130529,64.247,64.314,63.46,63.872,74812,0
20130530,64.034,64.529,64.034,64.125,103920,0
20130531,63.86,64.422,63.504,63.504,78224,0
20130603,63.39,63.926,62.95,63.361,111082,0
20130604,63.428,63.676,62.718,62.948,159842,0
20130605,62.9,62.9,62.18,62.285,88458,0
20130606,62.276,62.909,62.067,62.909,60777,0
20130607,63.198,63.553,62.833,63.495,155531,0
20130610,63.629,63.762,63.189,63.4,55489,0
20130611,62.785,63.283,62.603,62.813,58877,0
20130612,63.189,63.39,62.089,62.164,73305,0
20130613,62.269,63.563,62.128,63.456,59855,0
20130614,63.37,63.772,63.13,63.283,70285,0
20130617,63.658,63.907,63.227,63.553,44861,0
20130618,63.611,64.146,63.524,64.005,49791,0
20130619,63.976,64.042,62.919,62.919,61692,0
20130620,62.861,62.861,61.128,61.347,154948,0
20130621,61.519,61.702,60.753,61.414,112584,0
20130624,61.137,61.194,60.034,60.733,118740,0
20130625,61.108,61.645,60.868,61.557,88007,0
20130626,62.077,62.285,61.74,62.115,148208,0
20130627,62.534,63.091,62.534,62.861,112029,0
20130628,62.773,63.208,62.561,62.851,42829,0
20130701,63.12,63.601,63.12,63.301,104441,0
20130702,63.431,63.699,62.893,63.211,118876,0
20130703,63.007,63.293,62.861,63.266,82344,0
20130705,63.747,63.795,62.864,63.795,42426,0
20130708,64.099,64.298,64.005,64.156,74846,0
20130709,64.689,64.91,64.372,64.757,76637,0
20130710,64.826,64.932,64.463,64.845,83532,0
20130711,66.036,66.036,65.316,65.66,96447,0
20130712,65.708,65.823,65.498,65.678,88841,0
20130715,65.833,66.11,65.709,66.055,44766,0
20130716,66.082,66.082,65.536,65.659,100592,0
20130717,65.92,66.092,65.743,65.773,76265,0
20130718,66.148,66.506,66.063,66.486,127383,0
20130719,66.458,66.496,66.216,66.438,65456,0
20130722,66.525,66.841,66.418,66.698,54557,0
20130723,66.898,66.976,66.611,66.783,93914,0
20130724,66.976,66.976,65.978,66.246,121788,0
20130725,66.138,66.545,66.045,66.399,84040,0
20130726,66.128,66.448,65.959,66.428,31044,0
20130729,66.264,66.678,66.045,66.264,57916,0
20130730,66.438,66.735,66.399,66.563,42860,0
20130731,66.824,67.201,66.594,66.7,57396,0
20130801,67.299,67.906,67.299,67.761,127268,0
20130802,68.108,68.108,66.764,67.87,77726,0
20130805,67.764,67.917,67.656,67.764,72896,0
20130806,67.663,67.663,67.096,67.279,88626,0
20130807,67.054,67.207,66.688,66.996,131452,0
20130808,67.207,67.437,66.888,67.207,69272,0
20130809,67.101,67.561,67.073,67.35,46356,0
20130812,66.957,67.437,66.957,67.34,147921,0
20130813,67.471,67.471,66.901,67.259,67220,0
20130814,67.236,67.32,66.898,66.957,46636,0
20130815,66.917,67.073,65.688,65.784,140584,0
20130816,65.686,65.88,65.32,65.466,65725,0
20130819,65.592,65.592,64.822,64.822,76223,0
20130820,65.032,65.89,64.896,65.793,239080,0
20130821,65.468,65.784,65.084,65.084,62161,0
20130822,65.378,66.207,65.291,65.802,41778,0
20130823,66.045,66.158,65.628,66.101,72609,0
20130826,66.101,66.43,65.92,66.045,68587,0
20130827,65.378,65.485,64.886,64.914,177205,0
20130828,64.914,65.148,64.741,64.905,59876,0
20130829,64.847,65.32,64.741,64.973,56979,0
20130830,65.176,65.204,64.269,64.452,34926,0
20130903,66.13,66.13,63.88,64.353,67503,0
20130904,64.353,64.952,64.257,64.875,34106,0
20130905,64.826,65.08,64.799,64.914,70643,0
20130906,65.262,65.447,64.567,65.002,84876,0
20130909,65.08,65.88,65.08,65.88,80254,0
20130910,66.403,66.52,66.094,66.52,124371,0
20130911,66.449,66.632,66.197,66.622,54677,0
20130912,66.642,66.662,66.237,66.304,27658,0
20130913,66.472,66.626,66.249,66.616,35742,0
20130916,67.471,67.559,66.853,67.038,78927,0
20130917,67.148,67.428,67.138,67.408,69456,0
20130918,67.388,68.367,67.023,68.279,64133,0
20130919,68.443,68.443,68.094,68.172,44213,0
20130920,68.384,68.492,67.378,67.378,50885,0
20130923,67.34,67.669,67.052,67.33,83113,0
20130924,67.34,67.787,67.244,67.388,37666,0
20130925,67.496,67.864,67.254,67.448,34643,0
20130926,67.486,67.817,67.359,67.554,37674,0
20130927,67.378,67.496,67.196,67.369,34195,0
20130930,66.808,67.33,66.712,67.206,54755,0
20131001,67.206,68.094,67.206,67.883,90608,0
20131002,67.369,67.708,67.206,67.669,34354,0
20131003,67.486,67.544,66.704,66.994,53057,0
20131004,67.118,67.573,67.013,67.378,46770,0
20131007,66.818,67.206,66.771,66.771,39565,0
20131008,66.808,66.994,66.075,66.075,37800,0
20131009,66.121,66.384,65.862,66.094,44792,0
20131010,66.549,67.728,66.549,67.698,81686,0
20131011,67.525,68.24,67.496,68.123,67800,0
20131014,68.104,68.453,67.748,68.453,44999,0
20131015,68.192,68.423,67.738,67.893,45775,0
20131016,68.055,68.752,68.055,68.713,47604,0
20131017,68.339,69.523,68.339,69.477,104987,0
20131018,69.886,70.046,69.391,69.807,128925,0
20131021,69.965,69.965,69.617,69.909,32202,0
20131022,70.238,70.605,70.15,70.393,85758,0
20131023,70.218,70.325,69.956,70.248,53720,0
20131024,70.17,70.432,70.062,70.344,56503,0
20131025,70.545,70.829,70.363,70.809,36333,0
20131028,70.859,70.869,70.499,70.73,64478,0
20131029,70.809,71.079,70.701,71.079,43151,0
20131030,70.992,71.05,70.334,70.565,40510,0
20131031,70.535,70.954,70.091,70.442,48824,0
20131101,70.575,70.829,70.17,70.644,25029,0
20131104,71.148,71.148,70.615,71.06,66954,0
20131105,70.595,70.829,70.432,70.585,32011,0
20131106,70.77,70.936,70.527,70.701,33598,0
20131107,70.829,70.829,69.404,69.481,43238,0
20131108,69.528,70.218,69.357,70.208,39914,0
20131111,70.121,70.489,70.121,70.46,27421,0
20131112,70.354,70.373,69.946,70.268,39232,0
20131113,69.916,70.917,69.916,70.889,33665,0
20131114,70.954,71.342,70.869,71.254,58030,0
20131115,71.283,71.486,71.088,71.486,31516,0
20131118,71.573,71.622,71.032,71.177,54991,0
20131119,70.982,71.079,70.555,70.595,33666,0
20131120,70.859,71.244,70.091,70.277,75271,0
20131121,70.432,70.982,70.432,70.799,74451,0
20131122,70.834,71.124,70.686,71.017,34048,0
20131125,71.221,71.221,70.715,70.844,39787,0
20131126,70.922,70.959,70.649,70.775,33271,0
20131127,70.884,71.221,70.735,70.922,38536,0
20131129,71.055,71.124,70.765,70.765,12126,0
20131202,70.903,71.221,70.493,70.56,107724,0
20131203,70.465,70.678,70.115,70.455,32942,0
20131204,70.242,70.715,69.805,70.55,63581,0
20131205,70.446,70.695,70.035,70.172,38484,0
20131206,70.54,70.988,70.54,70.854,34480,0
20131209,71.192,71.192,70.715,70.912,74193,0
20131210,70.903,71.182,70.725,70.735,31310,0
20131211,70.912,70.912,69.639,69.746,69262,0
20131212,69.726,69.977,69.57,69.765,32024,0
20131213,69.977,70.338,69.717,69.949,36386,0
20131216,70.143,70.579,70.143,70.436,51807,0
20131217,70.261,70.629,70.075,70.446,29010,0
20131218,70.57,71.378,70.016,71.339,60025,0
20131219,71.309,71.455,70.785,71.008,42736,0
20131220,71.143,71.619,71.143,71.319,131146,0
20131223,71.726,72.066,71.697,71.863,110724,0
20131224,71.984,72.316,71.984,72.267,21359,0
20131226,72.628,72.628,72.248,72.346,60901,0
20131227,72.716,72.716,72.277,72.414,59916,0
20131230,72.296,72.599,72.296,72.424,49108,0
20131231,72.598,72.774,72.51,72.628,56526,0
20140102,72.5,72.628,71.664,71.937,65553,0
20140103,72.103,72.258,71.898,72.083,103647,0
20140106,72.16,72.18,71.712,71.762,50241,0
20140107,71.908,72.326,71.908,72.122,47156,0
20140108,72.043,72.209,71.829,72.122,50939,0
20140109,72.356,72.356,71.752,72.122,33239,0
20140110,72.258,72.628,72.258,72.628,42058,0
20140113,72.57,72.608,71.536,71.683,37138,0
20140114,71.956,72.405,71.792,72.326,51414,0
20140115,72.57,72.666,72.346,72.599,60034,0
20140116,72.462,72.716,72.296,72.608,45339,0
20140117,72.56,72.589,72.277,72.336,36483,0
20140121,72.822,72.872,72.287,72.735,45120,0
20140122,72.832,73.027,72.716,72.968,55087,0
20140123,72.57,72.608,72.083,72.405,57969,0
20140124,71.946,71.946,70.818,70.896,114379,0
20140127,70.911,71.28,70.139,70.518,66075,0
20140128,70.607,71.163,70.607,71.085,53747,0
20140129,70.921,70.931,70.286,70.432,46744,0
20140130,70.723,71.34,70.723,71.055,42549,0
20140131,70.537,71.465,70.374,70.997,42942,0
20140203,71.027,71.027,68.95,69.056,73116,0
20140204,69.35,69.68,68.93,69.612,67232,0
20140205,68.92,69.523,68.852,69.379,56924,0
20140206,69.495,70.197,69.495,70.149,41628,0
20140207,70.557,70.793,70.237,70.773,33958,0
20140210,70.803,71.055,70.394,71.027,37894,0
20140211,70.997,71.856,70.997,71.7,114161,0
20140212,71.924,72.178,71.749,71.905,97573,0
20140213,71.514,72.539,71.514,72.499,50467,0
20140214,72.394,72.987,72.394,72.949,61345,0
20140218,73.095,73.261,72.851,73.232,45426,0
20140219,73.144,73.662,72.861,72.919,47621,0
20140220,73.075,73.465,72.89,73.368,33396,0
20140221,73.339,73.749,73.339,73.523,47756,0
20140224,73.677,74.36,73.677,73.763,43906,0
20140225,73.842,74.185,73.657,73.997,48520,0
20140226,74.692,74.771,73.987,74.155,31018,0
20140227,74.046,74.272,73.967,74.165,83023,0
20140228,74.253,74.752,74.243,74.496,62840,0
20140303,73.832,74.243,73.48,73.949,67756,0
20140304,74.389,75.395,74.389,75.005,50523,0
20140305,74.906,75.092,74.732,74.916,53950,0
20140306,75.181,75.24,74.966,75.082,37767,0
20140307,75.201,75.201,74.653,74.956,31117,0
20140310,74.956,74.956,74.476,74.752,30275,0
20140311,74.867,75.063,74.341,74.525,32075,0
20140312,74.185,74.605,73.783,74.605,79709,0
20140313,74.81,74.839,73.851,74.077,48028,0
20140314,73.919,74.486,73.919,74.175,16346,0
20140317,74.565,74.926,74.555,74.752,32050,0
20140318,74.839,75.318,74.762,75.201,40287,0
20140319,75.336,75.395,74.292,74.506,37880,0
20140320,74.467,74.752,74.195,74.732,26000,0
20140321,74.946,75.523,74.683,74.683,79380,0
20140324,75.088,75.177,74.199,74.599,108728,0
20140325,74.678,74.912,74.559,74.825,34952,0
20140326,75.285,75.285,74.119,74.119,41347,0
20140327,74.296,74.315,73.816,74.001,71986,0
20140328,74.257,74.902,74.257,74.501,40513,0
20140331,75.069,75.5,74.775,75.48,37097,0
20140401,75.668,75.93,75.411,75.92,59646,0
20140402,76.058,76.246,75.84,76.178,70517,0
20140403,76.304,76.304,75.86,76.108,27323,0
20140404,76.479,76.626,75.304,75.49,47332,0
20140407,75.401,75.401,74.462,74.668,43146,0
20140408,74.678,75.177,74.373,75.108,61339,0
20140409,75.332,75.589,75.021,75.47,65943,0
20140410,75.539,75.794,74.276,74.393,45389,0
20140411,74.01,74.345,73.501,73.64,71077,0
20140414,74.08,74.335,73.728,74.08,41279,0
20140415,74.373,74.805,73.816,74.785,35396,0
20140416,75.342,75.569,75.03,75.539,140485,0
20140417,75.421,75.658,75.332,75.46,67387,0
20140421,75.633,75.81,75.485,75.742,54199,0
20140422,75.886,76.252,75.683,76.144,56987,0
20140423,76.232,76.348,76.005,76.074,87680,0
20140424,76.416,76.436,75.906,76.164,47505,0
20140425,75.926,75.976,75.446,75.614,43520,0
20140428,76.035,76.045,75.015,75.752,40204,0
20140429,76.015,76.124,75.81,75.916,50762,0
20140430,75.986,76.536,75.936,76.466,101283,0
20140501,76.174,76.703,75.956,76.516,100189,0
20140502,76.743,77.055,76.436,76.476,51399,0
20140505,76.104,76.584,75.836,76.486,58864,0
20140506,76.301,76.496,75.966,76.045,45794,0
20140507,76.232,76.643,75.886,76.643,39041,0
20140508,76.516,77.253,76.282,76.436,47896,0
20140509,76.436,76.574,76.064,76.386,55485,0
20140512,76.8,77.163,76.8,77.104,93649,0
20140513,77.183,77.34,76.859,76.908,44865,0
20140514,76.908,76.928,76.496,76.556,58647,0
20140515,76.338,76.338,75.455,76.084,105612,0
20140516,75.996,76.377,75.791,76.377,31867,0
20140519,76.272,76.772,76.272,76.584,165356,0
20140520,76.338,76.476,75.722,75.916,47052,0
20140521,76.154,76.358,75.722,76.074,49136,0
20140522,75.986,76.593,75.986,76.436,49985,0
20140523,76.435,76.858,76.435,76.799,50849,0
20140527,77.203,77.477,77.084,77.263,46386,0
20140528,77.368,77.418,76.985,77.243,58789,0
20140529,77.576,77.585,77.173,77.526,65716,0
20140530,77.605,77.705,77.477,77.645,42378,0
20140602,77.831,77.86,77.398,77.801,47957,0
20140603,77.744,77.831,77.595,77.771,50160,0
20140604,77.734,78.097,77.605,78.078,48419,0
20140605,78.361,78.824,77.949,78.804,56475,0
20140606,79.001,79.236,78.627,79.021,82888,0
20140609,79.178,79.344,78.931,79.079,49220,0
20140610,79.099,79.099,78.706,78.854,26170,0
20140611,78.686,78.686,78.361,78.578,90448,0
20140612,78.391,78.774,78.078,78.312,37855,0
20140613,78.312,78.617,78.097,78.548,61305,0
20140616,78.538,78.794,78.431,78.598,33596,0
20140617,78.598,79.138,78.519,79.021,34225,0
20140618,78.981,79.601,78.951,79.601,43507,0
20140619,79.786,79.884,79.581,79.884,44162,0
20140620,79.984,80.131,79.766,79.934,49058,0
20140623,80.145,80.243,79.751,79.959,37966,0
20140624,79.741,80.145,79.427,79.446,46746,0
20140625,79.368,79.693,79.299,79.693,88812,0
20140626,79.83,79.83,79.299,79.693,74560,0
20140627,79.663,80.116,79.663,80.096,27047,0
20140630,80.194,80.401,79.929,80.401,50718,0
20140701,80.52,80.982,80.481,80.667,49868,0
20140702,80.686,80.736,80.213,80.343,41947,0
20140703,80.56,80.56,80.313,80.5,28185,0
20140707,80.49,80.49,80.068,80.136,31347,0
20140708,80.088,80.116,79.673,79.83,61696,0
20140709,80.018,80.058,79.711,79.959,27731,0
20140710,79.151,79.939,78.866,79.781,43308,0
20140711,79.771,79.82,79.516,79.731,43885,0
20140714,80.078,80.203,79.86,79.929,149876,0
20140715,80.009,80.203,79.516,79.83,33335,0
20140716,80.136,80.136,79.625,79.919,41067,0
20140717,79.615,79.889,79.004,79.072,84558,0
20140718,79.318,79.919,79.23,79.82,80652,0
20140721,79.634,79.721,79.347,79.653,38694,0
20140722,79.989,80.146,79.889,80.018,43560,0
20140723,80.117,80.117,79.87,79.969,29291,0
20140724,79.999,80.204,79.939,80.078,49419,0
20140725,79.683,79.909,79.455,79.545,47630,0
20140728,79.693,79.801,79.308,79.625,32819,0
20140729,80.402,80.412,79.585,79.615,32469,0
20140730,79.84,80.068,79.16,79.347,36361,0
20140731,78.942,79.091,77.946,77.956,87736,0
20140801,77.847,78.183,77.453,77.906,157208,0
20140804,78.046,78.321,77.532,78.203,47575,0
20140805,77.966,78.301,77.601,77.828,42971,0
20140806,77.532,77.946,77.363,77.711,32259,0
20140807,77.926,78.026,77.247,77.393,39681,0
20140808,77.542,78.301,77.493,78.301,126565,0
20140811,78.657,78.942,78.558,78.657,44174,0
20140812,78.499,78.815,78.311,78.499,51992,0
20140813,78.696,79.051,78.578,79.012,31506,0
20140814,79.101,79.337,79.022,79.298,37217,0
20140815,79.625,79.625,78.805,79.229,33954,0
20140818,79.663,79.929,79.615,79.919,34606,0
20140819,80.127,80.364,80.107,80.304,67010,0
20140820,80.224,80.571,80.097,80.551,40058,0
20140821,80.61,80.698,80.501,80.64,32297,0
20140822,80.551,80.669,80.156,80.442,36352,0
20140825,80.853,80.873,80.605,80.734,46629,0
20140826,80.863,81.04,80.744,80.754,42165,0
20140827,80.734,80.98,80.645,80.833,39269,0
20140828,80.566,80.833,80.389,80.754,81628,0
20140829,80.921,81.1,80.684,81.05,46975,0
20140902,81.1,81.505,80.843,81.08,31589,0
20140903,81.336,81.386,81.01,81.11,51794,0
20140904,81.208,81.376,80.774,80.911,43248,0
20140905,80.931,81.386,80.783,81.386,32335,0
20140908,81.317,81.455,80.931,81.248,58588,0
20140909,81.11,81.11,80.407,80.496,49631,0
20140910,80.575,80.575,79.983,80.299,57714,0
20140911,79.943,80.645,79.943,80.645,22582,0
20140912,80.575,80.575,79.37,79.646,51744,0
20140915,79.725,79.725,79.36,79.548,35352,0
20140916,79.468,80.249,79.468,80.072,38268,0
20140917,80.092,80.379,79.814,79.943,31621,0
20140918,80.19,80.19,79.814,79.903,38436,0
20140919,80.092,80.15,79.508,79.725,50507,0
20140922,79.567,79.567,78.764,78.774,223319,0
20140923,78.496,78.814,78.178,78.218,46641,0
20140924,78.158,78.535,77.891,78.417,39294,0
20140925,78.129,78.198,77.355,77.465,130729,0
20140926,77.704,78.11,77.385,78.041,43313,0
20140929,77.415,77.981,77.168,77.951,65320,0
20140930,78.021,78.487,77.385,77.575,53995,0
20141001,76.941,77.505,76.475,76.712,96262,0
20141002,76.692,77.039,75.859,76.821,176667,0
20141003,77.278,77.455,76.802,77.365,32660,0
20141006,77.762,77.812,76.891,77.148,43113,0
20141007,76.871,77.049,76.207,76.226,43484,0
20141008,76.345,77.485,75.869,77.465,70319,0
20141009,77.288,77.475,75.899,75.989,53912,0
20141010,75.752,76.325,75.186,75.186,119612,0
20141013,75.196,75.602,74.373,74.413,125946,0
20141014,74.809,75.909,74.779,75.166,171733,0
20141015,73.967,75.305,73.283,74.949,266046,0
20141016,73.928,75.692,72.967,75.533,180676,0
20141017,76.256,76.385,75.692,76.068,41908,0
20141020,75.869,77.019,75.869,77.019,109020,0
20141021,77.375,78.487,77.375,78.457,91107,0
20141022,78.644,79.041,78.071,78.071,70707,0
20141023,78.882,79.328,78.535,78.912,323765,0
20141024,79.091,79.328,78.684,79.269,89004,0
20141027,79.109,79.208,78.572,79.208,69686,0
20141028,79.576,80.221,79.317,80.221,64544,0
20141029,80.321,80.529,79.506,80.073,42483,0
20141030,79.913,80.688,79.744,80.46,55099,0
20141031,81.633,81.633,80.788,81.304,84630,0
20141103,81.463,81.811,81.225,81.513,58575,0
20141104,81.374,81.453,80.868,81.165,35075,0
20141105,81.573,81.791,81.404,81.721,68288,0
20141106,81.801,81.841,81.404,81.771,67150,0
20141107,81.911,82.159,81.583,82.04,57502,0
20141110,82.059,82.258,81.98,82.248,49587,0
20141111,82.268,82.268,81.94,82.119,54282,0
20141112,81.881,82.208,81.791,82.139,94374,0
20141113,82.218,82.368,81.653,81.781,70252,0
20141114,81.781,81.95,81.533,81.662,72076,0
20141117,81.563,81.95,81.473,81.901,53506,0
20141118,81.98,82.378,81.98,82.159,56375,0
20141119,82.169,82.169,81.681,81.94,64682,0
20141120,81.771,82.288,81.711,82.248,48071,0
20141121,83.503,83.503,82.428,82.637,53305,0
20141124,82.866,82.995,82.766,82.985,332064,0
20141125,82.955,83.155,82.746,83.015,77699,0
20141126,83.085,83.214,82.946,83.135,82773,0
20141128,83.125,83.364,82.876,82.876,20717,0
20141201,82.507,83.025,82.139,82.238,65563,0
20141202,82.238,82.826,82.159,82.726,53580,0
20141203,82.776,83.254,82.677,83.185,106232,0
20141204,83.125,83.195,82.756,83.105,39646,0
20141205,83.185,83.234,82.916,83.105,102409,0
20141208,82.826,83.314,82.308,82.557,64977,0
20141209,81.89,82.916,81.87,82.916,59093,0
20141210,82.667,82.736,81.481,81.621,91013,0
20141211,82.228,82.607,81.83,81.979,78669,0
20141212,81.392,81.661,80.684,80.694,62683,0
20141215,81.073,81.232,79.868,80.216,62577,0
20141216,79.887,81.252,79.838,80.097,62836,0
20141217,80.166,81.81,80.166,81.74,63611,0
20141218,82.806,83.125,82.159,83.085,211661,0
20141219,83.49,83.55,82.91,83.36,69535,0
20141222,83.44,83.77,83.23,83.77,220499,0
20141223,84.01,84.32,83.87,84.16,311251,0
20141224,84.32,84.44,84.09,84.36,107609,0
20141226,84.4,84.85,84.4,84.53,53147,0
20141229,84.68,85.27,84.68,85.09,91814,0
20141230,85.07,85.07,84.6,84.64,103040,0
20141231,84.81,84.93,83.72,83.74,102284,0
20150102,84.23,84.23,83.18,83.77,37219,0
20150105,83.35,83.35,82.21,82.41,94609,0
20150106,82.57,82.94,81.39,81.78,85100,0
20150107,82.27,82.7,82.02,82.64,72310,0
20150108,83.18,83.95,83.18,83.91,88652,0
20150109,84.08,84.08,82.89,83.08,250088,0
20150112,83.24,83.24,82.34,82.85,152617,0
20150113,83.17,84.02,82.06,82.8,119369,0
20150114,82.04,82.69,81.68,82.64,149760,0
20150115,82.87,83.08,81.93,82.02,78878,0
20150116,81.76,83.05,81.76,83,184494,0
