Date,Open,High,Low,Close,Volume,OpenInt
20081106,44.38,46.61,42.11,42.17,7500,0
20081107,46.96,49.63,45.56,48.07,13402,0
20081110,52.53,55.76,47.62,49.67,41763,0
20081111,49.73,49.73,43.28,45.85,43476,0
20081112,46,46,35.61,36.73,93172,0
20081113,37.65,48.07,32.14,47.66,268403,0
20081114,43.4,49.85,40.24,41.62,343930,0
20081117,41.62,45.19,39.58,39.72,303391,0
20081118,40.55,44.02,37.6,43.53,659008,0
20081119,42.55,45.23,36.24,36.5,560804,0
20081120,35.59,35.59,23.71,24.13,854625,0
20081121,26.61,32.7,24.93,32.25,1125338,0
20081124,35.7,40.85,32.42,37.65,1107992,0
20081125,39.43,41.09,36.25,39.17,601759,0
20081126,38.06,46.29,37.39,46.21,676754,0
20081128,44.07,44.39,41.34,43.94,181814,0
20081201,38.42,39.7,30.37,30.71,702935,0
20081202,32.6,33.91,30.27,33.53,959725,0
20081203,30.51,34.55,29.97,34.44,1321279,0
20081204,32.48,33.74,25.9,27.68,1339125,0
20081205,25.78,29.1,22.79,28.93,2187100,0
20081208,32.41,34.35,31.46,32.73,1986656,0
20081209,31.69,35.68,31.27,32.87,1607922,0
20081210,35.32,38.57,34.52,37.93,2168849,0
20081211,38.82,41.82,35.93,37.47,2021434,0
20081212,34.19,37.51,32.72,36.23,1399244,0
20081215,39.27,39.53,33.98,36.26,1746233,0
20081216,37.93,40.06,36.36,39.42,1162672,0
20081217,39.37,41.34,37.71,38.22,1316742,0
20081218,38.35,38.35,30.56,31.34,1508935,0
20081219,32.13,34.14,30.96,31.33,1173396,0
20081222,32.06,32.39,27.26,29.13,1164468,0
20081223,29.46,30.26,27.87,28.4,980113,0
20081224,28.04,29.01,27.64,28.66,274810,0
20081226,29.43,30.55,28.81,30.14,673472,0
20081229,31.83,32.23,30.45,31.69,964971,0
20081230,31.68,33.83,31.01,33.68,772565,0
20081231,33.45,36.07,32.91,34.7,1008335,0
20090102,35.17,40.51,35.17,39.82,1497454,0
20090105,39.88,43.58,39.08,41.74,2252787,0
20090106,43.17,45.75,41.77,42.73,2635381,0
20090107,40.44,40.91,36.5,37.56,2104365,0
20090108,36.36,39.06,36.32,39.04,1555986,0
20090109,38.5,39.08,34.89,35.23,1936579,0
20090112,34.52,34.52,31.16,31.88,1646227,0
20090113,31.71,34.33,31.44,33.71,2321240,0
20090114,32.74,32.94,28.49,29.42,3598211,0
20090115,29.33,30.58,26.62,30.38,2637183,0
20090116,31.44,32.85,29.42,31.31,2952510,0
20090120,29.25,31.95,26.81,26.99,2503074,0
20090121,27.67,31.93,27.43,31.69,3085902,0
20090122,30.08,31.16,27.54,29.38,3367823,0
20090123,27.62,32.49,26.88,31.35,3385903,0
20090126,31.6,35.14,31.25,32.84,3335546,0
20090127,32.85,33.79,31.43,32.81,2112764,0
20090128,34.65,35.77,32.77,35.3,2477006,0
20090129,33.19,33.75,31.27,31.48,2139863,0
20090130,33.14,33.53,30.17,30.62,2486934,0
20090202,29.38,30.11,28.41,29.34,2318828,0
20090203,30.23,31.34,29.1,30.78,2044397,0
20090204,31.7,32.74,30.57,31.32,2829137,0
20090205,31.03,34.13,30.1,33.79,3231083,0
20090206,32.92,35.93,32.81,35.55,2865761,0
20090209,36.48,37.8,34.85,35.71,2461192,0
20090210,36.44,37.01,30.1,30.9,4563690,0
20090211,31.89,32.2,28.11,29.65,3004810,0
20090212,28.76,29.98,27.14,29.88,3296578,0
20090213,29.54,31.11,28.98,29.65,1971838,0
20090217,27.89,28.03,24.22,24.25,4246728,0
20090218,25.11,25.12,23.29,24.02,2400305,0
20090219,25.06,25.37,23.81,24.15,3343237,0
20090220,22.96,23.41,20.93,22.46,4018886,0
20090223,23.39,23.88,19.36,19.64,3969138,0
20090224,20.16,22.53,19.84,22.26,4095331,0
20090225,22.69,23.32,20.45,21.86,4745523,0
20090226,22.96,24,21.59,21.61,3309183,0
20090227,20.36,21.95,19.59,19.97,5794156,0
20090302,18.78,18.92,15.71,15.89,7625980,0
20090303,16.98,17.36,15.58,16.03,6042184,0
20090304,17.42,18.89,17.39,18.08,6667051,0
20090305,17,17.34,15.13,15.55,7362752,0
20090306,16.31,17.32,14.45,16.01,8486935,0
20090309,15.61,17.66,15.35,16.37,8296541,0
20090310,17.36,19.2,17.23,18.61,9486735,0
20090311,19.14,19.59,17.36,18.25,7945427,0
20090312,18.67,19.97,17.95,19.81,7500538,0
20090313,20.15,20.24,18.62,19.41,5487519,0
20090316,19.14,21.11,18.98,19.88,7524639,0
20090317,19.81,21.89,19.19,21.85,5892922,0
20090318,21.28,23.15,19.58,22.43,8062606,0
20090319,24.54,25.3,23.4,23.6,7527062,0
20090320,24.12,24.14,20.71,20.89,6081440,0
20090323,22.29,25.86,22.29,25.74,8446260,0
20090324,24.8,25.66,23.72,24.22,6617404,0
20090325,24.28,25.56,22.51,24.46,6889573,0
20090326,25.44,26.09,24.21,25.23,5840923,0
20090327,23.53,24.04,22.69,23.23,4935911,0
20090330,21.53,21.72,19.79,20.92,4272302,0
20090331,21.57,21.86,20.31,20.35,4253677,0
20090401,19.36,21.95,18.96,21.58,4506684,0
20090402,23.72,25.03,23.64,23.8,5950261,0
20090403,23.56,25.63,23.22,25.06,4660629,0
20090406,24.25,24.34,22.78,23.87,3883602,0
20090407,22.45,22.48,21.46,21.86,4143708,0
20090408,22.12,23.17,20.79,22.52,3843686,0
20090409,24.1,24.62,23.64,24.22,3671276,0
20090413,22.99,24.06,22.14,23.44,4135944,0
20090414,23.2,24.15,22.35,23.23,4215735,0
20090415,22.67,23.54,22.33,23.36,3901421,0
20090416,23.73,24.04,22.31,23.45,4064057,0
20090417,23.49,24.46,23.24,24.02,3102880,0
20090420,22.69,22.82,20.57,20.76,3872461,0
20090421,20.09,22.19,20.07,22.04,4103259,0
20090422,21.41,22.56,21.06,21.33,4107790,0
20090423,22.12,22.41,21.14,22.39,3487622,0
20090424,23.24,24.61,23.16,24,4753683,0
20090427,22.75,23.59,22.18,22.82,3788562,0
20090428,22.15,23.97,22,23.15,3507536,0
20090429,23.82,25.66,23.73,24.9,3954814,0
20090430,25.46,25.68,22.81,23.73,4173833,0
20090501,24.04,26.37,23.61,25.87,4028308,0
20090504,26.16,28.55,26.05,28.48,3914074,0
20090505,28.16,28.36,26.19,27.34,3853190,0
20090506,28.59,30.62,28.3,30.27,4831703,0
20090507,32.49,32.56,28.07,29.24,5238415,0
20090508,30.58,33.59,30.58,32.91,5535383,0
20090511,31.19,31.26,29.26,30.03,3932157,0
20090512,31.25,31.38,29.05,30.74,3945665,0
20090513,29.71,29.97,27.4,27.98,4835142,0
20090514,26.93,28.86,26.71,28.11,3463151,0
20090515,27.59,28.4,25.79,26.36,4140067,0
20090518,27.46,29.08,27.46,29.01,3334529,0
20090519,29,30.23,28.68,29.36,3612671,0
20090520,30.46,31.95,29.33,29.51,5316743,0
20090521,28.37,28.44,26.29,27.01,5975964,0
20090522,27.74,28.51,27.06,27.18,4245463,0
20090526,26.34,28.96,25.66,28.77,4127416,0
20090527,29.09,30.12,27.62,27.72,4119973,0
20090528,28.6,30.96,27.64,30.24,5519089,0
20090529,31.32,32.05,30.54,31.93,4366706,0
20090601,33.02,35.64,32.96,35.21,5053642,0
20090602,34.28,35.65,34.18,35.17,4042773,0
20090603,33.81,33.82,30.14,31.39,4734520,0
20090604,32.92,33.71,31.83,33.39,4988969,0
20090605,34.49,34.53,31.58,32.77,5211360,0
20090608,31.6,33.39,30.87,32.69,4826853,0
20090609,33.55,34.2,32.49,33.39,4498078,0
20090610,34.85,35.32,32.72,34.2,5968393,0
20090611,34.33,37.6,34.27,36.34,6113846,0
20090612,35.19,35.19,33.88,35.19,5227004,0
20090615,33.53,33.61,31.45,32.64,5667436,0
20090616,33.49,33.79,30.5,30.64,5099379,0
20090617,29.96,30.38,28.19,29.25,6252784,0
20090618,29.16,30.13,28.52,29.02,3988379,0
20090619,30.18,30.18,27.6,28.26,5879010,0
20090622,26.92,26.92,24.11,24.13,7102912,0
20090623,24.51,25.18,23.61,24.54,7809970,0
20090624,25.03,26.07,24.38,24.74,5444855,0
20090625,24.49,26.57,24.39,26.22,5803091,0
20090626,25.9,26.26,25.38,25.61,5037633,0
20090629,26.3,27.2,26.02,26.54,5159168,0
20090630,26.6,27.43,24.89,26.06,6282415,0
20090701,26.92,27.8,26.09,26.17,5165279,0
20090702,24.89,25.01,23.24,23.37,5660025,0
20090706,21.73,22.56,20.92,22.56,6327701,0
20090707,22.43,22.48,20.72,20.84,10033706,0
20090708,20.56,21.46,19.66,20.75,9882019,0
20090709,21.72,22.2,20.92,21.27,8127896,0
20090710,20.32,20.91,19.92,20.72,6775831,0
20090713,20.97,21.76,19.69,21.66,7543876,0
20090714,22.47,22.76,21.71,22.54,7044354,0
20090715,23.73,25.07,23.6,24.89,8531046,0
20090716,24.35,26.14,24.1,25.69,6738911,0
20090717,25.56,26.52,24.97,26.15,6273536,0
20090720,27.14,27.69,26.08,27.33,6518283,0
20090721,28.1,28.62,26.89,28.24,4807361,0
20090722,26.91,28.32,26.81,27.53,3954867,0
20090723,27.34,30.14,27.32,29.9,5950694,0
20090724,29.38,31.04,29.27,30.89,5363433,0
20090727,31.23,31.74,30.14,31.24,3810066,0
20090728,30.06,30.57,28.16,29.82,5376332,0
20090729,28.4,28.52,26.92,27.87,4817988,0
20090730,28.62,29.66,27.9,28.8,5109232,0
20090731,28.49,29.85,27.75,29.29,3700203,0
20090803,31.01,32.23,30.79,31.57,5252649,0
20090804,31.14,31.91,30.52,31.35,4969860,0
20090805,31.33,31.36,30.01,30.42,3600155,0
20090806,30.89,30.94,29.17,29.69,3841214,0
20090807,30.79,30.88,29.29,29.72,3219593,0
20090810,29.45,30.49,29.2,29.95,1932872,0
20090811,29.71,29.78,28.44,28.76,3134557,0
20090812,28.57,30.38,28.51,29.55,2816892,0
20090813,30.45,30.58,29.1,30.47,3542521,0
20090814,30.35,30.46,28.36,29.29,2904012,0
20090817,27.18,27.32,26.01,26.44,2638192,0
20090818,26.69,27.46,26.4,27.08,2529696,0
20090819,26.23,29.25,26.16,28.61,3534773,0
20090820,28.67,29.63,28.6,29.33,2094553,0
20090821,30.3,31.97,30.27,31.72,3146702,0
20090824,32.45,33.63,32.33,32.96,3640699,0
20090825,33.39,33.8,31.28,31.6,3855590,0
20090826,30.94,32.28,30.45,32.11,2203266,0
20090827,31.56,32.05,29.71,31.74,3068037,0
20090828,32.54,32.57,30.99,31.41,2271597,0
20090831,29.89,30.36,29.2,29.7,2705885,0
20090901,29.39,30.57,28.04,28.13,3441099,0
20090902,27.79,28.82,27.71,27.73,2045636,0
20090903,28.42,28.67,27.72,28.13,1563057,0
20090904,28.04,29.64,28.02,29.55,1983370,0
20090908,31.15,32.18,30.95,31.93,2470410,0
20090909,32.18,33.01,31.46,32.15,2151808,0
20090910,32.42,33.78,31.91,33.71,1974559,0
20090911,34.2,35.17,33.08,33.73,2064017,0
20090914,32.49,34.51,32.31,34.34,1488288,0
20090915,35,35.6,34.07,35.27,2137985,0
20090916,35.95,37.83,35.87,37.8,2578274,0
20090917,37.44,38.37,36.59,37.24,2101347,0
20090918,37.66,37.92,36.11,36.97,1898266,0
20090921,35.13,36.36,34.92,36,2378314,0
20090922,37.56,37.87,36.69,37.59,2516491,0
20090923,37.77,37.93,35.49,35.57,3112882,0
20090924,35.87,35.89,33.28,33.96,2673081,0
20090925,33.61,35.13,33.39,34.01,2327264,0
20090928,34.19,35.85,33.92,35.49,1701450,0
20090929,35.5,36.01,34.66,35.35,1696082,0
20090930,36.08,36.08,33.52,34.8,2721454,0
20091001,34.8,34.85,32.13,32.19,2752587,0
20091002,30.88,32.41,30.79,31.77,2135917,0
20091005,32.05,34.25,31.67,33.94,2200962,0
20091006,35.47,36.65,35.07,36.07,2688362,0
20091007,35.72,36.64,35.25,36.55,2676928,0
20091008,37.26,39.53,37.21,39.17,3484527,0
20091009,38.91,39.77,38.61,39.42,1922544,0
20091012,40.83,41.71,40.42,40.98,2284297,0
20091013,41.33,41.38,39.23,40.86,2558232,0
20091014,42.65,42.92,41.59,42.64,3256704,0
20091015,42.07,45.64,41.94,45.45,4430054,0
20091016,45.06,45.88,44.1,45.36,3228454,0
20091019,45.62,47.34,45.05,46.82,2885701,0
20091020,47.38,47.38,44.18,45.93,2286537,0
20091021,45.09,48.56,44.92,45.73,3077658,0
20091022,45.37,46.36,43.43,46.02,2632373,0
20091023,46.76,46.77,42.72,43.62,3040069,0
20091026,43.92,46.37,41.04,41.35,2894705,0
20091027,41.64,43.31,40.98,42.15,3168533,0
20091028,41.81,41.81,38.32,38.4,3365263,0
20091029,39.6,41.74,38.97,41.58,2979371,0
20091030,41.4,41.51,36.29,37.22,5040857,0
20091102,37.84,39.32,35.81,37.52,3694883,0
20091103,35.87,39.31,35.79,38.74,3506190,0
20091104,40.2,40.79,38.43,38.68,3883847,0
20091105,39.34,40.56,38.66,40.51,2394928,0
20091106,39.39,40.95,38.9,39.8,1891444,0
20091109,41.56,44.51,41.19,42.1,1938623,0
20091110,42.03,42.84,41.24,42.37,1993455,0
20091111,43.2,43.77,41.6,42.23,2336221,0
20091112,41.7,42.17,39.14,39.57,3261337,0
20091113,39.55,41.04,38.72,40.22,2293425,0
20091116,41.5,43.49,41.4,42.96,2639390,0
20091117,42.54,43.04,41.84,42.72,1708321,0
20091118,43.27,43.43,41.29,42.09,3026351,0
20091119,41.24,41.33,38.84,39.39,3332055,0
20091120,39.13,39.24,37.82,38.64,3109130,0
20091123,40.82,41.83,39.76,40.08,3295812,0
20091124,40.26,40.64,38.53,40.64,2181893,0
20091125,41,41.95,40,41.69,2616813,0
20091127,38.49,39.57,37.57,38.91,2381613,0
20091130,38.65,39.79,38.05,39,3152446,0
20091201,40.37,41.01,40.07,40.52,3301628,0
20091202,40.34,40.99,39.3,39.78,3640297,0
20091203,39.97,40.19,38.11,38.3,3911907,0
20091204,39.76,40.54,36.86,37.71,4598401,0
20091207,37.06,38.74,37.01,37.59,2364278,0
20091208,36.92,36.93,35.38,35.83,3046603,0
20091209,36.19,36.75,34.83,35.88,3136409,0
20091210,36.57,37.38,36.19,37.04,2319341,0
20091211,37.41,37.76,36.56,37.28,2772256,0
20091214,38.47,38.7,37.88,38.07,2641455,0
20091215,37.96,38.8,37.7,38.14,2008701,0
20091216,38.61,39.86,38.52,38.65,3089800,0
20091217,37.95,38.72,37.44,37.84,2578384,0
20091218,38.83,39.15,37.62,38.19,1775212,0
20091221,39.08,39.79,38.96,39.37,3112913,0
20091222,39.55,40.34,39.55,39.85,2070899,0
20091223,40.49,40.95,39.95,40.68,1441590,0
20091224,41.05,41.39,40.79,41.18,656197,0
20091228,41.9,42.16,41.05,41.56,891978,0
20091229,41.9,42.02,40.54,40.82,1413260,0
20091230,40.39,40.74,39.89,40.65,797010,0
20091231,41,41.1,39.47,39.47,854216,0
20100104,41.28,43.01,41.26,42.98,1964155,0
20100105,43.09,44.17,42.61,43.97,1620146,0
20100106,43.77,45.87,43.65,45.56,2092722,0
20100107,44.91,45.47,44.05,45.26,1680145,0
20100108,44.76,46.04,44.34,45.98,1830503,0
20100111,47.08,47.3,45,45.91,1731142,0
20100112,44.29,44.84,43.43,43.97,1969206,0
20100113,44.05,44.91,42.31,44.48,1968056,0
20100114,44.36,45.16,44.02,44.88,1315217,0
20100115,44.57,44.85,42.84,43.64,1998822,0
20100119,43.34,44.92,43.03,44.8,1767234,0
20100120,43.27,43.37,41.68,42.75,3038949,0
20100121,42.78,43.04,39.79,39.96,4413071,0
20100122,39.48,40.26,37.13,37.22,4394313,0
20100125,38.3,39.14,37.69,38.05,2458017,0
20100126,37.21,39.28,36.65,37.47,3904137,0
20100127,37.34,38.1,35.33,36.93,4312296,0
20100128,37.52,37.98,34.5,35.7,4926277,0
20100129,36.66,37.55,33.47,33.96,4562070,0
20100201,35.27,37.21,34.96,37.15,3408874,0
20100202,37.8,38.89,36.85,38.78,3402881,0
20100203,38.45,39.25,37.48,37.8,2306661,0
20100204,36.81,36.91,33.18,33.39,5573672,0
20100205,33.36,33.63,30.5,33.19,7181791,0
20100208,33.37,34.47,32.42,32.48,3561458,0
20100209,33.69,35.53,33.33,34.33,6346961,0
20100210,34.34,34.5,32.35,33.9,4479546,0
20100211,34.05,35.74,33.31,35.64,3216857,0
20100212,34.25,35.55,33.6,35.46,3938029,0
20100216,36.81,38.28,36.63,37.9,3781355,0
20100217,38.42,38.5,37.05,37.7,2389794,0
20100218,37.54,38.55,37.02,38.25,2570476,0
20100219,37.7,38.94,37.36,38.47,3900446,0
20100222,38.76,38.83,36.75,36.93,3055504,0
20100223,36.35,36.69,34.74,35.18,3376890,0
20100224,35.32,36.25,34.91,35.82,2845604,0
20100225,34.45,35.89,33.54,35.8,4789306,0
20100226,36.16,36.44,35.23,36.03,3121962,0
20100301,36.66,37.3,36.46,37,2128514,0
20100302,37.62,38.7,37.5,37.93,3003412,0
20100303,38.43,39.27,38.24,38.24,2529475,0
20100304,38.37,38.8,37.27,37.73,2421438,0
20100305,38.8,39.92,38.67,39.8,3360417,0
20100308,40.01,40.36,39.12,39.63,1314195,0
20100309,39.04,40.39,38.92,39.74,1950540,0
20100310,39.88,40.85,39.34,40.58,2763358,0
20100311,40.27,40.76,39.96,40.55,2967461,0
20100312,41.22,41.24,40.04,40.58,2211012,0
20100315,40.09,40.09,38.23,39.39,3739450,0
20100316,39.74,40.49,39.1,40.37,2709478,0
20100317,41.04,42.4,40.79,41.7,3081178,0
20100318,41.61,41.89,39.35,39.92,3270866,0
20100319,40.17,40.33,37.58,38.64,3798254,0
20100322,37.43,38.79,36.84,38.4,3338047,0
20100323,38.48,38.78,37.75,38.68,3415719,0
20100324,37.99,38.95,37.71,38.13,3104238,0
20100325,38.76,39.05,36.12,36.31,4814157,0
20100326,36.74,37.03,35.64,36.37,4068297,0
20100329,37.01,38.49,36.9,38.26,3174090,0
20100330,38.41,38.65,37.75,38.4,2639966,0
20100331,38.55,39.33,38.05,38.89,3950135,0
20100401,39.92,40.99,39.85,40.81,3213628,0
20100405,41.7,43.11,41.15,42.86,3619383,0
20100406,42.77,43.38,42.37,42.99,2579399,0
20100407,42.9,42.9,41.13,41.88,4795159,0
20100408,40.81,42.76,40.41,42.42,4292631,0
20100409,43.16,43.94,43,43.8,2080296,0
20100412,43.65,44.9,43.57,44.13,2894140,0
20100413,44,44.29,42.38,43.68,2545063,0
20100414,44.32,44.9,43.26,44.78,2909221,0
20100415,44.75,45.4,44.46,44.93,1656349,0
20100416,44.08,44.87,42.06,43.05,5573789,0
20100419,41.77,43.08,41.43,43.05,2874847,0
20100420,43.72,45.82,43.72,45.32,1875273,0
20100421,45.57,46.16,44.27,45.08,2264418,0
20100422,44,45.45,43.2,45.27,2712031,0
20100423,45.39,48.4,45.3,48.36,3227693,0
20100426,48.6,48.93,47.77,47.98,2640992,0
20100427,47.17,48.25,43.65,43.93,5099871,0
20100428,45.17,45.71,43.64,45.4,4279804,0
20100429,45.93,47.07,44.83,45.61,3190895,0
20100430,45.96,46.05,43.32,44.02,3908374,0
20100503,44.71,46.33,43.12,45.34,2511683,0
20100504,43.88,43.98,40.47,41.73,3433158,0
20100505,39.85,41.53,38.86,39.76,4725798,0
20100506,39.16,40.05,29.37,35.5,5230167,0
20100507,35.89,36.73,32.54,33.82,5183529,0
20100510,37.94,38.3,36.5,38.05,3965943,0
20100511,36.96,38.92,36.64,37.31,3295165,0
20100512,37.8,39.04,37.59,38.71,2852790,0
20100513,38.31,39.38,37.5,37.93,2901166,0
20100514,37.06,37.3,34.1,35.62,4564476,0
20100517,35.67,36.28,32.42,34.64,4754620,0
20100518,36,36.75,33.23,33.65,5632841,0
20100519,33.32,33.94,31.07,32.59,5798592,0
20100520,30.76,30.76,28.22,28.42,8368876,0
20100521,27.1,29.95,26.63,29.76,6981997,0
20100524,29.84,29.87,27.79,27.83,5215599,0
20100525,26,28.06,25.15,28.06,6399206,0
20100526,28.94,29.62,27.48,27.71,5653055,0
20100527,29.86,31.37,29.48,31.19,5960800,0
20100528,31.23,31.26,29.05,29.51,5140325,0
20100601,28.49,29.07,25.7,25.79,6162240,0
20100602,26.51,29.1,26.15,29.05,6090385,0
20100603,29.74,30.24,28.03,30.15,4954031,0
20100604,28.5,29.97,26.33,27.01,7137433,0
20100607,27.35,28.13,26.12,26.17,3480389,0
20100608,26.52,27.93,25.8,27.61,5285077,0
20100609,28.57,29.62,26.4,26.82,5655140,0
20100610,28.72,30.75,28.56,30.62,6506396,0
20100611,29.58,31.15,29.49,31.03,2942703,0
20100614,32.3,32.88,30.59,30.74,4994025,0
20100615,31.58,33.3,31.28,33.09,5191584,0
20100616,32.44,33.7,32.06,33.11,4416729,0
20100617,33.38,33.47,32.01,33.04,3363244,0
20100618,33,33.78,32.4,33.68,2601586,0
20100621,35.02,35.63,32.68,33.48,3635927,0
20100622,33.17,33.38,30.27,30.61,4854101,0
20100623,30.46,30.52,29.26,29.7,3448417,0
20100624,29.46,29.77,27.51,27.86,4282613,0
20100625,28.19,28.7,26.96,27.94,6398592,0
20100628,28.18,28.33,26.75,26.78,4098378,0
20100629,25.76,25.76,23.72,24.33,7916870,0
20100630,24.3,25.17,23.59,23.63,3584337,0
20100701,23.92,24.3,22.18,23.43,8658737,0
20100702,23.73,24.15,22.68,23.25,4088772,0
20100706,24.4,25.14,23.2,23.94,4738862,0
20100707,24.27,26.44,24.2,26.41,5869178,0
20100708,27.27,27.61,26.09,27.34,4997403,0
20100709,27.32,27.94,27.03,27.82,3375322,0
20100712,27.37,28.17,26.82,27.55,2761008,0
20100713,28.55,29,28.19,28.53,4029955,0
20100714,28.18,28.91,27.62,28.41,3375958,0
20100715,28.48,28.73,27.04,28.44,3985858,0
20100716,27.82,27.96,25.83,26.19,4844931,0
20100719,26.71,27.26,26.05,26.87,3217148,0
20100720,25.93,28.71,25.6,28.56,4857683,0
20100721,29.01,29.07,26.66,27.33,4496142,0
20100722,28.29,29.82,28.21,29.21,5006504,0
20100723,29,29.52,28.03,29.46,4635315,0
20100726,29.62,30.46,29.33,30.42,3465245,0
20100727,30.9,30.9,29.25,29.92,3682862,0
20100728,29.71,30.33,29.51,29.78,3146617,0
20100729,30.5,31.19,29.01,29.73,3918090,0
20100730,28.99,29.99,28.7,29.6,2673468,0
20100802,31.04,32.87,31.04,32.66,3689471,0
20100803,32.3,33.3,31.88,32.75,2032394,0
20100804,33.17,33.63,32.47,33.39,3378488,0
20100805,32.9,33.54,32.33,33.53,2163735,0
20100806,32.49,33,31.11,32.5,4014849,0
20100809,33.13,33.28,32.42,32.89,1679420,0
20100810,31.79,32.58,31.15,32.09,2825029,0
20100811,30.24,30.47,29.08,29.39,3999631,0
20100812,27.96,29.5,27.96,28.88,2680671,0
20100813,28.75,29.45,28.46,28.66,1819563,0
20100816,28.32,28.81,27.7,28.58,1717938,0
20100817,29.49,30.48,29.04,29.98,2553378,0
20100818,29.89,29.89,28.44,29.11,3121728,0
20100819,28.85,28.92,27.32,27.79,3472539,0
20100820,27.42,27.42,26.16,26.79,2879547,0
20100823,27.02,27.63,26.82,26.84,2223675,0
20100824,25.85,26.67,25.39,25.69,3160298,0
20100825,25.33,25.66,24.27,25.44,3516857,0
20100826,25.97,26.12,24.41,24.75,2566988,0
20100827,25.16,26.81,24.16,26.67,3862289,0
20100830,26.38,26.86,25.53,25.55,1812515,0
20100831,25.38,25.95,24.84,25.38,2752462,0
20100901,26.55,28.31,26.47,28.12,3983173,0
20100902,28.25,28.92,27.77,28.88,1895680,0
20100903,29.67,30.08,29.05,29.71,2132714,0
20100907,29.02,29.2,28.2,28.42,1741875,0
20100908,28.57,29.5,28.42,29.11,1577955,0
20100909,30.25,30.3,29.04,29.24,1467536,0
20100910,29.78,30.3,29.66,30.16,1587404,0
20100913,30.99,31,30.16,30.73,1827703,0
20100914,30.55,31.25,30.15,30.52,2143536,0
20100915,29.81,30.4,29.46,30.37,2345685,0
20100916,29.93,30.42,29.53,30.08,1828175,0
20100917,30.38,30.49,29.48,29.73,1496143,0
20100920,29.97,31.46,29.65,31.19,2454977,0
20100921,31.31,31.69,30.46,31.15,2754360,0
20100922,31.15,32,30.49,30.62,2020210,0
20100923,29.77,30.72,29.56,29.97,2205387,0
20100924,30.83,32.22,30.59,31.83,2435375,0
20100927,32.08,32.3,31.47,31.55,1382275,0
20100928,31.58,32.44,30.61,32.18,2086119,0
20100929,32.06,33.37,31.79,32.95,2757546,0
20100930,33.61,34.18,32.09,33.04,3497242,0
20101001,33.85,34.54,33.38,34.27,3003219,0
20101004,34.18,34.46,32.38,33.06,2400111,0
20101005,34.07,35.65,34,35.3,3587036,0
20101006,35.44,36.5,35.35,36.13,2510081,0
20101007,36.84,36.84,34.97,35.75,2825569,0
20101008,35.61,37.31,35.4,37.01,2536186,0
20101011,37.02,37.79,36.89,37.27,1721580,0
20101012,36.89,37.63,35.69,37.16,2266715,0
20101013,37.8,38.95,37.59,38.39,2402884,0
20101014,38.28,39.1,37.48,38.35,2518285,0
20101015,38.71,39.08,37.44,38.61,2211426,0
20101018,38.17,39.88,38.06,39.31,1778044,0
20101019,37.83,38,35.63,36.57,4986868,0
20101020,36.7,38.65,36.7,38.01,3525584,0
20101021,38.32,39.19,36.69,37.82,3260317,0
20101022,38.33,38.94,38.1,38.51,2081523,0
20101025,39.5,40.36,38.67,38.73,2663762,0
20101026,38.5,39.2,38.19,38.98,2730051,0
20101027,38.07,38.58,36.89,38.5,2646001,0
20101028,39.3,39.5,37.92,38.39,2060396,0
20101029,37.88,38.47,37.49,38.28,2148193,0
20101101,39.39,40.17,38.15,38.7,2546117,0
20101102,39.6,40.5,39.11,40.08,2243344,0
20101103,40.58,40.6,38.63,40.39,3002540,0
20101104,41.9,44.09,41.87,43.96,3271051,0
20101105,44,44.58,43.59,44.56,3339134,0
20101108,43.98,45.29,43.73,45.14,2736186,0
20101109,45.85,46.95,44.4,45.15,4224415,0
20101110,45.66,46.9,44.23,46.89,3370284,0
20101111,46.24,48.46,46.09,48.46,4404029,0
20101112,46.88,47.48,45.06,46.31,3413703,0
20101115,46.67,47.13,45.57,45.7,2842299,0
20101116,44.34,44.34,41.92,43.03,4185212,0
20101117,42.85,44.2,42.31,43.45,2655206,0
20101118,45.2,46.45,44.87,46.15,2809838,0
20101119,45.87,47.25,44.69,47.19,1925999,0
20101122,46.51,46.84,44.11,46.8,2860047,0
20101123,44.79,44.79,42.92,44.16,3771056,0
20101124,44.95,46.49,44.85,46.41,2169360,0
20101126,45.15,45.81,44.42,44.88,1345022,0
20101129,44.18,45.85,42.89,45.57,3234216,0
20101130,43.88,46.13,43.53,45.05,2588391,0
20101201,47.12,49.36,47.12,48.82,3412417,0
20101202,49.23,51.14,49,50.98,2803814,0
20101203,50.06,52.04,49.91,51.81,2822468,0
20101206,51.75,52.81,51.59,52.33,2595261,0
20101207,54.37,54.64,51.7,51.85,4326816,0
20101208,52.3,52.98,50.49,51.39,2336863,0
20101209,52.22,52.44,50.44,51.81,2468468,0
20101210,52.06,52.45,51.43,52.32,2213499,0
20101213,53.57,54.8,53.4,53.62,2290917,0
20101214,53.64,54.17,52.4,53.04,2532866,0
20101215,52.72,53.49,51.75,52.03,2131522,0
20101216,52.18,52.99,50.78,52.98,1732456,0
20101217,52.86,53.28,52.22,53,1239054,0
20101220,53.52,54.47,52.71,53.97,1916217,0
20101221,54.76,55.83,54.34,55.67,1593849,0
20101222,56.37,56.37,55.64,56.18,1154508,0
20101223,56.26,56.8,55.93,56.63,887727,0
20101227,55.97,56.31,55.4,55.97,861876,0
20101228,56.59,56.84,55.81,56.69,935606,0
20101229,57.11,58.58,56.84,58.06,1024379,0
20101230,58.41,59.1,57.69,58.32,957272,0
20101231,57.88,59.05,57.68,58.45,703665,0
20110103,60,60.87,59.42,59.83,1668659,0
20110104,60.57,60.8,56.95,58.63,1991834,0
20110105,57.95,59.36,57.01,59.06,1707172,0
20110106,59.8,59.81,57.04,57.81,1687206,0
20110107,57.89,59.35,57.27,58.82,1681027,0
20110110,58.38,58.57,56.9,58.3,1262711,0
20110111,59.19,61.09,59.11,60.95,2063505,0
20110112,62.48,63.37,61.6,63.16,1640869,0
20110113,63.63,63.9,62.03,62.8,1208198,0
20110114,62.31,64.88,61.8,64.82,1288355,0
20110118,64.85,66.28,64.28,66.16,1571710,0
20110119,66.62,66.74,63.62,64.03,2163287,0
20110120,62.5,63.08,59.89,62.6,2770602,0
20110121,64.28,64.78,62.51,63.47,1269879,0
20110124,63.19,64.46,62.59,64.08,1360100,0
20110125,63.4,63.91,61.4,63.28,2091439,0
20110126,63.88,68.09,63.81,67.61,1982381,0
20110127,67.41,68.07,65.75,66.77,1708826,0
20110128,66.5,67.34,65.26,65.93,2114572,0
20110131,67,71.17,66.63,71.17,3222293,0
20110201,72.06,75.32,71.9,74.85,2554255,0
20110202,74.44,76.44,73.6,75.06,2146623,0
20110203,75.23,75.23,72.16,75.07,1804175,0
20110204,75.46,75.56,73.1,74.37,1587117,0
20110207,75.25,77.49,75.22,75.9,1552423,0
20110208,75.7,75.86,73.24,75.07,2004472,0
20110209,74.03,74.83,70.8,72.44,2530646,0
20110210,71.03,74.7,70.98,74.16,1750489,0
20110211,73.4,75.8,72.97,74.4,1383972,0
20110214,74.24,79.67,74.2,79.34,1888069,0
20110215,79.26,79.54,75.87,76.89,1911519,0
20110216,78.34,80,77.2,79.8,2220461,0
20110218,82.89,83.45,80.82,82.99,1698284,0
20110222,84.9,86.53,79.54,80.79,2995887,0
20110223,82.17,86.98,81.75,85.29,3972591,0
20110224,86.31,86.31,80.45,81.77,2914087,0
20110225,82.75,85.18,81.96,85,1536398,0
20110228,85.95,87.55,84.4,86.56,2158500,0
20110301,87.99,88.6,82.15,82.38,2328579,0
20110302,81.57,83.78,79.43,83.36,2015038,0
20110303,84.98,87.44,84.2,87,1697521,0
20110304,87.35,87.58,83.78,85.56,1496343,0
20110307,86.99,88.69,82.79,83.83,1740750,0
20110308,83.82,83.91,79.76,82.15,1366398,0
20110309,81.41,82.8,79.65,80.51,1583638,0
20110310,77.4,77.65,71.21,71.73,4048649,0
20110311,69.55,76.75,69.31,75.3,3133572,0
20110314,73.98,76.94,72.78,76.27,2414644,0
20110315,69.3,76.44,68.59,74.66,2974012,0
20110316,75,76.9,69,70.85,3008959,0
20110317,74.38,78,73.4,77.04,2983872,0
20110318,79.6,80.36,75.72,76.47,1968890,0
20110321,79.45,82.72,79.45,82.63,2321549,0
20110322,82.84,83.44,81.25,81.99,1081404,0
20110323,81.98,83.38,80.5,82.49,1246567,0
20110324,83.9,83.99,81.18,83.22,1369109,0
20110325,83.59,86.35,82.93,85.57,1603352,0
20110328,85.4,88,84.72,85.22,1746415,0
20110329,84.72,88.58,83.97,87.84,1717913,0
20110330,89.6,91.27,87.96,90.24,1794823,0
20110331,91.28,93.16,89.43,89.78,1877781,0
20110401,91.83,92.44,89.74,90.56,2031403,0
20110404,91.28,91.99,90.24,90.69,900343,0
20110405,90.01,92.8,90,91.54,1434862,0
20110406,93,93.27,87.73,88.66,1850601,0
20110407,88.29,89.89,86.55,88.82,1490192,0
20110408,90.73,91.75,88.41,89.93,1574377,0
20110411,90.19,90.5,83.9,84.81,1381409,0
20110412,82.16,82.25,75.69,77.23,3383076,0
20110413,79.16,79.93,76.3,77.69,1757435,0
20110414,76.56,80.23,75.95,79.4,1611551,0
20110415,80.14,81.96,78.45,81.52,1865543,0
20110418,77.88,78.92,75.38,77.81,1659046,0
20110419,77.9,80.69,77.6,80.19,1508330,0
20110420,84.31,85.7,83.43,85.54,1940070,0
20110421,86.24,87.38,85.04,87.11,1295331,0
20110425,87.2,87.4,84.26,85.87,1147536,0
20110426,86.55,88.75,85.53,88.5,1523937,0
20110427,89.18,89.35,84.05,88.45,1989415,0
20110428,87.26,88.66,85.76,88,2127165,0
20110429,88.08,92.36,88.08,92.36,1478039,0
20110502,92.48,92.87,86.65,88.36,1602416,0
20110503,86.45,86.81,79.7,81.92,3083116,0
20110504,81.07,81.33,75.6,77.7,3794502,0
20110505,74.1,76.21,70.1,72.71,5577484,0
20110506,75,78.26,71.39,73.4,5583865,0
20110509,75.04,78.2,74.02,77.02,3548572,0
20110510,77.04,79.06,75.25,78.12,3314133,0
20110511,76.85,76.89,70.05,71.47,5052146,0
20110512,70.56,72.77,67.37,71.34,3351264,0
20110513,71.95,73,68.25,70.36,4663613,0
20110516,69.29,72.65,68.03,68.74,3232555,0
20110517,67.7,69.49,66.03,68.51,4218124,0
20110518,69.52,74.04,68.8,72.56,4165793,0
20110519,73.9,74.62,71.1,72.84,3265607,0
20110520,72.66,74.2,69.92,72.5,4052984,0
20110523,68.89,70.23,67.9,69.25,4973300,0
20110524,71.27,74.04,71.09,71.8,5748179,0
20110525,70.85,76.13,70.72,74.95,5436706,0
20110526,74.61,76.72,73.3,76.22,4953620,0
20110527,77.34,79.12,75.86,76.85,3993713,0
20110531,79.78,80.84,76.8,79.14,4429064,0
20110601,78.68,79.67,73.2,73.81,6412708,0
20110602,74,75.39,71.2,73.38,3293821,0
20110603,70,75.43,69.86,73.42,4185595,0
20110606,72.81,73.71,68.25,68.84,4411838,0
20110607,70.26,71.31,68.34,68.58,3073914,0
20110608,69.38,71.78,69,69.44,4331440,0
20110609,70.6,73.06,70,71.85,2313631,0
20110610,70.74,70.74,67.7,67.99,3218200,0
20110613,68.54,69.6,63.2,65.11,3915320,0
20110614,67.38,69.8,67.38,68.71,2795601,0
20110615,66.62,68.2,63.25,64.31,3957787,0
20110616,64.12,66.2,62.75,64.6,5186749,0
20110617,66.18,66.5,63,64.25,3072714,0
20110620,63.04,65.24,62.73,64.78,2203063,0
20110621,66.24,69.4,65.91,68.46,3032518,0
20110622,67.58,70.34,67.15,67.72,3193857,0
20110623,63.95,65.71,60.51,65.5,5500861,0
20110624,65.44,65.81,61.57,61.9,2170640,0
20110627,61.36,63.85,60.77,62.81,2867040,0
20110628,64.25,68.14,64.17,67.89,2907950,0
20110629,68.9,71.74,67.81,70.54,3180189,0
20110630,71.26,73.76,71.15,73.51,3383658,0
20110701,73.16,75.97,71.33,75.75,3372678,0
20110705,75.59,77.92,75.43,76.87,3403220,0
20110706,76.44,76.85,74.57,76.43,4118750,0
20110707,79.25,80.15,77.94,79.61,3815948,0
20110708,75.93,78.03,75.62,77.83,4021411,0
20110711,74.27,74.88,72.01,72.82,4856564,0
20110712,72.09,75.15,71.8,72.23,5220936,0
20110713,73.13,76.82,72.99,73.76,3338237,0
20110714,75.98,76.66,72.25,72.52,4200006,0
20110715,75.2,78.54,75.2,78.5,3719176,0
20110718,77.54,77.9,75.8,77.35,2511131,0
20110719,79.03,81.48,78.87,81.18,2882496,0
20110720,82.11,82.34,80.37,80.61,1887942,0
20110721,81.95,85.59,81.88,85.3,2408292,0
20110722,85.75,86.83,84.09,86.5,1871800,0
20110725,83.56,87.1,83.01,85.2,1876067,0
20110726,85.59,86.2,83.25,83.99,2042419,0
20110727,82.34,82.7,78.76,79.47,2815751,0
20110728,78.5,80.46,77.16,77.69,2496006,0
20110729,74.97,77.11,74,75.34,1461078,0
20110801,79,79.79,72.85,74.93,2813714,0
20110802,73.38,75.81,68.85,68.85,2551855,0
20110803,69.52,69.52,63.3,67.74,2803829,0
20110804,64.13,64.4,53.1,53.77,5530857,0
20110805,56.36,57.25,46.8,53,5473946,0
20110808,47.33,49.03,39.35,39.99,7768080,0
20110809,42.58,45.52,37.14,45.52,6060176,0
20110810,43.5,46.03,40.22,40.7,5104092,0
20110811,42.51,48.73,40.91,46.74,5628305,0
20110812,49.23,49.73,47.08,47.89,4125743,0
20110815,49.74,52.92,49.58,52.81,2110341,0
20110816,50.26,52.34,48.51,50.15,4191486,0
20110817,51.8,53.33,49.83,50.77,3391600,0
20110818,46.11,46.44,40.7,42.25,4460503,0
20110819,40.32,44.19,39.53,39.9,4678317,0
20110822,43.42,43.5,38.55,39.06,5245409,0
20110823,39.88,44.4,39.15,44.37,3358799,0
20110824,43.77,45.18,42.33,45.08,3416346,0
20110825,45.91,46.59,41.34,42.02,3635438,0
20110826,40.8,44.87,39.26,44.21,4252615,0
20110829,46.31,48.33,45.45,48.17,2760079,0
20110830,47.12,49.74,46,48.84,3468080,0
20110831,49.9,51.73,48.38,49.72,4543856,0
20110901,49.64,51.75,48.25,48.49,3555622,0
20110902,45.23,46.02,43.5,44.7,1954566,0
20110906,40.54,43.3,39.47,43.07,4036569,0
20110907,45.51,47.97,45.26,47.88,3465869,0
20110908,47,49.16,45.38,46.22,4304152,0
20110909,44.34,45.1,40.89,41.8,4866567,0
20110912,39.81,42.29,38.86,42.26,5551501,0
20110913,42.72,43.45,40.47,42.67,3946100,0
20110914,43.44,46.13,41.01,44.36,4935109,0
20110915,45.89,46.98,44.77,46.84,3218727,0
20110916,47.19,47.9,45.07,46.67,3082613,0
20110919,43.16,45.7,42.03,44.65,2178774,0
20110920,45.17,46.68,43.6,43.74,3290553,0
20110921,43.41,43.76,38.88,38.89,6142976,0
20110922,34.63,35.3,30.29,32.22,7690200,0
20110923,31.07,32.67,30.61,31.33,4216494,0
20110926,32.13,34.87,30.33,34.7,6719737,0
20110927,37.5,38.85,35.61,36.31,5687441,0
20110928,36.43,37.39,32.66,32.84,3457988,0
20110929,35.37,35.48,32.01,34.1,3861392,0
20110930,32.23,33.62,31.25,31.43,5311839,0
20111003,30.43,32.48,28.1,28.16,6345003,0
20111004,26.88,30.8,24.82,30.55,9563322,0
20111005,30.96,33.98,29.93,33.69,6796906,0
20111006,33.58,35.58,32.36,35.45,6291400,0
20111007,35.99,36.25,33.18,34.05,5659270,0
20111010,36.08,38.68,36.08,38.65,5093220,0
20111011,37.38,39.82,37.38,38.83,3741101,0
20111012,39.89,41.25,39,39.64,4204036,0
20111013,38.55,39.94,37.33,39.43,4367587,0
20111014,41.44,43.83,41.37,43.8,3553140,0
20111017,43.5,43.8,41.25,41.6,3620736,0
20111018,41.6,46.19,40.16,45.25,4469749,0
20111019,45.17,46.71,43.4,44.19,5294245,0
20111020,44,45.52,42.36,44.9,5948048,0
20111021,46.5,47.8,45.72,47.16,3641756,0
20111024,47.88,49.45,47.38,49.07,3393108,0
20111025,48.94,49.11,45.44,46.06,2831147,0
20111026,48,49.48,45.19,49.06,2845724,0
20111027,53,56.26,52.3,54.82,3574946,0
20111028,53.07,56.25,52.84,55.84,2909458,0
20111031,51.81,52.12,48.45,48.45,1675707,0
20111101,43.32,45.85,41.72,43.81,2139811,0
20111102,46.96,47.9,45.54,47.56,1597471,0
20111103,49.66,51.35,47.54,51.04,1754173,0
20111104,49.88,51.35,48.33,50.92,1484198,0
20111107,51.26,52.88,49.33,52.07,2947637,0
20111108,53.16,54.57,51.2,54.3,3678427,0
20111109,49.75,51.25,47,47.41,3947634,0
20111110,49.8,50.75,47.09,49.76,3961617,0
20111111,51.37,53.18,51.3,52.45,3540063,0
20111114,51.42,52.07,49.33,50.75,1988327,0
20111115,50.06,51.82,49.46,50.66,2922921,0
20111116,49.49,52.19,48.25,48.65,3354267,0
20111117,48.45,49.28,44.15,45.32,3913614,0
20111118,46.41,46.8,43.8,44.7,2825878,0
20111121,42.23,43.09,40.52,42.32,3827011,0
20111122,42.14,42.9,40.35,41.13,2632399,0
20111123,39.55,39.6,37.53,37.62,4309734,0
20111125,37.3,38.52,36.65,36.69,1967898,0
20111128,40.46,41.47,39.54,40.6,3929498,0
20111129,40.99,43.47,40.66,42.5,3947965,0
20111130,46.73,49.54,46.72,49.21,5050542,0
20111201,49.35,50.2,47.63,48.47,2576354,0
20111202,50.01,50.48,48.21,48.4,3328999,0
20111205,50.84,51.89,48.97,50.09,3228266,0
20111206,50.13,51.5,49.16,50.29,2088182,0
20111207,49.68,50.4,48.1,49.31,3451029,0
20111208,48.26,48.91,44.86,45.35,4609422,0
20111209,46.25,48.89,46,48.34,3590286,0
20111212,46.5,46.65,43.16,45,3249657,0
20111213,46.23,47.74,43.12,44,3649168,0
20111214,42.3,43.02,39.74,40.35,5375050,0
20111215,41.92,42.04,39.57,39.92,4205753,0
20111216,40.97,41.79,39.96,41.09,3661641,0
20111219,41.58,41.68,38.79,39.15,3012765,0
20111220,41.37,43.93,41.37,43.65,3934462,0
20111221,43.76,45.55,43.07,45.16,3740876,0
20111222,45.82,47.22,45.53,46.93,2552861,0
20111223,47.51,47.97,46.73,47.9,1649290,0
20111227,47.41,48.8,47.41,48.21,1693252,0
20111228,48.31,48.55,45.34,45.57,2947916,0
20111229,45.53,47.13,45.53,46.91,2741468,0
20111230,46.75,47.49,46.52,46.85,1508434,0
20120103,49.76,51.27,49.56,50.44,5125568,0
20120104,50,51.09,49.15,50.9,3352887,0
20120105,50.06,50.25,48.39,50.05,4836272,0
20120106,50.64,50.69,48.98,49.18,2436811,0
20120109,49.59,50.19,49.1,49.88,2189358,0
20120110,52.14,52.25,50.7,51.02,2340363,0
20120111,50.37,50.41,48.63,49.07,2990903,0
20120112,48.53,49.01,47.22,47.8,3327219,0
20120113,46.64,47.2,45.68,47.17,3670363,0
20120117,48.84,49.27,47.62,48.11,3087856,0
20120118,48.04,50.31,47.2,50.21,3663656,0
20120119,50.92,51.33,50.14,50.77,2420576,0
20120120,50.79,51.34,49.77,50.89,2182734,0
20120123,51.24,52.37,50.94,51.91,2999956,0
20120124,50.67,51.63,50.06,51.56,1791345,0
20120125,51.31,53.65,49.52,53.28,4921059,0
20120126,54.16,54.33,50.5,51.05,3767702,0
20120127,50.16,51.28,50.09,50.68,1389323,0
20120130,49.06,49.92,47.86,49.89,2777088,0
20120131,50.83,50.9,47.95,48.66,1857473,0
20120201,49.82,50.37,48.85,49.31,2232608,0
20120202,49.33,50.66,48.84,50,1495521,0
20120203,51.79,52.8,51.11,52.68,2373050,0
20120206,52.05,54.57,51.58,54.47,1760367,0
20120207,54.14,55.67,52.61,55.4,2530573,0
20120208,55.97,56.16,53.8,54.85,2441160,0
20120209,55.35,55.58,53.66,54.83,2200204,0
20120210,52.83,53.38,52.24,52.98,1958785,0
20120213,54.52,54.64,53.12,54.21,1970594,0
20120214,54.12,54.96,53.36,54.7,2238430,0
20120215,55.2,55.61,54,54.49,2831948,0
20120216,54.77,56.93,53.92,56.67,2219143,0
20120217,57.79,58.16,56.31,57.22,1616583,0
20120221,58.33,59.35,58.06,58.53,2369093,0
20120222,58.9,59.96,58.5,58.79,1872880,0
20120223,59.06,59.93,57.81,59.81,1320487,0
20120224,60.4,61.05,60.04,60.56,1213365,0
20120227,59.62,60.87,58.7,59.99,1647436,0
20120228,60.18,60.65,58.55,59.56,2290342,0
20120229,59.76,60.45,57.1,57.56,1937777,0
20120301,58.2,59.49,57.9,59.22,1607548,0
20120302,58.5,59.03,56.53,57.27,2083786,0
20120305,56.7,56.8,54.81,56.55,932673,0
20120306,53.96,54.37,52.7,53.75,1801376,0
20120307,54.2,55.3,53.18,54.85,823235,0
20120308,55.57,56.34,54.67,55.73,1088189,0
20120309,56.17,57.06,55.29,55.66,1333967,0
20120312,55.2,55.65,54.28,54.99,1242047,0
20120313,55.89,57.14,54.37,57.07,1886852,0
20120314,56.99,57.46,54.94,55.32,1299670,0
20120315,55.77,56.23,54.43,55.5,2186426,0
20120316,56.4,58.17,56.11,57.56,2175702,0
20120319,57.57,59.21,57.21,58.68,1787890,0
20120320,57.16,57.18,55.78,56.06,1414319,0
20120321,55.81,56,53.95,54.32,1625564,0
20120322,52.69,53,50.25,51,2332979,0
20120323,51.28,52.98,50.46,52.6,2562507,0
20120326,53.93,54.04,53.07,53.9,1844146,0
20120327,53.91,54.13,52.24,52.32,1419873,0
20120328,51.53,52.05,49.1,50.32,2347551,0
20120329,49.21,50.55,48.21,50.33,1721429,0
20120330,51.4,51.81,50.08,51.32,1867870,0
20120402,51,53.95,50.58,52.83,2156473,0
20120403,52.56,52.67,49.88,51.37,2254156,0
20120404,49.71,50.26,48.65,49.46,2339609,0
20120405,48.94,50.53,48.41,48.69,1719231,0
20120409,46.53,47.78,46.31,46.77,1490979,0
20120410,46.77,46.78,43.73,44.05,3394175,0
20120411,45.56,45.88,43.87,44.04,2600328,0
20120412,44.28,47.1,44.14,46.82,2496346,0
20120413,46.15,46.64,44.53,44.64,1390136,0
20120416,45.33,45.75,43.58,44.12,1811521,0
20120417,45.27,46.9,45.27,46.37,1977954,0
20120418,45.83,46.83,45.6,46.09,1118097,0
20120419,46.18,46.98,45.24,45.72,1930978,0
20120420,47,47.55,45.42,45.52,1230976,0
20120423,43.59,45.73,43.03,45.41,1677621,0
20120424,45.65,46.65,45.29,46.3,1273760,0
20120425,47.19,47.72,46.33,47.7,1385820,0
20120426,46.8,48.93,46.61,48.85,1372126,0
20120427,49.07,49.47,48.18,48.75,601298,0
20120430,48.54,49.56,48.19,49.38,711695,0
20120501,49.82,52.44,49.36,51.39,2316311,0
20120502,50.18,50.18,48.56,48.94,1817603,0
20120503,49.04,49.04,46.24,46.64,1243806,0
20120504,45.47,45.54,43.05,43.57,2427887,0
20120507,42.86,44.06,42.1,43.32,1538548,0
20120508,42.38,43.16,40.3,42.91,2692136,0
20120509,41.09,43.04,40.44,42.04,2314761,0
20120510,43.41,44.01,42.38,42.63,1795260,0
20120511,41.83,43.67,41.67,41.83,1235161,0
20120514,40.5,40.64,39.6,39.91,2036965,0
20120515,40.05,40.44,37.72,38.02,2387395,0
20120516,38.47,40.11,37.61,37.62,2257812,0
20120517,37.8,38.6,36.84,36.91,1865529,0
20120518,37.59,38.16,35.68,36.03,2122121,0
20120521,36.4,38.54,36.28,38.48,1500411,0
20120522,38.76,40.12,37.3,38.08,1903638,0
20120523,37.06,38.55,35.56,38.47,2245243,0
20120524,39.11,39.11,37.06,38.33,1094878,0
20120525,38.13,38.86,37.57,37.96,887626,0
20120529,39.04,40.35,38.46,39.55,1532820,0
20120530,38.03,38.13,35.68,36.02,2708645,0
20120531,36.01,36.28,33.4,35.04,2821843,0
20120601,32.91,33.63,32.49,32.68,3059812,0
20120604,32.86,33.27,31.25,32.54,2120892,0
20120605,32.38,33.89,32.32,33.31,2599154,0
20120606,34.33,36.45,34.33,36.45,2453276,0
20120607,37.84,38.68,36.26,36.61,2660816,0
20120608,35.77,36.69,34.81,36.59,1684526,0
20120611,37.83,38.25,35.05,35.25,1784712,0
20120612,35.78,36.89,35.23,36.55,1517230,0
20120613,35.94,37.14,34.85,35.35,1402705,0
20120614,35.54,37.41,35.19,37.09,1725677,0
20120615,37.69,39.12,37.16,38.93,2057101,0
20120618,37.83,38.34,37.33,38.03,2029137,0
20120619,38.88,40.22,38.39,39.73,1866424,0
20120620,39.7,40.51,38.22,39.32,1506157,0
20120621,39.21,39.34,34.4,34.59,2904046,0
20120622,35.34,35.62,34.15,35.17,1611955,0
20120625,33.72,33.74,32.05,32.99,2558368,0
20120626,33.2,34.46,32.51,34.09,2211774,0
20120627,34.55,36.36,34.55,36.03,2214965,0
20120628,35.25,36.87,34.87,36.72,1733025,0
20120629,39.35,39.98,38.46,39.9,3330731,0
20120702,39.65,40.48,38.7,39.99,1451560,0
20120703,40.89,42.93,40.82,42.92,1906804,0
20120705,42.1,42.24,40.73,41.13,1297672,0
20120706,39.38,40.29,38.79,39.75,1807041,0
20120709,39.61,39.88,38.35,39.25,2038675,0
20120710,39.93,40.21,36.81,37.44,2207708,0
20120711,37.79,39.4,37.67,38.88,2636490,0
20120712,37.53,39.06,37.05,38.41,1734089,0
20120713,39.01,40.57,38.78,40.46,1329700,0
20120716,40.04,41.43,39.39,40.93,1256700,0
20120717,41.6,42.5,39.57,42.3,1756101,0
20120718,41.97,43.65,41.69,43.42,1722297,0
20120719,44.08,44.29,43.1,43.92,2171892,0
20120720,43.44,44.23,42.92,44.17,1444058,0
20120723,41.4,43.2,40.62,42.87,1444355,0
20120724,43.08,43.12,39.25,40.93,2445231,0
20120725,41.39,41.85,39.91,40.96,1645006,0
20120726,42.88,44.85,42.74,44.45,2543501,0
20120727,45,47.3,44.21,46.85,1939074,0
20120730,46.5,47.69,46.15,47.22,948957,0
20120731,46.81,47.42,45.5,45.5,1255577,0
20120801,46.24,46.98,44.69,46.22,1443895,0
20120802,44.59,45.42,42.73,44.1,1306081,0
20120803,46.49,47.83,46.27,47.12,1513251,0
20120806,47.32,48.21,47.23,47.45,728041,0
20120807,48.46,50.19,48.4,49.47,1536935,0
20120808,48.9,50.22,48.7,49.73,1249835,0
20120809,49.34,51.27,49.19,50.7,1141175,0
20120810,49.75,51.16,48.76,51.06,1015295,0
20120813,50.83,51.18,49.69,50.42,770719,0
20120814,51.01,51.32,49.65,50.22,606367,0
20120815,49.97,50.53,49.5,50.02,719689,0
20120816,50.23,51.71,49.94,51.55,876767,0
20120817,51.76,51.8,50.85,51.28,623807,0
20120820,51.03,51.4,50.3,50.92,518837,0
20120821,51.6,52.35,50.1,50.45,992501,0
20120822,49.84,51.07,49.4,50.88,775411,0
20120823,50.5,50.99,48.93,49.27,881122,0
20120824,48.78,50.49,48.19,50.17,826894,0
20120827,50.38,51.15,49.6,50.09,612263,0
20120828,49.93,50.71,49.54,50.18,611342,0
20120829,50.27,50.32,49.1,49.39,577908,0
20120830,48.62,48.67,47.23,47.7,680673,0
20120831,48.85,49.8,47.98,48.99,1040370,0
20120904,48.91,49.04,46.8,47.95,1392108,0
20120905,48.11,48.37,47.18,47.53,568611,0
20120906,48.55,51.35,48.49,50.32,1426289,0
20120907,50.63,53.06,50.63,52.98,1184636,0
20120910,52.81,53.85,52.24,52.38,723960,0
20120911,52.95,54.41,52.83,53.97,875211,0
20120912,54.98,55.4,54.31,54.91,907883,0
20120913,55.29,58.63,54.07,57.86,1856392,0
20120914,58.77,61.75,58.7,60.11,1648977,0
20120917,59.2,60.5,57.96,58.55,1007400,0
20120918,57.99,58.04,55.97,57.16,1055050,0
20120919,57.15,57.3,55.49,55.66,981914,0
20120920,54.32,56.47,53.59,56.17,1018986,0
20120921,57.6,57.64,56.15,56.28,820919,0
20120924,54.97,55.89,54.85,55.37,961859,0
20120925,55.89,56.22,53.51,53.68,896612,0
20120926,53,53.16,51.59,52.09,957081,0
20120927,53.36,54.68,52.65,54.3,777218,0
20120928,53.74,53.89,52.5,53.54,857923,0
20121001,54.61,55.85,54.05,54.35,810273,0
20121002,55.21,55.35,53.55,54.45,498482,0
20121003,54.27,54.28,51.78,52.44,1054214,0
20121004,53.26,54.46,53.11,54.13,884651,0
20121005,55.03,55.18,53.19,53.74,642029,0
20121008,52.84,54.15,52.62,53.94,276360,0
20121009,54.11,55.44,53.91,54.05,646092,0
20121010,53.23,53.49,50.76,51.04,1047702,0
20121011,52.68,53.57,52.23,52.26,834895,0
20121012,52.25,52.5,50.33,51.44,650750,0
20121015,51.16,52.4,50.02,52.12,780301,0
20121016,53.08,54.95,53.03,54.7,787545,0
20121017,55.1,56.81,54.84,56.6,837034,0
20121018,55.82,57.09,55.82,56.71,712631,0
20121019,56.54,56.89,53.42,54.03,794538,0
20121022,54.06,54.6,51.58,53.2,935810,0
20121023,50.53,50.69,48.4,49.51,2130797,0
20121024,50.18,50.52,48.1,48.37,1340391,0
20121025,49.8,50.04,48,49.69,1100105,0
20121026,49.43,50.8,49.15,49.93,1068108,0
20121031,50.65,50.95,48.62,49.8,909093,0
20121101,49.28,50.75,49.02,50.5,648000,0
20121102,50.91,51.35,47.48,47.98,1370264,0
20121105,47.76,49.42,47.5,49.15,914269,0
20121106,49.75,52.02,49.75,51.44,1060169,0
20121107,49.14,49.41,46.32,47.34,1855103,0
20121108,47.28,47.81,44.78,44.81,1333629,0
20121109,44.34,46.33,44,44.74,1369032,0
20121112,45.23,45.4,44.47,44.99,710464,0
20121113,43.8,46.15,43.67,44.46,919981,0
20121114,44.86,45.07,42.5,42.81,1390551,0
20121115,42.85,44.15,42.15,43,1031979,0
20121116,43.2,43.69,41.36,43.54,1311300,0
20121119,45.2,46.7,45.12,46.49,1253984,0
20121120,46.15,46.62,44.98,45.94,889381,0
20121121,46.37,46.8,45.8,46.75,666137,0
20121123,47.26,48.6,46.96,48.59,678708,0
20121126,47.4,47.49,46.2,47.26,955928,0
20121127,46.9,47.43,45.82,46.06,816717,0
20121128,44.87,47.49,44.3,47.43,1388208,0
20121129,48.12,48.75,47.11,47.66,1317677,0
20121130,47.77,48.27,46.96,47.48,585070,0
20121203,48.6,48.74,46.53,46.75,946846,0
20121204,46.75,47.42,46.11,46.17,831689,0
20121205,46.62,47.9,46.22,47.09,1067517,0
20121206,46.84,47.59,46.59,47.52,602043,0
20121207,48.14,48.46,47.39,48.36,757804,0
20121210,48.44,48.93,48,48.25,516639,0
20121211,48.8,49.65,48.64,49.13,736168,0
20121212,49.6,51,49.2,49.62,797255,0
20121213,49.43,49.48,47.7,48.39,666707,0
20121214,47.32,48.02,47.12,47.72,446337,0
20121217,48.17,49.11,48,49.11,479968,0
20121218,49.05,52.07,48.75,51.73,936970,0
20121219,52.05,52.17,50.56,50.56,824038,0
20121220,50.64,51.78,50.41,51.7,476766,0
20121221,49.8,50.56,49.11,50.18,1063631,0
20121224,49.97,50.03,48.74,48.91,284296,0
20121226,49.78,49.89,48.1,48.31,526144,0
20121227,48.33,48.51,46.25,48.03,1286491,0
20121228,47.08,47.14,45.44,45.68,1242036,0
20121231,45.31,48.67,45.03,48.48,1759999,0
20130102,51.62,51.85,49.81,51.85,1913598,0
20130103,51.5,53.16,50.89,51.85,1551659,0
20130104,52.01,53.71,51.93,53.52,910637,0
20130107,52.78,52.78,51.66,52.35,626541,0
20130108,51.84,51.88,50.77,51.69,612927,0
20130109,52.21,52.39,50.83,51.49,620301,0
20130110,52.67,53.15,51.9,52.88,655605,0
20130111,53.01,53.29,52.46,53.15,442976,0
20130114,52.96,53.5,52.53,53.07,447493,0
20130115,52.28,53.87,52.1,53.85,625642,0
20130116,53.47,54.52,53.28,54.43,756016,0
20130117,55.2,56.56,54.86,55.5,855434,0
20130118,55.51,57.08,55.3,57.08,760404,0
20130122,56.92,58.83,56.4,58.82,781466,0
20130123,58.39,58.65,57.53,58.19,634273,0
20130124,58.43,60.1,58.23,58.8,804484,0
20130125,59.53,60.74,59.28,60.44,867574,0
20130128,60.99,61,59.03,60,681006,0
20130129,60.48,63.31,60.43,63.14,1102164,0
20130130,63.36,64.4,61.69,61.84,892567,0
20130131,61.36,62.32,60.7,61.39,623531,0
20130201,62.36,63.33,60.94,63.07,1028016,0
20130204,61.48,62.14,61.19,61.43,744913,0
20130205,62.49,63.38,61.85,62.78,801401,0
20130206,62,63.07,61.36,63.06,718493,0
20130207,62.9,63.27,61.29,62.66,645653,0
20130208,62.8,64.32,62.8,64.32,722489,0
20130211,64.04,64.31,63.07,63.32,528451,0
20130212,63.49,64.16,62.74,63.88,380704,0
20130213,64.07,64.65,63.89,64.49,492778,0
20130214,64.09,66.53,63.61,66.01,518403,0
20130215,65.95,65.96,62.8,63.92,823965,0
20130219,64.6,66.26,64.56,66.15,887867,0
20130220,66.12,66.12,61.77,61.91,870480,0
20130221,61,61.34,59.24,60.57,751624,0
20130222,61.82,62.61,60.31,62.61,578616,0
20130225,63.6,64.35,57.51,57.59,1111265,0
20130226,58.56,59.72,56.53,59.24,1376696,0
20130227,58.76,62.48,58.76,62.11,798034,0
20130228,61.82,63.5,61.53,62.08,633054,0
20130301,60.92,62.21,60.02,61.86,754534,0
20130304,61.33,61.72,59.62,61.45,602450,0
20130305,62.62,63.35,61.9,62.71,810487,0
20130306,63.37,63.75,62.16,62.86,504651,0
20130307,63.29,64.12,62.43,63.83,515879,0
20130308,64.48,65.02,63.52,64.75,569968,0
20130311,64.1,65.13,63.24,64.81,687397,0
20130312,64.88,66.06,64.46,65.1,461277,0
20130313,64.91,65.31,64.09,64.59,457600,0
20130314,64.89,67.5,64.89,67.24,682328,0
20130315,67.3,67.99,66.26,67.19,667055,0
20130318,64.67,66.68,64.37,65.4,671836,0
20130319,65.75,65.8,61.56,63.29,1011870,0
20130320,64.7,64.97,63.28,64.54,421078,0
20130321,63.38,64.93,63.26,63.41,455611,0
20130322,64.19,65.17,63.86,64.77,502795,0
20130325,65.54,66.4,63.34,64.19,533921,0
20130326,65.25,66.36,64.9,66.31,511717,0
20130327,65.22,67.1,64.54,66.85,507825,0
20130328,66.7,67.59,66.12,66.21,369788,0
20130401,66.22,66.83,64.48,65.84,478344,0
20130402,66.14,66.14,64.08,64.68,524715,0
20130403,64.72,64.93,60.51,61.15,742527,0
20130404,60.95,61.91,59.66,60.92,513168,0
20130405,58.41,61.41,58.1,61.32,663084,0
20130408,61.54,62.52,60.9,62.42,545965,0
20130409,62.73,64.79,62,63.99,539499,0
20130410,64.58,65.83,64.21,65.1,506818,0
20130411,65.66,66.8,64.62,65.87,684261,0
20130412,64.49,64.89,61.74,62.87,913409,0
20130415,60.84,60.84,55,55,1597751,0
20130416,57,57.35,54.86,57.12,686321,0
20130417,55.74,55.8,52.13,53.35,1082809,0
20130418,53.92,55.71,52.32,54.72,1234826,0
20130419,55.77,56.3,53.37,54.24,712235,0
20130422,55.42,56.75,53.83,56.1,968905,0
20130423,56.75,58.17,55.97,58.04,961152,0
20130424,58.54,61.18,58.53,60.38,848827,0
20130425,60.76,62.65,59.66,60.45,800801,0
20130426,60.11,60.64,58.8,60.27,697258,0
20130429,61.42,62.77,60.52,62.09,581026,0
20130430,62.3,62.81,60.54,62.81,652349,0
20130501,61.31,61.4,59.61,59.8,930769,0
20130502,60.66,62.64,59.95,62.24,766550,0
20130503,63.48,65.98,63.47,65.51,769635,0
20130506,66,67.62,65.8,66.94,535468,0
20130507,67.75,69.26,67,68.29,575761,0
20130508,68.27,69.08,67.45,68.7,435852,0
20130509,68.79,69.55,67.43,68.54,412837,0
20130510,67.6,67.79,65.66,67.45,503436,0
20130513,66.96,67.52,66.35,67.5,308440,0
20130514,67.72,70.33,67.53,70.33,494632,0
20130515,69.45,70.35,67.94,69.75,653039,0
20130516,69.15,70.25,68.23,68.56,520262,0
20130517,69.74,72.34,69.68,72.09,660643,0
20130520,72.21,75.68,72.21,75.29,841347,0
20130521,75.7,76.63,73.95,74.79,902607,0
20130522,74.96,76.98,71.05,72.09,1205103,0
20130523,69.2,72.21,68.7,71.9,725300,0
20130524,70.48,70.98,69.12,70.98,587472,0
20130528,73.91,74.84,72.1,73.04,579886,0
20130529,71.53,73.5,71.09,72.72,545175,0
20130530,72.1,73.23,70.69,72.16,413410,0
20130531,71.45,72.01,67.68,67.85,681193,0
20130603,68.43,69.67,67.52,69.51,568364,0
20130604,68.56,69.84,66.5,68,591646,0
20130605,67.38,68.1,65.53,65.56,657954,0
20130606,65.72,67.17,64.19,67.17,631547,0
20130607,68.5,69.81,67.23,69.59,475216,0
20130610,70.3,70.58,68.36,68.94,392643,0
20130611,66.36,67.8,65.62,65.95,591762,0
20130612,67.86,68.16,64.2,64.49,547773,0
20130613,64.54,68.38,64.37,67.85,484470,0
20130614,67.98,68.17,65.47,65.82,432860,0
20130617,67.3,69.23,67.23,68.61,608927,0
20130618,68.62,70.55,68.52,69.91,415629,0
20130619,69.91,70.88,67.89,67.93,583053,0
20130620,65.36,65.41,61.42,62.06,1403729,0
20130621,63.65,63.7,60.16,62.5,975083,0
20130624,60.29,61.52,57.18,59.57,1244742,0
20130625,61.44,62.38,60.31,61.79,945812,0
20130626,62.8,63.52,61.45,62.92,819340,0
20130627,63.88,65.05,63.25,63.3,616984,0
20130628,62.68,63.99,61.95,62.46,483611,0
20130701,63.68,65.4,63.31,63.89,546587,0
20130702,64.13,65.82,63.32,64.16,476332,0
20130703,63.99,64.4,62.65,64.29,406663,0
20130705,65.25,66.59,63.81,66.47,528526,0
20130708,67.46,69,67.35,67.8,377632,0
20130709,68.9,70.11,68.55,69.9,409733,0
20130710,70.52,70.55,68.18,68.66,506969,0
20130711,71.34,71.34,69.09,70.65,445301,0
20130712,70.02,71.49,69.92,71.45,329456,0
20130715,71.87,71.92,70.89,71.31,152116,0
20130716,71.38,71.79,68.6,69.92,375252,0
20130717,70.48,71.48,70.22,70.88,357950,0
20130718,71.5,73.65,71.34,73.01,476747,0
20130719,73.98,76.1,73.38,76.1,472891,0
20130722,75.81,76.44,75.26,75.45,319308,0
20130723,75.83,76.76,75.5,75.83,268364,0
20130724,76.2,76.2,72.19,73.26,510315,0
20130725,72.82,75,72.34,74.79,530707,0
20130726,73.51,74.32,72.3,74.12,294727,0
20130729,73.32,73.52,71.47,72.31,399033,0
20130730,72.3,72.72,70.65,71.85,354767,0
20130731,72.25,74.1,72.13,72.49,457863,0
20130801,74.42,76.3,74.33,76.1,379908,0
20130802,75.34,75.34,73.63,74.99,398037,0
20130805,74.28,74.66,73.4,74.47,230855,0
20130806,73.99,75.1,72.58,73.07,332126,0
20130807,72.42,73.17,71.5,72.38,345008,0
20130808,73.42,74.03,71.7,73.51,373704,0
20130809,73.29,74.02,71.84,72.9,243660,0
20130812,71.83,72.79,71.35,71.96,343146,0
20130813,72.56,72.82,71,72.31,273609,0
20130814,72.08,72.74,71.25,71.41,372216,0
20130815,70.44,71.1,69.27,70.28,389652,0
20130816,69.71,70.1,68.47,69.37,287683,0
20130819,68.88,69.04,65.86,65.99,371892,0
20130820,66.09,68.24,65.75,67.13,416406,0
20130821,66.69,67.86,65.7,66.1,467212,0
20130822,67.09,69.81,66.61,69.08,406801,0
20130823,69.76,70.83,68.48,70.56,340209,0
20130826,71.13,71.92,69.72,70.19,334385,0
20130827,68.61,70.34,68.4,68.79,428900,0
20130828,69.59,73.06,69.5,72.3,672461,0
20130829,71.89,72.01,69.66,70.04,371640,0
20130830,70.68,71.06,69.37,69.87,274883,0
20130903,71.91,72.7,70.4,71.53,336115,0
20130904,71.2,73.22,70.74,72.65,299596,0
20130905,73.01,74.28,72.94,73.33,214099,0
20130906,74.33,75,71.88,73.49,347802,0
20130909,74.01,76,73.7,75.77,261960,0
20130910,76,76.06,73.9,75.84,391056,0
20130911,75.48,77.55,74.8,77.55,307946,0
20130912,77.45,77.78,76.04,76.21,248555,0
20130913,76.29,76.99,75.7,76.06,206378,0
20130916,77.63,78,75.71,76,253415,0
20130917,76.18,77.64,75.76,77.1,179488,0
20130918,76.91,80.81,76.39,79.89,477344,0
20130919,80,81,78.87,79.31,212072,0
20130920,79.72,80,76.89,77.39,288658,0
20130923,76.68,77.16,75.58,76.3,195588,0
20130924,76.35,78.13,75.5,76.5,187033,0
20130925,77,77.79,76.32,76.52,165318,0
20130926,76.95,77.33,75.68,76.78,224891,0
20130927,75.93,76.26,75.06,75.78,141492,0
20130930,73.26,75.04,72.73,74.19,382157,0
20131001,73.57,76.2,73.55,75.68,249990,0
20131002,74.67,76.42,73.5,76.14,253813,0
20131003,76.03,76.03,73.11,74.33,412452,0
20131004,74.69,76.94,73.68,76.33,292223,0
20131007,73.8,75.93,73.74,74.39,221654,0
20131008,74.52,75.09,71.96,72.07,299572,0
20131009,72.25,72.25,69.91,71.24,311000,0
20131010,73,75.34,72.76,75.34,397361,0
20131011,74.31,78.4,74.25,77.69,372208,0
20131014,76.34,79.45,75.9,79.25,293544,0
20131015,78.79,79.9,77.51,78.35,352072,0
20131016,80.04,82.62,79.88,81.96,371801,0
20131017,81.6,82.53,81.04,82.34,277542,0
20131018,84.2,85.16,83.3,85.08,327741,0
20131021,85.1,86.05,83.52,84.08,304102,0
20131022,85.1,87.05,84.29,85.47,418216,0
20131023,83.33,83.48,80.71,81.53,342446,0
20131024,81.66,82.95,80.14,82.65,292817,0
20131025,83.13,84.68,82.49,84.05,486302,0
20131028,83.65,84.74,82.9,84.18,259556,0
20131029,84.8,86.1,84.75,86.1,237625,0
20131030,85.91,87,82.26,84.11,364931,0
20131031,84.22,85.7,82.6,83.44,234700,0
20131101,83.28,83.34,79.59,82.41,337653,0
20131104,83.72,85.75,83.16,85.6,257818,0
20131105,84.38,85.14,83,83.13,219807,0
20131106,84.54,85.83,83.16,83.9,256889,0
20131107,84.51,84.93,79.34,80.17,429601,0
20131108,80.2,83.83,79.88,83.72,306357,0
20131111,83.79,84.84,83.31,84.17,105415,0
20131112,83.67,84.01,81.08,81.79,175539,0
20131113,80.86,83.94,80.65,83.89,280391,0
20131114,83.6,85.58,83.6,85.41,284873,0
20131115,86.16,86.9,84.88,86.9,289834,0
20131118,87.89,88.09,84.07,84.68,348151,0
20131119,84.32,86.07,83.08,85.1,296861,0
20131120,86.2,87.11,83.93,84.56,330924,0
20131121,85.42,87.44,85.29,87,236920,0
20131122,87.31,88.44,85.66,88.33,186507,0
20131125,87.93,88.68,84.7,86.05,340577,0
20131126,86.08,86.92,84.36,85.25,202190,0
20131127,84.68,85.84,82.23,83.61,425895,0
20131129,84.13,85.26,82.5,83.06,165772,0
20131202,83.3,84.95,81.91,83.26,251768,0
20131203,82.67,84.65,82.2,84.04,353429,0
20131204,83.78,84.36,81.15,83.05,386439,0
20131205,82.54,83.45,81.76,82.17,303675,0
20131206,84.34,84.75,82.2,82.98,338723,0
20131209,83.45,84.22,82.25,83.26,310811,0
20131210,83,84.07,82.27,82.54,259488,0
20131211,82.73,82.74,78.61,79.08,462312,0
20131212,79,81.08,78.6,80.21,523372,0
20131213,79.43,79.82,78.13,79.24,419864,0
20131216,80.5,82.08,79.86,81.17,269635,0
20131217,81.16,81.41,79.1,79.88,234508,0
20131218,80.31,83.6,78.5,83.51,481990,0
20131219,82.64,84.35,82.21,84.08,260410,0
20131220,84.04,85.68,84.04,84.75,287890,0
20131223,85.71,86.62,84.7,84.86,264048,0
20131224,85.12,86.54,85,86.36,155522,0
20131226,86.94,88.49,86.63,88.28,274528,0
20131227,88.77,89.77,88.23,89.46,191164,0
20131230,89.54,90.07,87.28,87.42,249985,0
20131231,87.96,90.1,87.22,89.88,238756,0
20140102,88.47,89.09,85.21,86.2,531005,0
20140103,86.25,87.55,84.8,85.37,338657,0
20140106,86.05,86.45,84.25,85.48,296809,0
20140107,86.36,87.72,85.1,87.49,309900,0
20140108,87.44,87.5,84.81,85.71,450637,0
20140109,85.97,86.31,82.9,84.96,589932,0
20140110,85.21,85.38,83.51,85.22,306051,0
20140113,84.42,84.84,79.89,80.12,526383,0
20140114,81.45,83.28,81.05,83.13,458731,0
20140115,83.59,83.76,82.13,82.48,370209,0
20140116,82,82.86,80.87,82.86,333846,0
20140117,83.5,84.69,82.08,82.44,404900,0
20140121,83.99,84.98,82.26,84.25,534869,0
20140122,84.99,85.76,83.93,85.54,441013,0
20140123,84.19,84.67,81.5,82.67,408044,0
20140124,81.03,81.08,77.32,77.55,660078,0
20140127,77.92,78.32,75.01,76.53,484840,0
20140128,77.24,78.69,76.58,78.35,290402,0
20140129,76.35,78.68,75.09,77.04,498594,0
20140130,78.25,78.98,76.5,77.83,403974,0
20140131,75.09,76.8,73.88,74.82,466453,0
20140203,74.87,75.51,70.49,70.95,510583,0
20140204,71.92,73.47,71.18,72.9,434940,0
20140205,72.88,73.07,70.54,70.89,341074,0
20140206,71.37,74.48,71.32,74.12,314051,0
20140207,75.12,76.62,73.98,76.34,301269,0
20140210,76.33,76.33,74.24,75.3,282713,0
20140211,75.42,78.91,75.31,78.2,287477,0
20140212,78.91,79.38,77.4,77.57,306606,0
20140213,76.14,79.3,75.86,78.5,298712,0
20140214,79.05,82.22,78.7,81.69,465047,0
20140218,82.12,83.17,81.76,82.86,321996,0
20140219,82.37,85.72,82.34,83.21,422487,0
20140220,82.76,85.3,82.75,84.84,261825,0
20140221,85.35,85.49,82.69,82.78,353092,0
20140224,83.51,88.73,83.5,86.41,662549,0
20140225,86.17,86.9,84.34,86.5,348456,0
20140226,86.48,86.78,84.03,84.88,313439,0
20140227,84.77,85.42,83.25,85,279696,0
20140228,85,87.27,84.87,86.26,312020,0
20140303,84.63,87.58,83.9,84.66,454770,0
20140304,86.36,88.19,85.99,87.28,381792,0
20140305,86.51,86.88,84.34,85.02,355765,0
20140306,85.22,87.09,85.13,86.81,358502,0
20140307,87.6,88.07,86.48,87.49,250943,0
20140310,87.14,87.92,85.6,87.8,199062,0
20140311,88.2,88.34,83.98,84.69,422882,0
20140312,83.04,85.46,82.75,84.82,295670,0
20140313,85.36,85.36,81.32,82.12,381773,0
20140314,81.8,83.38,81.67,82.5,252046,0
20140317,83.38,84.58,82.85,83.79,197576,0
20140318,84.62,86.65,83.98,85.88,308931,0
20140319,85.91,86.01,82.33,83.81,434062,0
20140320,82.72,85.3,81.86,84.88,269278,0
20140321,85.98,87.5,85.57,85.59,322686,0
20140324,86.66,87.5,84.62,85.03,248631,0
20140325,86.01,87.5,86.01,87.16,299543,0
20140326,88.33,88.86,85.95,86.15,270400,0
20140327,86.43,88.99,85.6,88.22,362761,0
20140328,89.15,92.07,88.96,91.47,274693,0
20140331,92.72,93.04,90.68,91.43,197299,0
20140401,91.85,93.12,91.5,93.09,217034,0
20140402,92.7,94.58,92.39,94.16,201374,0
20140403,94.53,97.07,94.27,95.97,313635,0
20140404,98,98.45,94.46,94.91,290046,0
20140407,94.28,94.33,90.17,90.25,273584,0
20140408,90.58,93.34,90.37,92.81,238078,0
20140409,93.61,94.27,91.25,94.1,186123,0
20140410,92.82,94.73,89.61,90.1,277013,0
20140411,88.72,90.96,88.68,89.44,217292,0
20140414,91.16,93.53,90.2,93.06,269654,0
20140415,92.63,96.84,92.13,96.77,445454,0
20140416,98.56,100.3,98.04,100.28,362835,0
20140417,100.66,103.89,100.16,103.1,316270,0
20140421,103.68,105.32,102.76,105.15,256429,0
20140422,104.62,105.45,102.7,104.51,193442,0
20140423,105.13,107.07,104.78,106.26,155693,0
20140424,107.7,107.8,105.82,106.27,168344,0
20140425,105.38,106.31,103.5,104.47,197270,0
20140428,105.3,105.7,102.31,105.03,180823,0
20140429,106.47,109.19,106.2,106.38,175472,0
20140430,105.7,106.6,104.08,106.27,146269,0
20140501,105.48,106.54,104.55,105.48,148171,0
20140502,105.13,108.31,104.4,106.11,188294,0
20140505,104.79,108.07,104.38,107.52,127057,0
20140506,107.98,109.6,107.76,108.03,144044,0
20140507,109.63,111.24,107.62,110.77,204725,0
20140508,110.27,110.65,105.8,106.09,220717,0
20140509,106.38,107,104.63,105.9,236461,0
20140512,107.02,108.16,106.26,108,92626,0
20140513,108.4,109.59,108.21,109.19,95970,0
20140514,109.35,110.29,108.88,109.26,60317,0
20140515,109.02,109.02,103.21,105.59,224302,0
20140516,105.8,105.8,103.1,104.72,124765,0
20140519,103.95,106.54,103.9,105.61,125426,0
20140520,105.62,106.2,104.27,104.79,84216,0
20140521,106.05,108.52,105.89,107.85,170261,0
20140522,107.5,109.5,107.49,107.69,115796,0
20140523,107.74,109,107.11,107.36,81090,0
20140527,108,108.79,106.92,108.13,105075,0
20140528,108.34,109.73,107.4,108.63,95918,0
20140529,109.76,111.61,108.46,111.44,137666,0
20140530,110.25,111.44,109.59,111.1,81067,0
20140602,111.6,112.11,109.75,110.66,141045,0
20140603,110.31,112.25,109.98,111.85,75848,0
20140604,111.57,111.95,110.34,111.62,82277,0
20140605,111.35,114.01,110.73,113.56,168373,0
20140606,114.91,116.92,114.53,116.46,143744,0
20140609,116.86,118.82,116.12,117.02,156216,0
20140610,117.23,117.26,115.57,116.37,119555,0
20140611,115.4,118.19,114.62,117.64,143670,0
20140612,119.17,121.18,118.29,118.9,296350,0
20140613,120,122.35,117.8,122.33,191962,0
20140616,123.48,125.26,122.93,124.58,297164,0
20140617,123.92,124.27,121.89,124.07,289836,0
20140618,124.22,127.29,123.22,127.09,280271,0
20140619,127.12,129.82,126.3,129.82,310933,0
20140620,131.04,133.73,130.47,133.73,272231,0
20140623,134.81,135.98,133.89,135.03,356118,0
20140624,134.71,134.97,125.71,126.73,493601,0
20140625,126.08,129.69,124.56,129.4,417506,0
20140626,129.66,130.22,126.32,129.77,190787,0
20140627,128.66,129.97,127.55,129.86,151450,0
20140630,129.83,130.52,128.19,130.13,231885,0
20140701,131.6,132.12,129.41,130.29,212171,0
20140702,129.8,131.05,128.93,129.79,170700,0
20140703,131.26,131.4,129.1,131.07,101559,0
20140707,130.6,131.05,127.59,128.17,207666,0
20140708,127.44,128.47,126.12,127.45,244646,0
20140709,127.95,130.2,127.6,130,170242,0
20140710,127.18,127.66,124.4,126.31,356657,0
20140711,125.5,125.94,122.49,123.41,354830,0
20140714,124.85,126.98,124.85,126.57,214684,0
20140715,125.69,126.48,122.52,124.9,312215,0
20140716,126.39,130.71,126.34,130.48,264800,0
20140717,129.94,131.49,123.99,124.37,358378,0
20140718,125.26,126.18,123.52,125.33,246304,0
20140721,124.54,126.18,123.76,125.88,213703,0
20140722,127.56,129.72,127.26,128.58,185647,0
20140723,129.88,131.1,127.97,131.01,228615,0
20140724,131.5,132.92,130.15,131.48,176053,0
20140725,130.64,130.64,128.07,128.58,162231,0
20140728,128.42,128.75,125.3,127.49,231056,0
20140729,126.66,128.75,126.4,126.5,330025,0
20140730,128.55,129.52,123.18,124.36,601406,0
20140731,122.18,125.46,116.1,116.32,490068,0
20140801,115.29,116.26,110.47,113.5,460037,0
20140804,113.57,119.91,112.37,119.07,465525,0
20140805,118.48,118.48,109.46,111.34,525954,0
20140806,110.16,116,110.16,112.26,396538,0
20140807,113.96,114.54,108.36,110.09,399365,0
20140808,111.02,115.97,110.42,115.6,403233,0
20140811,117.09,119.05,115.01,115.6,324472,0
20140812,114.81,115.06,111.73,113.21,219265,0
20140813,114.9,116,112.93,114.2,203527,0
20140814,114.44,115.15,111.77,112.2,270697,0
20140815,112.98,115.18,112.08,114.61,372287,0
20140818,116.01,116.72,114.32,115.62,216520,0
20140819,116.47,118.95,116.11,118.31,205210,0
20140820,118,119.55,116.48,119.11,171410,0
20140821,119.5,119.79,117.8,119.33,136953,0
20140822,118.95,119.15,115.54,116.88,278365,0
20140825,118.25,120.31,117.99,120.11,207335,0
20140826,120.55,123.72,120.55,121.99,131446,0
20140827,122.29,122.63,120.27,121.17,147034,0
20140828,120.46,121.59,119.73,121.13,118256,0
20140829,122.2,123.38,120.75,123.26,173051,0
20140902,122.74,122.88,117.07,118.65,271441,0
20140903,120.62,121.93,119.4,119.51,200668,0
20140904,119.85,120.47,113,114.53,381162,0
20140905,114.8,117.02,112.46,116.91,260880,0
20140908,114.98,115.04,109.93,111.56,533556,0
20140909,111.56,113.37,108.12,110.04,359115,0
20140910,109.5,109.58,105.31,109.13,419883,0
20140911,106.9,109.89,105.26,109.34,371616,0
20140912,108.79,108.79,103.53,104.31,363508,0
20140915,104.05,107.44,102.48,106.61,416336,0
20140916,106,112.54,105.85,110.52,505162,0
20140917,111.3,111.88,107.72,108.67,350227,0
20140918,109.22,109.79,106.18,107.07,263468,0
20140919,108,109.13,106.62,106.76,278713,0
20140922,105.98,105.98,100.85,102,443679,0
20140923,101.69,104.16,101.05,101.11,476185,0
20140924,100.98,103.09,96.61,101.34,543662,0
20140925,101.28,101.28,96.67,96.69,450601,0
20140926,97.04,101.56,95.69,100.29,565816,0
20140929,96.4,100.31,95.9,99.71,548248,0
20140930,99.1,100.08,94.18,95.93,704702,0
20141001,96,97.29,89.27,89.95,889253,0
20141002,88.75,90.41,84.07,88.74,1251566,0
20141003,90.06,90.06,86,88.44,759511,0
20141006,89.3,91.21,86.58,88.52,740361,0
20141007,87.19,90.48,85.03,85.07,609428,0
20141008,84.31,87.77,80.28,87.6,1181964,0
20141009,85.49,85.89,77.21,77.68,1485719,0
20141010,77.11,79.64,72.12,74.51,1710365,0
20141013,74.1,76.7,67.42,67.5,2501978,0
20141014,69.28,70.97,64.04,65.12,3897266,0
20141015,62.76,67.12,59.03,66.46,4898090,0
20141016,62.11,72.17,61.48,70.04,4098038,0
20141017,73.8,76.25,70.1,71.9,2702905,0
20141020,71.62,74.44,70.68,73.76,1653841,0
20141021,76,81,76,80.5,1838836,0
20141022,81.1,82.59,75.81,76.04,2012659,0
20141023,79.17,82.6,77.95,80.25,1751259,0
20141024,79.96,80.19,76.17,79.22,1176870,0
20141027,75.53,75.68,71.94,74.4,1551282,0
20141028,75.43,79.99,73.98,79.48,1017360,0
20141029,81.92,83.96,77.92,80.27,1648626,0
20141030,78.5,80.3,76.49,79.39,1066688,0
20141031,79.78,84.37,77.6,84.15,1607885,0
20141103,84.25,86.91,79.33,80.08,2159639,0
20141104,77.01,77.25,73.16,75.08,1593136,0
20141105,77.68,80.05,75.67,79.13,1708456,0
20141106,77.58,82.15,76.81,82.01,1604589,0
20141107,82.57,86.75,82.13,84.82,1571564,0
20141110,87,88.15,81.75,82.52,1552812,0
20141111,82.94,83.82,80.35,83.33,1290531,0
20141112,81.46,84.22,80.76,80.98,2331914,0
20141113,80,80.22,73.88,78.49,2490936,0
20141114,78.74,80.4,77.39,80.11,1387706,0
20141117,78.96,80.3,77.81,78.75,1015761,0
20141118,78.61,81.04,77.94,79.02,975502,0
20141119,79.5,81.15,77.4,80.33,1121647,0
20141120,80.28,83.69,80.21,83.32,847747,0
20141121,87.5,88.58,84.78,86.52,1960020,0
20141124,85.83,87.18,83.47,84.64,1094483,0
20141125,85.35,85.6,80.15,80.41,1783840,0
20141126,79.6,79.91,77.02,77.36,1268999,0
20141128,67.8,68.95,61.78,62.35,3251570,0
20141201,61.11,63.62,59.68,63.24,3428757,0
20141202,61.81,66.94,61.65,65.22,3147522,0
20141203,66.23,69.1,65.67,67.46,3325787,0
20141204,65.4,67,63.92,65.76,1975770,0
20141205,65.26,65.93,62.6,63.29,2538608,0
20141208,60.6,61.11,55.25,55.67,3492971,0
20141209,55.25,58.11,54.78,57.43,3048177,0
20141210,54.74,55,51.03,52.14,4721328,0
20141211,51.95,55.95,51.64,51.95,3189240,0
20141212,50.2,51.9,48.85,49.09,4246493,0
20141215,50.59,51.67,47.44,47.76,3753379,0
20141216,46.4,53.5,46.11,48.96,8883825,0
20141217,49.9,56.62,49.67,55.27,5846382,0
20141218,59.29,60,53.98,58.49,5227041,0
20141219,60.24,64.03,58.33,63.47,4061903,0
20141222,62.65,62.88,59.9,61.89,3308705,0
20141223,63.16,64.8,61.9,64.12,2430564,0
20141224,63.06,63.39,60.55,62.61,1607612,0
20141226,63.59,64.32,61.87,62.67,2004297,0
20141229,63.25,64.74,62.25,63.26,2334242,0
20141230,62.93,63.54,61.26,61.75,2335469,0
20141231,60.67,62.39,59.35,60.47,2693949,0
20150102,59.56,61.88,58.67,61.35,3736320,0
20150105,58.75,58.79,52.86,53.67,4366296,0
20150106,53.4,54.69,50.2,51.26,4494002,0
20150107,53.26,53.8,50.63,51.66,2902731,0
20150108,52.77,55.39,52.21,55.15,2806383,0
20150109,55.34,55.42,52.27,53.8,2786248,0
20150112,51.46,51.6,48.3,49.16,3531766,0
20150113,49.68,50.8,46.57,47.84,3620373,0
20150114,46.57,48.58,44.28,48.29,6750157,0
20150115,50.02,50.36,46.37,46.44,6163343,0
20150116,47.29,51.19,47.24,51.01,4960830,0
