Date,Open,High,Low,Close,Volume,OpenInt
20101213,29.029,29.029,28.84,28.84,422,0
20101214,28.84,28.84,28.84,28.84,187,0
20101215,28.755,28.755,28.755,28.755,1059,0
20101216,28.755,28.755,28.755,28.755,529,0
20101217,28.802,28.802,28.802,28.802,2118,0
20101220,29.029,29.151,29.029,29.029,234,0
20101222,29.283,29.321,29.283,29.312,2225,0
20101227,29.264,29.264,29.264,29.264,160,0
20101228,29.453,29.453,29.227,29.246,2543,0
20101229,29.308,29.337,29.308,29.337,1384,0
20110103,29.576,29.614,29.576,29.614,638,0
20110104,29.264,29.264,29.264,29.264,101,0
20110105,29.567,29.567,29.567,29.567,532,0
20110106,29.614,29.614,29.614,29.614,422,0
20110107,29.605,29.605,29.331,29.331,1268,0
20110110,29.481,29.529,29.34,29.529,1510,0
20110111,29.595,29.595,29.595,29.595,187,0
20110112,29.916,29.916,29.916,29.916,101,0
20110120,29.547,29.547,29.547,29.547,848,0
20110121,29.68,29.85,29.661,29.699,68958,0
20110124,29.887,29.887,29.887,29.887,101,0
20110125,29.973,29.973,29.68,29.69,8050,0
20110126,30.077,30.077,30.048,30.048,317,0
20110127,30.209,30.266,30.209,30.266,2468,0
20110128,29.717,29.813,29.717,29.813,4982,0
20110131,30.007,30.016,29.978,29.978,1410,0
20110201,30.266,30.388,30.266,30.388,5233,0
20110202,30.397,30.397,30.35,30.35,822,0
20110203,30.425,30.511,30.425,30.511,2673,0
20110208,30.831,30.869,30.831,30.869,317,0
20110209,30.85,30.85,30.85,30.85,1363,0
20110210,30.889,30.889,30.889,30.889,529,0
20110211,30.85,31.105,30.85,31.105,2834,0
20110214,31.229,31.229,31.076,31.076,1252,0
20110216,31.398,31.398,31.312,31.398,3307,0
20110218,31.549,31.549,31.549,31.549,327,0
20110222,31.115,31.115,30.935,30.935,2118,0
20110224,30.453,30.453,30.453,30.453,848,0
20110225,31.011,31.049,31.011,31.049,551,0
20110228,31.064,31.083,31.054,31.083,5086,0
20110301,30.862,30.871,30.862,30.871,317,0
20110303,31.363,31.363,31.363,31.363,265,0
20110304,31.086,31.086,31.086,31.086,160,0
20110307,31.293,31.293,30.775,30.927,24236,0
20110308,30.954,31.201,30.718,31.162,11951,0
20110309,31.076,31.076,31.067,31.067,638,0
20110310,30.569,30.71,30.445,30.483,2072,0
20110311,30.616,30.738,30.616,30.692,529,0
20110314,30.578,30.578,30.511,30.578,983,0
20110315,30.247,30.285,30.247,30.285,529,0
20110316,30.266,30.266,30.256,30.256,267,0
20110317,30.239,30.239,30.2,30.2,726,0
20110318,30.483,30.483,30.304,30.304,38964,0
20110321,30.777,30.881,30.777,30.881,3168,0
20110323,30.597,30.9,30.597,30.9,2299,0
20110324,30.871,31.175,30.871,31.175,16267,0
20110325,31.232,31.449,31.203,31.325,13156,0
20110328,31.544,31.544,31.203,31.203,2112,0
20110329,31.315,31.43,31.315,31.43,8609,0
20110330,31.695,31.733,31.59,31.733,2371,0
20110331,31.747,31.747,31.738,31.747,1627,0
20110401,31.941,32.045,31.931,31.97,10194,0
20110404,32.016,32.016,31.941,31.941,4619,0
20110405,31.97,32.074,31.95,32.045,6014,0
20110406,32.206,32.206,32.007,32.055,77252,0
20110407,32.007,32.055,31.97,31.979,45540,0
20110408,32.093,32.093,31.714,31.847,51141,0
20110411,31.828,31.864,31.628,31.628,16555,0
20110412,31.516,31.516,31.278,31.373,9110,0
20110413,31.571,31.571,31.363,31.459,16867,0
20110414,31.334,31.449,31.334,31.42,21288,0
20110415,31.733,31.753,31.724,31.724,2218,0
20110418,31.232,31.278,31.136,31.269,2605,0
20110419,31.449,31.468,30.379,31.43,11283,0
20110420,31.883,31.931,31.864,31.931,2213,0
20110421,32.093,32.168,32.055,32.159,9150,0
20110425,32.055,32.122,31.997,32.083,4550,0
20110426,32.215,32.479,32.196,32.387,58106,0
20110427,32.415,32.575,32.272,32.575,28303,0
20110428,32.527,32.69,32.527,32.69,35441,0
20110429,32.76,32.836,32.646,32.769,16712,0
20110502,32.897,32.963,32.642,32.69,35484,0
20110503,32.462,32.508,32.31,32.377,4435,0
20110504,32.159,32.234,32.159,32.168,10561,0
20110505,31.893,32.243,31.809,32.007,7810,0
20110506,32.272,32.47,32.026,32.168,51561,0
20110509,32.225,32.253,32.149,32.225,22659,0
20110510,32.508,32.764,32.508,32.764,3648,0
20110511,32.613,32.613,32.281,32.32,2764,0
20110512,32.453,32.613,32.453,32.594,1828,0
20110513,32.566,32.566,32.272,32.281,4575,0
20110516,32.281,32.396,32.036,32.112,49225,0
20110517,31.941,32.007,31.733,31.855,78977,0
20110518,31.96,32.329,31.96,32.329,8634,0
20110519,32.462,32.479,32.253,32.339,5608,0
20110520,32.168,32.225,32.168,32.225,1742,0
20110523,31.855,31.912,31.753,31.838,44613,0
20110524,31.733,31.855,31.733,31.855,316,0
20110525,31.883,31.95,31.883,31.941,828,0
20110526,31.931,32.083,31.931,32.083,1081,0
20110527,32.356,32.365,32.317,32.317,2137,0
20110531,32.635,32.683,32.378,32.529,15926,0
20110601,32.453,32.453,31.903,31.903,2869,0
20110602,31.97,31.97,31.743,31.855,7035,0
20110603,31.534,31.609,31.468,31.468,8532,0
20110606,31.203,31.43,31.051,31.051,2640,0
20110607,31.179,31.301,31.179,31.301,7014,0
20110608,30.951,31.026,30.903,30.903,7062,0
20110609,31.073,31.227,31.073,31.217,7259,0
20110610,30.988,30.988,30.694,30.694,1569,0
20110613,30.786,30.786,30.606,30.606,5893,0
20110614,31.16,31.16,31.16,31.16,1056,0
20110615,30.923,30.979,30.571,30.571,23096,0
20110616,30.712,30.732,30.296,30.316,6550,0
20110617,30.77,30.78,30.703,30.703,3234,0
20110620,30.712,30.865,30.656,30.865,9890,0
20110621,31.31,31.387,31.31,31.348,14812,0
20110622,31.454,31.464,31.236,31.236,2412,0
20110623,30.761,31.16,30.666,31.16,13521,0
20110624,30.923,30.923,30.884,30.884,21635,0
20110627,30.894,31.054,30.884,31.054,1201,0
20110628,31.198,31.444,31.198,31.444,2402,0
20110629,31.672,31.852,31.521,31.729,13543,0
20110630,31.976,32.13,31.976,32.052,196362,0
20110701,32.051,32.535,32.023,32.506,16830,0
20110705,32.506,32.554,32.404,32.525,12166,0
20110706,32.404,32.564,32.346,32.564,9305,0
20110707,32.8,32.963,32.8,32.887,134853,0
20110708,32.516,32.583,32.404,32.583,31124,0
20110711,32.269,32.269,31.928,31.985,40619,0
20110712,31.937,32.08,31.843,31.843,40519,0
20110713,32.042,32.336,31.956,31.956,30007,0
20110714,32.09,32.184,31.585,31.604,17805,0
20110715,31.7,31.834,31.502,31.834,128689,0
20110718,31.558,31.558,31.32,31.492,6380,0
20110719,31.87,32.061,31.786,32.042,7704,0
20110720,32.146,32.146,31.976,32.013,6171,0
20110721,32.174,32.413,32.128,32.375,8411,0
20110722,32.26,32.469,32.26,32.413,8462,0
20110725,32.109,32.384,32.099,32.222,37568,0
20110726,32.044,32.102,32.035,32.054,1334,0
20110727,31.521,31.548,31.339,31.339,3166,0
20110728,31.329,31.549,31.082,31.082,34290,0
20110729,30.825,31.179,30.711,31.035,21524,0
20110801,31.32,31.32,30.58,30.78,15711,0
20110802,30.454,30.454,29.95,29.95,2845,0
20110803,29.973,29.992,29.252,29.983,120084,0
20110804,29.479,29.499,28.235,28.264,62203,0
20110805,28.578,28.578,27.305,28.037,141815,0
20110808,27.324,27.324,25.872,25.872,22833,0
20110809,26.128,27.382,25.569,27.382,90732,0
20110810,26.499,27.126,26.471,26.471,27024,0
20110811,26.509,27.856,26.509,27.856,57328,0
20110812,27.875,27.923,27.8,27.828,26289,0
20110815,28.312,28.501,28.217,28.501,20955,0
20110816,28.188,28.312,27.98,28.293,5360,0
20110817,28.274,28.549,27.875,28.094,60120,0
20110818,27.039,27.42,26.565,26.755,19483,0
20110819,26.48,26.936,26.442,26.442,4151,0
20110822,26.802,26.802,26.224,26.243,13113,0
20110823,26.869,27.116,26.869,27.106,2109,0
20110824,27.248,27.276,27.097,27.276,2996,0
20110825,27.638,27.828,27.049,27.174,25018,0
20110826,26.869,27.599,26.651,27.599,17221,0
20110829,28.322,28.341,28.322,28.341,669,0
20110830,28.397,28.786,28.397,28.786,13107,0
20110831,29.032,29.156,28.745,28.745,6560,0
20110901,28.834,28.948,28.51,28.51,2842,0
20110902,27.942,28.028,27.942,28.028,315,0
20110906,26.95,27.265,26.95,27.265,1370,0
20110907,28.075,28.37,28.075,28.37,2874,0
20110908,28.589,28.589,28.188,28.188,2492,0
20110909,27.37,27.466,27.18,27.36,9590,0
20110912,27.021,27.021,26.963,26.963,290,0
20110913,27.685,27.799,27.505,27.598,85552,0
20110914,27.732,28.264,27.732,28.264,3793,0
20110915,28.379,28.645,28.379,28.597,10117,0
20110916,28.788,28.845,28.589,28.618,12121,0
20110919,28.188,28.284,28.169,28.169,8593,0
20110921,28.179,28.179,27.485,27.485,2416,0
20110922,26.408,26.408,25.894,25.894,7364,0
20110923,26.494,26.494,26.494,26.494,101,0
20110926,26.693,26.875,26.523,26.846,2477,0
20110927,27.789,27.855,27.341,27.341,2207,0
20110928,27.18,27.219,26.846,26.979,13192,0
20110929,26.722,26.722,26.437,26.656,10650,0
20110930,26.416,26.542,26.053,26.072,5005,0
20111003,25.771,25.837,25.009,25.009,31305,0
20111004,24.742,24.932,24.59,24.932,79732,0
20111005,25.713,26.332,25.656,26.332,14594,0
20111006,26.646,26.942,26.609,26.837,3782,0
20111007,26.771,26.923,26.637,26.637,1498,0
20111010,27.389,27.55,27.341,27.456,8204,0
20111011,27.418,27.76,27.418,27.685,49726,0
20111012,27.941,28.151,27.941,27.988,2085,0
20111013,27.665,27.685,27.627,27.685,1240,0
20111014,28.303,28.303,28.208,28.236,3844,0
20111017,27.951,27.951,27.903,27.903,1469,0
20111018,28.502,28.531,28.065,28.531,723,0
20111019,28.398,28.531,28.132,28.132,997,0
20111020,27.941,28.245,27.883,28.188,9480,0
20111021,28.666,28.874,28.598,28.76,247341,0
20111024,28.969,29.579,28.969,29.541,97230,0
20111025,29.112,29.264,29.017,29.026,24783,0
20111026,28.988,29.302,28.656,29.302,552969,0
20111027,30.13,30.493,29.835,30.331,39759,0
20111028,30.321,30.464,30.226,30.464,81304,0
20111031,29.915,30.05,29.666,29.666,7685,0
20111101,28.969,29.065,28.55,28.731,38100,0
20111102,29.188,29.274,29.075,29.236,1560,0
20111103,29.503,30.008,29.503,29.931,12629,0
20111104,29.586,29.921,29.586,29.826,2387,0
20111107,29.588,29.864,29.559,29.864,8133,0
20111108,30.064,30.207,29.721,30.207,7122,0
20111109,29.474,29.493,29.026,29.026,2698,0
20111110,29.398,29.398,29.169,29.198,1594,0
20111111,29.645,29.912,29.645,29.912,4893,0
20111114,29.693,29.75,29.608,29.635,2672,0
20111115,29.579,29.817,29.579,29.817,5621,0
20111116,29.55,29.808,29.351,29.351,15620,0
20111117,29.264,29.351,28.778,28.778,11237,0
20111118,28.874,28.903,28.702,28.788,44251,0
20111121,28.094,28.198,27.864,28.179,86576,0
20111122,28.112,28.274,27.97,28.075,17728,0
20111123,27.646,27.646,27.265,27.283,18261,0
20111125,27.447,27.505,27.238,27.238,6275,0
20111128,28.112,28.217,27.912,27.912,5239,0
20111129,28.132,28.361,28.085,28.151,93673,0
20111130,29.216,29.331,29.139,29.331,4834,0
20111201,29.331,29.598,29.331,29.406,152009,0
20111202,29.682,29.749,29.471,29.471,23014,0
20111205,29.721,29.988,29.721,29.96,1122,0
20111206,29.692,29.797,29.577,29.797,9979,0
20111207,29.386,29.653,29.386,29.634,2054,0
20111208,29.089,29.165,29.012,29.012,3108,0
20111209,29.357,29.357,29.357,29.357,276,0
20111212,28.997,28.997,28.722,28.903,52652,0
20111213,29.223,29.223,28.468,28.505,8083,0
20111214,28.218,28.296,28.086,28.086,9024,0
20111215,28.255,28.313,28.198,28.217,71555,0
20111216,28.679,28.696,28.363,28.41,10919,0
20111219,28.544,28.544,27.961,27.961,11571,0
20111220,28.716,28.926,28.716,28.926,3868,0
20111221,28.774,29.012,28.725,29.012,3710,0
20111222,29.194,29.386,29.184,29.347,4460,0
20111223,29.5,29.529,29.481,29.529,848,0
20111227,29.529,29.643,29.529,29.643,74404,0
20111228,29.423,29.423,29.118,29.127,1841,0
20111229,29.367,29.471,29.367,29.471,6046,0
20111230,29.476,29.544,29.351,29.351,41101,0
20120103,29.978,29.978,29.729,29.826,9900,0
20120104,29.71,29.778,29.71,29.71,2019,0
20120105,29.52,29.921,29.462,29.826,2791,0
20120106,29.844,29.959,29.844,29.882,2020,0
20120109,29.882,29.998,29.882,29.959,1062,0
20120110,30.332,30.35,30.227,30.275,5197,0
20120111,30.227,30.389,30.217,30.342,111285,0
20120112,30.37,30.417,30.304,30.417,4143,0
20120113,30.227,30.294,30.217,30.256,3839,0
20120117,30.504,30.504,30.36,30.36,1118,0
20120118,30.465,30.619,30.465,30.571,10063,0
20120119,30.857,31.067,30.838,31.01,17653,0
20120120,30.887,30.944,30.848,30.916,2753,0
20120123,31.125,31.125,30.944,30.944,3711,0
20120124,30.828,31.057,30.819,31.057,8534,0
20120125,30.953,31.393,30.953,31.393,4938,0
20120126,31.593,31.593,31.106,31.116,6292,0
20120127,31.296,31.373,31.296,31.373,553,0
20120130,31.067,31.259,31.067,31.154,24933,0
20120131,31.302,31.302,30.974,31.129,21596,0
20120201,31.47,31.68,31.47,31.602,8740,0
20120202,31.573,31.651,31.573,31.651,234,0
20120203,31.899,32.148,31.899,32.12,12396,0
20120206,32.082,32.148,31.995,32.139,5101,0
20120207,32.091,32.233,32.091,32.205,9668,0
20120208,32.378,32.378,32.176,32.262,2970,0
20120209,32.281,32.378,32.252,32.359,2421,0
20120210,32.033,32.072,32.004,32.004,679,0
20120213,32.32,32.378,32.224,32.311,13294,0
20120214,32.281,32.281,32.101,32.12,4207,0
20120215,32.349,32.435,32.166,32.224,15337,0
20120216,32.186,32.655,32.166,32.636,9021,0
20120217,32.731,32.76,32.655,32.694,6800,0
20120221,32.778,32.788,32.501,32.501,6066,0
20120222,32.607,32.607,32.454,32.472,3339,0
20120223,32.568,32.626,32.568,32.626,4018,0
20120224,32.731,32.807,32.731,32.778,15001,0
20120227,32.426,32.76,32.426,32.75,5719,0
20120228,32.788,32.788,32.53,32.646,1290,0
20120229,32.538,32.665,32.462,32.48,8773,0
20120301,32.464,32.769,32.464,32.626,7720,0
20120302,32.638,32.677,32.446,32.446,3465,0
20120305,32.359,32.359,32.215,32.262,875,0
20120306,31.679,31.679,31.611,31.621,1779,0
20120307,31.765,31.889,31.689,31.889,5897,0
20120308,32.072,32.263,31.976,32.263,13284,0
20120312,32.472,32.539,32.407,32.426,8494,0
20120313,32.57,32.819,32.57,32.819,3888,0
20120314,32.829,32.839,32.753,32.753,1910,0
20120315,32.788,33.056,32.788,32.99,3066,0
20120316,33.107,33.232,33.079,33.155,58233,0
20120319,33.261,33.338,33.184,33.213,7595,0
20120320,32.926,33.021,32.916,33.002,2511,0
20120321,33.002,33.002,32.926,32.926,1166,0
20120322,32.696,32.696,32.466,32.599,3797,0
20120323,32.733,32.743,32.696,32.743,2842,0
20120327,33.203,33.232,33.165,33.213,54368,0
20120329,32.561,32.753,32.561,32.753,2648,0
20120330,32.82,33.033,32.82,32.966,8861,0
20120402,33.069,33.203,33.069,33.203,2982,0
20120403,33.193,33.193,32.964,32.993,1713,0
20120404,32.868,32.868,32.57,32.628,4046,0
20120405,32.522,32.743,32.522,32.58,5146,0
20120409,32.053,32.244,32.005,32.197,15844,0
20120410,32.102,32.102,31.508,31.517,4193,0
20120411,31.814,31.87,31.718,31.747,37063,0
20120412,32.206,32.35,32.206,32.283,6004,0
20120413,32.082,32.149,31.947,31.947,2534,0
20120416,31.87,32.005,31.87,32.005,744,0
20120417,32.197,32.473,32.159,32.437,4606,0
20120418,32.177,32.283,32.177,32.283,336,0
20120419,32.512,32.512,32.389,32.389,574,0
20120420,32.36,32.36,32.321,32.341,1756,0
20120423,31.602,31.87,31.602,31.852,25370,0
20120424,31.995,32.082,31.928,31.967,3453,0
20120425,32.234,32.399,32.234,32.399,1253,0
20120426,32.437,32.705,32.437,32.705,2988,0
20120427,32.638,32.762,32.638,32.687,5169,0
20120430,32.715,32.715,32.598,32.696,3465,0
20120501,32.926,33.117,32.819,32.829,7228,0
20120502,32.743,32.79,32.743,32.79,879,0
20120503,32.522,32.541,32.341,32.35,5566,0
20120504,32.111,32.111,31.852,31.852,1310,0
20120507,31.794,31.938,31.728,31.938,3547,0
20120508,31.64,31.728,31.382,31.728,5663,0
20120509,31.201,31.794,31.201,31.689,13316,0
20120510,31.699,31.899,31.631,31.631,7014,0
20120511,29.993,31.86,29.993,31.814,4554,0
20120514,31.239,31.382,31.239,31.372,4894,0
20120515,31.324,31.324,30.98,31.037,5557,0
20120516,31.162,31.162,30.884,30.923,1684,0
20120517,30.663,30.663,30.232,30.232,1525,0
20120518,30.309,30.309,29.848,29.848,857,0
20120521,29.905,30.184,29.905,30.184,3732,0
20120522,30.606,30.606,30.606,30.606,101,0
20120523,30.232,30.51,30.164,30.51,3656,0
20120524,30.559,30.616,30.5,30.5,2255,0
20120525,30.682,30.682,30.587,30.596,7427,0
20120529,30.835,30.923,30.835,30.923,514,0
20120530,30.432,30.432,30.432,30.432,677,0
20120531,30.269,30.471,30.269,30.289,4071,0
20120601,29.834,29.863,29.516,29.603,42347,0
20120604,29.13,29.416,29.11,29.321,67589,0
20120605,29.372,29.727,29.372,29.69,9486,0
20120606,30.335,30.335,30.19,30.325,7372,0
20120607,30.614,30.614,30.219,30.238,20691,0
20120608,30.325,30.547,30.325,30.547,2280,0
20120611,30.491,30.491,30.117,30.135,7616,0
20120612,30.131,30.17,30.113,30.17,747,0
20120613,30.17,30.199,29.91,29.91,6637,0
20120614,30.174,30.346,30.107,30.309,2393,0
20120615,30.498,30.623,30.498,30.623,328,0
20120618,30.518,30.738,30.518,30.738,522,0
20120619,31.047,31.104,31.047,31.104,606,0
20120620,31.037,31.133,30.941,30.941,2557,0
20120621,30.373,30.922,30.287,30.287,15145,0
20120622,30.44,30.498,30.287,30.498,2598,0
20120625,29.872,29.901,29.853,29.872,2598,0
20120626,30.075,30.18,29.998,30.18,4020,0
20120627,30.41,30.41,30.41,30.41,248,0
20120628,30.363,30.363,30.113,30.113,1808,0
20120629,31.051,31.207,31.051,31.207,884,0
20120702,31.452,31.452,31.287,31.287,5090,0
20120703,31.481,31.827,31.481,31.827,3748,0
20120705,31.759,31.884,31.759,31.808,81833,0
20120706,31.442,31.442,31.231,31.413,43730,0
20120709,31.364,31.364,31.133,31.231,2234,0
20120710,31.374,31.374,31.133,31.133,856,0
20120711,30.893,30.893,30.729,30.729,775,0
20120712,30.623,30.623,30.623,30.623,101,0
20120713,31.047,31.056,31.047,31.056,2899,0
20120716,31.056,31.056,31.008,31.008,934,0
20120717,31.239,31.239,31.231,31.231,4344,0
20120718,31.109,31.488,31.109,31.488,1450,0
20120719,31.51,31.604,31.432,31.52,3324,0
20120720,31.364,31.364,31.364,31.364,311,0
20120723,30.642,30.807,30.642,30.777,946,0
20120724,30.897,30.897,30.24,30.461,4281,0
20120725,30.402,30.557,30.353,30.498,2990,0
20120726,30.777,30.777,30.777,30.777,579,0
20120727,31.277,31.557,31.277,31.557,1353,0
20120731,31.545,31.545,31.409,31.409,504,0
20120801,31.383,31.383,31.095,31.345,19303,0
20120802,30.508,31.153,30.508,30.787,49481,0
20120803,31.565,31.565,31.565,31.565,103,0
20120806,31.692,31.817,31.672,31.682,1444,0
20120807,31.932,32.038,31.932,32.038,1172,0
20120808,32.136,32.144,32.009,32.067,1871,0
20120809,32.192,32.192,32.126,32.126,917,0
20120810,32.019,32.249,32.019,32.249,2649,0
20120813,32.087,32.087,31.991,31.991,331,0
20120814,32.154,32.221,32.116,32.173,6484,0
20120815,32.192,32.249,32.192,32.231,998,0
20120816,32.395,32.499,32.347,32.347,2588,0
20120817,32.415,32.462,32.415,32.462,642,0
20120820,32.347,32.347,32.347,32.347,221,0
20120821,32.684,32.684,32.425,32.48,3285,0
20120822,32.386,32.415,32.298,32.298,1028,0
20120823,32.154,32.249,32.048,32.182,2822,0
20120824,32.067,32.136,32.067,32.067,424,0
20120827,32.182,32.386,32.154,32.288,2525,0
20120828,32.163,32.221,32.163,32.202,1311,0
20120829,32.366,32.405,32.366,32.366,10894,0
20120830,32.019,32.106,31.884,32.087,4175,0
20120831,32.172,32.259,32.126,32.24,3816,0
20120904,32.163,32.396,31.999,32.357,5968,0
20120905,32.231,32.338,32.221,32.338,2822,0
20120906,32.928,32.946,32.869,32.869,3294,0
20120907,33.14,33.14,33.14,33.14,117,0
20120911,33.107,33.145,33.107,33.145,831,0
20120912,33.183,33.319,33.183,33.281,3373,0
20120913,33.713,33.722,33.521,33.713,4339,0
20120914,32.481,33.961,32.481,33.961,544,0
20120917,33.886,33.954,33.742,33.761,56612,0
20120918,33.623,33.681,33.594,33.614,6182,0
20120919,33.709,33.797,33.652,33.778,18788,0
20120920,33.661,33.661,33.448,33.566,7001,0
20120921,33.817,33.817,33.691,33.691,938,0
20120924,33.478,33.517,33.439,33.468,1927,0
20120925,33.082,33.082,33.082,33.082,671,0
20120926,32.849,32.937,32.733,32.82,8046,0
20120927,32.956,33.14,32.849,33.12,2319,0
20121001,33.227,33.333,33.227,33.333,330,0
20121002,33.169,33.188,33.11,33.188,1441,0
20121003,33.236,33.236,33.12,33.169,5964,0
20121004,33.41,33.497,33.392,33.497,11561,0
20121005,33.439,33.448,33.429,33.448,6506,0
20121008,33.401,33.488,33.401,33.448,3025,0
20121009,33.468,33.468,33.072,33.072,21023,0
20121010,32.869,32.869,32.869,32.869,115,0
20121011,33.227,33.227,33.12,33.169,3349,0
20121012,32.966,33.004,32.859,32.859,417,0
20121015,32.908,33.197,32.908,33.197,1022,0
20121016,33.197,33.566,33.197,33.566,7310,0
20121017,33.546,33.739,33.546,33.739,412,0
20121018,33.739,33.884,29.969,33.807,32212,0
20121019,33.681,33.681,33.217,33.217,15037,0
20121022,33.207,33.275,32.937,33.033,53556,0
20121023,32.753,32.81,32.598,32.81,12898,0
20121024,32.83,32.918,32.667,32.667,4497,0
20121025,32.82,32.82,32.677,32.677,318,0
20121026,32.705,32.733,32.481,32.733,15498,0
20121031,32.743,32.82,32.696,32.733,3271,0
20121101,33.266,33.323,33.266,33.323,1828,0
20121102,33.448,33.448,33.004,33.014,17477,0
20121105,32.918,33.178,32.879,33.178,28340,0
20121106,33.246,33.497,33.246,33.488,1181,0
20121107,32.908,33.178,32.589,32.733,5839,0
20121108,32.569,32.569,32.298,32.298,1154,0
20121109,32.579,32.579,32.377,32.377,375,0
20121112,32.25,32.425,32.163,32.259,75718,0
20121113,32.434,32.434,32.367,32.377,3926,0
20121114,32.298,32.298,31.709,31.709,419,0
20121115,31.7,31.7,31.535,31.67,1530,0
20121116,31.69,31.951,31.69,31.902,724,0
20121119,32.416,32.454,32.308,32.444,19260,0
20121120,32.425,32.463,32.289,32.463,2210,0
20121121,32.425,32.618,32.425,32.618,1385,0
20121123,32.781,32.781,32.781,32.781,209,0
20121126,32.995,32.995,32.889,32.928,1512,0
20121127,32.898,33.053,32.879,32.946,4162,0
20121128,32.657,33.072,32.501,33.072,949,0
20121129,33.275,33.372,33.246,33.362,12256,0
20121130,33.429,33.429,33.275,33.333,5210,0
20121203,33.439,33.536,33.188,33.294,20011,0
20121205,33.401,33.419,33.13,33.419,5989,0
20121206,33.353,33.439,33.323,33.429,16616,0
20121207,33.575,33.575,33.575,33.575,101,0
20121210,33.681,33.681,33.681,33.681,498,0
20121211,33.961,33.961,33.778,33.778,4613,0
20121212,34.009,34.009,33.981,33.981,1334,0
20121213,33.797,33.797,33.681,33.681,737,0
20121214,33.758,33.758,33.758,33.758,2070,0
20121217,33.691,33.893,33.691,33.893,7452,0
20121218,34.164,34.281,34.164,34.281,358,0
20121219,34.232,34.426,34.232,34.281,4395,0
20121220,34.261,34.454,34.261,34.454,8573,0
20121221,34.111,34.208,33.965,34.208,9326,0
20121224,33.994,34.043,33.994,34.043,2263,0
20121226,34.023,34.14,33.869,33.896,94746,0
20121227,33.859,33.877,33.517,33.76,10559,0
20121228,33.673,33.906,33.585,33.585,2209,0
20121231,33.373,33.627,33.373,33.598,1792,0
20130102,34.733,34.899,34.636,34.899,19285,0
20130103,34.87,35.103,34.86,34.89,54740,0
20130104,35.045,35.24,35.045,35.201,37089,0
20130107,35.113,35.172,34.977,35.083,7669,0
20130108,34.948,34.948,34.948,34.948,150,0
20130109,35.074,35.123,35.065,35.093,28928,0
20130110,35.201,35.289,35.074,35.259,2802,0
20130111,35.211,35.211,35.201,35.201,461,0
20130114,35.269,35.269,35.182,35.231,4598,0
20130115,35.269,35.425,35.269,35.415,2216,0
20130116,35.376,35.454,35.366,35.434,4992,0
20130117,35.628,35.804,35.599,35.727,16714,0
20130118,35.697,35.872,35.638,35.872,13446,0
20130122,35.862,36.067,35.766,36.047,10791,0
20130123,36.009,36.018,35.93,36.018,1849,0
20130124,36.271,36.271,36.126,36.203,2544,0
20130125,36.33,36.494,36.31,36.438,3867,0
20130128,36.504,36.592,36.271,36.418,26605,0
20130129,36.31,36.494,36.31,36.494,50370,0
20130130,36.523,36.523,36.29,36.32,27937,0
20130131,36.297,36.425,36.287,36.366,16167,0
20130201,36.563,36.835,36.563,36.719,20725,0
20130204,36.701,38.919,36.399,36.458,4882,0
20130205,36.651,36.786,36.553,36.602,18658,0
20130206,36.573,36.729,36.573,36.729,2167,0
20130207,36.573,36.777,36.494,36.651,12683,0
20130208,36.953,36.953,36.855,36.875,2189,0
20130211,36.924,36.924,36.816,36.816,447,0
20130212,37.021,37.021,36.972,36.982,738,0
20130213,37.079,37.147,36.924,36.924,2349,0
20130214,37.088,37.098,37.088,37.098,208,0
20130215,37.195,37.195,36.982,37.04,1417,0
20130219,37.098,37.381,37.031,37.371,11198,0
20130220,37.157,37.167,36.729,36.729,1364,0
20130221,36.339,36.339,36.223,36.31,2582,0
20130222,36.612,36.749,36.533,36.701,4285,0
20130225,36.944,36.944,36.339,36.339,3706,0
20130226,36.183,36.359,35.999,36.271,5626,0
20130227,36.758,36.875,36.719,36.835,4756,0
20130228,36.858,36.928,36.819,36.928,2040,0
20130301,36.784,36.784,36.718,36.784,2324,0
20130304,36.806,36.884,36.796,36.816,2048,0
20130305,37.313,37.323,36.99,37.313,1463,0
20130306,37.468,37.468,37.303,37.381,3016,0
20130307,37.458,37.556,37.4,37.537,4253,0
20130308,37.527,37.79,37.527,37.711,4294,0
20130311,37.711,37.868,37.644,37.868,4136,0
20130313,37.693,37.956,37.693,37.936,7090,0
20130314,38.034,38.151,38.014,38.141,2182,0
20130315,38.141,38.199,38.053,38.063,1827,0
20130318,37.916,38.014,37.78,37.926,1160,0
20130319,37.976,38.053,37.683,37.81,4350,0
20130320,38.034,38.191,38.014,38.191,3516,0
20130321,37.899,37.936,37.879,37.899,54728,0
20130322,37.966,37.966,37.889,37.946,1142,0
20130325,38.141,38.209,37.751,37.899,8229,0
20130326,38.053,38.073,37.936,38.024,2512,0
20130327,37.966,38.151,37.83,38.141,32748,0
20130328,38.141,38.346,38.113,38.327,3863,0
20130401,38.053,38.395,38.005,38.113,4587,0
20130402,38.229,38.278,38.005,38.024,15283,0
20130403,38.053,38.123,37.487,37.487,6391,0
20130404,37.693,37.693,37.576,37.606,7065,0
20130405,37.419,37.701,37.283,37.701,8529,0
20130408,37.616,37.966,37.606,37.966,14509,0
20130409,38.014,38.044,37.995,37.995,1275,0
20130410,38.298,38.61,38.298,38.591,2019,0
20130411,38.61,38.805,38.61,38.707,12147,0
20130412,38.591,38.591,38.424,38.552,51714,0
20130415,38.199,38.424,37.468,37.576,19441,0
20130416,37.644,37.869,37.624,37.869,6661,0
20130417,37.81,37.81,37.263,37.313,1029,0
20130418,37.381,37.381,37.097,37.214,8974,0
20130419,37.409,37.644,37.126,37.458,13212,0
20130422,37.4,37.82,37.391,37.82,6447,0
20130423,38.024,38.191,37.634,38.093,6613,0
20130424,38.229,38.259,38.219,38.259,1024,0
20130425,38.492,38.698,38.366,38.658,4201,0
20130426,38.591,38.591,38.288,38.414,1156,0
20130429,38.492,38.707,38.492,38.698,2743,0
20130430,38.68,38.768,38.583,38.768,2299,0
20130501,38.601,38.61,38.269,38.269,2481,0
20130502,38.444,38.678,38.444,38.658,6504,0
20130503,39.097,39.186,38.932,39.136,2341,0
20130506,39.107,39.215,39.059,39.215,5290,0
20130507,39.38,39.548,39.293,39.419,112724,0
20130508,39.575,39.673,39.518,39.605,2210,0
20130509,39.605,39.712,39.528,39.595,6216,0
20130510,39.633,39.79,39.518,39.79,5908,0
20130513,39.673,39.84,39.663,39.712,8058,0
20130514,39.898,40.209,39.898,40.181,14980,0
20130515,40.103,40.445,40.103,40.445,2822,0
20130516,40.259,40.259,40.162,40.162,838,0
20130517,40.287,40.541,40.287,40.474,4918,0
20130520,40.61,40.757,40.58,40.659,20715,0
20130521,40.689,40.824,40.58,40.718,2777,0
20130522,40.767,40.873,40.201,40.201,3173,0
20130523,39.888,40.093,39.762,40.044,6552,0
20130524,39.742,39.966,39.742,39.85,63896,0
20130528,40.307,40.531,40.083,40.229,3415,0
20130529,40.002,40.002,39.698,39.698,456,0
20130530,40.103,40.191,40.103,40.191,8004,0
20130531,40.063,40.112,39.866,39.866,3585,0
20130603,39.712,39.79,39.303,39.615,5271,0
20130604,39.659,39.787,39.365,39.365,2774,0
20130605,39.248,39.345,38.856,38.974,8706,0
20130606,39.062,39.199,38.739,39.199,61317,0
20130607,39.444,39.748,39.444,39.748,7279,0
20130610,39.84,39.84,39.683,39.683,3686,0
20130611,39.189,39.552,39.189,39.326,5169,0
20130612,39.556,39.556,39.059,39.059,2704,0
20130613,39.05,39.528,39.05,39.528,2677,0
20130614,39.6,39.748,39.464,39.57,1478,0
20130617,39.878,39.878,39.615,39.762,640,0
20130618,39.884,40.012,39.884,40.002,2358,0
20130619,40.08,40.08,39.59,39.6,4480,0
20130620,38.719,38.749,38.465,38.475,6764,0
20130621,38.68,38.846,38.229,38.533,1978,0
20130624,37.838,38.112,37.729,38.112,3562,0
20130625,38.289,38.475,38.151,38.475,2605,0
20130626,38.749,38.934,38.699,38.905,31951,0
20130627,39.209,39.258,39.16,39.248,3133,0
20130628,39.081,39.239,39.013,39.239,10509,0
20130701,39.297,39.639,39.297,39.404,74874,0
20130702,39.552,39.561,39.219,39.384,10890,0
20130703,39.209,39.424,39.199,39.414,1771,0
20130705,39.58,39.59,39.424,39.561,2136,0
20130708,39.904,39.982,39.787,39.856,21759,0
20130709,40.15,40.295,40.002,40.285,7771,0
20130710,40.188,40.315,40.168,40.237,63172,0
20130711,40.718,40.863,40.718,40.737,1737,0
20130712,40.863,40.962,40.834,40.942,1702,0
20130715,41.098,41.128,40.981,41.128,3595,0
20130716,41.06,41.128,40.863,40.903,6043,0
20130717,41.07,41.118,40.981,41.118,5244,0
20130718,41.275,41.441,41.265,41.412,6367,0
20130719,41.265,41.47,41.255,41.45,9843,0
20130722,41.51,41.638,41.51,41.52,3480,0
20130723,41.589,41.589,41.569,41.569,3865,0
20130724,41.305,41.402,41.187,41.197,2546,0
20130725,41.295,41.383,41.285,41.383,1119,0
20130726,41.265,41.334,41.197,41.334,1456,0
20130729,41.325,41.325,41.275,41.275,367,0
20130730,41.334,41.441,41.305,41.315,5294,0
20130731,41.48,41.705,41.47,41.51,12734,0
20130801,42.018,42.147,41.99,42.127,21819,0
20130802,42.137,42.166,42.038,42.117,4110,0
20130805,42.028,42.186,42.009,42.176,2848,0
20130806,41.863,41.903,41.833,41.833,2764,0
20130807,41.539,41.677,41.539,41.628,2688,0
20130808,41.873,41.912,41.734,41.912,4525,0
20130809,41.814,41.97,41.814,41.97,1385,0
20130812,41.833,41.883,41.774,41.823,15060,0
20130813,41.96,41.96,41.677,41.912,3732,0
20130814,41.715,41.754,41.705,41.715,1824,0
20130815,41.187,41.226,41.001,41.011,2929,0
20130816,41.07,41.108,40.893,40.913,47488,0
20130819,40.903,40.903,40.728,40.728,3779,0
20130820,40.639,41.05,40.639,40.971,4169,0
20130821,40.883,40.962,40.698,40.698,7213,0
20130822,40.913,41.197,40.843,41.197,1130,0
20130823,41.157,41.325,41.031,41.325,5941,0
20130826,41.441,41.45,41.295,41.305,1614,0
20130827,40.863,40.893,40.463,40.463,3619,0
20130828,40.5,40.708,40.463,40.599,1520,0
20130829,40.569,40.824,40.559,40.746,2251,0
20130830,40.51,40.54,40.51,40.54,227,0
20130903,40.328,40.818,40.328,40.417,1350,0
20130904,40.672,40.957,40.672,40.957,2280,0
20130905,41.046,41.103,40.996,41.066,2793,0
20130906,41.379,41.389,41.153,41.291,2629,0
20130909,41.325,41.628,41.325,41.609,8034,0
20130910,41.762,41.851,41.762,41.811,2463,0
20130911,41.931,41.99,41.814,41.99,1176,0
20130912,41.94,42.009,41.921,41.96,2430,0
20130913,41.911,41.948,41.851,41.901,52987,0
20130916,42.303,42.391,42.264,42.264,44102,0
20130917,42.283,42.46,42.283,42.46,1370,0
20130918,42.362,42.96,42.273,42.862,22137,0
20130919,42.97,42.97,42.785,42.785,1553,0
20130920,42.735,42.735,42.519,42.548,2157,0
20130923,42.381,42.47,42.195,42.372,2818,0
20130924,42.253,42.568,42.126,42.313,8175,0
20130925,42.322,42.39,42.322,42.342,1242,0
20130926,42.372,42.558,42.362,42.362,2472,0
20130927,42.233,42.322,42.233,42.303,1937,0
20130930,43.197,43.197,41.948,42.027,6547,0
20131001,42.43,42.646,42.39,42.538,705,0
20131002,43.541,43.541,42.243,42.5,3706,0
20131003,42.5,42.5,42.155,42.273,2927,0
20131004,42.548,42.608,42.51,42.608,794,0
20131007,42.243,42.42,42.243,42.293,5489,0
20131008,42.126,42.195,41.674,41.674,8436,0
20131009,41.596,41.596,41.398,41.536,2147,0
20131010,41.772,42.322,41.772,42.322,320,0
20131011,41.664,42.41,41.664,42.41,1058,0
20131014,42.5,42.5,42.5,42.5,100,0
20131015,42.626,42.656,42.44,42.538,1064,0
20131016,42.872,43.05,42.872,42.902,13936,0
20131017,43.295,43.462,43.295,43.462,1790,0
20131018,43.599,43.697,43.462,43.697,5074,0
20131021,43.727,43.757,43.599,43.707,11131,0
20131022,44.012,44.012,43.904,43.944,2019,0
20131023,43.845,43.845,43.659,43.777,7076,0
20131024,43.757,43.806,43.687,43.806,2064,0
20131025,43.924,43.992,43.894,43.992,1127,0
20131028,44.15,44.15,43.962,44.071,2488,0
20131029,44.179,44.179,44.16,44.179,729,0
20131030,44.415,44.425,44.081,44.081,2126,0
20131031,43.954,44.13,43.777,44.13,2443,0
20131101,44.041,44.041,43.797,43.972,121820,0
20131104,44.081,44.286,44.081,44.229,17767,0
20131105,44.11,44.239,44.11,44.13,1183,0
20131106,44.257,44.326,44.11,44.11,4912,0
20131107,44.091,44.229,43.502,43.502,5411,0
20131108,43.432,43.924,43.432,43.924,8396,0
20131111,44.041,44.071,43.944,44.071,4714,0
20131112,43.982,43.982,43.825,43.914,3344,0
20131113,43.992,44.356,43.992,44.356,1075,0
20131114,44.415,44.513,44.405,44.513,1998,0
20131115,44.581,44.74,44.571,44.73,6380,0
20131118,44.896,44.896,44.405,44.405,6921,0
20131119,44.356,44.455,44.356,44.356,1573,0
20131120,44.326,44.326,44.081,44.081,1382,0
20131121,44.199,44.513,44.199,44.494,44420,0
20131122,44.474,44.474,44.465,44.465,336,0
20131125,44.621,44.621,44.366,44.366,4520,0
20131126,44.484,44.551,44.376,44.484,1609,0
20131127,44.561,44.591,44.532,44.591,2215,0
20131129,44.356,44.631,44.356,44.581,319,0
20131202,44.561,44.631,44.474,44.611,1282,0
20131203,44.435,44.435,44.229,44.229,771,0
20131204,44.239,44.366,44.012,44.276,4520,0
20131205,44.15,44.229,44.15,44.229,4685,0
20131206,44.591,44.631,44.561,44.621,1162,0
20131209,45.014,45.014,44.591,44.611,4071,0
20131210,44.601,44.69,44.541,44.601,2728,0
20131211,44.541,44.541,43.972,44.032,3548,0
20131212,43.924,43.954,43.727,43.874,3006,0
20131213,43.904,43.992,43.904,43.924,2415,0
20131216,44.179,44.296,44.179,44.229,5630,0
20131217,44.091,44.326,44.091,44.306,6350,0
20131218,44.267,44.749,44.169,44.749,6075,0
20131219,44.651,44.7,44.591,44.661,3562,0
20131220,45.046,45.134,44.672,45.105,7974,0
20131223,45.322,45.42,45.312,45.312,2695,0
20131224,45.42,45.548,45.42,45.548,4590,0
20131226,45.608,45.648,45.469,45.648,3623,0
20131227,45.834,45.834,45.658,45.715,3891,0
20131230,45.735,45.745,45.648,45.725,2913,0
20131231,45.844,45.904,45.804,45.864,5778,0
20140102,45.804,45.804,45.322,45.41,10152,0
20140103,45.648,45.648,45.44,45.479,4698,0
20140106,45.658,45.658,45.223,45.372,3496,0
20140107,45.479,45.678,45.479,45.499,6934,0
20140108,45.678,45.705,45.598,45.668,3470,0
20140109,45.864,45.904,45.618,45.705,4992,0
20140110,45.973,45.992,45.854,45.904,6841,0
20140113,46.041,46.051,45.362,45.362,2434,0
20140114,45.638,45.943,45.638,45.924,3597,0
20140115,46.189,46.219,46.09,46.09,3294,0
20140116,46.179,46.239,46.1,46.189,5002,0
20140117,46.219,46.219,46.061,46.061,3087,0
20140121,46.318,46.318,45.894,46.15,8411,0
20140122,46.337,46.425,46.318,46.425,1421,0
20140123,46.249,46.249,45.834,45.914,1495,0
20140124,45.795,45.795,45.134,45.184,1752,0
20140127,45.016,45.016,44.484,44.986,6811,0
20140128,45.086,45.105,44.948,45.086,4168,0
20140129,46.909,46.909,44.612,44.612,3912,0
20140130,46.11,46.11,45.016,45.302,7165,0
20140131,45.066,45.174,45.066,45.066,4183,0
20140203,44.405,44.484,43.775,43.775,16360,0
20140204,43.882,44.276,43.824,44.208,11277,0
20140205,44.031,44.218,43.814,44.198,2582,0
20140206,44.513,44.75,44.513,44.721,3459,0
20140207,45.026,45.144,44.848,45.124,56068,0
20140210,45.144,45.352,45.144,45.282,8660,0
20140211,45.509,45.884,45.45,45.884,16135,0
20140212,45.914,46.031,45.884,45.943,4055,0
20140213,45.982,46.386,45.982,46.209,6368,0
20140214,46.376,46.495,46.357,46.495,3845,0
20140218,46.701,46.831,46.633,46.801,5719,0
20140219,46.731,46.947,46.633,46.633,8901,0
20140220,46.554,46.987,46.554,46.987,6558,0
20140221,47.077,47.107,47.007,47.047,2950,0
20140224,47.067,47.471,47.067,47.175,5165,0
20140225,47.126,47.343,47.116,47.253,3301,0
20140226,47.185,47.441,47.155,47.253,6173,0
20140227,47.273,47.471,47.195,47.461,1765,0
20140228,47.49,47.776,47.49,47.688,3133,0
20140303,47.116,47.362,47.116,47.243,5288,0
20140304,47.717,47.984,47.717,47.984,3008,0
20140305,48.003,48.003,47.747,47.747,1564,0
20140306,48.042,48.061,47.835,47.835,3822,0
20140307,47.954,47.954,47.678,47.855,3517,0
20140310,47.786,47.786,47.421,47.638,4596,0
20140311,47.816,47.816,47.53,47.53,7827,0
20140312,47.185,47.461,47.145,47.461,5310,0
20140313,47.658,47.658,46.821,46.821,3487,0
20140314,47.214,47.224,47.067,47.195,10673,0
20140317,47.53,47.53,47.372,47.461,2655,0
20140318,47.588,47.894,47.588,47.894,2894,0
20140319,47.757,47.894,47.461,47.559,7784,0
20140320,47.481,47.638,47.263,47.608,3255,0
20140321,47.826,47.925,47.618,47.618,2746,0
20140324,47.608,47.618,47.085,47.262,4130,0
20140325,47.52,47.618,47.124,47.351,7591,0
20140326,47.48,47.559,47.035,47.035,5157,0
20140327,46.62,46.985,46.62,46.916,11255,0
20140328,47.163,47.381,47.045,47.213,3624,0
20140331,47.559,47.717,47.559,47.707,28002,0
20140401,47.945,47.985,47.777,47.955,4369,0
20140402,48.123,48.29,48.014,48.29,9865,0
20140403,48.37,48.37,47.985,48.163,5830,0
20140404,48.252,48.43,47.569,47.579,5306,0
20140407,47.282,47.282,46.678,46.778,8342,0
20140408,46.935,47.173,46.6,47.173,15138,0
20140409,47.252,47.648,47.124,47.49,5407,0
20140410,47.5,47.668,46.768,46.788,32958,0
20140411,46.638,46.638,46.055,46.244,11018,0
20140414,46.322,46.62,46.322,46.322,4052,0
20140415,46.57,46.808,46.025,46.808,44501,0
20140416,46.985,47.223,46.985,47.105,8771,0
20140417,47.47,47.49,47.252,47.47,105429,0
20140421,47.391,47.53,47.312,47.44,3356,0
20140422,47.638,47.925,47.638,47.807,5890,0
20140423,47.836,47.875,47.757,47.807,3850,0
20140424,47.895,47.895,47.55,47.678,15544,0
20140425,47.688,47.688,47.163,47.262,7160,0
20140428,47.45,47.45,46.698,47.243,11200,0
20140429,47.5,47.52,47.302,47.47,2009,0
20140430,47.43,47.688,47.342,47.688,10628,0
20140501,47.618,47.945,47.618,47.816,6298,0
20140502,47.767,47.807,47.757,47.807,9437,0
20140505,47.648,47.648,47.648,47.648,547,0
20140506,47.678,47.816,47.45,47.48,24704,0
20140507,47.48,47.55,47.055,47.44,5479,0
20140508,47.598,47.895,47.292,47.42,6584,0
20140509,47.381,47.401,47.371,47.391,3466,0
20140512,47.994,48.044,47.836,48.044,15325,0
20140513,48.182,48.182,47.925,47.925,12817,0
20140514,48.024,48.024,47.787,47.787,7407,0
20140515,47.391,47.391,47.015,47.332,3215,0
20140516,47.411,47.411,47.351,47.351,2122,0
20140519,47.618,47.826,47.618,47.668,4010,0
20140520,47.668,47.668,47.262,47.262,6126,0
20140521,47.608,47.678,47.47,47.668,14725,0
20140522,47.807,47.875,47.807,47.836,2776,0
20140523,47.955,48.053,47.885,48.053,1530,0
20140527,48.35,48.38,48.202,48.29,15480,0
20140528,48.272,48.41,48.272,48.34,16530,0
20140529,48.45,48.597,48.32,48.597,11826,0
20140530,48.587,48.607,48.41,48.538,1132,0
20140602,48.667,48.687,48.519,48.667,4130,0
20140603,48.479,48.727,48.479,48.577,2525,0
20140604,48.607,48.934,48.548,48.864,6441,0
20140605,48.737,49.221,48.737,49.221,3036,0
20140606,49.38,49.409,49.37,49.409,2027,0
20140609,49.517,49.577,49.458,49.517,2917,0
20140610,49.31,49.468,49.221,49.438,168627,0
20140611,49.221,49.399,49.151,49.399,16935,0
20140612,49.26,49.27,48.984,48.984,5365,0
20140613,49.132,49.31,49.132,49.3,30748,0
20140616,49.3,49.458,49.26,49.419,5847,0
20140617,49.33,49.794,49.33,49.794,50787,0
20140618,49.527,49.953,49.527,49.953,5082,0
20140619,49.914,50.131,49.914,49.993,192384,0
20140620,50.165,50.254,50.145,50.145,6974,0
20140623,50.224,50.373,50.105,50.184,4539,0
20140624,50.304,50.373,49.847,49.857,23555,0
20140625,49.946,50.125,49.787,50.105,22564,0
20140626,49.956,50.035,49.747,50.035,7493,0
20140627,50.045,50.254,49.996,50.254,12463,0
20140630,50.244,50.413,50.234,50.413,4563,0
20140701,50.432,50.77,50.432,50.65,16684,0
20140702,50.68,50.68,50.432,50.502,9974,0
20140703,50.69,50.73,50.502,50.72,7783,0
20140707,50.562,50.562,50.323,50.353,4294,0
20140708,49.956,49.956,49.927,49.946,1590,0
20140709,50.015,50.165,49.996,50.155,5722,0
20140710,49.747,50.095,49.469,49.917,17100,0
20140711,49.946,49.946,49.767,49.917,33127,0
20140714,50.194,50.194,50.045,50.045,12547,0
20140715,50.045,50.045,49.679,49.817,4461,0
20140716,50.015,50.125,49.817,49.907,6994,0
20140717,49.787,49.976,49.629,49.669,21158,0
20140718,48.586,49.927,48.586,49.927,7504,0
20140721,49.679,49.807,49.579,49.777,9472,0
20140722,50.155,50.155,50.025,50.045,5466,0
20140723,49.996,50.075,49.847,49.996,32986,0
20140724,50.065,50.155,50.045,50.145,4900,0
20140725,50.294,50.442,49.747,49.887,14999,0
20140728,50.115,50.393,49.519,49.777,10593,0
20140729,50.006,50.045,49.679,49.679,5467,0
20140730,49.827,49.827,49.46,49.539,3612,0
20140731,49.212,49.212,48.546,48.716,56711,0
20140801,48.874,48.874,48.328,48.546,9023,0
20140804,48.526,48.746,48.438,48.716,6066,0
20140805,48.656,48.804,48.328,48.468,4340,0
20140806,48.11,48.576,48.11,48.458,6921,0
20140807,48.556,48.556,48.14,48.199,3146,0
20140808,48.288,48.756,48.16,48.756,8059,0
20140811,48.974,49.063,48.934,49.013,1202,0
20140812,48.944,48.944,48.756,48.834,15173,0
20140813,48.884,49.152,48.834,49.083,4809,0
20140814,49.212,49.351,49.192,49.281,13712,0
20140815,49.241,49.361,49.102,49.341,2339,0
20140818,49.619,49.817,49.619,49.757,1779,0
20140819,50.065,50.105,49.956,50.085,5360,0
20140820,49.966,50.254,49.966,50.244,12471,0
20140821,50.105,50.304,50.105,50.304,3741,0
20140822,50.284,50.333,50.025,50.244,7337,0
20140825,50.562,50.562,50.452,50.482,13130,0
20140826,50.631,50.631,50.572,50.572,2472,0
20140827,50.562,50.612,50.502,50.582,3464,0
20140828,50.472,50.582,50.472,50.582,10329,0
20140829,50.68,50.8,50.542,50.8,2172,0
20140902,51.058,51.058,50.66,50.83,9156,0
20140903,51.068,51.068,50.74,50.82,4556,0
20140904,50.77,51.018,50.77,50.889,3152,0
20140905,50.76,50.83,50.75,50.81,1015,0
20140908,50.7,50.889,50.552,50.67,11161,0
20140909,50.542,50.562,50.343,50.413,2398,0
20140910,50.304,50.452,50.214,50.452,2249,0
20140911,50.512,50.66,50.383,50.66,4927,0
20140912,50.403,50.403,50.224,50.284,1528,0
20140915,50.145,50.145,49.966,50.125,11530,0
20140916,50.472,50.492,50.442,50.442,1767,0
20140917,50.472,50.67,50.383,50.383,3612,0
20140918,50.542,50.562,50.432,50.542,3662,0
20140919,50.626,50.626,50.257,50.377,1916,0
20140922,50.257,50.257,49.739,49.749,1819,0
20140923,49.769,49.879,49.461,49.461,2071,0
20140924,49.59,49.859,49.59,49.859,1493,0
20140925,49.202,49.202,49.072,49.072,9176,0
20140926,49.092,49.421,49.002,49.421,2259,0
20140929,49.062,49.291,49.062,49.291,3721,0
20140930,49.241,49.451,48.933,49.102,3009,0
20141001,48.704,48.933,48.395,48.395,25370,0
20141002,48.425,48.475,47.937,48.475,2784,0
20141003,48.734,48.903,48.704,48.754,20996,0
20141006,48.813,49.072,48.515,48.823,18728,0
20141007,48.485,48.604,48.146,48.146,12173,0
20141008,48.047,48.684,47.718,48.684,5372,0
20141009,48.674,48.674,47.519,47.598,14252,0
20141010,47.489,47.489,45.179,46.862,120654,0
20141013,46.633,46.812,45.896,45.896,6038,0
20141014,46.274,46.692,46.164,46.394,31984,0
20141015,45.507,46.264,45.009,46.264,45617,0
20141016,45.657,46.553,45.547,46.453,606915,0
20141017,46.802,47.33,46.652,46.891,10948,0
20141020,47.001,47.449,46.891,47.429,12603,0
20141021,47.817,48.495,47.688,48.395,12371,0
20141022,48.455,48.783,47.917,47.947,12424,0
20141023,48.534,48.953,48.534,48.664,3716,0
20141024,48.475,48.823,48.395,48.823,1603,0
20141027,48.515,48.783,48.315,48.783,17131,0
20141028,48.783,49.451,48.783,49.371,3257,0
20141029,49.47,49.47,48.903,49.072,2177,0
20141030,49.082,49.68,49.082,49.351,5471,0
20141031,49.899,50.217,49.899,50.217,8154,0
20141103,50.317,50.456,50.068,50.177,5321,0
20141104,49.739,50.048,49.739,49.879,4260,0
20141105,49.809,50.088,49.809,50.048,6048,0
20141106,50.187,50.377,50.048,50.337,8565,0
20141107,50.416,50.646,50.237,50.576,13451,0
20141110,50.636,50.665,50.426,50.596,10113,0
20141111,50.436,50.695,50.397,50.436,8623,0
20141112,50.456,50.596,50.347,50.596,5636,0
20141113,50.347,50.675,50.207,50.426,5230,0
20141114,50.187,50.486,50.187,50.466,4781,0
20141117,50.287,50.476,50.267,50.347,7950,0
20141118,50.725,50.805,50.606,50.805,6041,0
20141119,50.616,50.825,50.556,50.675,6249,0
20141120,50.894,50.894,50.835,50.894,1986,0
20141121,51.442,51.442,51.084,51.243,4633,0
20141124,51.402,51.402,51.153,51.333,5030,0
20141125,51.472,51.492,51.143,51.353,10800,0
20141126,51.353,51.432,51.143,51.343,7272,0
20141128,50.914,50.924,50.914,50.914,562,0
20141201,50.566,50.566,50.237,50.327,5106,0
20141202,50.626,50.655,50.516,50.586,3358,0
20141203,50.984,50.984,50.865,50.924,1859,0
20141204,50.885,50.924,50.745,50.795,3308,0
20141205,50.725,50.825,50.715,50.725,4384,0
20141208,50.646,50.855,50.277,50.347,13879,0
20141209,50.068,50.397,49.869,50.347,8781,0
20141210,50.387,50.387,49.47,49.47,6335,0
20141211,49.67,49.67,49.67,49.67,294,0
20141212,49.51,49.51,48.913,48.913,18908,0
20141215,48.475,49.261,48.475,48.744,5715,0
20141216,48.614,48.843,48.385,48.415,2423,0
20141217,48.564,49.251,48.564,49.251,2373,0
20141218,50.168,50.466,50.108,50.357,3672,0
20141219,50.62,50.87,50.56,50.84,12051,0
20141222,50.82,50.82,50.66,50.8,1199,0
20141223,51.15,51.26,51.09,51.11,23298,0
20141224,51.23,51.31,51.16,51.16,1163,0
20141226,51.51,51.53,51.32,51.53,16293,0
20141229,51.63,51.64,51.51,51.51,21002,0
20141230,51.3,51.35,51.16,51.16,4384,0
20141231,51.27,51.27,50.93,50.94,3518,0
20150102,51.05,51.05,50.49,50.76,2990,0
20150105,50.18,50.18,49.62,49.77,2732,0
20150106,49.47,49.47,48.92,49.23,2841,0
20150107,49.69,49.73,49.48,49.59,7223,0
20150108,50.37,50.58,50.37,50.58,5936,0
20150109,50.13,50.47,50.13,50.35,2695,0
20150112,49.65,50.32,49.65,49.77,6020,0
20150113,50.17,50.48,49.29,49.68,4269,0
20150114,49.35,49.38,48.93,48.93,7721,0
20150115,49.77,49.92,49.07,49.07,5565,0
20150116,49,49.54,49,49.54,6049,0
