Date,Open,High,Low,Close,Volume,OpenInt
20120530,25.43,25.43,25.43,25.43,332,0
20120604,24.91,24.91,24.82,24.91,9300,0
20120605,24.79,24.79,24.79,24.79,900,0
20120607,26.05,26.12,26.03,26.08,10202,0
20120612,25.56,25.56,25.56,25.56,400,0
20120613,25.47,25.47,25.47,25.47,300,0
20120620,26.98,26.98,26.98,26.98,200,0
20120621,26.62,26.62,26.62,26.62,544,0
20120622,26.13,26.13,25.94,25.94,1100,0
20120628,25.52,25.52,25.37,25.37,826,0
20120702,26.66,26.66,26.66,26.66,200,0
20120705,26.52,26.52,26.52,26.52,100,0
20120709,26.32,26.32,26.32,26.32,300,0
20120711,26.26,26.26,26.18,26.18,900,0
20120713,26.38,26.38,26.38,26.38,300,0
20120717,26.47,26.47,26.47,26.47,300,0
20120720,26.88,26.88,26.88,26.88,300,0
20120723,26.06,26.06,26.06,26.06,401,0
20120726,26.65,26.65,26.65,26.65,400,0
20120727,26.9,27.14,26.9,27.14,417,0
20120730,26.89,26.89,26.89,26.89,117,0
20120801,26.84,26.84,26.84,26.84,609,0
20120802,26.41,26.41,26.33,26.41,781,0
20120822,28.11,28.11,28.08,28.08,200,0
20120831,28.02,28.21,28.02,28.1,5900,0
20120905,27.93,27.93,27.93,27.93,700,0
20120919,30.3,30.4,30.3,30.4,1249,0
20120920,30.02,30.31,30.02,30.31,400,0
20120924,30.15,30.24,30.15,30.24,453,0
20120927,29.77,29.77,29.77,29.77,186,0
20121009,29.84,29.84,29.84,29.84,126,0
20121011,29.8,29.89,29.79,29.87,29389,0
20121012,29.9,29.9,29.84,29.86,25300,0
20121017,30.53,30.61,30.53,30.61,36000,0
20121019,30.26,30.31,30.25,30.31,29600,0
20121023,29.98,29.98,29.98,29.98,189,0
20121102,30.61,30.61,30.61,30.61,150,0
20121106,30.37,30.46,30.37,30.46,200,0
20121107,30.28,30.28,30.28,30.28,600,0
20121108,30.15,30.16,29.9,29.9,566,0
20121113,29.49,29.49,29.42,29.45,98300,0
20121114,29.21,29.22,29.21,29.22,7500,0
20121115,29.08,29.12,29.08,29.12,29335,0
20121119,29.35,29.35,29.35,29.35,726,0
20121121,29.62,29.62,29.62,29.62,400,0
20121126,29.89,29.99,29.89,29.99,450,0
20121127,30.05,30.05,30.05,30.05,100,0
20121128,29.93,29.94,29.93,29.94,508,0
20121130,30.27,30.27,30.27,30.27,17500,0
20121203,30.36,30.36,30.35,30.35,16535,0
20121205,30.57,30.57,30.57,30.57,16000,0
20121207,30.46,30.59,30.46,30.59,89800,0
20121210,30.45,30.45,30.43,30.43,8300,0
20121211,30.48,30.48,30.47,30.47,4940,0
20121212,30.8,30.8,30.8,30.8,100,0
20121213,30.64,30.64,30.64,30.64,189,0
20121218,30.37,30.64,30.37,30.64,2406,0
20121219,30.79,30.8,30.79,30.79,1927,0
20121220,30.79,30.79,30.79,30.79,2700,0
20121228,30.54,30.55,30.54,30.55,2651,0
20130102,31,31.35,31,31.35,8092,0
20130104,31.19,31.19,31.19,31.19,2443,0
20130107,31.32,31.37,31.32,31.37,3323,0
20130108,31.2,31.2,30.94,30.94,1800,0
20130109,30.97,30.97,30.96,30.96,415,0
20130111,31.53,31.6,31.53,31.6,4833,0
20130115,31.42,31.43,31.37,31.43,7100,0
20130116,31.25,31.3,31.25,31.3,580,0
20130117,31.36,31.36,31.36,31.36,203,0
20130123,31.32,31.32,31.32,31.32,800,0
20130124,31.48,31.48,31.48,31.48,184,0
20130125,31.83,31.83,31.83,31.83,5219,0
20130128,31.62,31.62,31.62,31.62,160,0
20130130,31.5,31.5,31.5,31.5,100,0
20130131,31.7,31.7,31.7,31.7,661,0
20130201,32.05,32.05,31.87,31.91,11116,0
20130204,31.8,31.81,31.8,31.81,1366,0
20130205,31.84,31.84,31.84,31.84,1333,0
20130207,32.31,32.31,31.97,31.97,19785,0
20130211,32.09,32.18,32.09,32.18,4800,0
20130212,32.04,32.39,32.04,32.34,2200,0
20130213,32.51,32.78,32.51,32.59,9494,0
20130214,32.14,32.24,32.14,32.24,3535,0
20130219,32.37,32.37,32.32,32.35,7076,0
20130220,32.31,32.31,32.05,32.07,12100,0
20130221,31.62,31.74,31.57,31.7,7330,0
20130222,31.95,32.13,31.94,32.13,8018,0
20130225,31.74,31.88,31.37,31.37,3832,0
20130226,31.57,31.57,31.57,31.57,119,0
20130227,31.97,31.97,31.97,31.97,200,0
20130228,31.99,32.14,31.99,32.01,3221,0
20130301,31.86,31.89,31.72,31.86,2929,0
20130304,31.69,31.73,31.38,31.38,594,0
20130305,32.52,32.52,32.52,32.52,700,0
20130306,32.57,32.57,32.35,32.46,3031,0
20130307,32.49,32.5,32.43,32.46,4378,0
20130308,32.27,32.27,32.27,32.27,6342,0
20130311,32.2,32.24,32.2,32.24,1164,0
20130312,32.43,32.43,32.03,32.11,3459,0
20130313,32.04,32.26,32.04,32.19,1800,0
20130314,32.49,33.18,32.49,33.04,13189,0
20130315,33.08,33.11,32.93,32.93,4860,0
20130318,32.89,33,32.83,32.83,2824,0
20130321,32.86,32.86,32.86,32.86,172,0
20130325,33.54,33.55,32.82,32.84,1550,0
20130326,32.72,32.72,32.72,32.72,386,0
20130328,32.98,33.03,32.98,33.03,213,0
20130402,32.72,32.99,32.72,32.93,6060,0
20130404,32.36,32.36,32.36,32.36,5500,0
20130405,32.16,32.16,32.16,32.16,5600,0
20130409,32.21,32.22,32.21,32.22,750,0
20130410,32.73,32.73,32.73,32.73,750,0
20130411,33.31,33.31,33.31,33.31,141,0
20130415,32.49,32.49,32.49,32.49,450,0
20130416,32.48,32.48,32.42,32.42,1408,0
20130417,31.97,31.97,31.97,31.97,1000,0
20130418,31.94,31.99,31.81,31.81,7778,0
20130419,31.97,31.99,31.85,31.99,746,0
20130422,31.89,31.89,31.78,31.79,3800,0
20130423,32.45,32.61,32.39,32.61,7401,0
20130429,33.69,33.69,33.69,33.69,394,0
20130501,33.72,33.72,33.72,33.72,3751,0
20130503,34.01,34.07,33.93,34.07,2656,0
20130507,33.75,33.93,33.65,33.93,652,0
20130508,34.14,34.17,34.14,34.17,2400,0
20130509,34.28,34.28,34.2,34.22,1600,0
20130510,34.01,34.02,33.99,33.99,1200,0
20130513,34.01,34.03,34.01,34.03,500,0
20130514,33.99,34.03,33.94,34.03,1011,0
20130515,34.19,34.38,34.05,34.38,2900,0
20130516,34.63,34.63,34.6,34.6,1160,0
20130517,34.51,34.92,34.51,34.9,3996,0
20130520,34.89,34.89,34.89,34.89,500,0
20130521,35.01,35.01,35.01,35.01,700,0
20130522,35.04,35.04,34.36,34.36,5173,0
20130523,33.87,34.23,33.8,34.23,17542,0
20130524,34,34,33.83,33.86,1100,0
20130528,34.13,34.33,34.13,34.33,639,0
20130529,34.08,34.08,33.83,33.83,1100,0
20130530,34.28,34.28,34.28,34.28,500,0
20130531,34.02,34.02,33.91,33.93,4390,0
20130603,33.99,34.28,33.93,34.28,23291,0
20130604,34.25,34.25,33.91,33.92,2700,0
20130605,33.73,33.75,33.43,33.58,6935,0
20130611,33.47,33.47,33.47,33.47,279,0
20130613,33.28,33.35,33.28,33.35,200,0
20130614,33.74,33.74,33.74,33.74,900,0
20130617,34.05,34.05,34.04,34.04,200,0
20130618,34.34,34.34,33.99,33.99,5402,0
20130619,33.96,33.96,33.96,33.96,149,0
20130620,32.99,32.99,32.9,32.9,524,0
20130621,33.09,33.09,32.52,32.52,353,0
20130624,32,32,31.66,31.97,6468,0
20130625,32.2,32.54,32.2,32.54,3226,0
20130627,32.47,32.47,32.36,32.4,886,0
20130628,32.32,32.39,32.31,32.33,1331,0
20130701,32.85,32.85,32.85,32.85,458,0
20130702,32.68,32.7,32.68,32.7,644,0
20130703,32.92,32.92,32.92,32.92,600,0
20130705,33.68,33.68,32.78,33.19,3642,0
20130708,33.5,33.5,33.5,33.5,383,0
20130709,33.55,33.55,33.54,33.54,554,0
20130710,33.56,33.56,33.56,33.56,600,0
20130711,35.18,35.18,34.2,34.71,4338,0
20130712,34.8,35.23,34.11,35.23,3914,0
20130715,34.35,34.43,34.35,34.43,590,0
20130716,33.99,34.11,33.99,34.11,700,0
20130717,34.5,34.67,34.47,34.58,639,0
20130718,34.6,34.92,34.6,34.92,3411,0
20130719,34.87,34.95,34.86,34.95,2063,0
20130722,35.2,35.23,35.19,35.2,1148,0
20130723,35.31,35.31,35.11,35.12,668,0
20130724,35.13,35.13,35.05,35.07,1098,0
20130725,35.02,35.04,35.02,35.04,385,0
20130726,35.11,35.12,35.05,35.05,1068,0
20130729,35.39,35.39,34.87,35.03,6804,0
20130730,36.05,36.05,34.94,34.95,3088,0
20130731,34.59,35,34.59,35,760,0
20130801,35.42,35.48,35.42,35.48,2755,0
20130802,35.67,35.95,35.66,35.95,2003,0
20130805,36.15,36.23,36.15,36.23,4762,0
20130806,36.03,40.66,36.03,36.12,7635,0
20130807,36.16,36.16,36.07,36.11,49274,0
20130808,36.4,37.09,36.32,37.09,22372,0
20130809,36.71,36.71,36.71,36.71,968,0
20130812,36.75,36.76,36.38,36.46,3136,0
20130813,36.5,36.72,36.5,36.7,4419,0
20130814,36.74,36.94,36.7,36.73,11052,0
20130815,36.32,36.32,35.62,35.62,7709,0
20130816,36.22,36.36,36.16,36.36,1389,0
20130819,36.31,36.49,36.08,36.08,4777,0
20130820,36.21,36.23,36.15,36.23,1130,0
20130821,35.81,36.58,35.81,36.44,9276,0
20130822,36.38,36.42,36.34,36.42,2350,0
20130823,36.57,36.57,36.2,36.56,700,0
20130826,36.5,36.83,36.41,36.53,3384,0
20130827,35.68,36.01,35.68,36.01,6400,0
20130828,34.92,34.92,34.91,34.91,956,0
20130829,35.87,35.92,35.64,35.89,30192,0
20130830,35.64,35.64,35.64,35.64,155,0
20130903,35.98,36.17,35.98,36.16,1350,0
20130904,36.19,36.38,36.19,36.38,600,0
20130905,36.65,36.76,36.61,36.76,4118,0
20130906,36.83,36.96,36.83,36.95,2406,0
20130909,37.64,37.64,37.16,37.39,3010,0
20130910,37.77,37.92,37.77,37.91,1470,0
20130911,38,38.36,37.99,38.3,83772,0
20130912,37.99,38.1,37.92,38.02,29412,0
20130913,38.16,38.45,37.83,38.34,6438,0
20130916,38.64,38.65,38.58,38.58,5122,0
20130917,38.17,38.31,37.97,38.3,6267,0
20130918,38.22,38.99,38.19,38.99,9018,0
20130919,39.2,39.2,38.66,38.76,13620,0
20130920,38.67,38.67,38.01,38.16,2484,0
20130923,38,38.14,37.77,38.14,1520,0
20130924,38.09,38.3,37.87,38.3,1959,0
20130925,38.23,38.25,38.19,38.25,1748,0
20130926,38.25,38.27,38.24,38.27,12301,0
20130927,38.14,38.27,38.02,38.27,6768,0
20130930,38.22,38.56,37.63,37.63,1435,0
20131001,38.6,38.6,38.09,38.43,58719,0
20131002,38.43,38.46,38.28,38.46,2305,0
20131003,38.2,38.6,37.77,38.05,11268,0
20131004,37.98,38,37.7,37.72,9112,0
20131007,37.6,37.78,37.46,37.78,6386,0
20131008,37.31,37.69,36.94,37,11418,0
20131009,36.89,36.89,36.51,36.51,300,0
20131010,37.87,37.95,37.87,37.92,1100,0
20131011,38.2,38.24,37.96,38.24,9501,0
20131014,37.21,37.21,37.21,37.21,243,0
20131015,38.42,38.53,38.14,38.49,6742,0
20131016,38.5,38.61,38.26,38.61,7681,0
20131017,39.06,39.26,39.06,39.26,726,0
20131018,39.9,39.9,39.55,39.73,11023,0
20131021,40.09,40.88,39.85,40.05,7694,0
20131022,39.93,40.21,39.93,40.21,6580,0
20131023,40.2,40.21,39.8,39.8,6204,0
20131024,40.9,40.9,39.8,40.26,5874,0
20131025,39.62,40.23,39.52,39.9,4948,0
20131028,40.17,40.17,39.49,39.7,4504,0
20131029,39.95,40.08,39.6,39.69,6814,0
20131030,40.43,40.43,39.76,39.83,9034,0
20131031,39.51,39.75,39.3,39.65,7500,0
20131101,39.81,39.81,38.91,39.32,961,0
20131104,39.35,39.39,39.35,39.35,1750,0
20131105,38.71,39.24,38.71,39.23,2717,0
20131106,40.24,40.35,39.52,39.52,16178,0
20131107,39.99,40.02,39.23,39.24,19388,0
20131108,39.08,39.28,38.74,39.27,4303,0
20131111,39.48,39.86,39.28,39.3,5316,0
20131112,39.03,39.12,38.71,39.02,11144,0
20131113,38.41,38.8,38.41,38.8,8105,0
20131114,39.17,39.26,38.9,38.9,3052,0
20131115,38.86,39.23,38.84,39.23,5764,0
20131118,38.93,39.2,38.93,39.15,1012,0
20131119,39.44,39.45,38.88,39.09,3177,0
20131120,39.35,39.48,38.49,38.83,3948,0
20131121,39.06,39.35,38.8,39,6236,0
20131122,39.2,39.36,39.04,39.25,5555,0
20131125,39.6,39.8,39.29,39.31,65564,0
20131126,39.6,39.95,39.43,39.43,6773,0
20131127,39.6,40.21,39.6,40.02,11447,0
20131129,40.4,40.8,40.3,40.3,2297,0
20131202,40.33,40.33,39.63,39.63,23617,0
20131203,39.99,40,39.3,39.47,4448,0
20131204,39.38,39.47,39.2,39.45,1899,0
20131205,39.18,39.59,39.18,39.55,3403,0
20131206,39.97,40,39.71,39.75,1932,0
20131209,40.5,40.55,40.13,40.13,3801,0
20131210,40.53,40.53,40.44,40.51,3092,0
20131211,40.39,40.39,40,40.11,5369,0
20131212,40,40,39.31,39.82,4390,0
20131213,39.23,39.65,39.23,39.58,1179,0
20131216,39.99,40.14,39.62,39.95,17213,0
20131217,40.5,40.5,39.64,39.99,6857,0
20131218,39.82,40.09,39.82,40.08,1988,0
20131219,40.39,40.5,40.17,40.5,3873,0
20131220,40.5,40.76,40.35,40.65,25680,0
20131223,41.14,41.14,40.44,40.85,4076,0
20131224,40.89,41.25,40.89,40.99,1184,0
20131226,41.35,41.81,41.16,41.16,13936,0
20131227,42.02,42.02,41.35,41.5,6541,0
20131230,42,42,41.41,41.79,7286,0
20131231,42.49,42.49,41.97,42.15,8021,0
20140102,42.31,42.31,41.4,41.64,9629,0
20140103,41.98,42.15,41.83,42.15,6865,0
20140106,42.6,42.6,41.79,41.79,15591,0
20140107,41.86,42.2,41.79,42.15,9282,0
20140108,42.72,42.72,42.05,42.1,18926,0
20140109,42.72,42.72,41.9,42.19,14452,0
20140110,42.99,42.99,42.43,42.74,7780,0
20140113,42.37,43,42.37,42.44,10149,0
20140114,42.87,42.87,42.45,42.7,12186,0
20140115,42.8,43,42.42,42.62,54880,0
20140116,42.89,42.89,42.23,42.51,10637,0
20140117,42.99,42.99,42.3,42.32,17993,0
20140121,42.38,42.98,42.25,42.51,9664,0
20140122,43.08,43.1,42.55,42.87,17097,0
20140123,42.84,42.84,42.1,42.57,18917,0
20140124,41.84,41.84,40.83,40.96,11402,0
20140127,40.9,41.39,40.46,40.95,98320,0
20140128,41.57,41.97,41.15,41.43,8442,0
20140129,41.6,41.6,40.73,40.76,15831,0
20140130,41.1,41.32,41.1,41.32,2278,0
20140131,40.62,40.98,40.34,40.61,3245,0
20140203,40.7,41.27,39.91,39.91,27495,0
20140204,40.18,40.27,40.12,40.2,11076,0
20140205,40.36,40.61,40.15,40.55,15246,0
20140206,40.84,41.2,40.8,41,6001,0
20140207,40.69,41.59,40.69,41.46,4093,0
20140210,42.09,42.09,41.49,41.68,14198,0
20140211,41.99,42.25,41.79,42.15,7396,0
20140212,42.39,42.69,42.39,42.51,16579,0
20140213,41.75,42.76,41.62,42.76,3881,0
20140214,43.07,43.22,42.97,43.2,21150,0
20140218,44.08,44.08,43.53,43.69,16806,0
20140219,43.86,43.86,43.52,43.52,22512,0
20140220,43.78,43.88,43.16,43.56,18717,0
20140221,43.92,44.14,43.63,43.84,19356,0
20140224,43.63,44.33,43.63,43.94,3381,0
20140225,44.3,44.52,43.77,44.09,18675,0
20140226,44.28,44.28,43.51,43.56,12523,0
20140227,44,44.22,43.68,44.21,2422,0
20140228,44.97,45.03,44.32,44.85,22445,0
20140303,43.62,44.55,43.4,43.75,17189,0
20140304,44.6,44.77,44.36,44.77,15379,0
20140305,44.62,44.78,44.5,44.56,2657,0
20140306,44.88,44.98,44.53,44.84,7680,0
20140307,44.73,45.01,44.22,44.3,16606,0
20140310,44.34,44.36,43.73,44.01,21320,0
20140311,44.17,44.17,43.93,43.93,9878,0
20140312,43.87,43.87,43.4,43.44,8530,0
20140313,43.75,43.9,42.53,42.95,17446,0
20140314,42.19,42.98,42.19,42.91,12822,0
20140317,42.78,43.5,42.78,43.49,2721,0
20140318,43.51,43.51,43.08,43.51,8604,0
20140319,43.03,43.69,43.03,43.25,3320,0
20140320,42.88,42.92,42.48,42.79,6832,0
20140321,43.02,43.02,42.39,42.39,15388,0
20140324,42.56,42.65,41.79,42.33,19376,0
20140325,42.6,42.8,42.44,42.44,15514,0
20140326,42.56,43.18,42.56,42.85,3200,0
20140327,42.2,43.11,42.2,42.74,14004,0
20140328,43.03,43.08,42.71,43,3394,0
20140331,43.08,43.55,43.08,43.17,4838,0
20140401,42.9,43.69,42.9,43.32,6151,0
20140402,43.8,43.95,43.36,43.55,10494,0
20140403,43.76,43.76,43.38,43.44,3593,0
20140404,43.84,43.84,43.02,43.25,6892,0
20140407,43.47,43.47,42.63,43.01,7767,0
20140408,42.71,42.71,42.22,42.48,11433,0
20140409,42.83,43.36,42.83,43.36,1862,0
20140410,43.49,43.49,42.36,42.72,17747,0
20140411,42.26,42.26,41.7,41.88,20037,0
20140414,41.32,41.53,41,41.19,11824,0
20140415,41.27,41.27,40.64,41.24,21480,0
20140416,41.72,41.74,41.43,41.7,4428,0
20140417,42.03,42.35,42.01,42.35,4218,0
20140421,42.35,42.57,42.16,42.57,3300,0
20140422,42.97,42.97,42.62,42.82,19826,0
20140423,42.35,42.5,42.35,42.48,1038,0
20140424,42.58,42.58,42.24,42.24,2149,0
20140425,42.39,42.39,41.78,41.78,5371,0
20140428,42.18,42.19,41.5,41.5,2610,0
20140429,41.95,42.37,41.95,42.37,6671,0
20140430,42.38,42.5,42.2,42.35,4120,0
20140501,42.56,42.56,42,42.09,3361,0
20140502,42.35,42.62,42.01,42.5,6490,0
20140505,42.21,42.57,42.21,42.57,2955,0
20140506,42.96,42.96,42.09,42.85,3813,0
20140507,42.2,42.84,42.11,42.82,3409,0
20140508,42.89,42.94,42.7,42.7,51978,0
20140509,42.14,42.54,42.13,42.54,1951,0
20140512,42.08,42.88,42.08,42.88,9213,0
20140513,43,43,42.6,42.83,2990,0
20140514,42.38,42.41,42.18,42.25,4809,0
20140515,41.75,41.75,41.08,41.12,35051,0
20140516,40.52,40.52,40.17,40.41,21801,0
20140519,40.51,40.64,40.21,40.43,6227,0
20140520,40.78,40.94,40.48,40.72,5978,0
20140521,41.42,41.55,41.29,41.3,8960,0
20140522,41.7,41.73,41.4,41.7,5813,0
20140523,41.6,41.96,41.41,41.5,4204,0
20140527,41.77,41.83,41.7,41.8,3346,0
20140528,41.58,42,41.58,41.95,2307,0
20140529,42.05,42.06,41.9,41.9,6678,0
20140530,42.08,42.31,42.08,42.29,4455,0
20140602,42.07,42.75,42.07,42.3,2398,0
20140603,42.17,42.18,41.99,41.99,2950,0
20140604,42.04,42.17,42.04,42.1,2835,0
20140605,42.16,42.42,42.12,42.18,16960,0
20140606,42.57,43.13,42.57,43.13,12242,0
20140609,42.66,43.13,42.53,42.84,9595,0
20140610,42.89,42.99,42.55,42.63,3400,0
20140611,42.27,42.4,42.26,42.4,4538,0
20140612,42.4,42.77,42.21,42.21,8114,0
20140613,42.15,42.15,41.72,42.04,4588,0
20140616,41.62,41.91,41.62,41.85,3227,0
20140617,41.61,41.61,41.11,41.33,7104,0
20140618,41.32,41.52,41.18,41.52,6838,0
20140619,41.82,41.83,41.56,41.75,3121,0
20140620,41.78,41.92,41.71,41.88,6346,0
20140623,41.63,41.7,41.5,41.57,8311,0
20140624,41.13,41.13,41,41,6093,0
20140625,40.23,40.76,39.65,40.7,5093,0
20140626,40.96,41.4,40.96,41.3,2920,0
20140627,41.14,41.36,41.03,41.34,3672,0
20140630,41.53,41.75,41.53,41.61,5017,0
20140701,41.78,42.17,41.78,42.12,6437,0
20140702,42.41,42.41,41.84,42.29,12400,0
20140703,42.45,42.76,42.2,42.62,3406,0
20140707,42.22,42.28,42.18,42.23,3551,0
20140708,41.42,41.51,41.34,41.46,8680,0
20140709,40.86,41.32,40.85,41.32,6879,0
20140710,40.57,40.92,40.57,40.8,35124,0
20140711,40.85,40.85,40.67,40.79,9184,0
20140714,40.58,41.02,40.57,40.89,1598,0
20140715,40.73,40.96,40.66,40.82,13229,0
20140716,40.63,41.34,40.63,41.31,6063,0
20140717,41.22,41.22,40.54,40.89,17959,0
20140718,40.79,41.14,40.79,41.14,4299,0
20140721,40.7,40.79,40.26,40.76,3792,0
20140722,41,41.23,41,41.2,6593,0
20140723,40.72,41.4,40.72,41.32,3861,0
20140724,40.89,41.43,40.89,41.3,12168,0
20140725,41.37,41.37,41.18,41.18,4211,0
20140728,40.6,41.07,40.6,40.99,5409,0
20140729,40.82,41.18,40.82,41,9465,0
20140730,41.13,41.13,40.73,40.81,8196,0
20140731,40.25,40.39,40.18,40.2,8372,0
20140801,39.57,40.2,39.56,39.83,7636,0
20140804,39.57,39.83,39.57,39.83,9947,0
20140805,39.57,39.69,39.5,39.56,5139,0
20140806,39.38,39.5,38.96,39.31,11313,0
20140807,39,39.42,39,39.36,11544,0
20140808,38.63,39.46,38.62,39.35,12519,0
20140811,39.53,39.86,39.51,39.67,5519,0
20140812,39.61,39.87,39.61,39.81,5369,0
20140813,39.67,39.8,39.65,39.8,4587,0
20140814,40.16,40.19,40.1,40.17,6052,0
20140815,40.21,40.38,40.09,40.17,5133,0
20140818,40.31,40.6,40.06,40.59,5595,0
20140819,40.59,40.69,40.59,40.62,4820,0
20140820,40.31,40.58,40.26,40.31,99705,0
20140821,40.29,40.43,40.24,40.35,17564,0
20140822,40.25,40.67,40.25,40.43,26653,0
20140825,40.95,40.95,40.87,40.91,3049,0
20140826,40.94,40.94,40.74,40.74,2307,0
20140827,41.27,41.27,40.94,40.96,8334,0
20140828,40.1,40.6,40.1,40.59,2455,0
20140829,40.38,40.6,40.38,40.5,2376,0
20140902,39.9,40.49,39.89,40.42,9607,0
20140903,40.65,40.65,40.42,40.42,13091,0
20140904,39.85,40.48,39.85,40.09,10083,0
20140905,39.98,40.1,39.98,40.08,3282,0
20140908,39.1,39.23,38.55,38.87,10859,0
20140909,38.64,39.2,38.64,39.11,14625,0
20140910,38.56,39.08,38.55,39.08,3348,0
20140911,39,39.15,38.9,39.06,45753,0
20140912,39.3,39.44,39.24,39.39,5196,0
20140915,38.67,39.19,38.67,39.18,10069,0
20140916,38.8,39.25,38.5,39.22,9483,0
20140917,39.36,39.36,38.91,39.16,4840,0
20140918,39.02,39.65,39.02,39.56,15574,0
20140919,39.82,39.83,39.71,39.83,3677,0
20140922,39.31,39.59,39.31,39.56,6272,0
20140923,38.52,39.21,38.52,39.06,15727,0
20140924,39.01,39.16,38.93,39.14,6713,0
20140925,39.01,39.01,38.6,38.65,12398,0
20140926,38.36,38.51,38.35,38.51,10336,0
20140929,38.01,38.5,37.91,38.4,34863,0
20140930,37.69,38.45,37.69,38.17,20606,0
20141001,37.84,37.94,37.64,37.68,6983,0
20141002,37.2,37.54,37.04,37.39,10024,0
20141003,37.33,37.44,37.33,37.39,2810,0
20141006,37.18,37.7,37.18,37.62,26684,0
20141007,36.78,37.34,36.78,36.83,12697,0
20141008,36.5,36.66,36.4,36.66,11425,0
20141009,36.86,36.86,35.97,35.97,5877,0
20141010,35.78,36.01,35.74,35.93,3118,0
20141013,35.36,35.91,35.2,35.2,74878,0
20141014,35.04,35.6,35.04,35.28,39932,0
20141015,36.07,36.07,34.55,34.97,7489,0
20141016,35.52,35.62,35.44,35.61,3891,0
20141017,36.4,36.4,36.08,36.08,3291,0
20141020,35.7,36.61,35.7,36.61,4169,0
20141021,37.16,37.2,36.63,37.2,2199,0
20141022,37.07,37.39,37,37,7928,0
20141023,37.07,37.25,37.06,37.15,5402,0
20141024,37.33,37.33,37.32,37.32,560,0
20141027,36.91,37.31,36.91,37.15,8600,0
20141028,37.56,37.56,37.4,37.53,10377,0
20141029,37.82,37.83,37.77,37.77,16616,0
20141030,37.46,37.71,37.33,37.63,1946,0
20141031,37.91,38.15,37.91,38.15,1173,0
20141104,37.8,38.04,37.8,38.03,1424,0
20141105,38.13,38.2,38.1,38.17,17492,0
20141106,37.78,37.9,37.74,37.74,13696,0
20141107,37.51,37.65,37.51,37.65,8882,0
20141110,37.84,38.07,37.84,37.93,17976,0
20141111,37.96,38.23,37.85,38.23,20419,0
20141112,37.52,37.83,37.52,37.73,2837,0
20141113,37.72,37.77,37.51,37.51,8637,0
20141114,37.34,37.4,37.34,37.4,757,0
20141117,37.31,37.47,37.31,37.47,3519,0
20141118,37.47,37.6,37.28,37.55,1141,0
20141119,37.08,37.42,37.08,37.36,10410,0
20141120,37.33,37.45,37.15,37.45,4135,0
20141121,37.41,37.43,37.38,37.41,15735,0
20141124,37.75,37.75,37.75,37.75,579,0
20141125,37.85,38.11,37.85,38.11,1983,0
20141128,38.05,38.1,38,38,2635,0
20141201,37.87,37.88,37.7,37.88,330,0
20141202,37.9,37.98,37.9,37.98,3373,0
20141203,37.81,38.15,37.81,38.05,14273,0
20141204,37.9,38.26,37.9,38.23,30463,0
20141205,38.22,38.35,38.21,38.32,17578,0
20141208,38.29,38.29,38.17,38.25,7852,0
20141209,37.92,37.99,37.79,37.94,15982,0
20141210,38.04,38.09,37.86,37.93,8204,0
20141211,37.81,37.84,37.57,37.61,9500,0
20141212,37.27,37.33,36.85,36.85,14992,0
20141215,37.12,37.4,36.43,36.51,8948,0
20141216,36.71,37.25,36.7,36.86,1740,0
20141217,36.48,36.48,36.18,36.33,1426,0
20141218,36.86,37.22,36.86,37.22,3957,0
20141219,37.28,37.55,37.21,37.55,8174,0
20141222,37.89,37.89,37.6,37.65,6767,0
20141223,37.3,37.53,37.3,37.53,3676,0
20141226,37.5,37.89,37.42,37.73,3202,0
20141229,37.52,37.52,37.39,37.43,1389,0
20141230,37.4,37.44,37.3,37.43,3416,0
20141231,37.42,37.59,37.41,37.49,4322,0
20150102,37.54,37.54,36.98,36.98,2710,0
20150105,36.43,36.61,36.43,36.61,309,0
20150106,36.5,36.5,35.86,35.86,2127,0
20150107,35.89,36.11,35.88,36.02,3931,0
20150108,35.96,36.39,35.95,36.39,1833,0
20150109,36.34,36.47,36.25,36.39,1526,0
20150112,36.1,36.24,36.1,36.23,8895,0
20150113,36.39,36.61,36.1,36.29,19891,0
20150114,36.15,36.15,36.15,36.15,673,0
20150115,36.12,36.12,36.04,36.04,11345,0
20150116,35.89,36.35,35.89,36.35,40759,0
