Date,Open,High,Low,Close,Volume,OpenInt
20080516,45.009,45.324,45.009,45.308,92993,0
20080519,46.335,46.335,45.501,45.685,31814,0
20080520,45.658,45.658,44.113,44.113,21400,0
20080521,44.543,44.666,43.779,43.779,19850,0
20080522,44.604,44.604,44.139,44.42,37747,0
20080523,45.246,45.246,43.674,43.92,39821,0
20080527,43.77,44.008,43.612,43.973,4631,0
20080528,45.115,45.115,43.717,44.148,8535,0
20080529,43.981,44.315,43.787,44.077,8877,0
20080530,45.211,45.211,43.779,43.796,20712,0
20080602,43.462,43.462,43.023,43.156,30948,0
20080603,43.418,43.55,42.857,43.085,13018,0
20080604,42.707,43.182,42.707,43.075,3983,0
20080605,43.128,43.708,43.128,43.708,41545,0
20080606,42.874,42.874,42.224,42.224,2959,0
20080609,42.408,42.601,42.198,42.258,13687,0
20080610,43.48,43.48,41.688,41.688,5349,0
20080611,41.477,41.477,40.836,40.836,27456,0
20080612,40.906,41.143,40.695,40.695,38455,0
20080613,40.677,41.107,40.624,41.107,24023,0
20080616,40.765,41.011,40.616,41.011,24718,0
20080617,41.292,41.292,41.011,41.029,1821,0
20080618,40.739,40.889,40.608,40.889,1593,0
20080619,40.378,40.773,40.378,40.773,798,0
20080620,40.221,40.221,39.561,39.561,15821,0
20080623,41.416,41.416,39.465,39.517,9613,0
20080624,41.055,41.055,39.114,39.114,26497,0
20080625,40.898,40.898,39.386,39.632,3767,0
20080626,39.043,39.245,38.402,38.683,4807,0
20080627,38.375,38.613,38.375,38.613,11667,0
20080630,38.358,38.375,38.262,38.279,7741,0
20080701,38.121,38.121,37.075,37.373,15025,0
20080702,37.541,37.541,36.961,36.961,10626,0
20080703,37.224,37.312,36.847,37.286,11951,0
20080707,37.84,37.84,36.672,37.33,29083,0
20080708,36.556,37.268,36.548,37.268,6504,0
20080709,37.251,37.251,36.391,36.391,13148,0
20080710,36.698,37.075,36.619,36.961,4411,0
20080711,36.724,36.794,36.724,36.794,13772,0
20080714,37.515,37.515,36.759,36.838,4147,0
20080715,35.626,36.785,35.626,36.232,84337,0
20080716,35.652,36.75,35.652,36.75,17644,0
20080717,36.829,36.988,36.724,36.988,6726,0
20080718,36.198,36.434,36.198,36.425,16162,0
20080721,36.707,36.794,36.61,36.672,5430,0
20080722,38.032,38.032,36.329,37.207,21476,0
20080723,37.541,37.963,37.541,37.698,11678,0
20080724,37.866,37.866,37.093,37.093,24036,0
20080725,37.199,37.506,37.181,37.506,7058,0
20080728,37.524,37.524,36.89,36.925,3904,0
20080729,37.084,37.541,37.084,37.541,7510,0
20080730,37.638,37.883,37.453,37.883,19577,0
20080731,37.401,37.401,36.988,36.988,16390,0
20080801,37.049,37.049,36.522,36.681,2731,0
20080804,36.373,36.391,36.03,36.17,12138,0
20080805,36.223,36.645,36.223,36.645,13198,0
20080806,37.401,37.401,36.591,36.899,3548,0
20080807,36.065,36.065,35.995,35.995,456,0
20080808,35.951,36.732,35.872,36.732,18894,0
20080811,38.323,38.323,36.311,36.522,4922,0
20080812,36.276,36.364,36.03,36.03,7853,0
20080813,35.757,35.942,35.687,35.899,5349,0
20080814,36.469,36.469,36.057,36.338,7137,0
20080815,35.951,36.021,35.915,35.995,4054,0
20080818,36.961,36.961,34.87,34.975,17637,0
20080819,34.607,34.65,33.931,34.492,11407,0
20080820,34.906,35.037,34.879,35.037,5349,0
20080821,35.063,35.063,35.063,35.063,170,0
20080822,34.949,35.063,34.897,35.047,5691,0
20080825,34.853,35.107,34.431,34.527,2895,0
20080826,34.853,35.53,34.396,34.396,28996,0
20080827,34.765,34.835,34.765,34.835,4553,0
20080828,35.116,35.722,35.116,35.53,17985,0
20080829,35.151,35.3,35.125,35.274,1797,0
20080902,34.957,35.082,34.202,34.202,36278,0
20080903,33.957,34.089,33.632,33.94,7263,0
20080904,33.332,33.534,32.559,32.559,6829,0
20080905,32.402,32.744,32.112,32.744,12942,0
20080908,33.755,33.755,32.682,32.682,14626,0
20080909,34.097,34.097,31.997,31.997,8993,0
20080910,32.076,32.639,32.041,32.639,32119,0
20080911,31.251,32.428,31.251,32.428,5387,0
20080912,31.909,32.428,31.575,32.217,11723,0
20080915,30.548,30.978,30.328,30.328,6516,0
20080916,29.115,30.197,29.115,30.02,11738,0
20080917,28.589,29.168,28.105,28.105,25233,0
20080918,28.518,28.816,27.746,28.773,28122,0
20080919,29.336,30.706,29.327,30.478,15282,0
20080922,29.695,31.154,29.695,30.319,17870,0
20080923,29.907,30.003,29.598,29.625,21485,0
20080924,29.677,29.792,29.564,29.695,2726,0
20080925,30.047,30.487,30.047,30.09,8981,0
20080926,29.081,29.308,28.966,29.308,13879,0
20080929,28.061,28.185,26.12,27.578,24182,0
20080930,27.534,27.973,27.534,27.973,20839,0
20081001,27.754,28.193,27.754,28.176,467,0
20081002,27.543,27.543,26.717,26.717,10586,0
20081003,28.202,28.202,26.146,26.173,6850,0
20081006,25.135,25.32,24.064,25.11,6455,0
20081007,24.319,24.873,24.099,24.099,9652,0
20081008,24.169,24.714,23.335,24.714,3172,0
20081009,24.099,24.099,22.571,22.571,11391,0
20081010,20.822,22.333,20.435,20.919,36584,0
20081013,22.789,23.976,22.289,23.976,24505,0
20081014,25.61,25.61,23.678,23.782,20259,0
20081015,22.359,22.359,21.367,21.367,14797,0
20081016,21.823,22.21,20.796,22.201,15805,0
20081017,21.806,22.315,21.613,21.981,7286,0
20081020,21.981,22.368,21.665,22.184,9250,0
20081021,21.086,21.858,21.086,21.428,23243,0
20081022,20.884,20.884,19.416,19.777,19536,0
20081023,19.469,19.469,18.924,19.452,3983,0
20081024,19.583,19.583,17.781,19.179,25920,0
20081027,18.398,18.398,17.94,18.336,1593,0
20081028,19.013,19.408,18.064,19.399,11667,0
20081029,18.977,26.567,18.977,19.89,16394,0
20081030,19.266,22.5,19.082,19.705,8982,0
20081031,20.039,20.937,19.864,20.426,16705,0
20081103,20.928,21.094,20.734,20.743,2824,0
20081104,22.719,22.719,21.947,21.947,1832,0
20081105,21.947,21.947,21.947,21.947,227,0
20081106,20.382,20.382,19.768,19.768,1593,0
20081107,20.752,20.839,20.365,20.681,7297,0
20081110,21.315,21.315,20.391,20.391,809,0
20081111,20.189,20.286,19.777,20.048,40992,0
20081112,19.144,19.356,18.828,18.828,3194,0
20081113,18.969,20.576,18.748,20.576,21146,0
20081114,19.618,19.618,19.197,19.618,14940,0
20081117,19.162,19.162,18.775,18.775,4500,0
20081118,19.408,19.408,18.142,18.599,3352,0
20081119,18.274,18.274,17.581,17.581,1673,0
20081120,17.298,17.537,16.49,16.49,26077,0
20081121,17.08,17.51,17.08,17.51,14624,0
20081124,17.931,18.635,17.922,18.485,7129,0
20081125,18.362,18.607,18.318,18.529,2028,0
20081126,18.748,19.293,18.748,19.293,19599,0
20081128,18.661,19.188,18.661,19.17,29935,0
20081201,18.705,18.705,17.818,17.818,13561,0
20081202,18.863,18.863,18.467,18.679,8891,0
20081203,18.679,18.995,18.679,18.995,10275,0
20081204,18.502,18.617,17.835,17.835,15098,0
20081205,17.808,18.52,17.808,18.52,1001,0
20081208,20.233,20.233,18.748,19.372,7434,0
20081209,19.372,19.696,19.372,19.408,9628,0
20081210,19.645,20.005,19.645,20.005,13893,0
20081211,20.075,20.075,20.075,20.075,570,0
20081212,19.618,20.11,19.618,20.11,4169,0
20081215,19.645,20.216,19.618,19.979,16333,0
20081216,20.47,20.769,19.328,20.656,44834,0
20081217,20.181,20.681,20.181,20.672,1044,0
20081218,21.234,21.234,20.716,20.716,1253,0
20081219,21.112,21.112,20.796,20.804,2365,0
20081222,19.979,20.251,19.696,19.696,4566,0
20081223,19.539,19.705,19.408,19.408,2048,0
20081224,19.609,19.89,19.609,19.89,1383,0
20081226,20.198,20.269,19.961,19.97,2222,0
20081229,20.295,20.295,19.917,20.146,17556,0
20081230,20.33,20.707,20.295,20.664,9100,0
20081231,20.822,21.041,20.62,21.024,11490,0
20090102,21.279,21.551,21.05,21.279,12437,0
20090105,22.606,22.606,21.367,21.464,1710,0
20090106,21.639,21.78,21.639,21.718,552,0
20090107,21.762,21.762,21.103,21.261,4694,0
20090108,20.725,20.725,20.681,20.681,916,0
20090109,20.251,20.365,20.251,20.365,1411,0
20090112,19.83,21.271,19.705,19.733,4256,0
20090113,19.89,19.89,19.89,19.89,114,0
20090114,19.733,19.733,19.408,19.443,1303,0
20090115,20.426,27.525,19.346,19.715,2390,0
20090116,19.803,19.803,19.469,19.469,227,0
20090120,19.179,19.179,18.555,18.555,899,0
20090121,19.056,19.056,19.039,19.039,732,0
20090122,19.109,19.109,18.458,18.731,2046,0
20090123,18.414,18.723,18.414,18.723,1300,0
20090126,19.356,19.356,19.356,19.356,342,0
20090127,19.504,19.504,19.504,19.504,704,0
20090129,19.548,19.548,19.399,19.399,866,0
20090130,19.222,19.222,18.906,18.906,284,0
20090202,18.986,19.004,18.784,18.95,4092,0
20090203,18.915,18.915,18.915,18.915,1041,0
20090204,19.135,19.513,19.135,19.328,6274,0
20090205,19.723,19.908,19.24,19.89,3742,0
20090206,19.777,20.128,19.777,19.952,4529,0
20090209,20.181,20.181,20.146,20.146,775,0
20090210,20.164,20.164,19.434,19.434,4648,0
20090212,19.408,19.408,18.995,19.311,5448,0
20090213,19.583,19.583,19.583,19.583,11382,0
20090217,21.858,21.858,18.599,18.731,2289,0
20090218,18.801,18.828,18.801,18.828,994,0
20090220,18.739,18.739,18.617,18.617,4347,0
20090223,18.775,18.775,18.037,18.037,5230,0
20090224,18.652,18.792,18.414,18.792,2290,0
20090225,18.757,18.757,18.757,18.757,284,0
20090226,19.091,19.153,18.801,18.801,1059,0
20090227,18.432,18.502,17.931,17.931,5023,0
20090302,17.721,17.931,17.581,17.581,3249,0
20090303,18.064,18.064,17.167,17.755,2394,0
20090304,18.467,18.828,18.467,18.828,3575,0
20090305,18.195,18.195,18.195,18.195,1137,0
20090306,18.072,18.072,17.914,17.914,1104,0
20090309,18.072,18.072,18.072,18.072,288,0
20090310,18.819,19.311,18.819,19.311,5836,0
20090311,19.487,19.609,19.1,19.293,4695,0
20090312,19.372,19.723,19.372,19.723,683,0
20090316,19.952,20.039,19.83,20.039,15695,0
20090317,19.873,19.873,19.803,19.839,5407,0
20090318,19.794,20.576,19.75,20.576,3095,0
20090319,20.611,20.611,20.083,20.207,3040,0
20090320,20.647,20.69,20.173,20.417,19883,0
20090323,21.472,21.48,21.13,21.199,2661,0
20090324,25.013,25.013,20.681,20.681,6297,0
20090325,21.349,21.516,20.856,20.856,9402,0
20090326,21.78,21.947,21.718,21.745,18253,0
20090327,21.736,21.762,21.349,21.349,2930,0
20090330,23.651,23.651,20.426,20.541,1809,0
20090331,21.182,21.261,20.919,21.173,2721,0
20090401,21.489,21.814,21.489,21.814,3018,0
20090402,22.588,24.134,22.456,23.114,27176,0
20090403,23.089,23.211,22.825,23.211,3532,0
20090406,22.957,22.957,22.535,22.746,2848,0
20090407,23.027,23.027,22.684,22.684,5675,0
20090408,23.036,23.247,22.789,23.186,21270,0
20090409,23.545,24.047,23.545,24.047,5152,0
20090413,24.02,24.424,24.003,24.406,6292,0
20090414,24.556,24.556,24.415,24.424,3876,0
20090415,23.361,24.433,23.361,24.433,2625,0
20090416,25.654,27.525,24.661,24.846,6545,0
20090417,24.486,24.582,24.169,24.327,5414,0
20090420,23.906,23.906,23.202,23.211,10901,0
20090421,24.02,24.143,23.835,24.143,2635,0
20090422,24.933,26.814,24.363,24.363,2978,0
20090423,24.617,24.784,24.573,24.758,2435,0
20090424,24.873,25.497,24.873,25.1,5796,0
20090427,24.916,25.962,24.39,24.556,19594,0
20090428,23.897,24.337,23.897,24.265,1586,0
20090429,25.145,25.628,25.145,25.566,25842,0
20090430,26.77,26.77,26.023,26.173,83691,0
20090501,26.427,26.427,26.155,26.251,2909,0
20090504,27.456,29.282,26.523,29.106,45363,0
20090505,28.264,28.264,26.884,27.456,29202,0
20090506,27.534,28.008,27.349,27.851,20887,0
20090507,28.123,28.984,27.174,27.718,42658,0
20090508,28.193,28.395,27.886,28.395,19070,0
20090511,29.081,29.081,27.331,27.754,43770,0
20090512,28.264,28.273,27.174,27.648,27653,0
20090513,27.473,27.473,26.919,27.262,8798,0
20090514,26.84,27.605,25.364,27.182,28794,0
20090515,27.578,28.465,27.517,27.799,5220,0
20090518,29.898,29.898,26.708,29.212,2133,0
20090519,29.537,30.029,29.203,29.915,80755,0
20090520,30.038,30.214,29.863,29.863,18425,0
20090521,29.714,29.714,29.124,29.353,7644,0
20090522,29.81,29.827,29.633,29.792,4938,0
20090526,29.362,30.372,29.362,30.257,109166,0
20090527,30.758,31.057,30.381,30.381,58374,0
20090528,31.136,31.136,30.223,30.925,77462,0
20090529,31.223,31.223,31.04,31.223,45179,0
20090601,32.463,32.682,31.76,32.568,44225,0
20090602,32.156,32.365,31.822,32.261,22527,0
20090603,31.734,31.734,30.917,31.18,252698,0
20090604,31.673,31.795,31.497,31.751,10208,0
20090605,32.103,32.103,31.497,31.848,25820,0
20090608,31.804,31.804,30.381,31.154,37889,0
20090609,31.242,32.217,30.627,31.154,16353,0
20090610,31.988,31.988,30.802,31.101,69236,0
20090611,30.828,31.953,30.828,31.742,10788,0
20090612,31.233,31.242,30.802,31.101,13737,0
20090615,30.381,30.381,29.546,29.642,38593,0
20090616,30.012,30.301,29.555,29.555,16101,0
20090617,29.555,29.976,29.336,29.889,22445,0
20090618,29.546,29.898,28.694,29.677,8188,0
20090619,29.757,30.012,29.677,29.889,13033,0
20090622,30.354,30.354,28.607,28.799,36098,0
20090623,28.607,29.291,28.607,29.239,10132,0
20090624,30.205,30.249,29.959,30.012,2214,0
20090625,30.09,30.513,30.09,30.513,12758,0
20090626,31.048,31.171,30.934,31.092,8892,0
20090629,31.277,32.375,30.811,31.312,17974,0
20090630,31.198,31.198,30.6,30.952,42127,0
20090701,31.312,31.452,30.961,31.426,31435,0
20090702,31.198,31.214,30.618,30.618,10386,0
20090706,29.81,31.083,29.81,31.083,10434,0
20090707,31.092,31.092,30.415,30.45,16023,0
20090708,30.363,30.6,29.73,30.135,16470,0
20090709,30.17,30.873,30.17,30.758,38252,0
20090710,30.459,30.873,30.459,30.873,6911,0
20090713,30.108,30.548,29.783,30.406,7350,0
20090714,31.18,32.068,30.381,30.715,8268,0
20090715,31.452,32.437,31.223,32.428,22714,0
20090716,31.839,32.411,31.629,32.225,14364,0
20090717,32.147,32.383,31.909,32.006,25534,0
20090720,32.568,33.403,32.542,33.394,62103,0
20090721,33.772,33.772,32.682,33.201,85795,0
20090722,33.298,33.517,32.946,33.332,29235,0
20090723,33.579,34.607,33.49,34.062,105291,0
20090724,33.842,34.062,33.429,34.062,35513,0
20090727,34.641,35.028,33.658,34.334,31695,0
20090728,34.265,35.582,34.115,34.536,15009,0
20090729,33.868,34.22,33.755,34.185,12819,0
20090730,34.589,34.932,34.289,34.615,42296,0
20090731,34.554,34.844,34.545,34.676,45114,0
20090803,36.108,36.108,35.24,35.485,71029,0
20090804,35.327,36.716,35.01,35.416,55726,0
20090805,34.984,35.494,34.466,35.037,64291,0
20090806,35.037,35.134,34.229,34.906,58419,0
20090807,35.037,35.151,34.659,34.957,149840,0
20090810,34.659,35.151,33.886,34.589,35268,0
20090811,34.589,34.589,33.965,34.361,44346,0
20090812,33.806,34.343,33.755,34.089,47769,0
20090813,34.554,34.932,34.343,34.809,32811,0
20090814,34.757,34.809,34.387,34.563,19742,0
20090817,32.806,33.912,31.223,32.911,120199,0
20090818,32.911,34.097,32.911,33.632,18238,0
20090819,32.92,33.702,32.481,33.456,25214,0
20090820,33.606,33.931,33.21,33.903,14950,0
20090821,33.859,34.414,33.859,34.308,30669,0
20090824,34.739,34.888,34.274,34.615,17533,0
20090825,35.091,35.231,34.739,34.835,38402,0
20090826,34.853,34.853,34.115,34.326,14834,0
20090827,34.211,34.211,33.755,34.158,11776,0
20090828,34.211,34.414,34.185,34.352,5504,0
20090831,34.185,34.185,33.755,33.992,56833,0
20090901,33.974,34.352,33.298,33.632,53180,0
20090902,33.877,34.193,33.123,34.089,20936,0
20090903,34.405,34.791,34.317,34.791,29630,0
20090904,34.782,35.265,34.73,35.257,48879,0
20090908,35.722,35.933,35.503,35.881,77739,0
20090909,35.968,36.108,35.582,35.96,27685,0
20090910,35.924,36.188,35.449,36.039,29087,0
20090911,36.214,36.294,35.836,36.161,14285,0
20090914,36.057,36.232,35.678,36.205,14954,0
20090915,36.161,36.539,36.161,36.522,40083,0
20090916,36.873,37.277,36.794,37.277,39782,0
20090917,37.445,37.445,36.785,36.943,29173,0
20090918,37.295,37.427,36.724,37.401,58825,0
20090921,37.436,37.823,36.794,37.181,26076,0
20090922,37.655,37.655,37.304,37.524,42234,0
20090923,37.401,37.48,36.838,36.838,56452,0
20090924,37.023,37.066,36.294,36.6,79724,0
20090925,36.917,37.058,36.539,36.925,55862,0
20090928,36.908,37.321,36.803,37.075,40667,0
20090929,37.102,37.19,36.724,36.969,15833,0
20090930,37.383,37.383,36.724,37.259,63878,0
20091001,37.515,37.515,36.294,36.329,52480,0
20091002,36.294,36.556,35.855,36.531,25138,0
20091005,36.75,37.242,36.241,37.111,29334,0
20091006,37.734,37.998,37.312,37.805,40435,0
20091007,38.076,38.384,37.689,38.015,308224,0
20091008,38.306,38.306,37.832,38.2,61247,0
20091009,38.402,38.463,38.041,38.288,34963,0
20091012,38.753,39.034,38.112,38.534,36568,0
20091013,38.692,38.692,38.2,38.604,27293,0
20091014,39.219,39.992,38.947,39.666,72290,0
20091015,39.324,39.324,38.832,39.183,69612,0
20091016,38.947,39.034,38.824,39.034,35998,0
20091019,39.342,39.747,39.034,39.623,46217,0
20091020,39.738,39.807,39.123,39.413,49444,0
20091021,39.324,39.657,39.087,39.114,54358,0
20091022,39.183,39.342,38.657,39.061,96553,0
20091023,39.236,39.342,38.631,38.797,55196,0
20091026,38.938,39.227,38.314,38.463,41622,0
20091027,38.552,38.552,37.875,38.2,26642,0
20091028,37.77,37.77,36.144,36.442,116191,0
20091029,36.75,37.471,36.636,37.392,167322,0
20091030,37.33,37.365,35.792,36.223,42498,0
20091102,36.495,37.032,36.294,36.865,691872,0
20091103,36.205,36.908,36.17,36.908,19033,0
20091104,37.689,38.148,37.312,37.356,77772,0
20091105,37.998,38.209,37.875,38.13,76010,0
20091106,37.989,38.226,37.541,37.936,32659,0
20091109,38.868,39.219,38.358,39.166,77727,0
20091110,39.034,39.087,38.596,38.99,57329,0
20091111,39.526,39.579,39.157,39.227,21976,0
20091112,39.245,39.395,38.524,38.7,37326,0
20091113,38.983,39.342,38.674,39.316,32693,0
20091116,39.825,40.599,39.825,40.177,53250,0
20091117,39.738,40.027,39.254,39.755,52166,0
20091118,39.931,39.931,39.308,39.597,26951,0
20091119,39.491,39.491,38.657,39.07,31500,0
20091120,39.052,39.052,38.613,38.841,16514,0
20091123,39.377,39.623,39.166,39.457,25111,0
20091124,39.711,39.711,38.903,39.114,13965,0
20091125,39.473,39.684,39.245,39.684,15096,0
20091127,37.989,38.622,37.137,38.358,59907,0
20091130,38.279,38.815,38.253,38.815,31217,0
20091201,39.131,39.825,39.131,39.729,57137,0
20091202,39.675,40.107,39.675,39.913,19300,0
20091203,40.116,40.124,39.465,39.579,46425,0
20091204,40.256,40.274,39.482,39.747,56083,0
20091207,39.482,39.965,39.457,39.684,28853,0
20091208,39.342,39.473,39.245,39.299,46144,0
20091209,39.606,39.606,39.324,39.57,18425,0
20091210,39.544,39.675,39.448,39.632,59484,0
20091211,39.878,39.878,39.623,39.738,37621,0
20091214,40.177,40.177,39.816,40.036,14880,0
20091215,39.851,40.063,39.816,39.816,14538,0
20091216,40.089,40.089,39.904,39.94,22198,0
20091217,39.65,39.65,39.061,39.219,106886,0
20091218,39.526,39.526,38.515,39.043,57510,0
20091221,39.052,39.386,38.841,38.983,78111,0
20091222,39.263,39.747,39.236,39.666,47027,0
20091223,39.922,40.009,39.482,39.948,36297,0
20091224,40.502,40.502,40.098,40.396,18424,0
20091228,40.423,40.677,40.343,40.668,69065,0
20091229,40.677,40.88,40.599,40.599,77418,0
20091230,40.915,40.924,40.765,40.817,71122,0
20091231,41.205,41.205,40.765,40.765,23723,0
20100104,41.846,42.215,41.819,42.109,81069,0
20100105,42.232,42.374,42.136,42.374,92051,0
20100106,42.374,42.566,42.258,42.258,209416,0
20100107,42.241,42.338,41.968,42.198,82065,0
20100108,42.294,42.443,42.101,42.399,63769,0
20100111,42.813,43.191,42.575,42.724,78183,0
20100112,42.452,42.619,42.18,42.365,75331,0
20100113,42.514,42.663,42.232,42.583,46969,0
20100114,42.628,42.689,42.391,42.636,42549,0
20100115,42.645,42.689,42.049,42.092,126825,0
20100119,42.619,42.795,42.47,42.707,64346,0
20100120,42.302,42.302,41.697,42.057,40489,0
20100121,41.706,41.723,40.59,40.808,129715,0
20100122,40.511,40.564,39.65,39.657,63703,0
20100125,40.036,40.616,39.816,40.019,78292,0
20100126,39.395,39.675,38.797,38.956,77743,0
20100127,38.709,38.93,38.174,38.832,89866,0
20100128,39.64,39.64,38.631,38.736,50098,0
20100129,39.079,39.561,38.542,38.631,40254,0
20100201,38.868,39.395,38.797,39.395,62718,0
20100202,39.395,39.395,38.841,39.316,146413,0
20100203,39.465,39.791,39.227,39.457,589625,0
20100204,38.999,38.999,37.383,37.383,204870,0
20100205,37.19,37.532,36.398,37.304,143199,0
20100208,37.673,37.673,37.015,37.023,136970,0
20100209,37.742,38.262,37.611,38.041,97761,0
20100210,38.068,38.481,37.91,38.076,183002,0
20100211,38.753,38.947,38.244,38.745,57331,0
20100212,38.472,38.841,38.121,38.674,296829,0
20100216,38.815,39.395,38.762,39.395,68893,0
20100217,39.473,39.816,39.395,39.588,64275,0
20100218,39.588,39.834,39.333,39.773,315748,0
20100219,39.421,39.579,38.974,39.509,89412,0
20100222,39.553,39.553,39.114,39.368,143839,0
20100223,39.227,39.245,38.463,38.49,91375,0
20100224,38.849,39.254,38.849,39.14,56407,0
20100225,38.683,38.753,37.945,38.718,72812,0
20100226,38.709,38.999,38.569,38.893,135856,0
20100301,39.342,39.816,39.342,39.693,125203,0
20100302,39.983,40.238,39.957,39.992,92377,0
20100303,40.168,40.537,40.089,40.159,62099,0
20100304,40.159,40.247,39.922,40.221,63452,0
20100305,40.739,41.047,40.651,40.958,84018,0
20100308,41.188,41.336,41.064,41.24,51003,0
20100309,40.941,41.389,40.712,41.151,146343,0
20100310,41.354,41.512,41.188,41.468,44488,0
20100311,41.002,41.582,41.002,41.582,75183,0
20100312,41.635,41.635,41.178,41.275,64030,0
20100315,40.712,41.169,40.546,40.88,134219,0
20100316,40.871,41.328,40.871,41.328,39438,0
20100317,41.547,42.005,41.547,41.819,53102,0
20100318,42.013,42.013,41.609,41.732,75899,0
20100319,41.968,42.109,41.24,41.284,72387,0
20100322,41.038,41.697,40.817,41.626,62598,0
20100323,41.784,41.784,41.398,41.723,52307,0
20100324,41.626,41.644,41.372,41.416,157696,0
20100325,41.618,41.715,41.319,41.319,33835,0
20100326,41.459,41.758,41.345,41.503,67878,0
20100329,41.934,42.145,41.793,42.136,60148,0
20100330,42.232,42.383,42.109,42.294,52467,0
20100331,42.241,42.47,42.145,42.399,31680,0
20100401,42.822,43.225,42.663,43.182,55331,0
20100405,43.647,43.77,43.313,43.699,63409,0
20100406,43.656,43.84,43.392,43.761,33258,0
20100407,43.805,43.805,43.365,43.568,696247,0
20100408,43.409,43.674,43.164,43.647,799802,0
20100409,43.559,44.06,43.559,44.06,102263,0
20100412,43.955,44.113,43.796,43.875,142549,0
20100413,43.594,43.735,43.296,43.665,97092,0
20100414,44.113,44.341,43.849,44.341,47494,0
20100415,44.217,44.403,43.973,44.254,93656,0
20100416,44.008,44.008,42.822,43.066,135948,0
20100419,42.145,42.566,41.793,42.417,131189,0
20100420,43.269,43.331,42.874,43.058,121285,0
20100421,43.4,43.4,42.795,43.058,83760,0
20100422,42.988,43.34,42.636,43.216,52692,0
20100423,43.383,43.621,43.128,43.506,24829,0
20100426,43.902,43.902,43.516,43.594,41210,0
20100427,43.349,44.148,42.391,42.523,449135,0
20100428,42.663,43.049,42.663,42.962,1239427,0
20100429,43.357,43.612,43.006,43.252,393931,0
20100430,43.164,43.69,42.557,42.557,241116,0
20100503,43.085,43.374,42.866,43.313,182362,0
20100504,42.514,42.514,41.485,41.591,127671,0
20100505,41.863,41.863,39.922,40.546,767722,0
20100506,40.009,40.414,16.218,38.587,328256,0
20100507,39.026,39.807,38.191,39.175,157600,0
20100510,42.435,42.514,40.027,41.416,116304,0
20100511,40.721,41.424,40.378,40.958,381748,0
20100512,40.677,41.512,40.203,41.432,128375,0
20100513,41.055,41.706,40.958,41.011,66805,0
20100514,40.546,40.932,40,40.387,51586,0
20100517,39.974,40.247,39.183,39.948,88910,0
20100518,40.141,41.266,38.974,39.299,35817,0
20100519,38.885,39.263,38.157,38.771,145087,0
20100520,37.919,37.919,36.698,36.899,121933,0
20100521,36.732,37.593,36.232,37.567,193333,0
20100524,37.849,38.015,37.532,37.549,123349,0
20100525,36.689,36.925,35.731,36.917,137651,0
20100526,37.015,37.549,36.759,36.803,114103,0
20100527,37.664,38.999,37.664,38.999,95164,0
20100528,39.07,39.07,38.437,38.631,94964,0
20100601,37.892,38.604,37.866,37.875,149667,0
20100602,38.076,39.175,38.059,39.175,4081173,0
20100603,39.413,39.413,38.665,39.052,131157,0
20100604,38.506,38.727,37.928,37.98,134868,0
20100607,37.91,38.174,37.497,37.497,59109,0
20100608,37.646,38.191,37.497,38.157,317721,0
20100609,38.463,38.649,37.883,38.007,30101,0
20100610,38.657,39.395,38.657,39.175,31072,0
20100611,38.903,39.491,38.806,39.457,58760,0
20100614,39.86,40.009,39.404,39.457,35395,0
20100615,39.834,40.458,39.825,40.458,36826,0
20100616,40.282,40.651,39.965,40.493,187398,0
20100617,40.59,40.59,40.089,40.423,88738,0
20100618,40.194,40.546,40.194,40.343,482862,0
20100621,41.107,41.372,40.677,40.808,141630,0
20100622,41.107,41.319,40.29,40.37,145270,0
20100623,40.616,40.845,40.256,40.668,89096,0
20100624,40.608,40.608,40.019,40.15,108513,0
20100625,40.265,40.493,40.063,40.432,85677,0
20100628,40.37,40.528,40.23,40.405,38398,0
20100629,39.64,39.64,38.912,39.096,187190,0
20100630,39.061,39.484,38.832,38.885,89109,0
20100701,39.183,39.183,38.428,38.921,82840,0
20100702,39.579,39.65,38.947,39.281,211667,0
20100706,39.965,40.334,39.64,39.816,58340,0
20100707,39.992,40.845,39.992,40.765,624382,0
20100708,40.484,40.994,40.405,40.677,76559,0
20100709,40.801,41.091,40.704,41.011,46301,0
20100712,40.958,41.134,40.748,40.976,113476,0
20100713,41.073,41.732,41.073,41.732,36039,0
20100714,41.16,41.266,40.906,41.107,54851,0
20100715,41.169,41.372,40.889,41.372,40179,0
20100716,41.098,41.134,40.414,40.475,50327,0
20100719,40.862,41.055,40.624,40.95,43750,0
20100720,40.836,41.582,40.748,41.582,54741,0
20100721,41.609,41.635,40.871,40.958,76637,0
20100722,41.635,42.109,41.609,41.987,54699,0
20100723,41.907,42.232,41.609,42.145,311897,0
20100726,42.136,42.479,42.005,42.47,242180,0
20100727,42.628,42.628,42.162,42.346,364154,0
20100728,42.294,42.321,41.977,42.092,149742,0
20100729,42.61,42.698,42.013,42.346,104113,0
20100730,42.285,42.822,42.276,42.769,120133,0
20100802,43.4,43.752,43.374,43.708,84719,0
20100803,43.55,43.577,43.216,43.313,420753,0
20100804,43.665,43.735,43.322,43.683,403993,0
20100805,43.489,43.683,43.322,43.542,227765,0
20100806,43.497,43.594,43.207,43.55,95665,0
20100809,43.902,44.121,43.849,44.008,180870,0
20100810,43.48,43.726,43.252,43.647,235666,0
20100811,42.874,42.909,42.374,42.399,118180,0
20100812,42.022,42.61,42.022,42.601,112440,0
20100813,43.058,43.075,42.813,42.926,54278,0
20100816,43.075,43.313,42.918,43.26,45835,0
20100817,43.63,43.823,43.462,43.656,262708,0
20100818,43.717,43.796,43.418,43.63,81584,0
20100819,43.559,43.77,43.032,43.243,82465,0
20100820,43.252,43.462,43.075,43.436,84785,0
20100823,44.763,44.894,44.35,44.376,109508,0
20100824,44.086,44.244,43.69,43.893,159136,0
20100825,43.453,43.708,43.049,43.656,96626,0
20100826,43.875,43.875,43.225,43.331,56713,0
20100827,43.647,44.06,43.374,44.024,76172,0
20100830,43.831,43.857,43.453,43.453,36798,0
20100831,43.331,43.647,43.243,43.489,108716,0
20100901,44.411,44.728,44.077,44.569,207954,0
20100902,44.473,44.737,44.358,44.719,256641,0
20100903,45.368,45.368,45.009,45.333,429987,0
20100907,45.193,45.255,44.781,44.824,144558,0
20100908,45.255,45.545,45.106,45.43,358139,0
20100909,45.844,45.861,45.501,45.711,3160501,0
20100910,45.799,46.045,45.755,45.949,201563,0
20100913,46.625,46.731,46.406,46.696,445484,0
20100914,46.792,47.03,46.502,46.818,268148,0
20100915,46.634,46.836,46.397,46.818,98818,0
20100916,46.493,46.687,46.362,46.687,188822,0
20100917,46.766,47.083,46.643,46.757,204218,0
20100920,47.065,47.504,47.003,47.408,205031,0
20100921,47.433,47.539,47.126,47.442,279432,0
20100922,47.399,47.539,47.214,47.355,205139,0
20100923,47.188,47.513,47.056,47.17,119951,0
20100924,47.96,48.101,47.566,48.101,113581,0
20100927,48.057,48.065,47.626,47.626,165250,0
20100928,47.82,48.154,47.477,48.093,170130,0
20100929,48.137,48.259,47.864,47.978,115097,0
20100930,48.259,48.47,47.908,48.11,257855,0
20101001,48.584,48.945,48.584,48.866,244969,0
20101004,48.637,48.813,48.286,48.576,3334658,0
20101005,48.954,49.55,48.866,49.49,655834,0
20101006,49.507,49.594,49.244,49.541,1567757,0
20101007,49.718,49.718,49.085,49.279,257061,0
20101008,48.998,49.621,48.963,49.463,263257,0
20101011,49.55,49.55,49.164,49.454,243679,0
20101012,49.182,49.454,48.858,49.401,217103,0
20101013,49.867,50.315,49.78,50.149,246003,0
20101014,50.236,50.245,49.824,50.114,373059,0
20101015,50.174,50.474,49.507,49.806,240089,0
20101018,49.401,49.735,49.297,49.648,121210,0
20101019,48.901,49.041,48.172,48.39,665277,0
20101020,48.742,49.541,48.742,49.27,280706,0
20101021,49.709,49.841,48.971,49.358,125630,0
20101022,49.577,49.727,49.261,49.463,94511,0
20101025,50.254,50.324,49.911,50.122,163347,0
20101026,49.876,50,49.709,49.902,92786,0
20101027,49.472,49.49,48.892,49.207,217828,0
20101028,49.437,49.7,49.199,49.613,143730,0
20101029,49.701,49.904,49.454,49.834,133768,0
20101101,50.149,50.192,49.762,49.92,191822,0
20101102,50.341,50.517,50.14,50.421,213124,0
20101103,50.448,50.561,49.884,50.561,155555,0
20101104,51.273,51.625,51.053,51.625,282582,0
20101105,51.492,51.572,51.053,51.546,210015,0
20101108,51.265,51.387,51.018,51.387,148037,0
20101109,51.677,51.677,50.763,50.886,259937,0
20101110,51.124,51.396,50.755,51.247,171616,0
20101111,50.939,51.062,50.71,51.062,183690,0
20101112,50.508,50.596,49.815,50.105,217599,0
20101115,49.981,50.298,49.849,49.893,153056,0
20101116,49.419,49.428,48.33,48.742,223698,0
20101117,48.883,49.059,48.699,48.901,107427,0
20101118,49.709,49.946,49.55,49.815,92156,0
20101119,49.7,49.849,49.288,49.824,193038,0
20101122,49.55,49.78,49.191,49.691,245318,0
20101123,48.83,48.918,48.408,48.655,188424,0
20101124,49.147,49.341,48.989,49.297,164392,0
20101126,48.426,48.593,48.277,48.277,137464,0
20101129,48.496,48.866,48.101,48.673,211521,0
20101130,48.524,49.12,48.524,48.858,122831,0
20101201,50.069,50.174,49.718,49.946,460812,0
20101202,50.078,50.817,50.078,50.763,315915,0
20101203,50.271,50.808,49.964,50.728,258329,0
20101206,50.57,50.789,50.35,50.789,218051,0
20101207,51.088,51.175,50.315,50.474,249311,0
20101208,50.448,50.605,49.972,50.333,164537,0
20101209,50.395,50.456,49.955,50.114,158363,0
20101210,50.21,50.333,49.937,50.333,298319,0
20101213,50.763,50.869,50.605,50.649,112937,0
20101214,50.86,50.966,50.684,50.834,90462,0
20101215,50.395,50.745,50.078,50.174,153791,0
20101216,50.096,50.412,50.078,50.324,71865,0
20101217,48.866,49.085,48.646,48.892,221697,0
20101220,48.786,48.883,48.479,48.637,168709,0
20101221,48.91,49.332,48.848,49.297,306047,0
20101222,49.225,49.428,49.111,49.27,104049,0
20101223,49.358,49.419,49.164,49.244,78502,0
20101227,49.103,49.516,48.98,49.463,85789,0
20101228,49.481,49.481,49.235,49.393,102651,0
20101229,49.358,49.71,49.278,49.595,200709,0
20101230,49.843,49.86,49.525,49.843,188537,0
20101231,50.011,50.28,49.9,50.085,73020,0
20110103,50.526,50.948,50.315,50.561,368356,0
20110104,50.886,50.895,50.298,50.649,600307,0
20110105,50.114,50.719,49.972,50.719,776187,0
20110106,50.412,50.412,50.008,50.289,225177,0
20110107,49.884,49.99,49.401,49.675,153892,0
20110110,49.366,49.375,48.848,49.288,727561,0
20110111,49.586,49.797,49.199,49.341,432046,0
20110112,49.911,50.227,49.675,50.052,810748,0
20110113,50.087,50.087,49.753,49.78,144935,0
20110114,49.762,49.99,49.586,49.709,152969,0
20110118,49.341,49.709,49.297,49.684,204609,0
20110119,49.55,49.709,49.041,49.235,145004,0
20110120,48.901,49.007,48.541,48.786,91543,0
20110121,48.998,49.015,48.541,48.576,229470,0
20110124,48.506,48.804,48.321,48.646,214701,0
20110125,48.347,48.55,48.057,48.443,122442,0
20110126,48.708,48.76,48.39,48.69,1043915,0
20110127,48.611,48.673,48.356,48.408,324563,0
20110128,48.093,48.128,46.924,46.933,435020,0
20110131,47.34,47.488,47.071,47.098,572498,0
20110201,47.469,47.96,47.249,47.723,7390956,0
20110202,48.049,48.11,47.53,47.574,614945,0
20110203,47.582,47.82,47.408,47.716,255895,0
20110204,47.67,47.767,47.381,47.504,493502,0
20110207,47.626,47.96,47.626,47.864,489465,0
20110208,47.75,47.794,47.442,47.75,520350,0
20110209,47.373,47.416,46.669,46.801,516416,0
20110210,46.257,46.502,45.589,46.379,409006,0
20110211,45.817,46.591,45.51,46.432,182813,0
20110214,46.415,46.449,46.195,46.318,117474,0
20110215,46.326,46.528,46.124,46.423,227622,0
20110216,46.722,46.871,46.353,46.783,125928,0
20110218,47.179,47.39,47.003,47.126,115411,0
20110222,46.275,46.3,45.368,45.51,376668,0
20110223,45.641,45.641,44.833,45.255,103893,0
20110224,44.93,45.026,44.507,44.807,275511,0
20110225,45.202,45.51,45.202,45.299,122811,0
20110228,45.505,45.77,45.478,45.654,109153,0
20110301,45.992,46.037,45.316,45.36,237323,0
20110302,45.633,46.054,45.615,46.001,258543,0
20110303,46.458,46.836,46.449,46.713,110649,0
20110304,46.757,46.757,46.266,46.582,119891,0
20110307,46.652,46.652,45.782,46.124,92278,0
20110308,46.379,46.713,46.054,46.475,107356,0
20110309,46.687,46.862,46.555,46.749,108281,0
20110310,46.239,46.379,45.773,45.799,87768,0
20110311,45.676,46.141,45.589,46.054,60550,0
20110314,45.377,45.914,45.377,45.896,215428,0
20110315,43.946,44.807,43.647,44.578,186236,0
20110316,44.551,44.912,43.787,44.008,117343,0
20110317,44.465,44.58,44.095,44.236,209544,0
20110318,44.79,45.158,44.675,44.894,48987,0
20110321,45.483,45.589,45.351,45.458,66201,0
20110322,45.606,45.738,45.466,45.483,46195,0
20110323,45.835,46.213,45.702,46.028,187787,0
20110324,46.335,46.88,46.222,46.801,114795,0
20110325,46.344,46.749,46.23,46.335,64051,0
20110328,46.511,46.591,46.141,46.23,86348,0
20110329,46.335,46.608,46.335,46.555,91726,0
20110330,46.818,47.205,46.74,47.126,194149,0
20110331,47.359,47.525,47.062,47.322,69326,0
20110401,47.838,48.242,47.838,48.065,133640,0
20110404,48.146,48.558,48.11,48.558,53976,0
20110405,48.383,48.725,48.33,48.515,23774,0
20110406,49.12,49.12,48.848,49.059,54499,0
20110407,49.279,49.437,49.041,49.279,29967,0
20110408,49.341,49.516,49.103,49.103,102819,0
20110411,49.085,49.216,48.62,48.848,61659,0
20110412,48.708,48.708,48.013,48.19,70091,0
20110413,48.936,48.936,48.154,48.339,55048,0
20110414,48.268,48.927,48.268,48.795,75298,0
20110415,48.62,48.918,48.408,48.699,64460,0
20110418,47.9,48.101,47.495,47.838,77553,0
20110419,48.128,48.347,47.916,48.207,58010,0
20110420,48.858,49.111,48.858,49.033,31657,0
20110421,49.199,49.49,49.147,49.393,47916,0
20110425,49.49,49.498,48.901,49.085,53017,0
20110426,49.375,49.621,48.989,49.516,70108,0
20110427,49.675,49.762,49.067,49.691,149301,0
20110428,49.498,49.498,49.27,49.41,107568,0
20110429,49.417,49.788,49.325,49.325,77789,0
20110502,49.541,49.946,49.445,49.613,96467,0
20110503,49.094,49.094,48.347,48.751,121868,0
20110504,48.892,48.892,48.277,48.435,205699,0
20110505,48.303,48.496,47.882,48.128,80604,0
20110506,48.777,49.27,48.356,48.742,49013,0
20110509,48.742,49.085,48.593,49.015,57112,0
20110510,48.998,49.384,48.998,49.156,39508,0
20110511,48.858,48.971,48.321,48.584,48595,0
20110512,48.462,48.839,48.128,48.673,136657,0
20110513,48.487,48.733,47.662,47.987,2402265,0
20110516,47.644,48.233,47.266,47.574,121035,0
20110517,47.433,47.706,47.161,47.539,112371,0
20110518,47.916,48.25,47.67,48.137,130816,0
20110519,47.943,48.057,47.53,47.723,205290,0
20110520,47.522,47.522,47.047,47.249,33179,0
20110523,46.502,46.502,45.879,46.309,77813,0
20110524,46.591,46.774,46.344,46.484,207500,0
20110525,46.415,46.766,46.291,46.519,56864,0
20110526,46.669,47.074,46.608,47.065,49221,0
20110527,47.312,47.444,47.171,47.375,35746,0
20110531,48.203,48.502,48.062,48.502,45642,0
20110601,48.524,48.69,47.952,48.005,127912,0
20110602,48.259,48.629,48.137,48.611,113712,0
20110603,48.146,48.55,47.934,48.137,48344,0
20110606,48.128,48.242,47.662,47.812,86361,0
20110607,48.353,48.847,48.353,48.512,705324,0
20110608,48.291,48.53,47.911,47.929,81220,0
20110609,47.86,48.335,47.86,48.149,52338,0
20110610,47.462,47.71,47.084,47.277,52799,0
20110613,47.108,47.275,46.818,46.836,148485,0
20110614,47.551,47.701,47.33,47.612,40987,0
20110615,47.092,47.162,46.59,46.766,86456,0
20110616,46.44,46.607,45.902,46.192,61820,0
20110617,46.696,46.907,46.405,46.457,50877,0
20110620,45.752,45.99,45.4,45.99,97734,0
20110621,46.183,46.581,46.034,46.457,83021,0
20110622,46.405,46.474,45.99,45.99,39718,0
20110623,45.4,46.07,45.268,46.025,45276,0
20110624,46.131,46.237,45.857,45.875,25998,0
20110627,46.096,46.624,45.902,46.501,74840,0
20110628,46.431,47.022,46.405,46.995,37715,0
20110629,47.109,47.366,46.899,47.285,119365,0
20110630,47.488,47.906,47.405,47.906,43478,0
20110701,47.903,48.449,47.629,48.414,45988,0
20110705,48.38,48.396,48.053,48.308,55938,0
20110706,48.158,48.238,47.814,48.009,154982,0
20110707,48.688,49.006,48.512,48.714,122103,0
20110708,48.273,48.362,47.841,48.195,84424,0
20110711,47.603,47.603,46.959,47.109,65704,0
20110712,46.713,47.109,46.713,46.916,133220,0
20110713,47.022,47.701,46.959,47.285,163290,0
20110714,47.401,47.585,46.916,47.048,109486,0
20110715,47.533,47.533,47.118,47.444,41429,0
20110718,46.959,47.075,46.457,46.651,397070,0
20110719,46.942,47.189,46.881,47.092,201614,0
20110720,47.444,47.516,47.127,47.18,87530,0
20110721,47.338,48.07,47.338,47.823,25927,0
20110722,47.956,48.238,47.692,48.062,67015,0
20110725,47.86,48.045,47.673,47.911,39150,0
20110726,48.229,48.238,47.806,47.92,866931,0
20110727,48.335,48.38,47.718,47.886,66018,0
20110728,48.176,48.432,47.851,48.001,70278,0
20110729,47.682,48.045,47.479,47.762,81425,0
20110801,48.264,48.291,47.33,47.903,77436,0
20110802,47.656,47.656,46.792,46.899,57809,0
20110803,46.95,46.959,46.122,46.933,105832,0
20110804,45.963,45.972,44.227,44.324,223438,0
20110805,44.552,44.552,42.341,43.134,394719,0
20110808,41.6,41.864,39.484,39.687,302510,0
20110809,41.027,42.288,40.057,42.164,334200,0
20110810,41.741,41.925,40.851,40.983,103196,0
20110811,41.521,43.24,41.521,42.719,117397,0
20110812,43.028,43.319,42.676,42.913,49324,0
20110815,43.547,43.839,43.346,43.839,37099,0
20110816,43.204,43.513,42.958,43.134,98080,0
20110817,43.451,43.628,42.895,43.212,54772,0
20110818,41.953,41.953,41.159,41.618,77727,0
20110819,41.089,41.749,40.754,40.859,58751,0
20110822,41.388,41.388,40.454,40.507,61901,0
20110823,41.018,41.979,40.895,41.979,51508,0
20110824,41.291,41.838,41.194,41.653,73648,0
20110825,41.327,41.494,40.322,40.568,46049,0
20110826,40.348,40.948,39.872,40.948,47863,0
20110829,41.441,41.988,41.441,41.9,34316,0
20110830,41.803,42.358,41.591,42.05,83696,0
20110831,42.823,43.092,42.498,42.786,156264,0
20110901,42.913,43.072,42.499,42.623,76940,0
20110902,42.1,42.405,41.821,41.969,208002,0
20110906,40.621,41.512,40.551,41.477,62417,0
20110907,41.97,42.552,41.767,42.535,142315,0
20110908,41.908,42.199,41.582,41.582,73316,0
20110909,41.115,41.23,40.27,40.674,50076,0
20110912,40.013,40.524,39.617,40.524,97453,0
20110913,40.128,40.401,39.881,40.304,89604,0
20110914,39.819,40.154,39.141,39.907,100855,0
20110915,40.163,40.295,39.713,40.26,107737,0
20110916,40.48,40.587,40.084,40.339,14076,0
20110919,38.929,39.124,38.417,38.999,93585,0
20110920,39.149,39.44,38.824,38.876,107764,0
20110921,38.611,38.673,37.58,37.703,33140,0
20110922,36.266,36.355,35.174,35.64,90009,0
20110923,35.631,36.284,35.464,36.284,229202,0
20110926,35.377,35.808,34.918,35.755,101228,0
20110927,36.751,37.262,36.442,36.478,85284,0
20110928,36.24,36.442,35.518,35.631,133001,0
20110929,36.293,36.514,35.491,35.897,100649,0
20110930,35.376,35.616,34.169,34.225,3054598,0
20111003,34.141,34.574,33.507,33.507,975195,0
20111004,33.437,34.141,32.987,34.107,206565,0
20111005,34.178,34.874,33.896,34.785,97604,0
20111006,34.785,35.5,34.512,35.429,101546,0
20111007,35.5,35.623,34.927,35.077,113175,0
20111010,35.958,36.391,35.853,36.329,68411,0
20111011,36.107,36.592,35.844,36.514,64582,0
20111012,37.077,37.828,37.077,37.493,92396,0
20111013,37.236,37.562,36.98,37.501,125223,0
20111014,37.81,38.038,37.58,37.897,40217,0
20111017,37.66,37.66,36.99,37.025,220304,0
20111018,36.945,37.791,36.425,37.694,44241,0
20111019,37.36,37.493,36.786,36.945,74561,0
20111020,36.601,36.725,35.922,36.505,76772,0
20111021,37.086,37.236,36.919,37.051,88413,0
20111024,37.519,38.313,37.465,38.082,54051,0
20111025,37.536,37.862,37.395,37.474,58940,0
20111026,38.029,38.188,37.465,38.109,45003,0
20111027,39.422,40.701,39.325,40.41,128858,0
20111028,39.291,40.084,39.228,39.907,42897,0
20111031,39.02,39.113,38.641,38.641,70744,0
20111101,37.553,38.145,37.28,37.828,29304,0
20111102,38.558,38.974,38.356,38.77,29993,0
20111103,39.07,39.467,38.639,39.387,36732,0
20111104,38.965,39.057,38.427,38.992,41432,0
20111107,38.929,39.211,38.717,39.202,16376,0
20111108,39.334,39.722,38.92,39.669,36398,0
20111109,38.304,38.417,37.642,37.721,121436,0
20111110,38.073,38.073,37.545,37.712,24233,0
20111111,38.259,38.876,38.073,38.409,85614,0
20111114,38.118,38.197,37.651,37.828,57176,0
20111115,37.791,38.285,37.58,38.029,36998,0
20111116,37.395,37.765,37.104,37.104,58597,0
20111117,37.386,37.597,36.407,36.61,78949,0
20111118,37.104,37.368,36.442,36.601,72411,0
20111121,35.772,35.906,34.935,35.341,60216,0
20111122,35.464,35.464,34.857,35.236,56765,0
20111123,34.707,34.724,34.037,34.037,144387,0
20111125,34.178,34.592,34.133,34.133,39003,0
20111128,35.403,35.403,34.935,35.253,81135,0
20111129,35.174,35.491,35.024,35.146,53578,0
20111130,36.581,36.915,36.507,36.896,99601,0
20111201,36.76,36.875,36.382,36.478,34581,0
20111202,36.86,37.044,36.423,36.433,103041,0
20111205,36.91,37.008,36.549,36.777,39311,0
20111206,36.08,36.702,36.08,36.507,73579,0
20111207,36.163,36.646,36.034,36.562,112941,0
20111208,35.876,36.053,35.31,35.319,57335,0
20111209,35.644,36.126,35.552,35.978,41504,0
20111212,35.12,35.129,34.618,34.944,82434,0
20111213,35.105,35.255,34.382,34.439,53089,0
20111214,34.457,34.569,34.011,34.04,361220,0
20111215,34.61,34.61,34.168,34.291,57006,0
20111216,34.55,34.614,34.114,34.327,58807,0
20111219,33.965,34.011,33.362,33.419,118031,0
20111220,34.095,34.614,33.938,34.457,128814,0
20111221,34.596,34.781,34.299,34.781,95352,0
20111222,34.606,35.152,34.606,35.143,127145,0
20111223,35.245,35.385,35.023,35.227,122775,0
20111227,34.893,35.115,34.781,34.93,436628,0
20111228,34.781,34.837,34.447,34.698,154197,0
20111229,34.921,35.079,34.847,34.903,140855,0
20111230,34.995,35.323,34.873,34.995,149179,0
20120103,35.802,35.96,35.634,35.783,53871,0
20120104,35.505,35.792,35.449,35.783,129601,0
20120105,35.486,35.811,35.347,35.746,34315,0
20120106,35.653,35.653,35.366,35.458,26824,0
20120109,35.579,35.876,35.579,35.867,38129,0
20120110,36.377,36.655,36.331,36.368,47230,0
20120111,36.284,36.738,36.256,36.683,122465,0
20120112,36.869,36.933,36.553,36.933,20897,0
20120113,36.46,36.599,36.229,36.321,146095,0
20120117,37.194,37.332,37.036,37.157,65355,0
20120118,37.295,38.204,37.249,38.175,281560,0
20120119,38.241,38.565,38.232,38.483,24506,0
20120120,38.194,38.565,38.194,38.565,21072,0
20120123,38.547,39.085,38.547,38.936,66760,0
20120124,38.659,38.955,38.556,38.955,21962,0
20120125,38.584,39.641,38.584,39.577,46944,0
20120126,39.799,39.975,39.364,39.41,99540,0
20120127,39.428,39.781,39.428,39.586,67876,0
20120130,38.975,39.419,38.955,39.335,52429,0
20120131,39.815,39.992,39.534,39.909,291687,0
20120201,40.607,41.172,40.532,40.94,297555,0
20120202,41.191,41.431,41.061,41.191,154195,0
20120203,41.83,42.118,41.645,42.108,67220,0
20120206,41.58,41.84,41.534,41.84,115321,0
20120207,41.729,41.868,41.431,41.608,139329,0
20120208,42.137,42.424,42.09,42.424,192879,0
20120209,42.666,42.805,42.35,42.805,72017,0
20120210,42.054,42.247,41.478,42.155,132731,0
20120213,42.758,42.805,42.359,42.666,65174,0
20120214,42.452,42.563,42.193,42.489,246173,0
20120215,43.045,43.139,42.729,42.805,151050,0
20120216,42.508,43.073,42.461,43.009,67254,0
20120217,43.119,43.25,42.953,43.129,111379,0
20120221,43.361,43.546,43.129,43.221,268033,0
20120222,43.343,43.407,43.027,43.111,120281,0
20120223,43.018,43.389,42.906,43.129,31253,0
20120224,43.221,43.398,43.111,43.24,39271,0
20120227,42.906,43.092,42.517,43.018,33439,0
20120228,43.24,43.5,43.018,43.407,69755,0
20120229,43.596,44.083,43.363,43.456,389505,0
20120301,43.816,44.223,43.75,44.14,311435,0
20120302,44.103,44.233,43.974,44.094,88170,0
20120305,43.843,43.861,43.343,43.509,179730,0
20120306,42.535,42.535,41.821,42.007,252081,0
20120307,42.415,42.739,42.285,42.703,39221,0
20120308,43.435,43.648,43.119,43.463,33733,0
20120309,43.611,43.871,43.453,43.667,29592,0
20120312,43.472,43.472,43.055,43.287,71049,0
20120313,43.435,44.047,43.324,44.047,223718,0
20120314,43.797,43.918,43.416,43.5,52771,0
20120315,43.584,43.955,43.398,43.871,408945,0
20120316,43.992,44.14,43.88,44.001,187831,0
20120319,43.592,43.899,43.314,43.75,383172,0
20120320,43.185,43.25,42.748,43.25,357450,0
20120321,43.24,43.343,43,43.166,71464,0
20120322,42.758,42.758,42.313,42.647,212058,0
20120323,42.637,43.037,42.591,43.037,27100,0
20120326,43.176,43.611,43.037,43.611,81924,0
20120327,43.314,43.314,43.176,43.231,75144,0
20120328,43.119,43.119,42.405,42.572,160312,0
20120329,42.044,42.09,41.626,41.923,244865,0
20120330,42.474,42.623,42.258,42.604,143551,0
20120402,42.322,42.963,42.127,42.776,403899,0
20120403,42.6,42.6,42.054,42.164,211884,0
20120404,41.766,41.766,41.395,41.617,79385,0
20120405,41.812,41.932,41.589,41.812,27149,0
20120409,41.589,41.766,41.377,41.626,31707,0
20120410,41.543,41.543,40.578,40.588,265377,0
20120411,41.431,41.45,41.043,41.153,119781,0
20120412,41.358,42.155,41.348,42.137,38780,0
20120413,41.887,41.932,41.608,41.654,31224,0
20120416,41.812,41.913,41.395,41.404,244279,0
20120417,41.682,41.913,41.515,41.766,27951,0
20120418,41.431,41.506,41.301,41.404,25402,0
20120419,41.404,41.58,41.043,41.283,165748,0
20120420,41.487,41.774,41.44,41.562,141363,0
20120423,40.912,40.912,40.44,40.866,36837,0
20120424,41.116,41.209,40.772,40.772,121300,0
20120425,41.301,41.598,41.301,41.377,63296,0
20120426,41.33,41.654,41.283,41.626,89576,0
20120427,41.45,41.543,41.367,41.45,21118,0
20120430,41.35,41.369,41.163,41.332,68561,0
20120501,41.274,41.598,41.089,41.33,242619,0
20120502,41.534,41.84,41.321,41.747,139118,0
20120503,41.729,41.877,41.431,41.534,62574,0
20120504,41.431,41.654,41.097,41.182,74329,0
20120507,41.209,41.487,41.191,41.377,52443,0
20120508,40.987,41.106,40.541,41.043,37782,0
20120509,40.448,40.662,40.069,40.495,28303,0
20120510,40.588,40.699,40.458,40.56,25604,0
20120511,40.096,40.337,40.069,40.088,26221,0
20120514,39.483,39.483,39.03,39.038,63830,0
20120515,39.113,39.123,38.612,38.686,38347,0
20120516,38.519,38.584,38.102,38.112,105366,0
20120517,38.185,38.185,37.657,37.693,254706,0
20120518,37.815,37.917,37.1,37.175,109658,0
20120521,37.62,38.112,37.554,37.991,164337,0
20120522,38.093,38.232,37.481,37.686,32731,0
20120523,37.352,37.545,36.776,37.295,57462,0
20120524,37.1,37.147,36.646,36.886,275644,0
20120525,36.869,36.979,36.646,36.738,54563,0
20120529,37.731,37.86,37.444,37.749,59607,0
20120530,37.184,37.184,36.869,36.979,162146,0
20120531,37.111,37.401,36.868,37.232,90876,0
20120601,36.652,36.717,36.147,36.212,88173,0
20120604,36.126,36.321,35.783,35.905,79646,0
20120605,35.987,36.258,35.95,36.202,40474,0
20120606,36.774,37.401,36.764,37.401,233309,0
20120607,37.896,38.169,37.391,37.531,70952,0
20120608,37.092,37.401,36.922,37.391,34773,0
20120611,37.49,37.639,36.86,36.86,39564,0
20120612,37.335,37.588,37.186,37.578,93594,0
20120613,37.503,37.663,37.307,37.372,37204,0
20120614,37.286,37.527,37.286,37.508,9759,0
20120615,37.578,37.99,37.578,37.925,37434,0
20120618,37.785,38.121,37.775,38.083,98633,0
20120619,38.224,38.964,38.224,38.795,417818,0
20120620,38.777,38.898,38.58,38.683,73099,0
20120621,38.663,38.683,37.663,37.709,118904,0
20120622,38.074,38.196,37.878,38.15,73684,0
20120625,37.963,37.963,37.448,37.653,38799,0
20120626,37.766,37.963,37.523,37.887,79623,0
20120627,38.065,38.196,37.943,38.056,14257,0
20120628,37.737,37.859,37.513,37.775,65541,0
20120629,38.851,39.02,38.683,39.01,22840,0
20120702,39.17,39.805,39.038,39.17,144239,0
20120703,39.815,39.974,39.534,39.805,12630,0
20120705,39.665,39.891,39.497,39.731,22243,0
20120706,39.311,39.422,39.085,39.272,11516,0
20120709,39.038,39.272,38.936,39.15,10572,0
20120710,39.366,39.506,38.814,38.841,19669,0
20120711,39.15,39.338,38.954,39.085,18088,0
20120712,38.617,38.889,38.505,38.767,43051,0
20120713,38.824,39.197,38.824,39.142,98573,0
20120716,38.87,38.974,38.701,38.898,164539,0
20120717,38.927,39.235,38.692,39.235,104597,0
20120718,38.777,39.282,38.777,39.225,38779,0
20120719,39.095,39.282,39.067,39.244,20813,0
20120720,38.983,38.983,38.692,38.758,18777,0
20120723,37.878,38.112,37.682,38.046,22907,0
20120724,38.177,38.186,37.699,37.859,20564,0
20120725,38.112,38.243,37.963,38.083,15261,0
20120726,38.496,38.73,38.346,38.617,15525,0
20120727,38.767,39.17,37.785,39.038,326332,0
20120730,38.71,39.104,38.646,39.095,235807,0
20120731,38.991,39,38.608,38.637,95731,0
20120801,39.038,39.188,38.87,38.954,77506,0
20120802,38.57,38.907,38.43,38.589,67694,0
20120803,39.254,39.778,39.254,39.684,42963,0
20120806,39.487,40.031,39.487,39.928,81433,0
20120807,39.891,40.256,39.788,39.974,74240,0
20120808,39.974,40.171,39.891,40.059,8883,0
20120809,39.984,40.405,39.965,40.246,28406,0
20120810,40.002,40.424,40.002,40.424,57325,0
20120813,40.059,40.246,39.899,40.059,15513,0
20120814,40.199,40.236,39.965,40.021,34047,0
20120815,39.899,40.096,39.891,40.049,38636,0
20120816,40.246,40.518,40.161,40.358,40196,0
20120817,40.358,40.358,40.049,40.189,18499,0
20120820,40.096,40.311,40.021,40.256,11868,0
20120821,40.629,40.639,40.256,40.349,21343,0
20120822,40.068,40.471,40.021,40.461,11641,0
20120823,40.368,40.368,40.078,40.134,34136,0
20120824,40.302,40.368,40.002,40.265,12397,0
20120827,40.115,40.115,39.881,39.891,29345,0
20120828,39.628,39.805,39.534,39.554,150398,0
20120829,39.712,39.712,39.394,39.572,39555,0
20120830,39.461,39.461,39.104,39.142,315679,0
20120831,39.422,39.656,39.207,39.525,22835,0
20120904,39.769,39.778,39.413,39.628,22395,0
20120905,39.413,39.769,39.413,39.731,85456,0
20120906,39.881,40.451,39.805,40.415,100773,0
20120907,40.415,40.816,40.415,40.816,28378,0
20120910,40.611,40.836,40.479,40.508,22660,0
20120911,40.742,40.948,40.508,40.855,14642,0
20120912,40.92,41.153,40.902,41.097,21826,0
20120913,40.948,42.155,40.873,41.921,56875,0
20120914,42.174,42.295,41.865,42.024,38420,0
20120917,41.827,42.006,41.752,41.827,46049,0
20120918,41.743,41.903,41.743,41.827,11640,0
20120919,41.911,42.053,41.856,41.987,19549,0
20120920,41.734,41.903,41.593,41.847,32529,0
20120921,42.127,42.371,41.911,41.977,22946,0
20120924,41.818,41.987,41.752,41.959,28621,0
20120925,42.015,42.117,41.407,41.425,44675,0
20120926,41.097,41.144,40.92,41.023,60437,0
20120927,41.369,41.762,41.266,41.481,63956,0
20120928,41.603,41.603,41.256,41.603,34420,0
20121001,41.977,42.286,41.93,42.08,247753,0
20121002,42.23,42.314,41.79,41.968,73902,0
20121003,42.006,42.024,41.78,41.884,47976,0
20121004,41.884,42.202,41.884,42.043,48549,0
20121005,42.117,42.343,41.856,41.968,64192,0
20121008,41.557,41.669,41.453,41.557,23004,0
20121009,41.537,41.547,41.229,41.332,16008,0
20121010,41.416,41.443,41.06,41.163,24251,0
20121011,41.472,41.725,41.453,41.5,22588,0
20121012,41.36,41.603,41.135,41.303,16404,0
20121015,41.49,41.697,41.369,41.547,39743,0
20121016,41.865,41.977,41.603,41.856,41503,0
20121017,41.856,42.211,41.856,42.099,31782,0
20121018,42.034,42.108,41.734,41.884,27025,0
20121019,41.697,41.697,41.163,41.247,26592,0
20121022,41.65,41.669,41.407,41.557,73872,0
20121023,41.06,41.079,40.826,40.966,70868,0
20121024,41.425,41.425,41.106,41.163,64820,0
20121025,41.341,41.369,41.013,41.172,18837,0
20121026,40.788,40.788,40.451,40.658,38924,0
20121031,40.443,40.619,40.161,40.386,71114,0
20121101,40.855,41.023,40.826,40.966,165403,0
20121102,41.07,41.106,40.518,40.648,23470,0
20121105,40.573,40.873,40.526,40.798,39105,0
20121106,41.023,41.332,40.92,41.144,62164,0
20121107,40.863,40.948,40.526,40.723,51013,0
20121108,40.902,40.938,40.433,40.573,20455,0
20121109,40.686,41.079,40.639,40.705,17941,0
20121112,40.92,40.995,40.779,40.91,33684,0
20121113,40.246,40.639,40.246,40.424,21949,0
20121114,40.321,40.498,39.778,39.815,194404,0
20121115,40.049,40.228,39.956,40.078,70186,0
20121116,40.002,40.199,39.815,40.106,58551,0
20121119,40.349,40.565,40.339,40.489,47176,0
20121120,40.189,40.424,40.189,40.358,30888,0
20121121,40.311,40.311,40.087,40.142,19744,0
20121123,40.602,40.882,40.602,40.816,20442,0
20121126,40.863,40.985,40.733,40.976,16378,0
20121127,40.902,41.032,40.769,40.808,21975,0
20121128,40.602,40.948,40.498,40.92,35397,0
20121129,40.93,41.247,40.93,41.2,149418,0
20121130,41.21,41.332,41.116,41.153,489897,0
20121203,41.472,41.537,41.303,41.303,94971,0
20121204,41.481,41.743,41.481,41.557,243255,0
20121205,41.8,42.07,41.78,41.837,390366,0
20121206,41.987,42.117,41.894,42.08,52259,0
20121207,42.117,42.258,41.996,42.146,116180,0
20121210,42.155,42.361,42.099,42.343,47974,0
20121211,42.09,42.501,42.09,42.464,176182,0
20121212,42.642,42.82,42.474,42.548,44406,0
20121213,42.548,42.642,42.239,42.361,89877,0
20121214,42.614,42.82,42.53,42.698,107471,0
20121217,42.876,43.035,42.791,43.035,78283,0
20121218,42.782,43.278,42.782,43.241,37240,0
20121219,43.298,43.399,43.091,43.119,40208,0
20121220,43.278,43.447,43.054,43.447,28581,0
20121221,42.809,42.942,42.637,42.922,66699,0
20121224,42.961,43.065,42.819,42.922,38499,0
20121226,43.294,43.626,43.274,43.332,51001,0
20121227,43.379,43.503,43.142,43.407,60501,0
20121228,43.36,43.711,43.312,43.541,139911,0
20121231,43.645,44.348,43.626,44.32,75736,0
20130102,44.786,45.127,44.548,45.119,117948,0
20130103,44.919,45.422,44.889,45.137,184252,0
20130104,45.051,45.413,44.947,45.326,136439,0
20130107,45.374,45.516,45.309,45.422,141943,0
20130108,45.326,45.451,45.023,45.203,191554,0
20130109,45.498,45.716,45.441,45.64,237060,0
20130110,45.849,45.983,45.64,45.907,85680,0
20130111,45.64,45.64,45.356,45.461,93708,0
20130114,45.764,45.821,45.478,45.65,52639,0
20130115,45.64,45.659,45.413,45.659,164100,0
20130116,45.488,45.603,45.365,45.47,600939,0
20130117,45.564,45.564,45.365,45.441,55493,0
20130118,45.746,45.859,45.451,45.821,345821,0
20130122,45.869,45.878,45.622,45.801,137204,0
20130123,45.754,45.849,45.64,45.746,286866,0
20130124,45.612,45.736,45.356,45.488,57183,0
20130125,45.384,45.488,45.222,45.346,74889,0
20130128,45.326,45.326,45.003,45.051,54886,0
20130129,45.326,45.612,45.326,45.612,134761,0
20130130,45.441,45.698,45.432,45.508,34993,0
20130131,45.564,45.632,45.356,45.441,41521,0
20130201,45.801,45.945,45.669,45.84,205398,0
20130204,45.384,45.603,45.071,45.174,205601,0
20130205,45.451,45.603,45.356,45.451,140686,0
20130206,45.28,45.422,45.241,45.394,70999,0
20130207,45.213,45.365,44.899,45.071,66095,0
20130208,45.261,45.461,45.127,45.374,62596,0
20130211,45.365,45.441,45.251,45.336,41877,0
20130212,45.461,45.516,45.27,45.346,60323,0
20130213,45.784,45.784,45.498,45.516,87980,0
20130214,45.556,45.811,45.546,45.726,87171,0
20130215,46.021,46.069,45.764,45.897,407247,0
20130219,45.849,45.973,45.764,45.869,157759,0
20130220,45.926,46.039,45.374,45.478,103334,0
20130221,45.356,45.403,44.881,45.061,95095,0
20130222,45.326,45.516,45.156,45.498,70333,0
20130225,45.47,45.698,44.795,44.842,54219,0
20130226,45.08,45.127,44.805,45.061,81613,0
20130227,45.137,45.526,45.089,45.326,78408,0
20130228,45.447,45.504,45.207,45.217,89812,0
20130301,45.203,45.422,45.023,45.422,119914,0
20130304,45.042,45.213,44.889,45.213,127793,0
20130305,45.536,46.03,45.536,45.983,360308,0
20130306,46.087,46.163,45.936,46.153,192590,0
20130307,46.353,46.439,46.278,46.401,103537,0
20130308,46.591,46.724,46.439,46.628,66170,0
20130311,46.373,46.572,46.296,46.534,214209,0
20130312,46.097,46.249,45.869,45.926,99870,0
20130313,45.754,45.764,45.603,45.603,37148,0
20130314,45.869,45.945,45.794,45.84,44354,0
20130315,45.516,45.64,45.336,45.336,67841,0
20130318,45.089,45.146,44.881,45.071,69966,0
20130319,45.071,45.071,44.491,44.719,38815,0
20130320,45.156,45.156,44.805,45.003,33251,0
20130321,45.051,45.051,44.728,44.747,371311,0
20130322,44.881,44.889,44.767,44.814,29549,0
20130325,45.08,45.137,44.605,44.747,161005,0
20130326,45.042,45.213,44.976,45.156,30873,0
20130327,44.871,45.309,44.747,45.28,126254,0
20130328,45.27,45.632,45.27,45.574,208544,0
20130401,45.461,45.584,45.28,45.346,152918,0
20130402,45.488,45.584,45.374,45.374,87513,0
20130403,45.289,45.488,44.871,44.984,166173,0
20130404,44.919,45.032,44.681,44.795,126570,0
20130405,44.32,44.823,44.292,44.776,66861,0
20130408,44.453,44.767,44.424,44.757,42123,0
20130409,44.842,45.194,44.681,45.013,21745,0
20130410,45.365,45.65,45.28,45.536,28607,0
20130411,45.536,45.774,45.516,45.64,54759,0
20130412,45.309,45.612,45.174,45.365,44858,0
20130415,44.976,45.051,44.31,44.31,51897,0
20130416,45.089,45.432,44.871,45.413,79800,0
20130417,45.165,45.27,44.661,44.861,70386,0
20130418,45.346,45.346,44.919,45.099,65660,0
20130419,45.536,45.707,45.451,45.669,39634,0
20130422,45.794,45.878,45.508,45.849,48264,0
20130423,45.698,46.107,45.64,45.869,57165,0
20130424,45.707,46.039,45.698,45.945,36524,0
20130425,46.078,46.334,45.991,46.144,90126,0
20130426,45.926,46.059,45.84,45.926,14528,0
20130429,46.125,46.467,46.125,46.296,47478,0
20130430,46.511,46.76,46.281,46.625,118725,0
20130501,46.563,46.78,46.286,46.315,63265,0
20130502,46.467,46.705,46.467,46.61,73147,0
20130503,46.838,47.141,46.705,46.876,86696,0
20130506,46.876,47.086,46.828,47.028,226047,0
20130507,47.199,47.323,47.141,47.209,80975,0
20130508,47.493,47.693,47.37,47.626,112741,0
20130509,47.608,47.731,47.323,47.417,49690,0
20130510,47.427,47.484,47.255,47.465,75136,0
20130513,47.275,47.275,46.961,46.999,76516,0
20130514,47.086,47.313,47.047,47.141,91925,0
20130515,47.094,47.275,47.047,47.151,37663,0
20130516,47.161,47.389,47.009,47.009,85141,0
20130517,47.199,47.323,47.141,47.323,41951,0
20130520,47.399,47.722,47.293,47.617,1117530,0
20130521,47.74,47.798,47.323,47.523,382179,0
20130522,47.693,47.883,46.904,47.199,194362,0
20130523,46.591,46.942,46.221,46.866,118712,0
20130524,46.79,46.8,46.467,46.619,29972,0
20130528,47.313,47.399,46.98,46.99,70321,0
20130529,46.895,47.039,46.674,46.674,77442,0
20130530,46.676,46.8,46.563,46.563,61490,0
20130531,46.463,46.54,45.84,45.84,118126,0
20130603,45.916,46.315,45.678,46.23,179443,0
20130604,46.3,46.3,45.61,45.783,76722,0
20130605,45.677,45.849,45.044,45.044,91818,0
20130606,45.015,45.409,44.747,45.341,72624,0
20130607,45.197,45.428,44.948,45.14,101976,0
20130610,44.899,44.899,44.386,44.482,36751,0
20130611,43.711,43.884,43.339,43.521,96776,0
20130612,43.854,43.854,43.142,43.274,35770,0
20130613,43.274,44.092,43.274,43.959,197899,0
20130614,43.731,43.884,43.232,43.261,41931,0
20130617,43.711,44.082,43.674,43.769,51809,0
20130618,43.711,44.134,43.711,44.115,101139,0
20130619,43.961,44,43.022,43.079,47949,0
20130620,42.398,42.398,40.424,40.683,971857,0
20130621,41.267,41.641,40.587,41.527,300553,0
20130624,40.587,41.056,40.155,40.683,111735,0
20130625,41.086,41.257,40.75,41.143,54600,0
20130626,41.622,41.986,41.162,41.862,260729,0
20130627,42.035,42.37,41.843,42.14,249520,0
20130628,41.928,42.427,41.699,42.188,139832,0
20130701,42.753,43.04,42.686,42.84,193748,0
20130702,42.887,42.993,42.102,42.351,34185,0
20130703,42.006,42.342,41.785,42.054,17851,0
20130705,41.948,41.948,41.373,41.775,35881,0
20130708,41.651,42.006,41.507,41.575,50028,0
20130709,41.756,42.015,41.507,41.785,93269,0
20130710,41.679,41.785,41.364,41.469,237848,0
20130711,42.524,42.897,42.332,42.877,148733,0
20130712,42.648,42.945,42.398,42.485,30767,0
20130715,42.973,43.472,42.973,43.261,141315,0
20130716,43.558,43.596,43.252,43.558,47195,0
20130717,43.74,43.875,43.616,43.654,28814,0
20130718,43.366,43.636,43.329,43.339,12510,0
20130719,43.147,43.329,42.993,43.175,18939,0
20130722,43.588,43.828,43.414,43.654,29485,0
20130723,44.027,44.134,43.846,44.037,43442,0
20130724,44.057,44.057,43.376,43.521,12415,0
20130725,43.558,43.846,43.434,43.808,14679,0
20130726,43.721,43.913,43.165,43.865,327182,0
20130729,43.339,43.501,43.213,43.3,29857,0
20130730,43.28,43.28,43.05,43.137,23512,0
20130731,42.782,43.022,42.514,42.801,19106,0
20130801,43.108,43.348,43.108,43.222,58735,0
20130802,43.137,43.548,42.973,43.414,26385,0
20130805,43.472,43.472,43.098,43.222,40733,0
20130806,43.137,43.185,42.916,43.079,28788,0
20130807,42.677,42.849,42.638,42.638,22162,0
20130808,43.05,43.482,42.907,43.357,53603,0
20130809,43.339,43.664,43.339,43.366,59692,0
20130812,43.339,43.626,43.29,43.463,54049,0
20130813,43.684,43.903,43.501,43.711,56552,0
20130814,43.684,43.798,43.636,43.684,42800,0
20130815,43.414,43.414,42.859,43.098,64503,0
20130816,43.329,43.366,42.753,42.773,227167,0
20130819,42.446,42.638,42.072,42.11,105910,0
20130820,41.833,42.217,41.737,42.054,120021,0
20130821,41.699,41.699,41.066,41.152,77268,0
20130822,41.43,41.699,41.421,41.527,66162,0
20130823,41.814,42.006,41.641,41.928,140178,0
20130826,41.804,42.13,41.439,41.603,55777,0
20130827,40.874,40.96,40.395,40.472,52834,0
20130828,40.261,40.75,40.145,40.529,190015,0
20130829,40.874,41.191,40.788,40.808,67795,0
20130830,41.296,41.392,40.913,41.066,27411,0
20130903,41.843,42.082,41.487,41.593,58123,0
20130904,41.843,42.178,41.843,42.12,63255,0
20130905,42.264,42.446,42.15,42.398,79403,0
20130906,42.524,43.06,42.504,42.801,63783,0
20130909,43.089,43.846,43.089,43.74,240439,0
20130910,43.654,43.865,43.558,43.779,51173,0
20130911,43.529,43.903,43.529,43.779,145119,0
20130912,44.019,44.019,43.529,43.558,32318,0
20130913,43.77,44,43.626,43.855,230688,0
20130916,44.277,44.431,44.134,44.144,89008,0
20130917,44.095,44.402,44,44.027,49896,0
20130918,43.836,45.62,43.836,45.581,229872,0
20130919,45.753,45.753,45.226,45.313,42165,0
20130920,45.294,45.304,44.516,44.555,58162,0
20130923,44.363,44.584,44.363,44.526,11723,0
20130924,44.21,44.451,44.105,44.124,181459,0
20130925,44.229,44.451,44.037,44.047,177075,0
20130926,44.459,44.546,44.076,44.259,376948,0
20130927,44.085,44.085,43.636,43.779,15688,0
20130930,43.404,43.836,43.339,43.606,74723,0
20131001,44.019,44.459,44.019,44.421,237300,0
20131002,44.354,44.623,44.239,44.613,31578,0
20131003,44.9,45.169,44.402,44.575,52415,0
20131004,44.958,45.466,44.958,45.341,33735,0
20131007,45.14,45.321,45.044,45.082,31557,0
20131008,45.513,45.513,44.594,44.594,18462,0
20131009,44.939,45.14,44.594,44.939,48358,0
20131010,45.399,46.109,45.399,45.964,123479,0
20131011,45.801,45.974,45.543,45.793,197181,0
20131014,45.62,46.08,45.169,45.917,164972,0
20131015,45.888,46.194,45.361,45.485,20277,0
20131016,45.907,46.127,45.83,46.002,54943,0
20131017,45.801,46.3,45.801,46.204,33360,0
20131018,46.52,46.588,46.204,46.338,21828,0
20131021,46.443,46.54,46.156,46.262,25669,0
20131022,46.55,46.875,46.55,46.655,40493,0
20131023,46.109,46.109,45.715,45.725,34022,0
20131024,46.07,46.127,45.849,45.936,18825,0
20131025,46.184,46.184,45.955,46.184,13692,0
20131028,45.878,46.041,45.677,45.984,35925,0
20131029,46.119,46.119,45.888,45.984,68606,0
20131030,45.993,46.136,45.543,45.667,35467,0
20131031,45.993,45.993,45.304,45.304,35991,0
20131101,45.61,45.61,45.073,45.321,49340,0
20131104,45.543,45.629,45.294,45.62,99381,0
20131105,45.294,45.37,45.015,45.054,56741,0
20131106,45.304,45.321,45.034,45.102,49320,0
20131107,45.073,45.073,44.191,44.411,41516,0
20131108,44.134,44.326,43.894,44.326,22906,0
20131111,44.181,44.297,43.903,44.037,34845,0
20131112,43.798,43.894,43.414,43.654,29789,0
20131113,43.376,43.942,43.376,43.923,36863,0
20131114,44.095,44.575,43.884,44.402,67729,0
20131115,44.613,45.197,44.613,45.064,152679,0
20131118,45.304,45.495,45.015,45.044,41418,0
20131119,45.274,45.274,44.795,44.795,77306,0
20131120,44.805,44.939,44.373,44.459,18519,0
20131121,44.229,44.489,44.229,44.411,32002,0
20131122,44.565,44.699,44.344,44.603,24486,0
20131125,44.479,44.862,44.144,44.239,25538,0
20131126,44.344,44.441,44.144,44.201,116107,0
20131127,44.441,44.67,44.441,44.575,25325,0
20131129,44.986,45.073,44.708,45.006,15419,0
20131202,45.006,45.006,44.239,44.287,27604,0
20131203,44.383,44.766,44.316,44.575,20429,0
20131204,44.201,44.747,44.181,44.728,151144,0
20131205,44.459,44.642,44.383,44.441,69576,0
20131206,44.91,45.294,44.815,45.236,266215,0
20131209,45.14,45.207,44.93,44.978,38257,0
20131210,44.89,44.978,44.786,44.882,115370,0
20131211,44.67,44.718,44.057,44.134,80575,0
20131212,44.057,44.239,43.903,44.019,42771,0
20131213,44.01,44.239,43.952,44.115,47776,0
20131216,44.344,44.633,44.277,44.297,88034,0
20131217,44.239,44.431,43.952,43.952,69497,0
20131218,44.095,44.852,43.836,44.507,100889,0
20131219,43.971,44.01,43.568,43.76,114951,0
20131220,43.865,44.196,43.681,43.738,319067,0
20131223,43.924,44.186,43.827,44.012,169441,0
20131224,44.196,44.459,44.021,44.235,24829,0
20131226,44.313,44.313,44.04,44.05,27143,0
20131227,44.313,44.537,44.07,44.45,70749,0
20131230,44.683,45.004,44.645,45.004,115054,0
20131231,45.004,45.189,44.907,45.189,77784,0
20140102,44.761,44.761,43.875,43.963,90388,0
20140103,44.459,44.615,44.176,44.391,119653,0
20140106,44.323,44.401,44.07,44.118,52646,0
20140107,44.391,44.517,44.245,44.371,70524,0
20140108,44.547,44.547,44.148,44.274,65830,0
20140109,44.333,44.333,43.827,44.313,425347,0
20140110,44.547,44.917,44.43,44.683,95696,0
20140113,44.625,44.771,44.079,44.176,168438,0
20140114,44.498,44.781,44.264,44.635,115578,0
20140115,44.507,44.8,44.507,44.79,257563,0
20140116,44.79,44.858,44.489,44.693,67743,0
20140117,44.479,44.576,44.274,44.371,73372,0
20140121,44.576,44.576,44.109,44.381,66094,0
20140122,44.625,44.712,44.323,44.654,59995,0
20140123,44.352,44.645,43.671,43.963,77445,0
20140124,43.661,43.719,42.901,43.038,570696,0
20140127,42.775,42.901,42.093,42.337,275413,0
20140128,42.619,42.863,42.492,42.814,79988,0
20140129,42.356,42.502,41.976,42.093,26126,0
20140130,42.745,42.745,42.278,42.356,54813,0
20140131,42.191,42.726,41.996,42.424,79461,0
20140203,42.434,42.473,41.538,41.606,101702,0
20140204,42.248,42.629,42.093,42.522,33992,0
20140205,42.453,42.745,42.278,42.638,70223,0
20140206,42.881,43.437,42.833,43.437,71370,0
20140207,43.583,43.719,43.301,43.583,40145,0
20140210,43.359,43.583,43.076,43.271,43051,0
20140211,43.632,44.158,43.592,44.079,69769,0
20140212,44.206,44.284,43.778,43.846,792990,0
20140213,43.592,44.07,43.573,43.982,599256,0
20140214,44.012,44.498,44.012,44.401,291487,0
20140218,44.333,44.381,44.109,44.245,75482,0
20140219,44.245,44.517,44.06,44.138,79257,0
20140220,44.148,44.45,43.914,44.391,66266,0
20140221,44.459,44.702,44.148,44.615,59239,0
20140224,44.654,44.907,44.479,44.566,136153,0
20140225,44.507,44.615,44.109,44.158,44329,0
20140226,44.235,44.459,44.06,44.186,67018,0
20140227,44.489,44.936,44.43,44.887,92289,0
20140228,45.033,45.082,44.45,44.742,331194,0
20140303,44.537,44.625,44.158,44.44,306240,0
20140304,45.287,45.287,44.838,45.102,53245,0
20140305,45.063,45.394,45.043,45.238,152280,0
20140306,45.647,46.056,45.608,45.842,71246,0
20140307,45.656,45.696,45.033,45.238,29806,0
20140310,45.462,45.481,44.956,45.189,37641,0
20140311,45.394,45.443,44.79,44.8,64892,0
20140312,44.8,45.141,44.712,45.141,33790,0
20140313,45.365,45.423,44.333,44.459,40614,0
20140314,44.596,44.927,44.596,44.605,26085,0
20140317,45.141,45.316,45.024,45.033,62257,0
20140318,45.131,45.471,45.102,45.384,111580,0
20140319,45.384,45.433,44.625,44.712,45520,0
20140320,44.45,44.956,44.42,44.858,35248,0
20140321,44.838,45.325,44.838,45.092,420883,0
20140324,45.228,45.345,44.761,45.043,47583,0
20140325,45.287,45.52,45.199,45.374,112198,0
20140326,45.725,45.822,45.355,45.433,59464,0
20140327,45.345,45.618,45.258,45.608,68939,0
20140328,45.725,46.007,45.705,45.794,95821,0
20140331,46.153,46.261,46.066,46.192,157391,0
20140401,46.63,46.669,46.397,46.553,216297,0
20140402,46.669,46.845,46.553,46.796,40628,0
20140403,46.767,46.767,46.328,46.738,48110,0
20140404,47.146,47.332,46.455,46.465,116908,0
20140407,46.66,46.699,46.289,46.397,77163,0
20140408,46.776,47.02,46.64,46.699,201343,0
20140409,47.107,47.39,46.815,47.253,81816,0
20140410,47.117,47.41,46.611,46.757,54666,0
20140411,46.436,46.669,46.309,46.494,40595,0
20140414,46.699,46.699,46.095,46.377,72711,0
20140415,46.251,46.338,45.725,46.192,45532,0
20140416,46.328,46.63,46.299,46.63,80687,0
20140417,46.62,47.069,46.602,46.971,26432,0
20140421,46.981,46.981,46.602,46.709,66908,0
20140422,46.903,46.961,46.728,46.728,24708,0
20140423,46.64,46.64,46.182,46.309,293386,0
20140424,46.251,46.582,46.095,46.309,82645,0
20140425,45.9,45.9,45.491,45.647,61174,0
20140428,45.822,45.94,45.471,45.774,80711,0
20140429,45.94,46.182,45.92,45.978,138794,0
20140430,45.871,45.958,45.696,45.949,54132,0
20140501,45.861,46.124,45.812,45.988,66300,0
20140502,46.251,46.397,46.017,46.241,150733,0
20140505,46.251,46.328,46.046,46.28,74868,0
20140506,46.328,46.504,46.192,46.289,24736,0
20140507,46.289,46.445,46.086,46.387,41845,0
20140508,46.348,46.553,46.251,46.348,56642,0
20140509,46.251,46.348,46.046,46.202,22473,0
20140512,46.445,46.776,46.445,46.66,35677,0
20140513,46.64,46.815,46.62,46.709,63196,0
20140514,46.884,46.913,46.709,46.815,40700,0
20140515,46.786,46.786,46.222,46.426,27820,0
20140516,46.786,47.089,46.679,47.059,80193,0
20140519,47.312,47.371,47.127,47.225,218851,0
20140520,47.156,47.176,46.854,46.971,32331,0
20140521,47.146,47.273,47.079,47.273,46645,0
20140522,47.653,47.712,47.517,47.682,185143,0
20140523,47.877,47.964,47.809,47.877,91491,0
20140527,47.848,47.925,47.381,47.623,88167,0
20140528,47.848,47.906,47.458,47.633,46419,0
20140529,47.712,47.906,47.643,47.818,77028,0
20140530,47.818,47.915,47.468,47.614,29389,0
20140602,47.925,47.984,47.779,47.906,96384,0
20140603,47.75,47.994,47.614,47.915,80676,0
20140604,47.838,48.023,47.779,47.925,49063,0
20140605,48.384,48.666,48.227,48.587,82344,0
20140606,48.792,49.007,48.782,48.879,66222,0
20140609,48.958,49.153,48.851,49.123,51362,0
20140610,48.977,49.064,48.831,48.977,17688,0
20140611,48.821,48.928,48.763,48.879,34515,0
20140612,49.036,49.201,48.666,48.695,36423,0
20140613,48.481,48.733,48.384,48.597,24538,0
20140616,48.5,48.627,48.392,48.539,29995,0
20140617,48.461,48.627,48.374,48.627,23494,0
20140618,48.384,48.967,48.198,48.918,54920,0
20140619,48.617,48.812,48.441,48.685,60499,0
20140620,48.597,48.764,48.323,48.754,252494,0
20140623,48.529,48.783,48.46,48.734,295617,0
20140624,48.715,49.067,48.529,48.607,83015,0
20140625,48.676,48.969,48.607,48.969,16055,0
20140626,48.96,49.116,48.793,48.871,44603,0
20140627,48.989,49.048,48.803,48.999,36010,0
20140630,49.126,49.469,49.087,49.283,1674946,0
20140701,49.518,49.831,49.518,49.636,172073,0
20140702,49.645,49.949,49.645,49.714,52982,0
20140703,49.88,50.164,49.763,49.998,39711,0
20140707,50.027,50.155,49.959,50.145,104480,0
20140708,50.076,50.086,49.596,49.724,114773,0
20140709,49.704,49.988,49.665,49.822,153264,0
20140710,49.459,49.871,49.4,49.831,56764,0
20140711,49.302,49.508,49.302,49.4,211254,0
20140714,49.655,49.773,49.577,49.626,262512,0
20140715,49.743,49.851,49.557,49.714,157562,0
20140716,50.106,50.106,49.861,50.008,138782,0
20140717,49.861,49.988,49.175,49.244,60296,0
20140718,49.587,50.037,49.518,49.969,41535,0
20140721,49.704,49.969,49.694,49.92,49510,0
20140722,50.321,50.39,50.155,50.155,18348,0
20140723,50.096,50.468,50.047,50.243,93977,0
20140724,50.243,50.439,50.164,50.439,26526,0
20140725,50.067,50.125,49.851,50.125,93785,0
20140728,50.008,50.341,49.91,50.233,68444,0
20140729,49.969,50.047,49.587,49.606,95629,0
20140730,49.753,49.802,49.312,49.518,86429,0
20140731,49.204,49.489,48.636,48.744,113176,0
20140801,48.989,49.263,48.754,49.136,123565,0
20140804,49.283,49.636,49.146,49.557,77329,0
20140805,49.381,49.381,48.803,49.067,33783,0
20140806,48.715,48.842,48.587,48.656,161785,0
20140807,48.519,48.754,48.117,48.313,49972,0
20140808,48.548,48.754,48.313,48.587,126001,0
20140811,48.813,49.107,48.813,48.969,67525,0
20140812,48.803,48.96,48.783,48.891,60788,0
20140813,49.126,49.263,49.018,49.214,24211,0
20140814,49.214,49.371,49.146,49.214,52709,0
20140815,49.322,49.332,48.862,49.097,23205,0
20140818,49.175,49.322,49.116,49.312,94908,0
20140819,49.802,49.802,49.479,49.557,121980,0
20140820,49.361,49.645,49.361,49.596,63987,0
20140821,49.4,49.528,49.293,49.381,33566,0
20140822,49.469,49.655,49.332,49.557,27820,0
20140825,49.714,49.861,49.587,49.733,36663,0
20140826,49.939,50.037,49.792,50.037,19520,0
20140827,50.135,50.184,50.037,50.155,73265,0
20140828,49.743,49.969,49.704,49.949,34048,0
20140829,50.194,50.194,49.959,50.057,32493,0
20140902,50.008,50.194,49.88,49.998,178920,0
20140903,50.517,50.537,50.253,50.4,42370,0
20140904,50.547,50.703,50.213,50.302,36983,0
20140905,50.566,50.84,50.458,50.791,70313,0
20140908,50.693,50.703,50.302,50.439,51785,0
20140909,49.949,50.253,49.665,49.929,55544,0
20140910,49.753,50.106,49.704,50.008,41114,0
20140911,49.753,49.871,49.684,49.753,36099,0
20140912,49.498,49.587,49.126,49.253,190561,0
20140915,49.253,49.253,48.92,49.136,35720,0
20140916,48.783,49.381,48.617,49.136,23656,0
20140917,49.175,49.175,48.773,48.773,14495,0
20140918,49.077,49.146,48.969,49.038,85576,0
20140919,49.224,49.361,48.822,48.989,24145,0
20140922,48.685,48.734,48.215,48.391,28004,0
20140923,48.293,48.44,48.098,48.186,29748,0
20140924,48.196,48.587,48.156,48.48,162668,0
20140925,47.598,47.911,47.275,47.324,35980,0
20140926,47.441,47.549,47.285,47.471,123506,0
20140929,46.726,46.932,46.599,46.873,1341653,0
20140930,46.805,47.049,46.667,47,410265,0
20141001,46.912,46.912,46.246,46.364,140289,0
20141002,46.677,46.814,45.942,46.746,310954,0
20141003,46.677,46.873,46.52,46.863,46312,0
20141006,47.373,47.382,47.118,47.226,54954,0
20141007,47.049,47.177,46.599,46.736,95540,0
20141008,46.609,47.402,46.266,47.382,52113,0
20141009,46.912,46.951,46.325,46.471,85730,0
20141010,46.285,46.285,45.639,45.707,92064,0
20141013,45.864,46.168,45.521,45.59,77013,0
20141014,45.668,45.913,45.384,45.649,69996,0
20141015,45.051,45.296,44.218,45.09,71230,0
20141016,44.316,45.208,44.316,44.816,38926,0
20141017,45.139,45.482,45.031,45.237,86839,0
20141020,45.1,45.433,45.061,45.355,153120,0
20141021,45.649,45.972,45.639,45.756,163983,0
20141022,45.796,45.815,45.423,45.462,114084,0
20141023,45.609,45.805,45.541,45.57,71110,0
20141024,45.423,45.698,45.374,45.639,61042,0
20141027,44.934,45.031,44.649,44.982,25620,0
20141028,45.492,46.001,45.472,45.884,90878,0
20141029,46.099,46.511,45.688,45.835,39694,0
20141030,45.756,46.256,45.717,46.04,53600,0
20141031,46.393,46.52,46.138,46.285,87786,0
20141103,46.325,46.442,46.197,46.207,40259,0
20141104,46.383,46.413,46.148,46.354,47035,0
20141105,46.06,46.168,45.933,46.089,42091,0
20141106,45.903,46.04,45.609,45.668,43075,0
20141107,45.805,45.933,45.727,45.933,52562,0
20141110,46.158,46.178,45.894,45.972,130940,0
20141111,45.815,46.099,45.815,46.05,17284,0
20141112,45.972,46.05,45.805,45.913,80770,0
20141113,45.972,45.972,45.619,45.737,36151,0
20141114,45.776,46.138,45.717,46.129,86988,0
20141117,45.717,45.815,45.609,45.658,43489,0
20141118,45.649,45.835,45.619,45.766,93628,0
20141119,45.649,45.923,45.551,45.845,67659,0
20141120,45.835,45.884,45.58,45.756,36870,0
20141121,46.334,46.736,46.334,46.677,54741,0
20141124,46.256,46.334,46.187,46.246,50340,0
20141125,46.325,46.325,45.903,45.913,73455,0
20141126,46.001,46.334,46.001,46.197,66747,0
20141128,45.864,45.991,45.58,45.698,62162,0
20141201,45.306,45.414,44.973,45.041,220394,0
20141202,45.345,45.521,45.316,45.335,79305,0
20141203,45.629,45.796,45.551,45.698,65620,0
20141204,45.825,45.913,45.56,45.649,154250,0
20141205,45.629,45.747,45.443,45.668,626654,0
20141208,45.296,45.355,44.865,44.904,276243,0
20141209,44.571,44.591,44.238,44.522,91114,0
20141210,44.512,44.698,44.081,44.091,78480,0
20141211,44.101,44.414,44.003,44.091,97368,0
20141212,44.062,44.081,43.611,43.64,51303,0
20141215,43.778,43.778,42.759,42.965,111842,0
20141216,42.631,43.239,42.367,42.69,102078,0
20141217,42.7,43.768,42.622,43.445,110366,0
20141218,43.729,43.993,43.591,43.856,97075,0
20141219,43.41,43.87,43.26,43.61,70542,0
20141222,43.95,43.96,43.67,43.84,167653,0
20141223,43.66,43.84,43.51,43.83,136133,0
20141224,43.75,44.12,43.65,44.06,270926,0
20141226,44.33,44.53,44.25,44.25,51217,0
20141229,44.23,44.42,44.05,44.11,153655,0
20141230,44.25,44.27,44.01,44.09,200844,0
20141231,44.3,44.55,44.18,44.34,139752,0
20150102,44.4,44.42,43.84,44.01,127386,0
20150105,44.04,44.12,43.58,43.69,189637,0
20150106,43.49,43.77,43.15,43.41,155985,0
20150107,43.8,44.1,43.8,44.02,68064,0
20150108,44.33,44.68,44.33,44.57,49832,0
20150109,44.58,44.63,44.27,44.4,52612,0
20150112,44.28,44.4,44.08,44.16,66511,0
20150113,44.78,44.78,44.02,44.32,23328,0
20150114,44.13,44.36,43.89,44.2,92617,0
20150115,44.46,44.58,44.17,44.2,75865,0
20150116,44.06,44.4,43.96,44.39,47659,0
