Date,Open,High,Low,Close,Volume,OpenInt
20120515,21.271,21.271,21.236,21.254,3176,0
20120516,21.21,21.21,21.168,21.186,1884,0
20120517,21.12,21.12,20.845,20.898,2572,0
20120518,20.727,20.727,20.616,20.616,1648,0
20120521,20.683,20.692,20.683,20.692,2821,0
20120522,20.787,20.787,20.787,20.787,1083,0
20120523,20.752,20.752,20.752,20.752,458,0
20120525,20.674,20.674,20.665,20.665,231,0
20120529,20.735,20.735,20.701,20.701,3138,0
20120530,20.718,20.718,20.692,20.692,6969,0
20120531,20.697,20.697,20.697,20.697,939,0
20120601,20.548,20.565,20.514,20.565,2604,0
20120604,20.625,20.625,20.625,20.625,481,0
20120606,20.845,20.845,20.845,20.845,660,0
20120607,20.932,20.932,20.932,20.932,1172,0
20120608,21.406,21.406,21.093,21.093,1996,0
20120612,21.067,21.067,21.058,21.058,643,0
20120615,21.058,21.129,21.058,21.129,363,0
20120618,21.271,21.271,20.837,21.111,20439,0
20120619,21.12,21.12,21.102,21.102,358,0
20120620,21.383,21.383,21.236,21.254,4818,0
20120621,21.398,21.398,21.271,21.298,9520,0
20120625,21.841,21.841,21.398,21.723,1961,0
20120626,21.186,21.186,21.177,21.177,998,0
20120627,21.219,21.324,21.219,21.324,6327,0
20120628,21.186,21.186,21.186,21.186,1884,0
20120629,21.301,21.301,21.301,21.301,2510,0
20120702,21.45,21.45,21.348,21.365,3565,0
20120705,21.5,21.55,21.491,21.55,1398,0
20120706,21.827,22.12,21.58,21.588,4918,0
20120710,21.546,21.546,21.546,21.546,715,0
20120711,21.563,21.58,21.546,21.563,8238,0
20120712,21.563,21.622,21.546,21.554,4928,0
20120713,21.636,21.748,21.62,21.748,12028,0
20120716,22.033,22.222,21.743,22.186,6427,0
20120717,22.091,22.184,22.083,22.184,2568,0
20120718,22.101,22.101,22.101,22.101,93538,0
20120719,22.135,22.135,21.923,22.11,6187,0
20120724,21.935,21.977,21.935,21.977,476,0
20120725,21.946,21.946,21.881,21.881,1639,0
20120726,22.006,22.006,21.938,21.946,975,0
20120727,22.042,22.042,22.042,22.042,460,0
20120730,22.169,22.222,22.169,22.222,2334,0
20120803,22.275,22.275,22.177,22.275,3828,0
20120806,22.403,22.403,22.403,22.403,599,0
20120807,22.394,22.394,22.375,22.385,3291,0
20120808,22.446,22.446,22.395,22.395,6198,0
20120809,22.429,22.429,22.403,22.421,1977,0
20120810,22.456,22.465,22.335,22.335,4407,0
20120813,22.403,22.429,22.36,22.369,1311,0
20120814,22.403,22.446,22.309,22.309,29784,0
20120815,22.335,22.335,22.275,22.283,7491,0
20120816,22.429,22.429,22.283,22.3,14606,0
20120817,22.358,22.358,22.308,22.325,9834,0
20120820,22.576,22.576,22.351,22.351,10228,0
20120821,22.687,22.687,22.386,22.429,7276,0
20120822,22.524,22.576,22.456,22.456,6580,0
20120823,22.498,22.507,22.446,22.456,3340,0
20120824,22.506,22.524,22.471,22.498,12809,0
20120827,22.524,22.54,22.507,22.524,10532,0
20120828,22.576,22.576,22.49,22.49,10923,0
20120829,22.54,22.611,22.54,22.611,5994,0
20120830,22.549,22.576,22.455,22.532,27236,0
20120831,22.551,22.648,22.471,22.587,15058,0
20120904,22.632,23.18,22.519,22.587,17455,0
20120905,22.641,22.666,22.544,22.579,12957,0
20120906,22.641,22.718,22.562,22.718,8842,0
20120907,22.715,22.783,22.628,22.757,14008,0
20120910,22.748,22.836,22.611,22.611,13718,0
20120911,22.774,23.036,22.774,22.905,77173,0
20120912,22.982,23.001,22.74,22.871,7439,0
20120913,22.765,22.801,22.619,22.671,33506,0
20120914,22.649,22.832,22.632,22.753,13027,0
20120917,22.828,22.922,22.765,22.783,16145,0
20120918,22.836,22.854,22.732,22.732,10669,0
20120919,22.783,23.156,22.748,22.871,50479,0
20120920,22.765,22.836,22.637,22.663,27602,0
20120921,22.658,22.683,22.632,22.666,32881,0
20120924,22.585,22.593,22.498,22.593,12807,0
20120925,22.498,22.516,22.42,22.498,4648,0
20120926,22.531,22.776,22.514,22.539,3980,0
20120927,22.409,22.557,22.409,22.539,5585,0
20120928,22.543,22.561,22.543,22.561,3578,0
20121001,22.979,22.979,22.615,22.649,149857,0
20121002,22.698,22.698,22.557,22.646,12290,0
20121003,22.741,22.741,22.646,22.663,9696,0
20121004,22.707,22.749,22.646,22.715,7912,0
20121005,22.727,22.788,22.666,22.727,21877,0
20121008,22.666,22.77,22.666,22.762,2575,0
20121009,22.753,22.753,22.702,22.702,1559,0
20121010,22.702,22.71,22.702,22.702,3468,0
20121011,22.736,22.736,22.736,22.736,141,0
20121012,22.736,22.779,22.736,22.779,4915,0
20121015,22.779,22.927,22.779,22.876,15956,0
20121016,23.006,23.042,22.91,23.024,23474,0
20121017,23.024,23.084,23.024,23.075,9288,0
20121018,23.084,23.084,23.006,23.042,22028,0
20121019,23.074,23.083,23.022,23.049,33864,0
20121022,23.068,23.068,22.867,23.049,9100,0
20121023,23.037,23.037,22.965,22.992,2222,0
20121024,23.068,23.068,22.979,22.997,1007,0
20121025,22.997,23.084,22.997,23.049,12906,0
20121026,23.031,23.083,22.978,22.986,8427,0
20121031,23.107,23.107,22.964,22.981,3465,0
20121101,23.101,23.128,22.996,23.013,10941,0
20121102,23.022,23.074,22.996,22.996,1712,0
20121105,23.109,23.137,23.022,23.137,7888,0
20121106,23.116,23.186,23.009,23.018,8824,0
20121107,23.046,23.07,23.009,23.063,5557,0
20121108,23.107,23.167,23.028,23.028,31935,0
20121109,23.022,23.049,22.908,22.986,81330,0
20121112,22.978,22.986,22.96,22.978,3518,0
20121113,22.986,22.986,22.925,22.96,12434,0
20121114,22.986,23.013,22.978,22.986,5599,0
20121115,23.022,23.022,22.934,22.934,9995,0
20121116,22.938,22.974,22.904,22.904,40395,0
20121119,22.934,22.969,22.899,22.969,6181,0
20121120,22.986,22.996,22.899,22.96,6266,0
20121121,23.005,23.013,22.925,22.986,5116,0
20121123,22.947,23.063,22.947,23.037,35611,0
20121126,23.128,23.128,22.96,22.978,31569,0
20121127,23.066,23.161,23.066,23.119,37822,0
20121128,23.119,23.179,23.013,23.144,29982,0
20121129,23.17,23.303,23.17,23.303,8778,0
20121130,23.314,23.341,23.24,23.341,4135,0
20121203,23.319,23.396,23.159,23.396,4884,0
20121204,23.408,23.451,23.39,23.408,675,0
20121205,23.415,23.496,23.396,23.449,16239,0
20121206,23.468,23.522,23.468,23.486,12250,0
20121207,23.522,23.522,23.194,23.486,13876,0
20121210,23.547,23.547,23.477,23.477,4351,0
20121211,23.582,23.671,23.44,23.671,78482,0
20121212,23.634,23.671,23.406,23.592,59536,0
20121213,23.643,23.671,23.609,23.618,16861,0
20121214,23.706,23.706,23.618,23.618,9282,0
20121217,23.582,23.671,23.582,23.653,3703,0
20121218,23.706,23.706,23.662,23.69,326602,0
20121219,23.802,23.82,23.715,23.74,7996,0
20121220,23.767,23.802,23.758,23.794,30104,0
20121221,23.504,23.794,23.504,23.785,4739,0
20121224,23.936,23.936,23.406,23.785,23935,0
20121226,23.82,23.848,23.802,23.839,10318,0
20121227,23.961,23.961,23.818,23.837,35135,0
20121228,23.865,23.916,23.856,23.856,22703,0
20121231,23.974,23.974,23.866,23.91,24839,0
20130102,24.014,24.014,23.916,23.942,50982,0
20130103,23.925,24.334,23.925,24.05,14858,0
20130104,24.198,24.198,24.103,24.138,12047,0
20130107,24.422,24.554,24.146,24.226,140578,0
20130108,24.368,24.368,24.236,24.253,16850,0
20130109,24.277,24.304,24.204,24.241,6921,0
20130110,24.251,24.277,24.204,24.241,14946,0
20130111,24.077,24.263,23.961,24.023,58028,0
20130114,23.987,24.182,23.987,24.13,5538,0
20130115,24.172,24.191,24.172,24.182,3744,0
20130116,24.103,24.191,24.093,24.172,8369,0
20130117,24.198,24.236,24.112,24.236,23863,0
20130118,24.295,24.304,24.195,24.251,77271,0
20130122,24.272,24.341,24.217,24.279,76383,0
20130123,24.281,24.336,24.273,24.328,37238,0
20130124,24.279,24.326,24.236,24.317,24870,0
20130125,24.295,24.365,24.241,24.304,20545,0
20130128,24.277,24.339,24.232,24.277,59838,0
20130129,24.259,24.323,24.241,24.259,204915,0
20130130,24.232,24.269,24.232,24.251,35057,0
20130131,24.226,24.235,24.161,24.197,26293,0
20130201,24.232,24.232,24.178,24.195,27586,0
20130204,24.045,24.168,23.92,24.142,55364,0
20130205,24.122,24.147,23.906,24.112,27479,0
20130206,24.122,24.122,24.003,24.093,10168,0
20130207,23.834,24.031,23.834,24.022,11735,0
20130208,23.88,24.182,23.88,24.182,11715,0
20130211,24.269,24.269,23.869,23.893,69560,0
20130212,23.877,24.213,23.877,23.92,53344,0
20130213,24.117,24.117,23.885,23.893,6521,0
20130214,24.127,24.127,23.981,24,3432,0
20130215,23.896,24.049,23.896,23.968,6750,0
20130219,23.965,24.082,23.938,24.082,10697,0
20130220,24.228,24.228,24.049,24.093,14861,0
20130221,24.117,24.134,23.973,24.064,4374,0
20130222,24.138,24.199,24.049,24.093,9074,0
20130225,24.09,24.117,24.045,24.098,8158,0
20130226,24.122,24.209,24.103,24.209,34831,0
20130227,24.218,24.218,24.13,24.218,12713,0
20130228,24.222,24.333,24.069,24.185,11152,0
20130301,24.246,24.46,24.093,24.155,10737,0
20130304,24.155,24.155,24.059,24.155,14441,0
20130305,24.334,24.334,24.09,24.17,25497,0
20130306,24.423,24.423,24.143,24.215,25342,0
20130307,24.243,24.271,24.108,24.16,47064,0
20130308,24.16,24.16,24.082,24.118,23273,0
20130311,24.218,24.218,24.085,24.173,14735,0
20130312,24.352,24.352,24.155,24.218,23457,0
20130313,24.361,24.361,24.218,24.246,5364,0
20130314,24.237,24.273,24.209,24.255,13105,0
20130315,24.376,24.376,24.215,24.243,2722,0
20130318,24.246,24.246,24.155,24.228,48959,0
20130319,24.328,24.328,24.147,24.147,3438,0
20130320,24.143,24.16,24.036,24.143,49598,0
20130321,24.152,24.368,24.045,24.045,16442,0
20130322,24.152,24.188,24.127,24.143,10624,0
20130325,24.261,24.316,24.082,24.143,30160,0
20130326,24.224,24.224,24.054,24.135,11146,0
20130327,24.152,24.152,24.099,24.143,46099,0
20130328,24.224,24.224,24.082,24.127,10659,0
20130401,24.278,24.278,24.018,24.018,18938,0
20130402,24.171,24.171,24.036,24.144,15385,0
20130403,24.17,24.243,24.064,24.152,511369,0
20130404,24.216,24.406,24.091,24.336,5684442,0
20130405,24.394,24.394,24.16,24.316,436773,0
20130408,24.376,24.376,24.297,24.34,1659502,0
20130409,24.35,24.394,24.288,24.376,130949,0
20130410,24.36,24.452,24.299,24.36,62334,0
20130411,24.413,24.459,24.288,24.441,76119,0
20130412,24.47,24.47,24.318,24.396,31238,0
20130415,24.459,24.459,24.118,24.205,236643,0
20130416,24.188,24.234,24.072,24.16,77508,0
20130417,24.128,24.161,23.973,24.1,42201,0
20130418,24.261,24.261,23.945,24.108,49439,0
20130419,24.226,24.226,24.055,24.128,22602,0
20130422,24.197,24.197,24.1,24.109,23962,0
20130423,24.207,24.378,24.144,24.216,50852,0
20130424,24.263,24.378,24.073,24.253,45062,0
20130425,24.245,24.36,24.207,24.216,48587,0
20130426,24.207,24.28,24.161,24.161,51807,0
20130429,24.226,24.289,24.153,24.263,30854,0
20130430,24.184,24.34,24.184,24.221,40838,0
20130501,24.327,24.327,24.245,24.327,32695,0
20130502,24.365,24.392,24.284,24.365,38227,0
20130503,24.461,24.461,24.342,24.37,31519,0
20130506,24.461,24.461,24.342,24.387,34127,0
20130507,24.457,24.466,24.375,24.448,47414,0
20130508,24.448,24.494,24.383,24.466,68168,0
20130509,24.504,24.504,24.401,24.475,44046,0
20130510,24.498,24.498,24.318,24.406,76963,0
20130513,24.253,24.396,24.153,24.28,84606,0
20130514,24.299,24.327,24.263,24.272,38387,0
20130515,24.352,24.352,24.263,24.318,37521,0
20130516,24.342,24.425,24.197,24.415,69904,0
20130517,24.347,24.411,24.294,24.411,31626,0
20130520,24.396,24.433,24.318,24.396,51377,0
20130521,24.425,24.425,24.28,24.289,79117,0
20130522,24.378,24.378,24.245,24.289,61567,0
20130523,24.253,24.289,24.18,24.253,43701,0
20130524,24.276,24.284,24.094,24.113,62851,0
20130528,24.122,24.323,24.021,24.021,107316,0
20130529,23.921,24.012,23.785,23.877,136874,0
20130530,23.903,23.921,23.757,23.767,99875,0
20130531,23.848,23.848,23.692,23.792,103128,0
20130603,23.687,23.767,23.515,23.596,122216,0
20130604,23.676,23.676,23.092,23.092,236958,0
20130605,23.055,23.374,23.055,23.191,51368,0
20130606,23.302,23.302,22.936,23.254,77795,0
20130607,23.324,23.334,22.941,23.214,81193,0
20130610,23.287,23.287,22.923,22.96,155327,0
20130611,22.95,22.95,22.406,22.406,97763,0
20130612,22.569,23.124,22.443,22.542,186096,0
20130613,22.679,23.258,22.587,23.25,172441,0
20130614,23.236,23.411,23.21,23.311,54596,0
20130617,23.394,23.394,23.224,23.224,53342,0
20130618,23.254,23.254,23.156,23.191,47819,0
20130619,23.177,23.342,23.014,23.114,70129,0
20130620,22.87,22.87,22.616,22.661,159583,0
20130621,22.471,22.781,22.471,22.609,91657,0
20130624,22.525,22.525,21.997,22.064,115402,0
20130625,22.272,22.481,22.188,22.471,106354,0
20130626,22.563,22.682,22.308,22.544,124795,0
20130627,22.736,22.847,22.59,22.727,45948,0
20130628,23.141,23.216,23.105,23.178,73367,0
20130701,22.69,22.909,22.69,22.772,71584,0
20130702,22.553,22.984,22.553,22.875,78835,0
20130703,22.826,22.89,22.741,22.741,52242,0
20130705,22.865,22.865,22.599,22.609,63415,0
20130708,22.599,22.745,22.335,22.599,194056,0
20130709,22.754,22.791,22.609,22.618,49695,0
20130710,22.563,22.763,22.072,22.736,37503,0
20130711,22.8,22.9,22.645,22.781,160030,0
20130712,22.865,22.963,22.736,22.847,131843,0
20130715,22.963,23.028,22.809,22.855,44530,0
20130716,22.848,23.021,22.82,22.829,49667,0
20130717,22.935,23.038,22.871,22.881,92824,0
20130718,22.963,23.201,22.963,23.183,48845,0
20130719,23.012,23.204,23.012,23.104,31869,0
20130722,23.191,23.264,23.138,23.254,59802,0
20130723,23.321,23.321,23.183,23.191,68348,0
20130724,23.201,23.246,23.146,23.183,31606,0
20130725,23.101,23.191,23.072,23.082,37142,0
20130726,23.067,23.186,23.067,23.067,37413,0
20130729,22.984,23.195,22.957,23.075,41013,0
20130730,23.14,23.176,23.041,23.067,41293,0
20130731,23.049,23.094,22.993,23.012,53902,0
20130801,23.184,23.248,22.98,23,46728,0
20130802,23.058,23.122,22.984,23.113,39521,0
20130805,23.094,23.223,23.041,23.085,53408,0
20130806,23.11,23.184,23.055,23.072,61742,0
20130807,23.067,23.158,23.031,23.031,35775,0
20130808,23.085,23.158,23.067,23.067,35355,0
20130809,23.132,23.149,23.094,23.149,25926,0
20130812,23.132,23.176,23.094,23.122,35295,0
20130813,23.167,23.24,23.075,23.122,75321,0
20130814,23.167,23.204,23.104,23.204,78565,0
20130815,23.132,23.204,23.085,23.167,53853,0
20130816,23.167,23.258,23.094,23.223,78144,0
20130819,23.113,23.223,23.058,23.067,47755,0
20130820,23.055,23.147,22.862,23,84249,0
20130821,22.91,23.14,22.848,22.892,114084,0
20130822,23.092,23.11,22.916,23.092,76458,0
20130823,22.99,23.184,22.972,23.164,117289,0
20130826,23.147,23.202,23.018,23.102,162992,0
20130827,23.065,23.102,22.925,22.925,92182,0
20130828,23.065,23.065,22.871,22.908,56196,0
20130829,22.99,23.055,22.862,23.038,51629,0
20130830,23.42,23.42,23.309,23.384,39324,0
20130903,23.046,23.164,23.028,23.164,93151,0
20130904,23.11,23.11,22.898,22.916,111144,0
20130905,23.072,23.072,22.844,23,59488,0
20130906,23.018,23.046,22.871,23.046,32219,0
20130909,23.055,23.102,22.854,22.916,114838,0
20130910,22.935,23.092,22.826,22.944,1373452,0
20130911,23.028,23.082,22.962,23.018,61411,0
20130912,23.092,23.212,23.082,23.11,59927,0
20130913,23.184,23.212,23.138,23.202,76210,0
20130916,23.369,23.405,23.285,23.395,172369,0
20130917,23.395,23.395,23.295,23.295,53643,0
20130918,23.386,23.431,23.285,23.333,77665,0
20130919,23.634,23.718,23.377,23.535,241794,0
20130920,23.45,23.551,23.359,23.535,61518,0
20130923,23.377,23.526,23.333,23.35,96653,0
20130924,23.414,23.414,23.248,23.248,39247,0
20130925,23.333,23.386,23.238,23.386,86947,0
20130926,23.377,23.386,23.138,23.222,53486,0
20130927,23.285,23.285,23.028,23.174,35835,0
20130930,23.586,23.586,23.38,23.556,84801,0
20131001,23.236,23.246,23.099,23.21,29102,0
20131002,23.137,23.229,23.069,23.127,62834,0
20131003,23.107,23.274,23.107,23.254,141365,0
20131004,23.274,23.293,23.19,23.21,35614,0
20131007,23.229,23.376,23.21,23.293,58954,0
20131008,23.357,23.357,23.236,23.246,44142,0
20131009,23.34,23.357,23.283,23.293,67800,0
20131010,23.236,23.413,23.107,23.393,46947,0
20131011,23.321,23.449,23.321,23.403,19328,0
20131014,23.283,23.912,23.283,23.413,40414,0
20131015,23.43,23.506,23.386,23.393,31392,0
20131016,23.543,23.551,23.413,23.439,84303,0
20131017,23.506,23.634,23.506,23.634,107674,0
20131018,23.718,23.764,23.599,23.737,207716,0
20131021,23.634,23.745,23.551,23.673,70079,0
20131022,23.754,23.754,23.579,23.718,642687,0
20131023,23.764,23.764,23.663,23.718,80606,0
20131024,23.71,23.737,23.653,23.673,77368,0
20131025,23.718,23.784,23.663,23.701,53669,0
20131028,23.784,23.81,23.625,23.81,557912,0
20131029,23.81,23.81,23.701,23.81,28956,0
20131030,23.801,23.839,23.71,23.792,37569,0
20131031,24.12,24.12,24.006,24.083,63194,0
20131101,23.991,24.076,23.721,23.805,54358,0
20131104,23.813,23.813,23.712,23.777,42681,0
20131105,23.813,23.813,23.656,23.704,31411,0
20131106,23.758,23.758,23.656,23.656,57825,0
20131107,23.712,23.73,23.636,23.666,35662,0
20131108,23.656,23.685,23.48,23.572,131201,0
20131111,23.545,23.685,23.423,23.423,50021,0
20131112,23.518,23.518,23.284,23.294,56267,0
20131113,23.35,23.498,23.255,23.264,25155,0
20131114,23.431,23.46,23.264,23.46,35466,0
20131115,23.45,23.712,23.294,23.694,100754,0
20131118,23.527,23.777,23.498,23.498,159254,0
20131119,23.527,23.748,23.518,23.562,59783,0
20131120,23.636,23.712,23.47,23.712,44344,0
20131121,23.61,23.767,23.498,23.704,52968,0
20131122,23.694,23.739,23.636,23.739,46462,0
20131125,23.694,23.767,23.619,23.767,38308,0
20131126,23.646,23.748,23.552,23.552,59620,0
20131127,23.627,23.694,23.508,23.694,64594,0
20131129,23.773,23.8,23.622,23.773,25282,0
20131202,23.596,23.661,23.512,23.641,35664,0
20131203,23.549,23.671,23.408,23.661,319169,0
20131204,23.567,23.661,23.326,23.522,172073,0
20131205,23.632,23.632,23.371,23.371,53716,0
20131206,23.454,23.549,23.371,23.549,75161,0
20131209,23.549,23.557,23.352,23.381,82706,0
20131210,23.408,23.549,23.398,23.417,35187,0
20131211,23.503,23.54,23.408,23.454,70590,0
20131212,23.484,23.614,23.417,23.484,42019,0
20131213,23.474,23.661,23.474,23.661,52659,0
20131216,23.641,23.671,23.427,23.632,599089,0
20131217,23.503,23.623,23.435,23.454,80071,0
20131218,23.557,23.691,23.464,23.671,53306,0
20131219,23.614,23.661,23.381,23.494,132844,0
20131220,23.567,23.681,23.503,23.503,84497,0
20131223,23.605,23.708,23.512,23.708,89729,0
20131224,23.641,23.708,23.531,23.531,40705,0
20131226,23.641,23.671,23.531,23.549,67052,0
20131227,23.614,23.718,23.54,23.549,47658,0
20131230,23.605,23.7,23.522,23.577,37723,0
20131231,23.522,23.7,23.522,23.54,52254,0
20140102,23.512,23.718,23.512,23.549,42175,0
20140103,23.642,23.662,23.54,23.662,31652,0
20140106,23.614,23.861,23.549,23.577,43887,0
20140107,23.662,23.925,23.605,23.652,38956,0
20140108,23.7,23.718,23.614,23.642,27158,0
20140109,23.681,23.728,23.614,23.672,65916,0
20140110,23.652,23.728,23.605,23.672,37908,0
20140113,23.7,23.784,23.662,23.691,46817,0
20140114,23.681,23.811,23.672,23.811,77836,0
20140115,23.755,23.851,23.7,23.745,54064,0
20140116,23.765,23.87,23.605,23.851,245951,0
20140117,23.811,23.935,23.745,23.87,90552,0
20140121,23.784,23.879,23.755,23.793,70511,0
20140122,23.831,23.831,23.7,23.793,66515,0
20140123,23.784,23.906,23.652,23.681,54249,0
20140124,23.614,23.652,23.502,23.512,66266,0
20140127,23.531,23.549,23.417,23.434,104904,0
20140128,23.577,23.577,23.464,23.557,73674,0
20140129,23.596,23.596,23.434,23.474,49125,0
20140130,23.512,23.512,23.426,23.484,58827,0
20140131,23.464,23.484,23.37,23.417,61961,0
20140203,23.53,23.53,23.368,23.405,77655,0
20140204,23.395,23.511,23.359,23.501,83072,0
20140205,23.492,23.539,23.415,23.539,56540,0
20140206,23.511,23.539,23.452,23.53,229507,0
20140207,23.53,23.595,23.442,23.53,58167,0
20140210,23.556,23.661,23.539,23.565,36078,0
20140211,23.651,23.728,23.556,23.632,101781,0
20140212,23.632,23.661,23.565,23.641,51720,0
20140213,23.604,23.728,23.604,23.671,39599,0
20140214,23.671,23.691,23.575,23.632,40406,0
20140218,23.651,23.755,23.613,23.613,56320,0
20140219,23.622,23.709,23.575,23.671,54297,0
20140220,23.632,23.7,23.565,23.651,31444,0
20140221,23.709,23.755,23.622,23.709,38110,0
20140224,23.7,23.897,23.681,23.755,61529,0
20140225,23.802,23.936,23.764,23.936,40176,0
20140226,24.02,24.02,23.907,23.963,70573,0
20140227,23.926,24.078,23.907,23.963,37656,0
20140228,23.973,24.171,23.973,24.049,43971,0
20140303,24.09,24.09,23.899,23.899,56987,0
20140304,23.956,24.042,23.909,24.003,46166,0
20140305,24.081,24.193,23.853,24.052,24468,0
20140306,23.984,24.09,23.966,23.966,30123,0
20140307,23.984,24.033,23.946,23.956,38937,0
20140310,23.946,23.994,23.843,23.937,22344,0
20140311,23.889,24.109,23.843,23.853,36523,0
20140312,23.882,23.918,23.843,23.909,33930,0
20140313,23.843,23.882,23.746,23.746,41281,0
20140314,23.804,23.863,23.682,23.71,44724,0
20140317,23.692,23.853,23.672,23.719,66652,0
20140318,23.719,23.928,23.719,23.785,36046,0
20140319,23.873,23.937,23.746,23.756,41149,0
20140320,23.776,23.882,23.756,23.766,40301,0
20140321,23.813,23.918,23.785,23.863,35939,0
20140324,23.823,23.966,23.823,23.956,242657,0
20140325,23.909,24.174,23.909,24.137,2142615,0
20140326,24.193,24.251,24.174,24.242,3030645,0
20140327,24.271,24.355,24.242,24.309,182189,0
20140328,24.364,24.402,24.319,24.364,161264,0
20140331,24.451,24.46,24.337,24.451,267014,0
20140401,24.421,24.498,24.421,24.498,123486,0
20140402,24.563,24.716,24.391,24.401,109439,0
20140403,24.401,24.907,24.362,24.508,69263,0
20140404,24.524,24.66,24.45,24.469,178961,0
20140407,24.517,24.65,24.421,24.524,69015,0
20140408,24.534,24.582,24.431,24.488,51647,0
20140409,24.488,24.592,24.44,24.498,42208,0
20140410,24.553,24.669,24.553,24.64,73828,0
20140411,24.631,24.65,24.543,24.621,57022,0
20140414,24.469,24.592,24.45,24.582,74337,0
20140415,24.563,24.592,24.469,24.534,37853,0
20140416,24.478,24.602,24.459,24.602,67009,0
20140417,24.517,24.706,24.469,24.698,130101,0
20140421,24.65,24.716,24.563,24.688,79958,0
20140422,24.563,24.716,24.563,24.669,55970,0
20140423,24.602,24.688,24.582,24.65,47568,0
20140424,24.64,24.698,24.563,24.573,52614,0
20140425,24.563,24.621,24.508,24.543,65997,0
20140428,24.524,24.553,24.459,24.553,59624,0
20140429,24.543,24.66,24.517,24.543,81706,0
20140430,24.543,24.669,24.508,24.621,51345,0
20140501,24.722,24.722,24.569,24.656,40936,0
20140502,24.578,24.675,24.578,24.598,40976,0
20140505,24.78,24.78,24.503,24.578,168909,0
20140506,24.588,24.598,24.513,24.513,485763,0
20140507,24.53,24.627,24.53,24.627,42182,0
20140508,24.646,24.722,24.608,24.712,52631,0
20140509,24.656,24.77,24.636,24.712,35333,0
20140512,24.694,24.732,24.656,24.675,35683,0
20140513,24.675,24.751,24.675,24.732,111075,0
20140514,24.722,24.79,24.722,24.732,35074,0
20140515,24.77,24.809,24.722,24.732,55666,0
20140516,24.732,24.809,24.732,24.79,41779,0
20140519,24.78,24.838,24.78,24.809,30242,0
20140520,24.818,24.847,24.751,24.751,55385,0
20140521,24.751,24.885,24.751,24.838,36803,0
20140522,24.885,24.904,24.847,24.894,40969,0
20140523,24.904,24.943,24.876,24.885,43712,0
20140527,24.914,24.962,24.904,24.962,35220,0
20140528,24.962,25.039,24.934,25.039,58398,0
20140529,25.049,25.126,25.049,25.096,53501,0
20140530,25.076,25.278,25.049,25.25,2399520,0
20140602,25.24,25.267,25.134,25.22,70903,0
20140603,25.2,25.22,25.114,25.124,109944,0
20140604,25.143,25.22,25.027,25.134,84119,0
20140605,25.134,25.21,25.134,25.21,45976,0
20140606,25.104,25.373,25.104,25.336,113807,0
20140609,25.336,25.413,25.307,25.383,51497,0
20140610,25.336,25.45,25.317,25.45,904896,0
20140611,25.48,25.48,25.317,25.423,101444,0
20140612,25.441,25.46,25.354,25.413,343922,0
20140613,25.383,25.46,25.354,25.413,71560,0
20140616,25.432,25.441,25.344,25.383,141452,0
20140617,25.354,25.363,25.267,25.267,100593,0
20140618,25.336,25.393,25.267,25.354,55008,0
20140619,25.373,25.432,25.373,25.413,67515,0
20140620,25.46,25.489,25.326,25.326,209404,0
20140623,25.423,25.615,25.277,25.287,436325,0
20140624,25.336,25.413,25.267,25.326,152299,0
20140625,25.393,25.432,25.363,25.432,92499,0
20140626,25.393,25.432,25.373,25.423,57061,0
20140627,25.413,25.432,25.373,25.423,75055,0
20140630,25.45,25.519,25.373,25.441,119173,0
20140701,25.4,25.496,25.341,25.42,99308,0
20140702,25.196,25.534,25.196,25.37,104446,0
20140703,25.41,25.496,25.38,25.486,137734,0
20140707,25.42,25.584,25.41,25.574,243702,0
20140708,25.613,25.622,25.506,25.613,46796,0
20140709,25.632,25.738,25.554,25.68,61986,0
20140710,25.604,25.68,25.554,25.622,83879,0
20140711,25.584,25.69,25.448,25.69,123715,0
20140714,25.69,25.69,25.448,25.67,37463,0
20140715,25.641,25.66,25.429,25.66,47025,0
20140716,25.632,25.66,25.594,25.641,58579,0
20140717,25.622,25.622,25.496,25.496,49507,0
20140718,25.467,25.574,25.467,25.554,63355,0
20140721,25.594,25.594,25.322,25.544,124312,0
20140722,25.526,25.564,25.506,25.564,47724,0
20140723,25.554,25.632,25.544,25.632,72525,0
20140724,25.594,25.65,25.594,25.622,111856,0
20140725,25.594,25.728,25.554,25.632,71263,0
20140728,25.594,25.632,25.438,25.584,49891,0
20140729,25.534,25.584,25.438,25.438,81735,0
20140730,25.496,25.534,25.4,25.457,41585,0
20140731,25.457,25.622,25.216,25.263,301772,0
20140801,25.313,25.421,25.148,25.361,78795,0
20140804,25.421,25.421,25.138,25.186,114699,0
20140805,25.226,25.313,25.069,25.078,543985,0
20140806,25.041,25.148,25.011,25.051,78011,0
20140807,25.078,25.148,25.041,25.041,87659,0
20140808,25.078,25.108,24.923,25.06,53552,0
20140811,25.078,25.128,25.06,25.088,86645,0
20140812,25.069,25.157,25.069,25.148,99973,0
20140813,25.176,25.216,25.128,25.216,61185,0
20140814,25.245,25.254,25.176,25.226,86781,0
20140815,25.273,25.381,25.226,25.236,87364,0
20140818,25.303,25.411,25.263,25.332,102488,0
20140819,25.371,25.421,25.283,25.371,120726,0
20140820,25.421,25.43,25.303,25.381,65945,0
20140821,25.322,25.421,25.293,25.421,54325,0
20140822,25.401,25.439,25.236,25.391,99455,0
20140825,25.381,25.401,25.283,25.313,76439,0
20140826,25.401,25.439,25.303,25.351,79942,0
20140827,25.401,25.468,25.332,25.361,198598,0
20140828,25.43,25.478,24.962,25.273,149688,0
20140829,25.263,25.381,25.236,25.332,76781,0
20140902,25.361,25.391,25.283,25.351,62290,0
20140903,25.351,25.361,25.205,25.263,135128,0
20140904,25.303,25.44,25.254,25.322,79799,0
20140905,25.273,25.322,25.215,25.322,93905,0
20140908,25.225,25.293,25.137,25.185,66201,0
20140909,25.156,25.283,25.097,25.175,59078,0
20140910,25.127,25.225,25.049,25.225,79131,0
20140911,25.147,25.263,25.127,25.235,100811,0
20140912,25.165,25.332,25.127,25.215,60707,0
20140915,25.175,25.205,25.077,25.127,80886,0
20140916,25.137,25.175,25.039,25.156,59931,0
20140917,25.117,25.165,24.98,25.137,40499,0
20140918,25.107,25.117,24.97,24.97,85284,0
20140919,24.999,25.165,24.999,25.165,118403,0
20140922,25.029,25.225,25.029,25.156,895928,0
20140923,25.185,25.185,25.068,25.137,110329,0
20140924,25.127,25.235,25.058,25.205,68206,0
20140925,24.97,25.235,24.97,25.185,47136,0
20140926,25.087,25.127,24.98,24.98,97308,0
20140929,24.96,25.156,24.891,25.009,83794,0
20140930,24.891,24.98,24.863,24.96,53240,0
20141001,24.88,24.978,24.85,24.968,116469,0
20141002,24.87,24.939,24.781,24.919,96542,0
20141003,24.968,24.968,24.831,24.85,49449,0
20141006,24.742,24.889,24.742,24.86,37811,0
20141007,24.781,24.899,24.712,24.811,65421,0
20141008,24.84,24.968,24.821,24.889,41277,0
20141009,24.889,24.939,24.85,24.909,109252,0
20141010,24.811,24.84,24.683,24.781,47826,0
20141013,24.811,24.811,24.683,24.693,62933,0
20141014,24.821,24.88,24.654,24.712,40859,0
20141015,24.487,24.693,24.427,24.507,86410,0
20141016,24.29,24.467,24.26,24.26,164260,0
20141017,24.447,24.584,24.31,24.565,107820,0
20141020,24.584,24.614,24.507,24.604,113915,0
20141021,24.693,24.781,24.584,24.702,67370,0
20141022,24.693,24.781,24.644,24.644,61365,0
20141023,24.781,24.831,24.693,24.831,77370,0
20141024,24.654,24.86,24.654,24.86,51460,0
20141027,24.939,24.939,24.781,24.85,43474,0
20141028,24.87,24.998,24.87,24.998,61642,0
20141029,25.017,25.164,24.821,24.88,171800,0
20141030,24.958,25.096,24.929,24.939,64393,0
20141031,25.076,25.076,24.958,24.978,41054,0
20141103,25.053,25.083,24.955,24.974,88377,0
20141104,24.836,25.023,24.836,24.885,40574,0
20141105,24.964,25.073,24.885,24.895,42582,0
20141106,24.885,24.915,24.836,24.875,46755,0
20141107,24.875,24.875,24.776,24.786,65372,0
20141110,24.786,24.836,24.697,24.697,44893,0
20141111,24.875,24.875,24.677,24.717,47009,0
20141112,24.638,24.757,24.638,24.668,53970,0
20141113,24.638,24.707,24.618,24.628,44504,0
20141114,24.697,24.747,24.578,24.598,34927,0
20141117,24.598,24.618,24.519,24.519,49070,0
20141118,24.539,24.578,24.47,24.5,59920,0
20141119,24.519,24.578,24.45,24.539,83329,0
20141120,24.48,24.529,24.42,24.49,68438,0
20141121,24.51,24.588,24.5,24.559,74022,0
20141124,24.648,24.648,24.529,24.578,100358,0
20141125,24.658,24.658,24.51,24.51,58206,0
20141126,24.578,24.628,24.51,24.529,62812,0
20141128,24.5,24.658,24.45,24.48,29240,0
20141201,24.488,24.527,24.289,24.289,194162,0
20141202,24.309,24.329,24.05,24.15,80174,0
20141203,24.14,24.15,24.05,24.12,55948,0
20141204,24.12,24.18,24.04,24.04,71220,0
20141205,24.05,24.07,23.862,23.881,92828,0
20141208,23.901,24.031,23.722,23.802,86036,0
20141209,23.573,23.653,23.355,23.454,66334,0
20141210,23.404,23.454,23.047,23.067,105271,0
20141211,23.067,23.116,22.908,22.937,71209,0
20141212,22.878,22.917,22.043,22.132,166496,0
20141215,22.192,22.49,21.894,22.202,199593,0
20141216,21.983,22.122,21.735,22.093,276767,0
20141217,21.973,22.788,21.973,22.53,228587,0
20141218,22.908,23.116,22.599,22.609,175379,0
20141219,22.679,23.196,22.669,22.858,135969,0
20141222,22.838,23.216,22.729,22.808,126811,0
20141223,22.888,23.057,22.699,23.057,116418,0
20141224,22.947,23.553,22.649,22.848,64487,0
20141226,22.997,22.997,22.818,22.828,33386,0
20141229,22.88,23.3,22.88,23.25,278301,0
20141230,23.25,23.34,22.99,23.14,78146,0
20141231,23.15,23.24,22.87,22.97,55646,0
20150102,23.13,23.3,22.97,22.97,57126,0
20150105,23.02,23.02,22.7,22.8,89018,0
20150106,22.72,22.84,22.55,22.76,316037,0
20150107,22.67,22.89,22.6,22.78,94337,0
20150108,22.93,23.04,22.79,22.98,79701,0
20150109,22.91,23.04,22.79,22.81,263224,0
20150112,22.9,22.9,22.78,22.86,87482,0
20150113,22.81,22.82,22.66,22.66,69959,0
20150114,22.67,22.76,22.6,22.73,107679,0
20150115,22.79,22.86,22.43,22.47,199752,0
20150116,22.75,22.75,22.38,22.38,101593,0
