Date,Open,High,Low,Close,Volume,OpenInt
20100914,50.466,50.76,50.28,50.721,10716,0
20100915,50.359,50.897,50.339,50.868,12829,0
20100916,50.789,50.887,50.623,50.809,17838,0
20100917,50.966,51.103,50.878,50.878,7756,0
20100920,51.574,51.574,51.504,51.504,1440,0
20100921,51.759,51.759,51.613,51.613,439,0
20100922,51.132,51.211,51.054,51.123,4188,0
20100923,51.279,51.554,50.849,50.887,5213,0
20100924,51.603,52.132,51.603,52.132,8955,0
20100927,52.23,52.289,51.926,52.289,7960,0
20100928,51.868,52.475,51.868,52.475,17437,0
20100929,52.426,52.661,52.396,52.494,9541,0
20100930,52.828,52.945,52.426,52.426,715,0
20101001,52.328,52.524,52.328,52.524,2000,0
20101004,52.221,52.221,51.749,51.906,4713,0
20101006,52.886,52.955,52.308,52.358,2490,0
20101008,52.808,52.808,52.808,52.808,2041,0
20101011,53.063,53.259,53.063,53.259,2653,0
20101012,52.916,53.348,52.456,53.348,3071,0
20101013,53.583,53.915,53.553,53.915,3408,0
20101015,53.475,53.475,53.475,53.475,204,0
20101019,53.328,53.328,53.171,53.298,1678,0
20101020,53.141,53.141,53.141,53.141,1021,0
20101021,53.749,53.896,53.014,53.083,2742,0
20101022,53.739,53.847,53.739,53.847,2571,0
20101025,54.386,54.493,54.386,54.493,433,0
20101026,54.092,54.347,54.092,54.347,204,0
20101027,53.925,53.925,53.925,53.925,153,0
20101029,54.483,54.601,54.483,54.592,4159,0
20101101,54.935,54.935,54.465,54.503,3377,0
20101102,54.915,55.2,54.827,55.072,1848,0
20101103,55.238,55.238,54.631,55.228,4546,0
20101104,56.12,56.12,55.954,56.062,8235,0
20101105,56.345,56.581,56.345,56.542,10349,0
20101108,56.552,56.552,56.228,56.473,3474,0
20101109,56.767,56.816,55.865,55.865,10825,0
20101110,55.905,56.463,55.777,56.463,4772,0
20101111,56.257,56.257,56.257,56.257,255,0
20101112,56.12,56.12,55.483,55.748,2228,0
20101115,55.915,56.218,55.787,55.787,3014,0
20101116,55.61,55.61,54.758,54.837,6286,0
20101117,54.973,55.375,54.973,55.297,14945,0
20101118,55.973,56.395,55.973,56.022,8228,0
20101119,56.199,56.257,56.199,56.228,5072,0
20101122,56.199,56.797,56.199,56.797,3575,0
20101123,56.199,56.267,55.983,56.218,10331,0
20101124,56.835,57.326,56.835,57.326,2438,0
20101126,57.453,57.453,57.384,57.394,674,0
20101129,56.982,56.982,56.571,56.571,888,0
20101130,57.169,57.257,57.08,57.149,2011,0
20101201,57.952,58.1,57.855,58.1,4638,0
20101202,58.207,58.707,58.207,58.707,6528,0
20101203,58.933,59.236,58.668,59.236,27313,0
20101206,59.197,59.197,59.021,59.099,6533,0
20101207,59.413,59.668,59.344,59.344,9747,0
20101208,59.393,59.491,59.021,59.079,5209,0
20101209,59.354,59.354,59.011,59.276,11996,0
20101210,59.599,59.932,59.324,59.883,20307,0
20101213,60.589,60.589,59.658,59.658,19420,0
20101214,59.844,59.844,59.452,59.559,5788,0
20101215,59.491,59.648,59.452,59.452,3337,0
20101216,59.511,60.05,59.384,60.04,24257,0
20101217,59.932,60.431,59.923,60.256,24445,0
20101220,60.256,60.569,59.893,60.236,11284,0
20101221,60.403,60.618,60.373,60.618,2591,0
20101222,60.814,60.814,60.461,60.569,8279,0
20101223,60.569,60.608,60.383,60.481,12704,0
20101227,59.971,60.549,59.864,60.383,21459,0
20101228,60.246,60.246,60.128,60.197,5145,0
20101229,60.275,60.441,60.275,60.373,8705,0
20101230,60.589,60.638,60.344,60.54,11878,0
20101231,60.301,60.351,60.292,60.292,1714,0
20110103,60.726,61.108,60.589,60.834,30950,0
20110104,61.138,61.138,59.786,60.187,11898,0
20110105,60.236,60.559,60.001,60.53,12126,0
20110106,60.755,60.765,60.285,60.334,14870,0
20110107,60.461,60.559,59.746,60.187,7877,0
20110110,59.874,60.696,59.531,60.696,4337,0
20110111,60.951,60.951,60.52,60.706,23139,0
20110112,61.108,61.108,60.824,60.991,13087,0
20110113,61.098,61.098,60.804,60.951,7254,0
20110114,61.049,61.333,61.03,61.333,1811,0
20110118,61.373,61.52,61.255,61.52,6881,0
20110119,61.638,61.638,60.736,60.843,6589,0
20110120,60.746,60.746,59.893,60.118,8397,0
20110121,60.598,60.598,60.021,60.021,3982,0
20110124,60.148,60.52,60.148,60.461,1396,0
20110125,60.206,60.256,60.206,60.256,5095,0
20110126,60.481,61.059,60.481,61.03,2877,0
20110127,61.158,61.49,61.069,61.49,6144,0
20110128,61.568,61.568,60.187,60.304,11163,0
20110131,60.607,60.903,60.469,60.903,2738,0
20110201,61.196,61.706,61.196,61.686,2805,0
20110202,61.628,61.961,61.628,61.666,23275,0
20110203,61.49,61.853,61.206,61.853,4222,0
20110204,61.951,62.411,61.902,62.372,10834,0
20110207,62.656,63.127,62.656,62.862,3734,0
20110208,62.843,63.088,62.843,63.078,11604,0
20110209,63,63.205,62.99,63.038,3806,0
20110210,62.803,63.568,62.676,63.548,3221,0
20110211,64.107,64.332,64.107,64.273,1905,0
20110214,64.44,64.655,64.391,64.567,14214,0
20110215,64.547,64.547,64.205,64.205,1385,0
20110216,64.685,64.724,64.597,64.685,5698,0
20110218,64.91,65.027,64.764,64.9,7897,0
20110222,64.234,64.665,63.283,63.283,22649,0
20110223,63.166,63.411,61.657,62.47,26870,0
20110224,62.323,62.715,61.892,62.353,25195,0
20110225,63.185,63.773,63.156,63.773,2613,0
20110228,64.342,64.42,63.587,63.96,10544,0
20110301,64.185,64.185,62.666,62.862,13678,0
20110302,62.823,63.46,62.695,63.097,10740,0
20110303,64.058,64.645,63.832,64.518,9724,0
20110304,64.322,64.41,64.077,64.077,3011,0
20110307,64.332,64.332,62.852,63.48,8785,0
20110308,63.156,64.175,63.156,64.009,1625,0
20110309,63.48,63.715,63.48,63.715,522,0
20110310,63.028,63.028,62.578,62.852,7789,0
20110311,62.196,63.274,62.196,63.274,4188,0
20110314,62.823,63.323,62.608,62.95,3171,0
20110315,61.363,62.843,61.088,62.843,4241,0
20110316,62.265,62.568,62.048,62.048,9578,0
20110317,62.872,63.058,62.196,62.196,12540,0
20110318,62.833,62.833,62.402,62.402,4028,0
20110321,63.313,63.705,63.255,63.577,5510,0
20110322,63.695,63.735,63.175,63.255,6402,0
20110323,62.745,63.137,62.745,63.127,2523,0
20110324,63.42,63.832,63.166,63.754,3629,0
20110325,64.058,64.842,64.048,64.645,11844,0
20110328,64.645,64.695,64.234,64.234,3243,0
20110329,63.989,64.871,63.989,64.852,8868,0
20110330,65.312,65.655,65.272,65.606,8666,0
20110331,65.533,65.819,65.475,65.819,2295,0
20110401,66.312,66.399,66.116,66.135,7211,0
20110404,66.399,66.469,66.037,66.194,5499,0
20110405,66.282,66.871,66.214,66.547,12635,0
20110406,67.007,67.007,66.184,66.429,8425,0
20110407,66.527,66.596,65.939,66.047,5809,0
20110408,65.959,66.057,65.292,65.292,5584,0
20110411,65.812,65.841,65.097,65.292,4968,0
20110412,64.832,64.959,64.577,64.675,7239,0
20110413,65.047,65.194,64.792,64.792,1137,0
20110414,64.949,65.126,64.812,65.126,2966,0
20110415,65.547,65.616,65.527,65.527,2796,0
20110418,64.42,64.469,64.028,64.469,10573,0
20110419,64.881,64.93,64.528,64.871,3823,0
20110420,65.89,66.145,65.871,66.145,8826,0
20110421,66.459,66.752,66.341,66.694,9074,0
20110425,66.782,66.861,66.429,66.733,6553,0
20110426,67.134,67.536,67.124,67.272,6754,0
20110427,67.399,67.781,67.116,67.781,6347,0
20110428,68.085,68.085,67.811,67.978,9873,0
20110429,68.016,68.194,67.78,68.106,6192,0
20110502,68.301,68.34,67.664,67.664,6169,0
20110503,67.546,67.546,66.596,66.596,6114,0
20110504,66.968,66.968,66.027,66.547,3364,0
20110505,65.744,66.644,65.704,66.116,3583,0
20110506,66.831,67.106,66.292,66.38,4138,0
20110509,66.126,67.076,66.126,67.076,4016,0
20110510,67.399,67.791,67.194,67.791,29772,0
20110511,67.733,67.821,66.919,67.281,4929,0
20110512,66.919,67.791,66.664,67.536,3484,0
20110513,67.478,67.478,66.997,67.037,3915,0
20110516,66.831,67.134,66.459,66.459,5678,0
20110517,65.871,66.047,65.312,65.762,10473,0
20110518,65.792,66.919,65.792,66.851,6779,0
20110519,67.252,67.262,66.537,66.939,5058,0
20110520,66.351,66.644,66.351,66.488,1530,0
20110523,65.616,65.616,65.292,65.567,2999,0
20110524,65.626,65.626,65.244,65.244,4663,0
20110525,65.272,65.841,64.979,65.792,2335,0
20110526,66.282,66.576,66.282,66.576,567,0
20110527,66.801,66.889,66.694,66.851,2337,0
20110531,67.576,67.576,66.851,67.272,8297,0
20110601,67.389,67.389,65.91,65.91,14635,0
20110602,65.939,65.939,65.812,65.812,715,0
20110603,64.734,65.567,64.734,65.567,3820,0
20110606,64.822,64.91,63.94,63.94,7600,0
20110607,64.254,64.626,64.028,64.302,3929,0
20110608,63.627,63.813,63.528,63.568,5397,0
20110609,63.754,64.117,63.754,63.872,2701,0
20110610,63.715,63.715,62.902,63.166,14873,0
20110613,62.94,63.215,62.441,62.441,44306,0
20110614,63.342,63.842,63.264,63.715,5947,0
20110615,63.519,63.519,62.813,62.813,1234,0
20110616,62.862,63,62.128,62.382,3519,0
20110617,63.01,63.048,62.695,62.813,5970,0
20110620,62.617,63.392,62.617,63.255,1517,0
20110621,63.695,64.685,63.695,64.617,35259,0
20110622,64.46,64.94,64.46,64.518,2581,0
20110623,63.519,64.273,63.519,64.175,663,0
20110624,64.097,64.283,63.892,63.892,2228,0
20110627,64.107,64.557,63.754,64.557,1392,0
20110628,65.165,65.489,65.145,65.41,1367,0
20110629,65.665,66.174,65.508,65.979,5230,0
20110630,66.125,66.618,66.125,66.39,12210,0
20110701,66.537,67.497,66.537,67.468,4199,0
20110705,67.614,67.742,67.233,67.684,9201,0
20110706,67.733,68.193,67.566,68.046,3064,0
20110707,68.751,69.046,68.751,69.046,3805,0
20110708,68.105,68.408,67.978,68.389,5172,0
20110711,67.841,67.841,66.988,66.988,2821,0
20110712,66.723,66.949,66.644,66.644,1749,0
20110713,66.958,67.723,66.958,66.968,2117,0
20110714,66.978,67.507,66.017,66.017,10992,0
20110715,66.145,66.429,66.047,66.429,1713,0
20110718,66.135,66.135,65.282,65.577,10005,0
20110719,66.566,67.134,66.566,67.134,510,0
20110720,67.154,67.154,66.439,66.792,7827,0
20110721,66.821,67.389,66.821,67.331,2426,0
20110722,67.272,67.752,67.272,67.752,854,0
20110725,66.939,67.409,66.606,67.086,7658,0
20110726,66.899,67.134,66.654,66.654,2334,0
20110727,66.272,66.272,64.645,64.645,7305,0
20110728,64.92,65.547,64.675,64.704,5209,0
20110729,63.695,64.665,63.245,64.352,11499,0
20110801,65.312,65.371,63.255,63.842,14966,0
20110802,63.617,63.979,62.03,62.03,8613,0
20110803,61.863,62.205,60.658,61.931,11013,0
20110804,61.618,61.618,58.844,58.864,13989,0
20110805,59.256,59.471,57.139,57.649,15517,0
20110808,54.964,56.189,52.876,52.876,14761,0
20110809,54.327,54.71,53.112,54.71,14258,0
20110810,55.082,56.532,54.827,54.827,20771,0
20110811,55.14,57.61,55.12,57.61,23029,0
20110812,58.227,58.424,57.629,57.934,4925,0
20110815,58.991,59.227,58.688,59.217,12982,0
20110816,58.678,58.884,58.031,58.501,12404,0
20110817,58.874,59.119,57.767,57.934,6632,0
20110818,56.003,56.003,54.483,54.483,5361,0
20110819,53.504,54.827,53.504,53.818,12139,0
20110822,54.905,54.905,53.739,53.856,3969,0
20110823,53.935,56.14,53.935,56.042,1265,0
20110824,56.826,56.826,56.199,56.797,5258,0
20110825,57.326,57.326,55.64,55.64,1341,0
20110826,55.915,57.355,55.915,57.199,8874,0
20110829,58.051,59.197,58.051,59.197,8247,0
20110830,59.041,60.128,58.796,59.961,6261,0
20110831,60.222,60.961,60.222,60.38,3822,0
20110901,60.059,60.059,58.982,58.991,5189,0
20110902,57.661,57.937,56.952,57.425,1735,0
20110906,55.337,56.835,55.2,56.777,6272,0
20110907,57.825,57.992,57.825,57.992,4082,0
20110908,59.001,59.021,58.335,58.335,1368,0
20110909,57.571,57.914,56.375,56.64,4914,0
20110912,55.748,56.904,55.689,56.904,12639,0
20110913,57.13,57.796,57.032,57.796,3750,0
20110914,58.051,59.599,57.934,59.599,1464,0
20110915,59.511,59.844,59.433,59.844,4460,0
20110916,60.069,60.089,59.354,59.354,1130,0
20110919,58.492,58.492,58.492,58.492,255,0
20110920,59.814,59.942,59.814,59.942,1854,0
20110921,58.002,58.002,57.619,57.727,3295,0
20110922,54.925,55.003,54.043,54.611,7427,0
20110923,54.817,54.876,54.778,54.778,1225,0
20110926,55.327,55.503,54.866,55.023,1727,0
20110927,57.737,58.169,57.649,57.669,2194,0
20110928,56.61,56.61,55.287,55.287,637,0
20110929,56.365,56.385,54.719,55.365,14471,0
20110930,54.764,54.862,53.877,53.917,1632,0
20111003,53.798,53.798,51.181,51.211,9403,0
20111004,50.691,52.161,50.397,51.172,36490,0
20111005,53.288,54.356,52.631,54.356,34428,0
20111006,54.278,54.945,54.258,54.945,1319,0
20111007,55.895,56.012,55.18,55.444,3048,0
20111010,56.062,56.835,56.062,56.365,3515,0
20111011,57.13,57.208,56.865,57.051,1315,0
20111012,57.649,58.227,57.571,58.021,769,0
20111013,57.434,57.835,56.944,57.835,2935,0
20111014,58.442,59.109,58.442,59.051,2143,0
20111017,58.619,58.766,57.277,57.287,2848,0
20111018,56.767,58.806,56.757,58.806,2298,0
20111019,58.511,58.551,57.61,57.61,2096,0
20111020,57.757,57.757,56.522,56.581,3156,0
20111021,58.884,58.884,58.296,58.442,6270,0
20111024,58.913,60.863,58.904,60.716,5507,0
20111025,60.511,60.511,59.579,59.589,9440,0
20111026,60.177,60.177,58.904,59.628,2041,0
20111027,62.078,62.892,61.393,62.892,4257,0
20111028,62.431,62.578,62.225,62.52,5064,0
20111031,61.74,62.006,61.109,61.109,7471,0
20111101,59.051,59.776,59.051,59.051,1286,0
20111102,59.854,60.569,59.501,60.236,8139,0
20111103,60.059,61.716,60.059,61.716,8011,0
20111104,61.119,61.789,61.119,61.789,2562,0
20111107,61.813,61.813,60.824,61.471,1130,0
20111108,60.883,62.245,60.883,62.245,26243,0
20111109,60.275,60.618,59.452,59.452,1525,0
20111110,60.109,60.109,59.334,59.746,2494,0
20111111,60.628,61.206,60.628,61.176,1621,0
20111114,60.706,60.913,60.187,60.206,10810,0
20111115,60.168,61.128,60.168,61.108,561,0
20111116,60.598,60.981,60.431,60.431,2026,0
20111117,60.187,60.206,58.844,58.844,1939,0
20111118,58.717,58.786,58.707,58.756,936,0
20111121,57.689,57.864,56.963,57.639,10721,0
20111122,57.355,57.355,57.345,57.345,520,0
20111123,56.405,56.405,55.807,56.169,5103,0
20111128,57.297,57.679,57.247,57.365,7255,0
20111129,57.61,57.914,57.541,57.6,2668,0
20111130,59.76,60.065,59.523,59.976,12601,0
20111201,60.706,60.736,60.304,60.393,1057,0
20111202,60.765,60.991,60.256,60.256,2356,0
20111205,61.412,61.628,61.01,61.01,4990,0
20111206,61.109,61.119,60.785,61.119,1743,0
20111207,60.154,60.725,59.858,60.725,6900,0
20111208,60.203,60.479,59.05,59.05,5807,0
20111209,59.671,60.607,59.671,60.449,1526,0
20111212,59.599,60.05,59.599,59.599,204,0
20111213,59.413,59.442,57.943,57.943,3747,0
20111214,57.59,57.59,56.973,57.208,3622,0
20111215,57.757,57.757,57.345,57.345,6171,0
20111216,57.887,58.498,57.819,58.065,3864,0
20111219,58.169,58.501,57.199,57.199,2094,0
20111220,58.07,58.972,58.07,58.962,12139,0
20111221,58.306,58.306,58.119,58.119,347,0
20111222,59.197,59.415,59.089,59.277,4643,0
20111223,59.454,59.602,59.415,59.602,1595,0
20111227,59.612,60.193,59.612,59.986,4501,0
20111228,60.016,60.016,58.932,58.971,2161,0
20111229,59.602,59.651,59.602,59.612,1634,0
20111230,59.572,59.73,59.415,59.415,6120,0
20120103,60.518,60.637,59.562,59.779,1434,0
20120104,59.129,59.602,59.129,59.602,2379,0
20120105,59.227,59.996,59.001,59.996,3685,0
20120106,59.858,60.331,59.858,60.144,2233,0
20120109,60.331,60.341,60.104,60.252,3352,0
20120110,61.05,61.07,61.05,61.07,1137,0
20120111,61.188,61.237,61.031,61.237,1317,0
20120112,61.001,61.424,61.001,61.424,335,0
20120113,61.089,61.188,61.089,61.159,2590,0
20120117,61.799,61.828,61.78,61.78,1057,0
20120118,61.848,62.085,61.828,62.085,1398,0
20120119,62.982,63.139,62.912,62.912,3257,0
20120120,62.893,62.932,62.637,62.656,2636,0
20120123,63.208,63.208,62.489,62.676,3414,0
20120124,62.686,63.001,62.676,63.001,1940,0
20120125,63.04,63.582,62.834,63.582,2057,0
20120126,63.524,63.524,63.524,63.524,102,0
20120127,63.08,63.405,63.011,63.376,1258,0
20120130,62.932,63.434,62.932,63.434,2051,0
20120131,63.582,63.592,63.11,63.11,2841,0
20120201,63.829,64.44,63.75,64.42,10828,0
20120202,64.834,64.962,64.617,64.666,14865,0
20120203,65.523,65.603,65.523,65.603,406,0
20120206,65.543,65.691,65.523,65.691,2989,0
20120207,65.651,65.918,65.651,65.918,3670,0
20120208,66.006,66.164,65.543,65.947,4374,0
20120209,65.731,66.302,65.563,66.046,8724,0
20120210,65.691,65.691,65.198,65.405,8065,0
20120213,65.701,66.115,65.701,66.115,1625,0
20120214,65.937,66.095,65.927,66.095,1670,0
20120215,66.726,66.726,65.898,66.046,3408,0
20120216,66.204,67.041,66.204,66.962,2035,0
20120217,66.992,66.992,66.726,66.785,1629,0
20120221,66.538,66.933,66.332,66.332,3961,0
20120222,66.184,66.45,66.184,66.44,2233,0
20120223,66.716,66.844,66.716,66.844,5991,0
20120224,66.982,67.297,66.942,67.061,2953,0
20120227,66.814,67.189,66.814,67.021,1218,0
20120228,67.149,67.267,66.706,66.913,2720,0
20120229,67.041,67.129,66.528,66.676,3944,0
20120301,66.854,67.267,66.795,67.267,1689,0
20120302,67.129,67.129,66.568,66.598,3191,0
20120305,66.44,66.45,66.154,66.252,5782,0
20120306,65.691,65.691,64.962,65.12,7127,0
20120307,65.691,65.789,65.661,65.789,776,0
20120308,66.204,66.568,66.154,66.568,5135,0
20120309,66.538,67.229,66.508,67.081,3559,0
20120312,67.081,67.081,66.716,66.814,4967,0
20120313,67.169,67.465,67.169,67.435,533,0
20120314,67.533,67.632,67.395,67.485,4884,0
20120315,67.711,67.74,67.711,67.721,1108,0
20120316,67.868,68.006,67.859,67.908,3637,0
20120319,67.8,68.401,67.8,68.144,2074,0
20120320,67.563,67.731,67.405,67.652,3494,0
20120321,67.79,68.016,67.79,67.928,6337,0
20120322,67.1,67.139,66.992,67.001,13224,0
20120323,66.913,67.129,66.913,67.129,493,0
20120326,68.312,68.489,68.134,68.312,10385,0
20120327,68.46,68.519,68.272,68.272,5553,0
20120328,67.701,67.701,67.533,67.563,969,0
20120329,67.337,67.514,66.992,67.514,7545,0
20120330,67.8,68.016,67.8,67.859,2665,0
20120402,67.475,68.253,67.435,68.253,1105,0
20120403,68.144,68.352,67.79,68.066,1928,0
20120404,67.494,67.652,67.199,67.247,4364,0
20120405,67.021,67.119,67.011,67.11,1786,0
20120409,66.046,66.44,66.046,66.41,2182,0
20120410,66.105,66.105,64.814,64.814,3588,0
20120411,65.405,65.523,65.405,65.475,4238,0
20120412,66.065,66.765,66.056,66.726,4837,0
20120413,66.115,66.125,66.056,66.056,4486,0
20120416,66.42,66.42,66.016,66.016,1168,0
20120417,66.903,67.229,66.903,67.209,1547,0
20120418,66.755,67.081,66.696,67.001,3580,0
20120419,66.933,67.357,66.41,66.41,1233,0
20120420,66.834,67.09,66.706,66.706,2988,0
20120423,65.376,65.879,65.297,65.879,4591,0
20120424,65.819,66.115,65.751,65.751,933,0
20120425,66.518,67.09,66.518,67.09,802,0
20120426,67.219,68.016,67.219,68.016,3332,0
20120427,68.184,68.332,67.543,68.134,296967,0
20120430,68.282,68.282,67.494,67.622,143285,0
20120501,67.78,68.617,67.652,68.272,94262,0
20120502,67.603,68.214,67.297,68.114,99321,0
20120503,67.986,68.056,66.804,66.972,58298,0
20120504,66.568,66.568,65.711,65.947,47017,0
20120507,65.859,66.292,65.77,66.164,50368,0
20120508,65.779,66.036,64.598,65.987,48123,0
20120509,65.356,65.918,64.962,65.681,20220,0
20120510,66.499,66.499,65.543,65.721,27447,0
20120511,65.346,66.332,65.346,65.859,25301,0
20120514,65.238,65.543,64.764,65.07,35156,0
20120515,65.09,65.425,64.686,64.834,23156,0
20120516,65.159,65.415,64.489,64.489,14363,0
20120517,64.361,64.371,62.686,62.686,13473,0
20120518,62.775,62.775,61.78,61.819,24080,0
20120521,62.036,63.336,61.819,63.336,26890,0
20120522,63.514,63.987,63.356,63.356,16531,0
20120523,63.454,63.897,62.666,63.897,16159,0
20120524,63.849,64.292,63.474,63.947,10868,0
20120525,64.183,64.263,63.849,63.937,18578,0
20120529,64.696,64.854,64.203,64.676,11459,0
20120530,64.243,64.243,63.454,63.592,30565,0
20120531,63.573,63.573,62.637,63.533,3529,0
20120601,61.898,62.262,61.257,61.287,11653,0
20120604,61.434,61.434,60.439,61.089,12456,0
20120605,60.833,61.967,60.833,61.967,5365,0
20120606,62.538,62.972,62.538,62.844,7514,0
20120607,63.997,63.997,62.627,62.627,14961,0
20120608,62.804,63.198,62.577,63.12,7523,0
20120611,64.884,64.884,62.213,62.213,48151,0
20120612,62.154,62.557,62.016,62.557,13013,0
20120613,62.409,62.429,61.504,61.602,31536,0
20120614,61.73,62.163,61.552,61.612,5420,0
20120615,62.203,62.755,62.154,62.676,9214,0
20120618,63.819,63.819,62.311,63.277,11209,0
20120619,63.701,64.183,63.651,63.907,13566,0
20120620,63.779,64.144,63.514,63.671,4302,0
20120621,63.77,63.799,62.085,62.144,13443,0
20120622,62.154,62.361,61.937,62.331,3832,0
20120625,61.671,61.671,61.011,61.149,8162,0
20120626,61.434,61.612,61.119,61.524,6013,0
20120627,61.848,62.075,61.75,61.927,6501,0
20120628,61.542,61.917,61.07,61.78,3832,0
20120629,63.218,63.809,63.218,63.809,3888,0
20120702,63.809,64.193,63.789,64.173,19907,0
20120703,64.302,64.834,64.302,64.834,1692,0
20120705,64.893,65.12,64.834,65.031,9590,0
20120706,64.499,64.499,63.779,64.045,6800,0
20120709,63.73,63.917,63.602,63.869,6723,0
20120710,64.341,64.341,63.021,63.021,3609,0
20120711,63.258,63.268,62.637,62.676,5889,0
20120712,62.666,63.03,62.016,62.873,17167,0
20120713,63.09,63.809,63.09,63.809,3011,0
20120716,63.671,63.671,63.12,63.514,4161,0
20120717,63.533,63.76,63.06,63.74,4731,0
20120718,63.859,64.243,63.859,64.233,4487,0
20120719,64.548,64.656,64.518,64.656,4735,0
20120720,64.193,64.213,63.869,63.957,3852,0
20120723,62.912,63.139,62.489,63.06,3733,0
20120724,63.198,63.198,61.927,61.927,7438,0
20120725,62.449,62.499,62.203,62.499,2166,0
20120726,63.573,63.573,63.06,63.316,22504,0
20120727,63.74,64.864,63.74,64.824,1249,0
20120730,64.716,64.854,64.154,64.292,6458,0
20120731,64.193,64.321,63.947,63.947,3040,0
20120801,63.897,63.897,63.296,63.346,5974,0
20120802,62.784,63.238,62.627,63.04,4725,0
20120803,64.311,64.45,64.223,64.223,4014,0
20120806,64.41,64.824,64.41,64.824,3042,0
20120807,64.814,65.533,64.814,65.533,2426,0
20120808,65.198,65.317,65.179,65.297,2891,0
20120809,65.385,65.513,65.258,65.317,5336,0
20120810,65.11,65.504,65.031,65.494,7940,0
20120813,65.415,65.513,64.922,65.336,7814,0
20120814,65.741,65.741,65.307,65.405,9117,0
20120815,65.287,65.77,65.287,65.77,4598,0
20120816,66.213,66.332,66.213,66.332,1081,0
20120817,66.41,66.716,66.352,66.686,5509,0
20120820,66.656,66.686,66.204,66.352,8346,0
20120821,66.903,67.011,66.42,66.618,7896,0
20120822,66.46,66.608,66.223,66.608,15383,0
20120823,66.371,66.48,66.075,66.223,3816,0
20120824,66.006,66.47,66.006,66.342,3602,0
20120827,66.41,66.627,66.371,66.371,6112,0
20120828,66.538,66.666,66.272,66.568,5429,0
20120829,66.548,66.746,66.548,66.746,1206,0
20120830,66.38,66.38,66.144,66.144,2616,0
20120831,66.332,66.558,65.927,66.558,4871,0
20120904,66.618,67.307,66.252,67.277,4780,0
20120905,67.347,67.367,67.129,67.169,7008,0
20120906,67.859,68.48,67.849,68.41,7821,0
20120907,68.253,68.883,68.204,68.785,9088,0
20120910,68.755,68.795,68.47,68.509,9036,0
20120911,68.48,68.568,68.401,68.47,6699,0
20120912,68.607,68.607,68.44,68.598,3307,0
20120913,68.835,69.337,68.42,69.169,8251,0
20120914,70.115,70.155,69.73,69.83,11102,0
20120917,69.672,69.672,69.228,69.287,6394,0
20120918,69.061,69.061,68.805,68.903,3671,0
20120919,69.11,69.12,68.765,69.081,7996,0
20120920,68.667,68.667,68.342,68.549,2163,0
20120921,68.953,69.001,68.647,68.775,9263,0
20120924,68.312,68.48,68.253,68.352,4286,0
20120925,68.735,68.735,67.465,67.465,7445,0
20120926,67.317,67.425,66.864,66.933,7280,0
20120927,67.081,67.731,67.081,67.731,20594,0
20120928,67.465,67.82,67.257,67.691,3757,0
20121001,67.918,67.958,67.001,67.071,10034,0
20121002,67.485,67.524,67.247,67.257,17062,0
20121003,67.701,67.701,67.465,67.504,8777,0
20121004,67.672,67.868,67.367,67.849,7029,0
20121005,68.253,68.391,67.8,67.8,3461,0
20121008,67.672,67.839,67.504,67.613,13720,0
20121009,67.504,67.563,66.883,67.09,4304,0
20121010,66.765,66.864,66.499,66.528,6460,0
20121011,67.504,67.504,66.755,66.913,13019,0
20121012,66.962,66.962,66.46,66.48,2902,0
20121015,66.637,66.942,66.558,66.942,10471,0
20121016,67.287,67.79,67.287,67.79,6490,0
20121017,67.82,68.272,67.711,68.272,13297,0
20121018,67.986,68.194,67.691,67.888,3184,0
20121019,67.868,67.868,67.021,67.071,3136,0
20121022,66.982,67.031,66.508,66.804,6872,0
20121023,65.937,66.656,65.879,66.548,6356,0
20121024,66.834,66.834,66.322,66.322,2308,0
20121025,66.775,66.844,66.026,66.312,16597,0
20121026,66.43,66.43,65.918,66.332,5068,0
20121031,66.46,66.746,66.45,66.726,8712,0
20121101,66.726,68.44,66.726,68.44,4332,0
20121102,68.617,68.617,67.681,67.681,7907,0
20121105,67.376,67.8,67.327,67.711,14031,0
20121106,68.272,68.42,68.016,68.41,4164,0
20121107,67.573,67.74,66.972,67.081,7652,0
20121108,67.031,67.071,66.262,66.262,8346,0
20121109,65.947,66.765,65.927,66.4,7109,0
20121112,66.499,66.558,66.233,66.322,4869,0
20121113,66.342,66.518,66.262,66.262,2772,0
20121114,66.371,66.371,65.13,65.13,4389,0
20121115,65.06,65.198,64.646,64.992,14270,0
20121116,64.774,65.11,64.764,65.11,3958,0
20121119,66.095,66.716,66.095,66.716,4967,0
20121120,66.647,66.933,66.578,66.854,17561,0
20121121,67.081,67.169,66.903,67.169,4283,0
20121123,67.485,67.485,67.455,67.465,855,0
20121126,67.75,68.006,67.485,67.691,10401,0
20121127,67.868,68.006,67.721,67.731,7874,0
20121128,67.435,67.986,67.435,67.986,3239,0
20121129,68.667,68.697,68.272,68.687,15854,0
20121130,68.795,68.795,68.391,68.489,8313,0
20121203,68.953,69.051,68.262,68.371,5649,0
20121204,68.272,68.47,68.016,68.352,3886,0
20121205,68.489,68.578,68.361,68.42,2331,0
20121206,68.549,68.697,68.352,68.539,6931,0
20121207,68.726,68.775,68.381,68.568,5079,0
20121210,68.657,68.982,68.578,68.854,17404,0
20121211,69.297,69.386,69.189,69.189,3484,0
20121212,69.386,69.445,69.021,69.051,8632,0
20121213,69.189,69.258,68.509,68.617,11962,0
20121214,68.509,68.697,68.361,68.361,3863,0
20121217,68.568,68.933,68.568,68.923,4214,0
20121218,68.991,69.878,68.982,69.859,6634,0
20121219,69.82,69.987,69.722,69.722,7739,0
20121220,69.918,70.076,69.622,70.036,12413,0
20121221,69.268,69.73,69.041,69.534,11815,0
20121224,68.953,68.963,68.835,68.923,15562,0
20121226,69.11,69.11,68.262,68.262,13597,0
20121227,68.234,68.489,67.632,68.243,24995,0
20121228,68.529,68.529,67.81,67.81,33748,0
20121231,67.74,69.021,67.681,68.923,27127,0
20130102,70.982,71.356,70.164,70.854,44357,0
20130103,71.061,71.308,70.736,70.736,24040,0
20130104,71.12,71.456,70.874,71.356,57704,0
20130107,71.13,71.288,70.972,71.199,34219,0
20130108,71.09,71.218,70.913,71.12,13140,0
20130109,71.356,71.672,71.356,71.613,8270,0
20130110,72.076,72.076,71.366,71.642,7236,0
20130111,71.771,71.771,71.366,71.642,19637,0
20130114,71.574,71.899,71.574,71.623,8383,0
20130115,71.416,72.037,71.396,71.967,20772,0
20130116,71.899,72.017,71.731,71.928,8991,0
20130117,72.223,72.549,72.095,72.431,12957,0
20130118,72.47,72.529,72.175,72.509,10030,0
20130122,72.539,72.962,72.441,72.962,26339,0
20130123,72.952,73.219,72.934,73.1,20907,0
20130124,73.199,73.811,73.199,73.485,13004,0
20130125,73.889,74.214,73.711,74.214,25649,0
20130128,74.45,74.45,73.829,74.057,23912,0
20130129,73.997,74.037,73.691,74.017,9831,0
20130130,74.135,74.135,73.426,73.465,21169,0
20130131,73.573,73.967,73.465,73.839,11287,0
20130201,74.322,74.608,74.184,74.421,26764,0
20130204,74.106,74.382,73.633,73.761,21487,0
20130205,74.184,74.46,74.135,74.332,14305,0
20130206,74.224,74.658,74.135,74.53,13072,0
20130207,74.54,74.578,73.899,74.254,22975,0
20130208,74.48,74.914,74.293,74.726,8737,0
20130211,74.766,74.815,74.52,74.578,8118,0
20130212,74.697,74.953,74.608,74.835,14661,0
20130213,74.864,75.032,74.558,74.628,10810,0
20130214,74.835,75.071,74.815,75.002,4552,0
20130215,75.121,75.209,74.844,74.933,9330,0
20130219,75.012,75.288,74.973,75.269,11712,0
20130220,75.269,75.269,73.938,73.938,12108,0
20130221,73.771,73.771,72.776,73.18,10917,0
20130222,73.603,73.751,73.367,73.731,8333,0
20130225,74.125,74.125,72.766,72.766,4257,0
20130226,72.716,72.992,72.371,72.982,4423,0
20130227,72.894,74.332,72.894,74.254,8411,0
20130228,74.027,74.49,73.967,73.967,8781,0
20130301,73.673,73.919,72.982,73.761,18996,0
20130304,73.731,74.135,73.564,74.135,31879,0
20130305,74.736,75.288,74.736,75.209,14119,0
20130306,75.505,75.653,75.288,75.417,12119,0
20130307,75.554,75.583,75.288,75.495,4870,0
20130308,75.889,76.056,75.367,76.056,7938,0
20130311,75.8,76.037,75.8,75.899,10770,0
20130312,75.919,76.027,75.721,75.761,6314,0
20130313,76.046,76.312,75.889,76.234,6394,0
20130314,76.46,76.677,76.46,76.628,21167,0
20130315,76.51,76.599,76.264,76.421,4718,0
20130318,75.791,76.47,75.771,76.146,10000,0
20130319,76.372,76.48,75.317,75.781,14046,0
20130320,76.392,76.923,76.362,76.805,7928,0
20130321,76.52,76.717,76.008,76.156,8316,0
20130322,76.441,76.51,76.303,76.382,9460,0
20130325,76.746,76.904,75.919,76.136,16909,0
20130326,76.549,76.628,76.312,76.46,12080,0
20130327,76.254,76.786,75.988,76.727,6899,0
20130328,76.618,77.387,76.618,77.288,9305,0
20130401,77.367,77.367,76.362,76.5,6007,0
20130402,76.913,76.953,76.086,76.086,8978,0
20130403,76.293,76.293,74.825,75.032,18216,0
20130404,75.032,75.455,75.032,75.455,7981,0
20130405,74.312,75.179,74.096,75.051,14099,0
20130408,75.407,75.84,75.229,75.84,16260,0
20130409,76.136,76.165,75.653,75.998,10713,0
20130410,76.224,77.081,76.224,77.081,10810,0
20130411,77.081,77.682,77.041,77.318,10912,0
20130412,77.111,77.288,76.835,77.219,9398,0
20130415,76.845,76.845,74.726,74.884,6654,0
20130416,75.485,75.938,75.051,75.938,39419,0
20130417,74.786,75.377,74.184,74.756,12402,0
20130418,74.844,74.904,73.938,74.057,13122,0
20130419,75.091,75.653,74.963,75.633,6252,0
20130422,75.8,76.046,75.16,75.968,8827,0
20130423,76.431,76.953,76.431,76.638,12418,0
20130424,76.835,77.051,76.53,76.885,3293,0
20130425,77.337,77.84,77.219,77.505,8355,0
20130426,77.436,77.515,76.933,77.209,20249,0
20130429,77.476,77.78,77.476,77.653,11806,0
20130430,77.574,77.918,77.446,77.918,6509,0
20130501,78.018,78.018,76.855,76.855,13378,0
20130502,77.288,77.722,77.091,77.633,29482,0
20130503,78.214,79.072,78.214,78.767,9088,0
20130506,78.717,79.23,78.697,79.22,12230,0
20130507,79.358,79.889,79.22,79.889,13754,0
20130508,79.712,80.116,79.712,79.919,16974,0
20130509,80.205,80.431,80.017,80.145,4681,0
20130510,80.293,80.688,80.293,80.688,3191,0
20130513,80.619,80.756,80.313,80.629,9069,0
20130514,80.697,81.515,80.697,81.515,8477,0
20130515,81.496,82.008,81.446,81.841,9093,0
20130516,81.821,81.998,81.387,81.397,7691,0
20130517,81.751,82.235,81.673,82.235,11369,0
20130520,82.077,82.452,82.077,82.126,7913,0
20130521,82.165,82.49,82.037,82.343,7920,0
20130522,82.471,82.678,80.707,80.707,10279,0
20130523,79.919,80.756,79.624,80.638,17666,0
20130524,79.929,80.382,79.83,80.343,21875,0
20130528,81.604,81.732,80.786,81.042,6976,0
20130529,80.52,80.52,79.88,80.255,13554,0
20130530,80.392,80.884,80.392,80.806,5264,0
20130531,80.51,81.022,80.008,80.008,6885,0
20130603,80.116,80.116,78.885,79.594,12304,0
20130604,79.643,79.752,78.717,79.111,7586,0
20130605,78.924,79.013,77.89,77.89,17599,0
20130606,77.988,78.697,77.84,78.697,9315,0
20130607,79.426,79.742,78.835,79.653,11422,0
20130610,79.919,80.017,79.416,79.554,4320,0
20130611,79.594,79.594,78.333,78.727,17679,0
20130612,79.288,79.288,77.84,77.938,7477,0
20130613,77.998,79.378,77.79,79.378,10345,0
20130614,79.23,79.466,78.875,78.993,5255,0
20130617,79.663,79.663,79.18,79.21,2665,0
20130618,79.446,80.303,79.446,80.135,5067,0
20130619,80.107,80.215,79.072,79.072,9171,0
20130620,78.195,78.195,76.687,76.756,57175,0
20130621,76.894,77.061,75.81,76.451,75611,0
20130624,75.682,76.234,74.992,75.613,14638,0
20130625,76.322,76.687,75.86,76.51,13732,0
20130626,77.682,77.682,76.913,77.219,20851,0
20130627,77.564,78.274,77.564,78.175,8074,0
20130628,78.076,78.451,77.752,77.978,14075,0
20130701,78.401,79.338,78.401,78.747,10680,0
20130702,78.993,79.288,78.362,78.579,12077,0
20130703,78.401,78.805,78.333,78.805,10091,0
20130705,79.604,79.811,78.767,79.811,6404,0
20130708,80.245,80.392,79.909,79.998,16059,0
20130709,80.609,80.836,80.097,80.766,15827,0
20130710,80.796,80.855,80.363,80.688,12060,0
20130711,81.761,81.998,81.584,81.969,15292,0
20130712,81.959,82.323,81.959,82.156,28682,0
20130715,82.53,82.58,82.156,82.333,8119,0
20130716,82.52,82.52,81.713,81.791,18946,0
20130717,82.225,82.274,82.087,82.117,3874,0
20130718,82.264,82.865,82.254,82.668,10297,0
20130719,82.698,83.023,82.668,82.904,8149,0
20130722,83.23,83.299,82.984,83.21,5025,0
20130723,83.614,83.614,83.2,83.289,18024,0
20130724,83.703,83.703,82.52,82.53,43865,0
20130725,82.49,82.59,82.205,82.59,38541,0
20130726,82.274,82.353,82.027,82.304,11135,0
20130729,82.175,82.294,81.919,81.979,11846,0
20130730,82.442,82.678,82.254,82.412,5370,0
20130731,82.737,83.329,82.668,83.309,4206,0
20130801,83.663,84.796,83.663,84.757,10798,0
20130802,84.244,84.402,84.136,84.372,7563,0
20130805,84.314,84.353,84.136,84.304,9677,0
20130806,84.116,84.196,83.357,83.467,11504,0
20130807,83.249,83.367,82.628,82.766,30727,0
20130808,83.141,83.338,82.865,83.21,16014,0
20130809,83.23,83.447,83.23,83.259,3700,0
20130812,82.806,83.723,82.776,83.555,13448,0
20130813,83.723,83.723,82.934,83.545,5931,0
20130814,83.329,83.329,82.766,82.826,13529,0
20130815,82.372,82.372,81.062,81.24,12370,0
20130816,80.984,81.614,80.924,81.18,12974,0
20130819,80.904,81.15,80.579,80.579,13671,0
20130820,80.638,81.663,80.638,81.535,10165,0
20130821,81.2,81.781,80.796,81.012,7586,0
20130822,81.19,81.879,81.18,81.831,1503,0
20130823,82.136,82.136,81.623,81.899,1914,0
20130826,82.107,82.343,81.781,81.869,30487,0
20130827,81.18,81.23,80.225,80.255,11354,0
20130828,80.116,80.756,80.116,80.402,5442,0
20130829,80.225,81.279,80.225,81.042,1452,0
20130830,80.974,80.974,79.722,79.732,6931,0
20130903,80.855,81.102,79.17,79.811,7732,0
20130904,79.968,80.826,79.682,80.806,3841,0
20130905,81.032,81.269,81.032,81.042,3201,0
20130906,81.555,81.703,80.756,81.466,15399,0
20130909,81.614,82.57,81.505,82.53,5916,0
20130910,83.21,83.348,82.924,83.319,25554,0
20130911,83.525,83.525,83.072,83.367,4901,0
20130912,83.723,83.742,83.141,83.319,10591,0
20130913,83.555,83.555,83.082,83.309,7141,0
20130916,84.344,84.51,83.781,83.811,7528,0
20130917,83.87,84.422,83.87,84.422,2041,0
20130918,84.362,85.447,83.929,85.348,11129,0
20130919,85.634,85.664,85.191,85.269,9465,0
20130920,85.437,85.437,84.599,84.737,5038,0
20130923,84.472,84.472,83.673,84.067,20041,0
20130924,83.811,84.51,83.791,84.106,7489,0
20130925,84.314,84.658,83.91,84.077,19884,0
20130926,84.481,84.757,84.481,84.491,3840,0
20130927,84.294,84.54,84.176,84.402,3941,0
20130930,83.663,84.58,83.437,84.294,18039,0
20131001,84.206,85.792,84.206,85.644,11658,0
20131002,85.259,85.555,84.787,85.319,17365,0
20131003,85.161,85.161,84.126,84.777,8588,0
20131004,84.816,85.437,84.737,85.249,5267,0
20131007,84.54,84.905,84.274,84.274,13920,0
20131008,84.274,84.314,82.856,82.856,16461,0
20131009,82.668,82.894,82.185,82.875,8576,0
20131010,83.703,84.491,83.555,84.472,9266,0
20131011,84.314,85.111,84.314,85.063,9225,0
20131014,84.885,85.634,84.678,85.634,9540,0
20131015,85.397,85.594,84.51,84.737,31934,0
20131016,85.457,85.792,85.457,85.762,20222,0
20131017,85.525,86.491,85.496,86.432,28862,0
20131018,86.964,87.338,86.659,87.328,10203,0
20131021,87.536,87.536,87.122,87.21,11866,0
20131022,87.802,88.048,87.309,87.703,18433,0
20131023,87.348,87.388,86.707,87.082,23748,0
20131024,87.398,87.486,87.073,87.466,9913,0
20131025,87.368,87.506,87.013,87.328,12564,0
20131028,87.604,87.604,86.935,87.289,20844,0
20131029,87.358,87.722,87.112,87.722,16015,0
20131030,87.979,87.979,86.845,87.102,10263,0
20131031,87.27,87.722,86.845,87.348,7408,0
20131101,87.22,87.614,86.707,87.299,15531,0
20131104,87.486,87.89,87.358,87.89,8462,0
20131105,87.684,87.694,87.191,87.496,13390,0
20131106,87.949,87.949,87.102,87.171,17157,0
20131107,87.378,87.378,85.545,85.575,17662,0
20131108,85.959,86.827,85.88,86.707,4830,0
20131111,86.865,87.24,86.767,87.181,16171,0
20131112,87.082,87.102,86.707,87.102,6924,0
20131113,86.767,87.851,86.767,87.851,7956,0
20131114,88.186,88.442,88.058,88.433,8562,0
20131115,88.599,88.797,88.403,88.777,21108,0
20131118,88.846,89.034,87.969,88.077,31101,0
20131119,88.225,88.275,87.328,87.486,15647,0
20131120,87.694,87.831,87.033,87.132,3760,0
20131121,87.694,88.451,87.694,88.383,31103,0
20131122,88.599,88.708,88.353,88.619,32511,0
20131125,88.876,88.876,88.295,88.433,8953,0
20131126,88.433,88.856,88.433,88.639,6735,0
20131127,88.836,88.925,88.58,88.846,19600,0
20131129,88.954,88.954,88.471,88.471,26305,0
20131202,88.471,89.26,88.087,88.393,38676,0
20131203,88.305,88.461,87.841,88.048,5887,0
20131204,87.851,88.343,87.2,88.009,11132,0
20131205,87.88,88.127,87.654,88.087,3161,0
20131206,88.856,88.934,88.481,88.708,14945,0
20131209,89.034,89.2,88.797,88.905,15780,0
20131210,88.974,89.2,88.698,88.747,8769,0
20131211,88.886,88.886,87.23,87.348,11299,0
20131212,87.082,87.566,86.974,87.27,6808,0
20131213,87.388,87.949,87.289,87.624,15947,0
20131216,88.176,88.451,88.107,88.451,5992,0
20131217,88.265,88.442,87.93,88.423,3719,0
20131218,88.57,89.506,88.028,89.486,4037,0
20131219,89.398,89.398,88.688,88.816,7287,0
20131220,88.913,89.885,88.913,89.776,3669,0
20131223,90.321,90.51,90.232,90.51,18640,0
20131224,90.817,90.867,90.698,90.778,6716,0
20131226,91.323,91.323,90.917,90.917,11580,0
20131227,91.105,91.274,90.817,90.907,27066,0
20131230,90.946,91.174,90.867,91.045,22984,0
20131231,91.393,91.541,91.194,91.413,14905,0
20140102,91.244,91.274,90.123,90.49,29050,0
20140103,90.748,90.976,90.48,90.768,14084,0
20140106,91.254,91.254,90.083,90.083,37654,0
20140107,90.182,90.936,90.182,90.907,11910,0
20140108,90.897,91.174,90.559,91.065,25942,0
20140109,91.462,91.522,90.748,91.165,17131,0
20140110,91.403,91.74,91.303,91.74,15599,0
20140113,91.661,91.71,90.153,90.361,27058,0
20140114,90.837,91.591,90.589,91.561,9845,0
20140115,91.73,92.037,91.73,92.037,12564,0
20140116,91.958,92.028,91.75,91.889,16481,0
20140117,91.928,91.938,91.541,91.541,8512,0
20140121,92.176,92.176,91.313,91.76,25500,0
20140122,91.799,92.454,91.799,92.444,13022,0
20140123,92.028,92.087,91.155,91.581,66651,0
20140124,91.125,91.135,89.081,89.151,42191,0
20140127,89.28,89.28,87.385,88.069,32863,0
20140128,88.04,89.022,88.04,88.952,10653,0
20140129,88.169,88.823,87.98,88.03,13614,0
20140130,88.813,89.617,88.813,89.478,12698,0
20140131,89.28,89.577,88.268,89.042,12160,0
20140203,88.913,88.933,85.629,85.629,32724,0
20140204,86.026,86.929,85.788,86.82,12429,0
20140205,86.175,86.76,85.461,86.562,20740,0
20140206,87.077,87.921,87.077,87.901,25266,0
20140207,88.466,89.012,88.129,88.962,11495,0
20140210,88.833,89.171,88.595,89.091,67760,0
20140211,89.319,90.202,89.161,90.133,10584,0
20140212,90.48,90.897,90.331,90.897,23685,0
20140213,90.053,91.611,90.053,91.502,19109,0
20140214,91.393,91.73,91.274,91.69,8776,0
20140218,91.928,92.395,91.78,92.355,10455,0
20140219,92.206,92.504,91.591,91.631,8542,0
20140220,91.849,92.504,91.581,92.474,14783,0
20140221,92.484,92.791,92.276,92.454,12645,0
20140224,92.682,93.615,92.682,93.079,13263,0
20140225,93.148,93.496,92.682,92.692,11210,0
20140226,93.01,93.704,93.01,93.178,6960,0
20140227,93.129,93.585,92.96,93.585,8153,0
20140228,93.644,94.379,93.337,93.773,13619,0
20140303,93.089,93.555,92.672,93.069,13852,0
20140304,94.279,94.994,94.23,94.994,16498,0
20140305,94.994,94.994,94.517,94.537,17543,0
20140306,94.865,94.994,94.607,94.666,12357,0
20140307,95.182,95.182,94.388,94.617,11872,0
20140310,94.716,94.716,93.873,94.16,13351,0
20140311,94.438,94.835,93.277,93.426,21366,0
20140312,93.119,93.654,92.633,93.525,24601,0
20140313,94.041,94.696,92.156,92.424,21894,0
20140314,92.285,93.059,92.285,92.652,16532,0
20140317,93.396,94.041,93.258,93.496,21242,0
20140318,93.734,94.537,93.714,94.498,16476,0
20140319,94.398,94.547,93.585,93.853,3782,0
20140320,93.714,94.18,93.396,94.131,6580,0
20140321,94.696,94.716,93.714,93.892,8366,0
20140324,94.309,94.369,92.236,92.91,10869,0
20140325,93.416,93.585,92.722,92.94,4934,0
20140326,93.565,93.565,91.641,91.641,13407,0
20140327,91.591,91.74,91.075,91.422,10779,0
20140328,91.512,92.613,91.512,91.839,11407,0
20140331,92.504,93.426,92.474,93.347,18940,0
20140401,93.664,94.26,93.525,94.22,8649,0
20140402,94.656,94.676,94.408,94.666,11290,0
20140403,94.746,94.904,93.694,93.972,18501,0
20140404,94.597,94.706,91.988,92.256,10918,0
20140407,92.087,92.087,89.855,90.361,24976,0
20140408,90.331,90.847,89.667,90.549,6623,0
20140409,91.194,91.938,90.768,91.839,12102,0
20140410,91.998,91.998,89.28,89.518,15550,0
20140411,89.171,89.538,88.208,88.417,22355,0
20140414,89.121,90.54,88.516,88.565,9238,0
20140415,88.823,89.429,87.544,89.171,12243,0
20140416,89.786,90.292,89.617,90.292,22956,0
20140417,90.52,90.897,90.133,90.827,9950,0
20140421,90.867,91.095,90.629,91.026,15368,0
20140422,91.353,91.958,91.254,91.78,9342,0
20140423,91.958,91.958,91.403,91.403,8305,0
20140424,91.998,91.998,90.688,91.353,8659,0
20140425,90.917,91.145,90.014,90.073,25825,0
20140428,90.599,90.619,88.784,89.548,17667,0
20140429,90.083,90.371,89.726,90.133,17163,0
20140430,89.974,90.619,89.637,90.619,9670,0
20140501,90.738,91.561,90.49,90.758,10072,0
20140502,90.847,91.829,90.847,91.174,4689,0
20140505,90.867,91.373,90.202,91.234,8470,0
20140506,90.966,91.224,90.381,90.44,10453,0
20140507,90.788,90.788,89.399,90.619,6573,0
20140508,90.202,91.353,90.034,90.103,4661,0
20140509,89.865,90.262,89.528,90.262,4070,0
20140512,90.857,91.978,90.857,91.978,7700,0
20140513,91.77,92.087,91.403,91.432,5496,0
20140514,91.353,91.353,90.54,90.619,12488,0
20140515,90.212,90.212,88.764,89.815,14568,0
20140516,89.597,90.301,89.557,90.262,4995,0
20140519,90.232,91.095,90.024,90.976,3810,0
20140520,90.788,90.788,89.716,90.133,7822,0
20140521,90.45,90.877,90.381,90.768,5106,0
20140522,91.045,91.641,91.045,91.551,5162,0
20140523,91.442,92.047,91.442,92.037,2148,0
20140527,92.285,92.742,92.285,92.583,16521,0
20140528,92.613,92.613,91.978,92.325,6334,0
20140529,92.633,92.702,92.335,92.583,6452,0
20140530,92.762,92.762,92.147,92.315,8327,0
20140602,92.276,92.603,91.799,92.603,10494,0
20140603,92.672,92.672,92.156,92.504,5332,0
20140604,92.414,92.861,92.414,92.831,7696,0
20140605,93.059,93.902,92.831,93.724,13458,0
20140606,93.922,94.577,93.922,94.478,7918,0
20140609,94.587,95.202,94.369,94.855,14031,0
20140610,94.656,94.656,94.19,94.398,7157,0
20140611,94.021,94.26,93.813,94.21,2802,0
20140612,93.962,94.349,93.664,93.664,6508,0
20140613,93.912,93.962,93.704,93.813,3576,0
20140616,93.744,94.051,93.436,93.853,19370,0
20140617,94.756,95.162,94.537,94.775,5859,0
20140618,94.726,95.004,94.428,95.004,9143,0
20140619,95.38,95.38,94.775,95.043,22198,0
20140620,95.38,95.47,95.192,95.4,8673,0
20140623,95.509,95.708,95.182,95.341,16229,0
20140624,95.43,95.748,94.567,94.587,5119,0
20140625,95.004,95.242,94.756,95.212,5340,0
20140626,95.45,95.45,94.597,95.103,11384,0
20140627,95.043,95.599,95.043,95.44,14068,0
20140630,95.46,96.045,95.45,96.045,26735,0
20140701,96.799,97.464,96.7,97.126,9433,0
20140702,97.027,97.027,96.244,96.273,7460,0
20140703,96.779,96.938,96.63,96.938,5171,0
20140707,96.928,96.928,95.867,95.886,8125,0
20140708,95.966,96.045,94.636,94.974,8621,0
20140709,95.242,95.39,94.994,95.311,11262,0
20140710,93.605,94.696,93.456,94.498,12134,0
20140711,94.329,94.557,94.101,94.269,14696,0
20140714,95.123,95.152,94.746,94.815,9688,0
20140715,94.994,94.994,94.309,94.388,7148,0
20140716,94.508,94.607,93.952,94.339,12492,0
20140717,94.031,94.359,93.139,93.327,4416,0
20140718,93.426,94.408,93.426,94.398,5175,0
20140721,94.18,94.21,93.843,94.081,6889,0
20140722,94.478,94.984,94.478,94.716,13687,0
20140723,94.726,94.765,94.309,94.547,5566,0
20140724,94.865,95.083,94.785,94.914,4001,0
20140725,94.329,94.686,94.22,94.24,11501,0
20140728,94.339,94.557,93.674,93.992,10011,0
20140729,94.319,94.508,93.654,93.654,5195,0
20140730,94.15,94.269,93.545,93.962,6497,0
20140731,93,93.158,91.928,92.037,13537,0
20140801,91.601,92.037,90.827,91.541,24489,0
20140804,92.018,92.276,91.343,92.276,12799,0
20140805,92.107,92.424,91.413,91.809,8383,0
20140806,91.809,92.325,91.264,91.909,4251,0
20140807,92.335,92.385,91.264,91.313,5811,0
20140808,91.74,92.414,91.472,92.414,7793,0
20140811,92.881,93.277,92.811,92.98,5655,0
20140812,93.02,93.02,92.117,92.226,2375,0
20140813,92.474,93.109,92.474,93.099,8473,0
20140814,93.367,93.555,93.188,93.516,6653,0
20140815,94.041,94.041,92.98,93.496,9040,0
20140818,94.309,94.716,94.101,94.706,13353,0
20140819,95.093,95.222,95.033,95.212,10361,0
20140820,95.103,95.529,94.994,95.49,9549,0
20140821,95.688,95.728,95.093,95.648,5520,0
20140822,95.38,95.857,95.321,95.857,4634,0
20140825,96.303,96.303,95.767,96.025,5117,0
20140826,96.154,96.402,96.055,96.234,16835,0
20140827,96.363,96.363,95.956,96.035,4552,0
20140828,95.579,95.956,95.311,95.867,6376,0
20140829,96.253,96.432,95.896,96.402,1808,0
20140902,96.868,97.067,96.452,96.809,5672,0
20140903,97.216,97.444,96.482,96.62,4355,0
20140904,96.997,96.997,96.134,96.134,6009,0
20140905,96.035,96.611,95.857,96.611,3914,0
20140908,96.412,96.878,96.363,96.72,4871,0
20140909,96.859,96.859,95.926,95.926,7028,0
20140910,96.035,96.253,95.678,96.224,4975,0
20140911,96.174,96.64,95.688,96.62,2996,0
20140912,96.68,96.68,95.648,95.867,8240,0
20140915,96.115,96.115,95.113,95.371,7186,0
20140916,95.252,96.095,95.172,96.015,6898,0
20140917,96.025,96.283,95.876,96.105,3722,0
20140918,96.224,96.442,96.204,96.303,7626,0
20140919,96.859,96.859,95.549,95.797,5620,0
20140922,95.48,95.619,94.269,94.428,9724,0
20140923,94.121,94.597,93.744,93.744,3851,0
20140924,93.664,94.269,93.595,94.23,6264,0
20140925,93.764,93.942,92.791,93.049,16131,0
20140926,93.109,93.773,93.01,93.615,8474,0
20140929,92.841,93.674,92.781,93.625,4406,0
20140930,93.773,93.773,92.732,92.732,7463,0
20141001,92.613,92.633,91.264,91.482,29459,0
20141002,91.313,91.909,90.331,91.68,17067,0
20141003,92.315,92.613,92.008,92.444,10923,0
20141006,92.732,92.821,92.057,92.156,4578,0
20141007,91.541,91.78,90.738,90.738,15408,0
20141008,90.639,91.809,90.173,91.78,7966,0
20141009,91.482,91.532,89.627,89.657,10355,0
20141010,89.657,89.657,87.821,87.821,19991,0
20141013,87.821,88.149,86.423,86.443,29823,0
20141014,87.008,88.129,86.8,87.127,8180,0
20141015,86.304,87.792,85.322,87.246,25468,0
20141016,86.353,88.486,85.897,88.486,13382,0
20141017,89.458,89.617,88.585,88.873,12245,0
20141020,88.863,89.885,88.863,89.845,9528,0
20141021,90.629,92.077,90.44,92.028,10402,0
20141022,92.186,92.335,91.045,91.045,17208,0
20141023,92.117,92.97,91.909,92.434,10145,0
20141024,92.633,92.791,92.097,92.791,5258,0
20141027,94.339,96.72,92.008,92.623,5470,0
20141028,93.248,94.478,93.109,94.468,12207,0
20141029,94.398,94.805,93.813,94.329,15997,0
20141030,94.319,94.765,93.605,94.339,7751,0
20141031,95.42,95.609,95.033,95.5,7974,0
20141103,96.174,96.353,95.748,95.916,13473,0
20141104,95.46,95.757,95.182,95.42,4178,0
20141105,96.343,96.343,95.519,95.599,14872,0
20141106,96.055,96.581,96.055,96.581,8394,0
20141107,96.492,96.74,96.313,96.492,6499,0
20141110,96.749,97.087,96.74,96.888,9703,0
20141111,96.908,97.206,96.898,97.037,17790,0
20141112,96.62,97.374,96.611,97.285,4485,0
20141113,97.414,97.503,96.759,96.948,6021,0
20141114,96.829,97.305,96.829,97.037,13810,0
20141117,96.997,96.997,96.71,96.74,4957,0
20141118,96.799,97.583,96.799,97.226,15811,0
20141119,96.72,97.355,96.501,96.988,5982,0
20141120,96.71,97.434,96.561,97.414,7233,0
20141121,98.485,98.694,97.88,97.88,7991,0
20141124,98.188,98.614,98.188,98.614,161024,0
20141125,99.071,99.071,98.476,98.624,3325,0
20141126,98.555,98.862,98.555,98.684,8576,0
20141128,98.525,98.555,97.751,97.761,5553,0
20141201,97.533,97.92,96.591,96.591,6199,0
20141202,96.442,97.146,96.442,97.017,4129,0
20141203,96.958,97.91,96.958,97.86,6288,0
20141204,97.791,97.791,97.355,97.593,7054,0
20141205,98.009,98.108,97.771,97.96,6379,0
20141208,98.099,98.416,96.829,97.136,9569,0
20141209,96.323,97.612,96.105,97.612,6358,0
20141210,97.593,97.593,95.688,95.688,5910,0
20141211,96.819,97.057,96.184,96.382,8447,0
20141212,95.519,95.876,95.033,95.123,16961,0
20141215,95.301,95.619,94.061,94.517,35346,0
20141216,94.26,95.4,93.793,94.279,9460,0
20141217,94.061,96.283,94.061,96.224,17178,0
20141218,98.019,98.019,97.027,97.493,11235,0
20141219,98.297,98.416,97.632,98.168,15956,0
20141222,98.53,98.59,98.23,98.59,10510,0
20141223,98.97,99.15,98.54,98.63,9186,0
20141224,98.85,99.25,98.85,99.18,4818,0
20141226,99.46,99.57,99.4,99.42,7653,0
20141229,99.47,99.76,99.29,99.6,31057,0
20141230,99.51,99.65,99.21,99.22,11450,0
20141231,99.46,99.81,98.23,98.23,9390,0
20150102,98.61,98.86,97.48,98.16,24558,0
20150105,97.87,97.87,96.92,97.11,24943,0
20150106,97.35,97.35,95.73,96.22,17942,0
20150107,96.76,97.36,96.5,97.3,13203,0
20150108,98.3,98.98,98.08,98.91,5111,0
20150109,99.1,99.1,98.31,98.43,25314,0
20150112,98.7,98.84,97.98,98.12,18529,0
20150113,99,99.69,97.39,98.02,11122,0
20150114,97.19,97.84,97,97.84,11454,0
20150115,98.11,98.32,96.97,96.97,9405,0
20150116,97.17,98.24,96.74,98.24,23225,0
