Date,Open,High,Low,Close,Volume,OpenInt
20080625,50.4,50.45,49.83,49.99,19600,0
20080626,51.38,51.38,51.11,51.11,19000,0
20080627,51.22,51.55,51.22,51.44,800,0
20080630,51.33,51.57,51.33,51.54,800,0
20080701,52.02,52.02,51.91,51.91,400,0
20080702,51.05,51.18,50.87,51.18,11800,0
20080703,50.32,50.32,50.14,50.14,900,0
20080707,51.18,52.96,49.94,49.94,5900,0
20080708,49.91,49.91,49.35,49.35,600,0
20080709,50.52,50.52,50.52,50.52,1000,0
20080710,50.73,50.77,50.02,50.02,3300,0
20080711,50.72,50.72,50.72,50.72,500,0
20080714,51.51,51.6,51.51,51.6,700,0
20080715,52.46,52.46,51.51,51.9,2200,0
20080716,51.95,51.95,51.4,51.4,2200,0
20080717,51.83,51.83,51.83,51.83,500,0
20080718,51.77,51.77,51.69,51.69,300,0
20080722,51.53,51.56,51.53,51.53,1400,0
20080723,51.09,51.09,50.88,50.88,2900,0
20080724,50.04,50.04,49.27,49.27,600,0
20080725,49.28,49.28,49.28,49.28,200,0
20080729,49.37,49.39,49.26,49.26,3100,0
20080730,49.59,49.87,49.59,49.63,1000,0
20080731,49.32,49.32,48.94,49.09,3400,0
20080801,47.5,47.5,47.5,47.5,5000,0
20080804,46.78,46.78,45.09,45.71,5500,0
20080805,44.3,44.43,44.21,44.43,600,0
20080806,44.96,44.96,44.96,44.96,200,0
20080808,43.3,43.3,41.21,41.69,6000,0
20080811,41.62,41.62,41.5,41.5,600,0
20080812,40.75,40.75,38.75,39.05,8775,0
20080813,39.09,39.95,39.09,39.86,4300,0
20080815,40.98,41.38,40.98,41.29,2300,0
20080818,42.49,43.26,42.47,42.66,6500,0
20080820,44.47,45.52,44.37,45.39,7500,0
20080821,48.13,48.13,48.13,48.13,4000,0
20080822,47.1,47.25,46.3,46.3,9200,0
20080826,46.05,46.05,45.95,45.95,4000,0
20080827,45.73,45.73,45.36,45.72,1700,0
20080829,44.27,44.27,44.27,44.27,2000,0
20080902,42.44,42.44,41.95,41.95,3338,0
20080905,41.26,41.26,41.26,41.26,2000,0
20080909,42.11,42.11,41.19,41.19,2000,0
20080910,41,41,41,41,200,0
20080911,41.81,42.19,41.23,42.19,2956,0
20080915,40.46,42.89,40.46,42.89,4196,0
20080917,38.5,38.5,38.5,38.5,2000,0
20080918,37.72,37.72,37.72,37.72,700,0
20080919,38.45,38.45,38.23,38.23,2000,0
20080922,38.81,38.81,38.62,38.62,4600,0
20081002,38.26,38.26,37.25,37.25,4157,0
20081009,33.44,33.44,33.08,33.08,4600,0
20081013,31.65,31.65,31.65,31.65,2500,0
20081020,27.62,27.62,27.62,27.62,500,0
20081023,24.77,24.82,24.77,24.82,5000,0
20081024,25,26.78,25,26.78,1900,0
20081027,28.09,29.11,28.09,28.72,800,0
20081028,32.68,32.68,32.68,32.68,2500,0
20081029,33.53,33.53,33.53,33.53,2100,0
20081030,31.97,31.97,31.64,31.64,2700,0
20081031,30.56,30.56,30.56,30.56,118,0
20081111,27.3,32.1,27.3,30.49,736,0
20081112,29.9,29.9,29.9,29.9,2600,0
20081113,30.25,30.25,30.25,30.25,640,0
20081118,29.21,29.21,29.21,29.21,2100,0
20081120,25.71,25.71,24.5,24.5,7500,0
20081121,25.37,25.37,25.37,25.37,100,0
20081124,27.94,28.04,27.94,28.04,5000,0
20081125,28.66,28.66,28.29,28.29,9600,0
20081126,28.94,28.94,27.95,27.95,8400,0
20081203,25.64,26.01,25.54,26.01,5700,0
20081208,26,26,26,26,700,0
20081212,23.8,25,23.8,25,300,0
20081216,24.86,24.86,24.72,24.72,7000,0
20081219,23.96,23.96,23.96,23.96,500,0
20081222,22.9,22.9,22.9,22.9,100,0
20081229,21.79,21.79,21.79,21.79,100,0
20081231,22.43,24.02,22.43,24.02,4500,0
20090102,25.69,25.69,25.69,25.69,3100,0
20090105,26.27,26.33,26.15,26.15,5600,0
20090107,25.83,25.83,25.83,25.83,2500,0
20090108,25.15,25.15,25.15,25.15,100,0
20090113,24.05,25,24.05,25,5039,0
20090120,24.61,24.61,24.61,24.61,1200,0
20090121,26.4,26.4,26.4,26.4,100,0
20090127,25.81,25.81,25.81,25.81,2500,0
20090203,24.58,24.58,24.58,24.58,1000,0
20090209,24.27,24.27,24.27,24.27,200,0
20090311,24.71,25.5,24.71,25.23,2500,0
20090323,23.88,23.88,23.88,23.88,140,0
20090402,24.9,24.9,24.9,24.9,100,0
20090422,27.4,27.4,27.4,27.4,2500,0
20090423,28.85,28.85,27.04,27.04,740,0
20090424,28.74,28.74,28.67,28.67,800,0
20090427,27.87,27.88,27.87,27.88,1148,0
20090428,25.45,25.45,25.45,25.45,500,0
20090504,28,30.67,28,30.67,630,0
20090505,29.11,29.11,29.01,29.01,400,0
20090506,30.25,30.25,30.25,30.25,300,0
20090507,29.58,31.43,29.58,31.43,523,0
20090511,31.87,31.87,31.87,31.87,100,0
20090512,32.7,34.01,32.65,34.01,815,0
20090513,31.67,31.78,31.45,31.78,1244,0
20090515,29.5,29.5,29.5,29.5,315,0
20090518,31.34,31.34,31.34,31.34,600,0
20090519,31.41,31.41,31.41,31.41,100,0
20090522,31.55,31.55,31.55,31.55,100,0
20090529,32,32.32,32,32.32,340,0
20090601,32.5,32.5,32.5,32.5,300,0
20090603,32.41,32.41,32.41,32.41,200,0
20090609,35,35.86,35,35.86,200,0
20090610,37.51,37.51,35.04,36.56,11819,0
20090611,36.32,36.32,36.31,36.31,361,0
20090612,36.19,36.19,35.78,35.83,2056,0
20090615,34.56,34.77,34.46,34.77,2199,0
20090616,34.12,35.21,34.12,34.95,6266,0
20090617,34.6,35.01,34.2,35.01,8849,0
20090618,34.45,34.61,34.2,34.21,7262,0
20090619,34.42,35.6,33.71,34.16,4208,0
20090622,33.59,33.59,32.86,33.42,69103,0
20090623,33.44,33.66,33.22,33.66,13589,0
20090624,33.98,34.02,33.95,33.95,1661,0
20090625,34.17,34.38,34.05,34.38,14826,0
20090626,34.1,35.52,34.04,34.08,5834,0
20090629,34.1,34.1,33.85,33.94,3993,0
20090630,34.19,34.19,32.46,33.12,5812,0
20090701,34.47,34.47,33.7,33.86,1119,0
20090702,33.4,33.46,33.1,33.46,4320,0
20090706,33.17,35.1,32.53,34.06,6576,0
20090707,32.88,32.9,28.82,32.25,28660,0
20090708,31.62,31.62,28.78,29.52,25627,0
20090709,28.74,29.12,28,29.12,5371,0
20090710,27.01,28.31,27,27,44751,0
20090713,28.44,28.56,27.54,28.56,15750,0
20090716,27.07,30.14,26.16,29.81,4856,0
20090717,30.47,30.47,30.47,30.47,200,0
20090720,32,32,31.62,32,1328,0
20090721,32.22,32.22,31.84,31.84,1302,0
20090723,32.95,33.36,32.29,32.74,2941,0
20090724,33.43,33.5,33.09,33.09,1032,0
20090728,33,33,33,33,500,0
20090730,32.87,32.87,32.34,32.7,1950,0
20090731,32.18,33.51,31.88,33.51,2200,0
20090807,35.14,35.14,35.14,35.14,117,0
20090811,34.15,34.15,33.43,33.43,435,0
20090812,33.71,33.98,33.71,33.98,1000,0
20090814,35.19,35.19,35.19,35.19,100,0
20090818,31.7,32.6,31.39,31.39,844,0
20090824,33.05,33.23,33.05,33.23,400,0
20090825,33.05,33.05,32.95,32.95,300,0
20090826,32.64,32.64,30.98,32,3067,0
20090828,32,32,31.7,31.7,578,0
20090831,31.46,31.46,31.46,31.46,294,0
20090903,33.25,33.25,33.25,33.25,100,0
20090909,33.43,34.97,33.43,34.97,368,0
20090917,35.03,35.03,35.03,35.03,134,0
20090922,34.29,34.67,34.29,34.67,6700,0
20090923,35.28,35.28,35.28,35.28,100,0
20090924,34.13,34.13,34.13,34.13,100,0
20090925,34.24,34.24,32.73,34.18,1690,0
20090930,35.67,35.67,35.26,35.56,300,0
20091002,33.58,33.88,33.58,33.88,200,0
20091009,34.89,34.92,34.8,34.92,1200,0
20091014,34.05,34.31,34.01,34.31,400,0
20091020,34.35,34.35,34.35,34.35,100,0
20091026,36,36,36,36,200,0
20091027,36.42,36.42,36.4,36.4,300,0
20091028,35.65,35.65,35.65,35.65,200,0
20091030,35.04,35.04,35.04,35.04,100,0
20091104,35.47,35.47,35.47,35.47,100,0
20091105,35.7,35.7,35.7,35.7,100,0
20091106,34.93,34.93,34.93,34.93,200,0
20091109,33.62,35,33.62,35,268,0
20091110,35.29,35.29,35.29,35.29,150,0
20091112,34.83,34.83,34.83,34.83,600,0
20091119,35.93,35.93,35.93,35.93,401,0
20091125,35.92,35.92,35.92,35.92,500,0
20091127,35.39,35.39,35.39,35.39,305,0
20091130,35.75,35.75,35.49,35.49,500,0
20091201,35.8,35.8,35.8,35.8,141,0
20091203,35.77,35.77,35.58,35.58,200,0
20091204,35.82,35.82,35.72,35.72,1080,0
20091208,35.48,35.48,35.48,35.48,200,0
20091210,35.62,35.62,35.62,35.62,139,0
20091215,36.35,36.36,36.28,36.28,4800,0
20091216,36.65,36.65,36.65,36.65,566,0
20091221,38.42,38.42,37.65,37.65,600,0
20091230,40.15,40.15,39.43,39.43,213,0
20091231,39.88,39.92,39.88,39.92,1600,0
20100104,43.87,43.87,43.87,43.87,250,0
20100105,41.26,47.36,40.76,41.65,17670,0
20100106,41.82,42.16,41.49,41.49,14364,0
20100111,42.21,42.76,42.09,42.33,3180,0
20100113,42.44,42.44,42.44,42.44,100,0
20100114,43.08,43.08,43.08,43.08,172,0
20100115,43.14,43.14,43.14,43.14,716,0
20100119,42.75,43.25,41.59,42.73,2869,0
20100122,41.61,42.25,41.61,41.91,1333,0
20100125,42.15,42.56,42,42.25,1358,0
20100127,41.79,41.79,41.79,41.79,120,0
20100128,41.5,41.56,41.5,41.56,425,0
20100129,40.75,40.75,40,40,1290,0
20100201,38.21,38.21,37.81,37.81,2430,0
20100202,37.29,39.37,37.29,39.27,48901,0
20100203,39.04,39.3,38.59,38.61,10289,0
20100204,38.46,38.46,37.64,37.64,2700,0
20100205,36.86,37.11,36.03,36.27,500,0
20100208,36.1,36.29,36.1,36.29,600,0
20100210,37.37,37.37,37.19,37.19,1978,0
20100211,37.8,37.8,37.8,37.8,2633,0
20100212,37.85,37.85,37.85,37.85,100,0
20100217,37.64,40.18,37.64,40.18,2412,0
20100218,40.5,41.7,39.51,40.1,2224,0
20100219,40.33,40.33,39.35,39.86,3424,0
20100223,40.25,40.25,39.06,39.73,3650,0
20100224,39.26,40.36,39.26,39.66,4168,0
20100301,39.02,40.62,38.34,40.06,3523,0
20100302,39.77,39.95,39.38,39.7,39431,0
20100304,39.92,40.38,39.92,40.38,1146,0
20100305,40.81,40.81,40.6,40.6,1400,0
20100308,41.73,41.9,40.56,40.56,6014,0
20100310,42.04,42.04,41.16,41.39,983,0
20100311,40.62,40.83,40.62,40.68,3055,0
20100312,40.81,41.01,40.81,41.01,4351,0
20100315,40.78,40.78,40.78,40.78,450,0
20100323,41,41.43,40.86,41.43,302,0
20100326,40.95,40.95,40.95,40.95,943,0
20100329,42.35,42.35,42.3,42.3,300,0
20100401,42.99,42.99,42.99,42.99,212,0
20100405,43.42,43.42,43.37,43.38,3000,0
20100408,43.32,43.5,43.32,43.5,400,0
20100412,44.99,44.99,44.99,44.99,100,0
20100415,43.97,44.9,43.97,44.9,6800,0
20100416,44.9,44.98,44.07,44.07,525,0
20100423,43.73,43.73,43.73,43.73,100,0
20100427,42.58,42.61,42.45,42.61,500,0
20100429,43.6,44.98,42.96,43.57,40471,0
20100430,44.15,44.15,42.22,43.03,78899,0
20100503,43.03,43.26,42.2,42.48,42325,0
20100504,42.51,43.25,41.96,41.96,8483,0
20100505,41.59,41.99,39.81,41.8,5797,0
20100506,42.08,42.17,41.32,41.68,5928,0
20100507,41.57,41.99,41.27,41.87,5570,0
20100510,42.55,42.55,42.02,42.02,4083,0
20100511,41.3,41.53,41.09,41.25,2392,0
20100512,41.83,41.95,41.32,41.43,5197,0
20100513,41.12,42.14,41.12,42.12,8358,0
20100514,41.56,41.56,41.08,41.08,548,0
20100517,41.2,41.2,40.49,40.49,4354,0
20100519,40.65,40.66,40.65,40.66,4419,0
20100520,40.49,40.93,39.94,40.15,3607,0
20100521,38.37,41.44,38.37,41.31,10235,0
20100524,41.92,41.92,41.36,41.36,2474,0
20100525,40.43,41.22,40.43,41.22,7544,0
20100527,41,42.18,40.96,42.18,2571,0
20100528,42.74,42.74,42.74,42.74,189,0
20100601,41.35,41.9,40.9,40.9,5964,0
20100602,41.2,41.41,41.13,41.16,1304,0
20100603,40.44,41.27,39.5,40.6,3419,0
20100604,39.65,39.65,37.4,37.4,2764,0
20100607,37.24,37.4,36.14,36.33,6943,0
20100608,36.85,37.84,36.83,37.8,7858,0
20100610,39.1,39.32,38.38,38.57,5149,0
20100611,39.7,39.77,39.7,39.77,543,0
20100614,39.87,40.2,39.55,39.79,1025,0
20100615,40.57,41.39,40.57,41.39,779,0
20100616,41.45,41.45,41.14,41.14,418,0
20100617,41.52,41.88,40.8,41.55,1074,0
20100618,41.57,41.57,40.89,41.23,4608,0
20100621,42.46,42.57,42.25,42.25,6247,0
20100622,42.35,42.53,42.13,42.29,5644,0
20100623,42.39,42.39,42.07,42.07,650,0
20100624,42.66,42.66,42.53,42.56,481,0
20100625,42.76,42.76,42.55,42.55,362,0
20100628,42.69,42.69,42.69,42.69,380,0
20100629,42.04,42.04,40.73,41.39,768,0
20100630,40.86,40.95,40.84,40.84,644,0
20100701,40.75,40.75,39.73,39.74,5075,0
20100702,40.2,40.8,39.98,40.8,2444,0
20100706,41.31,41.48,41.2,41.2,1001,0
20100707,41.03,41.14,40.94,41.14,10522,0
20100708,41.38,41.38,41.15,41.15,735,0
20100709,41.52,41.59,41.52,41.59,320,0
20100712,41.32,41.35,41.32,41.35,800,0
20100713,42.13,42.13,42.03,42.03,1200,0
20100714,42.31,42.31,41.9,41.9,1726,0
20100716,41.5,41.5,41.46,41.46,290,0
20100719,42.1,42.1,41.88,41.92,3065,0
20100721,43.08,43.08,42.96,42.96,10400,0
20100722,44.03,44.03,44.03,44.03,248,0
20100723,44.07,45.69,44.07,45.06,19316,0
20100726,46.01,46.27,45.76,45.86,3000,0
20100727,45.84,45.84,45.24,45.24,6496,0
20100728,46.7,46.7,45.7,45.7,1041,0
20100729,46.11,46.36,45.78,45.84,2161,0
20100730,46.1,48.33,46.03,46.3,4620,0
20100802,46.36,53.3,46.06,47.08,29198,0
20100803,49.19,49.19,46.5,46.74,18383,0
20100804,48.29,48.29,47.42,47.64,3113,0
20100805,43.64,48.9,43.64,48.18,2488,0
20100806,48.28,49.38,48.28,48.78,4093,0
20100809,48,50.45,48,50.28,12950,0
20100810,48.62,49.07,48.04,48.1,7930,0
20100811,47.55,47.57,46.31,46.81,12881,0
20100812,46.6,48.09,46.6,47.74,4936,0
20100813,47.93,48.78,47.93,48.61,1942,0
20100816,49.2,49.72,49.02,49.62,3924,0
20100817,50.81,50.83,49.84,49.86,6191,0
20100818,49.5,49.98,49.02,49.98,7190,0
20100819,50.35,50.4,49.5,49.92,5327,0
20100820,49.4,49.43,48.96,48.96,743,0
20100823,48.97,48.99,47.65,48.57,4662,0
20100824,47,48.4,47,48,2811,0
20100825,47.73,48.5,47.26,47.96,1986,0
20100826,50.61,50.62,49.69,50.14,1712,0
20100827,50.26,51.02,49.74,50.71,1794,0
20100830,50.94,51.16,50.69,51.12,2572,0
20100831,51.06,51.06,49.15,49.15,2367,0
20100901,49.86,50.76,49.68,50.15,3731,0
20100902,50.58,50.84,50.58,50.61,604,0
20100903,52.34,52.34,49.54,49.54,1489,0
20100907,49.34,49.88,47.51,49.53,2225,0
20100908,49.76,50.96,49.76,50.28,8990,0
20100909,51.49,51.49,50.82,50.83,13652,0
20100910,51.25,51.82,50.88,51.07,2697,0
20100913,52.27,52.66,52.03,52.27,1053,0
20100914,52.68,53.46,52.68,52.94,6449,0
20100915,52.85,54.69,52.85,54.62,11490,0
20100916,55.5,56.12,55,55.15,24176,0
20100917,55.82,55.99,55.05,55.52,11351,0
20100920,55.86,55.86,54.6,55,6526,0
20100921,54.91,54.93,53.57,54.39,30151,0
20100922,54.24,55.7,54.24,54.88,6340,0
20100923,55.48,56.51,54.51,55.47,21738,0
20100924,56.55,56.55,55.33,55.6,14024,0
20100927,56.33,56.33,55.22,55.65,4476,0
20100928,56.12,56.74,55.68,56.62,5160,0
20100929,57.19,57.98,56.2,57.35,5011,0
20100930,57.77,57.77,56.9,57.19,3038,0
20101001,58.65,59.35,58.53,59.15,10978,0
20101004,59,59.18,58.49,58.83,5310,0
20101005,60.9,61.29,60.88,61.2,19698,0
20101006,62.17,62.18,61.06,62.06,16301,0
20101007,62.08,63.99,59.01,59.67,65925,0
20101008,60.88,62.87,60.88,62.28,10192,0
20101011,61.98,62.01,61.2,61.38,10083,0
20101012,61.43,62.86,61.41,62.18,18251,0
20101013,63.19,63.66,62.79,63.24,15809,0
20101014,64.35,64.35,62.51,63.09,16061,0
20101015,63.79,63.86,62.15,62.16,19348,0
20101018,61.49,63.6,61.49,63,22063,0
20101019,60.82,62.03,60.36,60.6,24647,0
20101020,60.21,63.25,60,62.98,9269,0
20101021,63.24,63.53,61.85,62.53,15765,0
20101022,61.97,62.2,61,62.06,10767,0
20101025,62.53,63.66,62.53,63.14,14213,0
20101026,63.11,63.11,62.49,62.8,21905,0
20101027,61.75,61.89,60.79,61.1,18656,0
20101028,62.26,62.26,61.33,61.93,5513,0
20101029,60.8,60.8,60.12,60.56,6770,0
20101101,60.25,60.98,60.2,60.37,6457,0
20101102,60.76,61.09,60.56,60.86,10223,0
20101103,61.05,61.06,60.14,60.91,20086,0
20101104,62.74,62.74,61.71,62.08,26860,0
20101105,62.69,62.7,62,62.37,11510,0
20101108,62,62.92,62,62.89,8441,0
20101109,64.1,64.56,63.5,63.69,14446,0
20101110,63.53,67.33,63.13,63.4,8533,0
20101111,63.36,63.88,63.33,63.53,11638,0
20101112,62.78,62.78,59.35,60.65,26366,0
20101115,59.86,61.18,58.64,59.8,30813,0
20101116,58.78,59,57,57.47,21115,0
20101117,57.01,58.36,57.01,58.06,8223,0
20101118,59.22,60.66,58.88,59.58,10724,0
20101119,59.73,60.26,56.42,58.95,8499,0
20101122,58.35,58.36,55.99,57.7,7166,0
20101123,56.98,56.98,55.83,55.99,12912,0
20101124,57.4,57.49,54.86,57.33,14023,0
20101126,56.5,59.34,56.5,57.6,1446,0
20101129,57.24,57.24,55.77,56.36,8402,0
20101130,56.93,57.73,56.22,56.96,22788,0
20101201,58.9,59.31,57.97,58.42,4910,0
20101202,59.93,60.45,59.5,59.74,14098,0
20101203,59.9,60.52,59.9,60.42,18380,0
20101206,59.66,60.41,59.56,59.73,6436,0
20101207,61.04,62.07,59.04,59.34,12639,0
20101208,60.57,60.85,60.37,60.42,4474,0
20101209,60.59,61.14,59.85,60.97,17869,0
20101210,61.5,62.66,60.27,60.41,6551,0
20101213,60.87,62.65,60.05,61.21,10007,0
20101214,61.54,62.08,61.38,61.46,4169,0
20101215,60.65,61.97,60.41,60.46,6057,0
20101216,61.33,61.95,60.29,61.88,15938,0
20101217,61.9,61.9,61.29,61.5,7037,0
20101220,61.39,61.99,61.28,61.93,3274,0
20101221,61.98,63.48,61.75,63.08,29338,0
20101222,63.5,63.5,62.57,63.25,4086,0
20101223,63,63.27,62.79,63.13,5420,0
20101227,63,63.58,63,63.45,2894,0
20101228,62.5,64.11,62.5,64.03,7084,0
20101229,63.97,63.97,62.49,62.78,5244,0
20101230,62.82,63.57,61.97,62.67,3455,0
20101231,63.27,64,63.2,63.37,5137,0
20110103,63.7,64.02,62.22,63.06,19285,0
20110104,63.84,63.85,61.96,62.57,14140,0
20110105,63.1,63.1,61,62.32,17958,0
20110106,61.63,62.58,61.43,61.5,7569,0
20110107,63,63.5,61.99,62.4,15143,0
20110110,62.22,62.29,61.68,62.02,7354,0
20110111,61.99,62.72,61.99,62.6,9711,0
20110112,62.75,63.84,62.33,63.84,11848,0
20110113,63.98,63.98,62.38,62.98,15465,0
20110114,63.16,63.74,63.11,63.61,9665,0
20110118,64.68,64.69,63.35,63.8,10734,0
20110119,63.69,64.2,62.39,62.42,8600,0
20110120,61.65,63.9,61.59,63.42,13305,0
20110121,64.84,65.4,64.66,65.2,21350,0
20110124,66.03,66.8,65.5,65.63,15009,0
20110125,66.02,66.6,65.6,66.14,37482,0
20110126,67.2,68.53,67.2,68.42,33428,0
20110127,68.48,69.35,68.48,68.7,66523,0
20110128,70.87,71,68.61,69.93,13259,0
20110131,70.79,71.96,70.57,71.36,16109,0
20110201,70.59,71.99,70.4,71.5,22662,0
20110202,71.93,74.55,69.71,72.3,23012,0
20110203,72.33,72.43,71.7,72.43,26466,0
20110204,72.87,74.29,72.85,73.72,12434,0
20110207,74.24,74.24,73.28,73.69,19267,0
20110208,74.11,74.72,73.96,74.64,19971,0
20110209,74.45,74.68,73.54,73.96,19477,0
20110210,73.79,74.6,73.35,74.57,30766,0
20110211,74.34,75.38,74.26,75.38,13070,0
20110214,76.18,77.16,75.87,76.33,30495,0
20110215,77,77.15,76.01,76.55,34899,0
20110216,76.88,77.02,76.45,76.94,65036,0
20110218,75.08,76.39,75.08,75.87,11641,0
20110222,74.6,75.29,73.62,73.97,15772,0
20110223,71,74.84,71,74.84,16213,0
20110224,74.5,74.62,73.26,74.56,12437,0
20110225,74.82,76.04,74.32,75.9,7553,0
20110228,76,76.48,75.7,76.48,14121,0
20110301,76.23,76.59,74.79,75.84,15429,0
20110302,74.5,74.85,73.9,74.75,15178,0
20110303,74.75,75.34,73.87,74.43,7243,0
20110304,74.06,75.83,74.06,74.66,9661,0
20110307,75.67,75.98,71.7,72.88,17841,0
20110308,71,72.64,70.23,72.38,18707,0
20110309,71.01,72.05,69,69.51,14699,0
20110310,69,71.32,69,69.93,17714,0
20110311,71.24,71.33,69.16,69.71,9857,0
20110314,69.75,70.28,69.57,70.15,22109,0
20110315,66.08,67.46,65.38,67.14,42114,0
20110316,67.13,68.08,66.34,66.46,12492,0
20110317,66.47,70.95,66.47,70.45,920278,0
20110318,70.25,72.49,69.69,70.79,459865,0
20110321,70.15,71.03,69.36,70.95,255938,0
20110322,72,72,70.5,71.45,129058,0
20110323,71.98,74.77,71.98,74.45,133530,0
20110324,75.5,75.5,74.49,75.23,164792,0
20110325,75.21,75.43,74.5,75.21,167599,0
20110328,75.42,75.42,73.76,74.6,68380,0
20110329,75,75.44,74.11,74.75,79072,0
20110330,74.6,74.61,73.22,74.01,108067,0
20110331,72.88,75.71,72.39,74.51,48411,0
20110401,75.86,75.86,73.74,74.53,58822,0
20110404,74.86,75.2,74.4,74.62,49401,0
20110405,74.28,74.77,74.11,74.61,29509,0
20110406,74.8,75.75,74.45,75.48,38568,0
20110407,76.87,76.93,75.9,76.34,116973,0
20110408,77.3,77.97,77.3,77.8,85016,0
20110411,78.22,78.42,77.8,78.1,62519,0
20110412,78.03,78.03,76.46,77.09,59361,0
20110413,77.54,77.54,75.68,75.68,52421,0
20110414,75.86,76.99,75,76.99,62337,0
20110415,77.73,79.9,77.28,77.97,52561,0
20110418,76.94,77.75,75.78,77.2,31387,0
20110419,77.66,77.66,75.87,76.14,18117,0
20110420,77.01,77.32,76.02,77.32,30115,0
20110421,76.93,78.7,76.69,76.97,29434,0
20110425,76.59,76.83,75.05,75.86,32004,0
20110426,76,77.6,76,77.09,29985,0
20110427,77,77.04,75.16,76.08,41082,0
20110428,75.63,77,75.01,77,47019,0
20110429,75.43,75.99,73.48,74.68,55215,0
20110502,74.04,75.48,72.99,74.14,65949,0
20110503,74.82,75.89,74.43,75.34,62356,0
20110504,73.79,73.79,72.17,72.19,29887,0
20110505,68.1,70.27,67.2,67.45,115850,0
20110506,68.84,69.3,68.27,68.9,275000,0
20110509,70,70.27,69.03,69.72,127278,0
20110510,69.48,70.06,69.19,69.56,85561,0
20110511,68.87,68.92,67.46,67.54,75692,0
20110512,68.25,68.56,67,67.13,192982,0
20110513,67.85,68.13,66.01,66.59,111519,0
20110516,65,66,64.53,65.02,194779,0
20110517,65.48,65.61,64.42,64.96,234090,0
20110518,66.47,66.94,66.09,66.2,40977,0
20110519,66.64,66.64,65.21,65.68,59587,0
20110520,65.78,65.81,63.99,64.83,64618,0
20110523,62.59,62.59,61.31,61.94,181097,0
20110524,62.58,63.23,62.57,63.19,32725,0
20110525,64.58,65.19,64.15,64.48,37369,0
20110526,64.24,64.4,62.27,62.55,609563,0
20110527,63.9,64.25,63.16,63.3,380928,0
20110531,64.77,65.1,64.5,64.57,274584,0
20110601,64.07,64.36,63.39,63.45,126780,0
20110602,63.6,63.6,61.42,61.47,68228,0
20110603,60.18,61.72,59.76,61.42,83442,0
20110606,60.8,61,60.37,60.38,16830,0
20110607,60.21,60.57,59.61,59.61,132208,0
20110608,59.45,60.1,59.22,59.96,31078,0
20110609,59.79,60.54,59.79,60.38,13887,0
20110610,60.4,60.85,58.02,59.22,29107,0
20110613,58,58,57.02,57.12,51323,0
20110614,59.07,59.9,59.04,59.86,15607,0
20110615,58.7,59.75,57,57.33,29175,0
20110616,57.61,58.17,57.38,58,58316,0
20110617,58.57,59.1,57.84,57.89,6486,0
20110620,57.38,58.06,57.37,57.83,12156,0
20110621,58.83,59.07,58.58,58.88,48065,0
20110622,58.84,59.12,58.74,58.84,5929,0
20110623,58.98,59.07,57.64,58.37,13575,0
20110624,58.55,58.55,57.81,57.97,22875,0
20110627,58.98,58.98,58.2,58.47,4859,0
20110628,59.15,59.17,58.99,58.99,1262,0
20110629,59.27,60.11,59.27,59.88,19384,0
20110630,59.25,60.86,59.25,60.81,11667,0
20110701,60.05,60.67,59.39,59.6,14894,0
20110705,61.35,61.94,61.23,61.92,15793,0
20110706,62.28,62.34,61.83,62.34,4643,0
20110707,63.56,64.16,63.53,63.53,47991,0
20110708,62.57,62.58,62.12,62.28,4542,0
20110711,62,62.5,61.05,61.87,15052,0
20110712,61.73,63.73,61.39,63.46,5160,0
20110713,63.07,64.2,62.96,62.96,11449,0
20110714,63.96,63.96,63.57,63.6,4993,0
20110715,63.45,64,63.01,63.01,7086,0
20110718,63.06,63.6,63.06,63.53,23361,0
20110719,64.61,65.24,64.61,64.7,4510,0
20110720,64.85,66.09,64.85,65.54,3189,0
20110721,65.5,65.91,65.36,65.43,5290,0
20110722,65.68,65.87,65.65,65.82,1724,0
20110725,65.43,65.65,65.43,65.52,1588,0
20110726,66.18,66.65,66.18,66.23,4348,0
20110727,67.01,67.23,66.59,66.62,9147,0
20110728,67.15,67.15,66.18,66.33,2543,0
20110729,65.43,66.2,65.43,65.87,3020,0
20110801,66.58,66.88,64.92,65.59,12078,0
20110802,64.82,64.96,62.98,63.24,5978,0
20110803,62.08,62.44,61.22,61.31,28316,0
20110804,59.98,59.98,59.34,59.35,21945,0
20110805,57.87,58.01,54.5,56.33,34153,0
20110808,55.07,55.32,52.01,52.01,37072,0
20110809,52.32,53.56,52.17,53.41,4987,0
20110810,53.5,53.93,52.66,53.34,4729,0
20110811,54.29,55.69,54.12,55.59,42847,0
20110812,57.78,57.92,56.56,56.57,2146,0
20110815,57.21,57.25,56.18,56.18,324,0
20110816,55.7,55.7,55.24,55.32,1276,0
20110818,54.24,54.28,52.58,52.59,17003,0
20110819,52.9,53.2,52.53,52.92,3296,0
20110822,52.94,52.94,52.48,52.63,720,0
20110823,54.19,54.33,53.9,54.04,2421,0
20110824,54.02,54.02,53.8,53.95,412,0
20110825,54.65,54.65,54.08,54.47,700,0
20110826,55,55.65,54.99,55.65,7590,0
20110829,54.81,54.81,54.81,54.81,300,0
20110830,55.94,56.25,55.63,55.94,2448,0
20110831,55.87,56.31,55.87,56.04,2424,0
20110901,55.81,55.81,55.81,55.81,195,0
20110902,56.21,56.21,55.74,55.8,7150,0
20110906,54.76,55.26,54.76,55.2,2013,0
20110907,56.36,56.36,56.24,56.34,760,0
20110908,56.4,56.41,56.23,56.23,9400,0
20110909,54.53,54.53,54.53,54.53,980,0
20110912,53.71,55.03,53.49,55.03,3800,0
20110913,54.6,54.9,54.52,54.53,4470,0
20110914,53.99,54.21,52.82,54.2,8302,0
20110916,54.45,54.45,53.57,53.7,7064,0
20110920,52.75,52.75,51.96,51.96,2734,0
20110921,51.51,51.51,49.45,49.45,5387,0
20110922,45.78,47.21,45.05,45.5,4162,0
20110923,44.96,46.49,44.59,44.71,5969,0
20110926,47.42,47.42,46.5,47.23,6178,0
20110927,49.94,50.08,49.02,49.03,7545,0
20110928,47.38,47.38,46.83,47.17,400,0
20110929,47.66,48.01,47.29,47.29,2339,0
20110930,46.73,46.73,46.33,46.47,5446,0
20111003,46.07,47,46.07,46.99,548,0
20111004,47.3,48.23,46.9,47.02,2233,0
20111005,47.87,47.87,47.87,47.87,160,0
20111006,50.46,51,50.46,51,1626,0
20111007,53.1,53.18,52.4,52.53,2235,0
20111010,52.86,53.15,52.82,52.82,786,0
20111011,51.34,51.43,50.85,51.26,2037,0
20111012,52.4,52.4,52.4,52.4,2600,0
20111013,51.11,51.11,50.87,51.08,2825,0
20111014,51.07,51.07,51.07,51.07,739,0
20111017,49.18,49.18,48.59,48.59,400,0
20111018,49,49,49,49,200,0
20111019,49.2,49.2,49.2,49.2,699,0
20111020,48.32,48.9,48.32,48.9,704,0
20111021,49.25,49.87,49.25,49.85,8570,0
20111024,51.06,51.39,50.61,50.8,1178,0
20111025,50.74,50.74,50.58,50.58,1683,0
20111026,50.56,50.58,50.56,50.58,220,0
20111027,50.74,50.74,50.16,50.21,2394,0
20111028,51.08,51.08,50.32,50.32,775,0
20111031,50.18,50.35,50.1,50.35,700,0
20111102,50.32,50.71,50.25,50.71,747,0
20111103,50.21,50.25,50.12,50.12,600,0
20111107,50.76,50.76,50.32,50.76,2200,0
20111108,51.1,51.61,50.73,51.5,820,0
20111109,50.55,50.55,50.55,50.55,100,0
20111110,48.98,48.98,48.91,48.91,300,0
20111111,49.49,49.49,49.49,49.49,100,0
20111114,49.73,49.83,49.21,49.33,1052,0
20111115,49.67,49.7,48.51,48.78,777,0
20111117,48.61,48.61,47.85,48.4,8505,0
20111118,48.96,48.96,48.96,48.96,190,0
20111121,48.21,48.22,47.11,47.11,7440,0
20111122,47.28,47.28,47.28,47.28,100,0
20111123,47.6,47.6,46.76,46.82,1300,0
20111125,43.61,46.33,43.61,46.22,1899,0
20111128,47.08,47.63,47.08,47.22,1632,0
20111129,45.87,46.17,45.87,46.17,600,0
20111130,47.19,48.12,46.96,47.14,3408,0
20111201,46.06,46.21,46.06,46.21,638,0
20111202,45.5,45.51,45.37,45.37,1787,0
20111205,46.2,46.21,46.2,46.21,800,0
20111206,46.23,47.42,46.23,47.42,917,0
20111207,46.79,46.81,46.48,46.48,749,0
20111208,46.65,46.65,45.9,45.9,855,0
20111209,46.16,46.16,46.16,46.16,134,0
20111212,44.9,44.9,44.9,44.9,265,0
20111213,45.43,45.43,44.93,44.93,515,0
20111214,43.57,43.57,42.91,42.91,1700,0
20111215,42.77,42.77,42.32,42.4,497,0
20111216,42.7,43.53,42.58,43.53,2218,0
20111220,43.26,43.54,43.19,43.19,625,0
20111221,43.81,43.91,43.12,43.12,771,0
20111222,43.69,43.89,43.48,43.66,10091,0
20111223,43.73,44.16,43.42,43.42,6783,0
20111227,43.62,44,43.32,43.33,5229,0
20111228,42.78,43.08,42.34,43.08,491,0
20111229,43.24,43.52,43.01,43.26,15497,0
20111230,43.11,43.97,43.11,43.71,4843,0
20120103,45.95,46,45.4,45.55,7845,0
20120104,45.36,45.39,45.36,45.39,4419,0
20120105,44.94,45.23,44.6,45.23,13077,0
20120106,45.04,45.04,45.03,45.03,336,0
20120109,46.24,46.26,45.76,45.84,1900,0
20120110,46.56,46.56,46.36,46.39,3561,0
20120111,46.91,46.91,46.91,46.91,165,0
20120112,48.15,48.15,48.15,48.15,100,0
20120113,48.07,49,48.07,49,1587,0
20120117,49.72,49.86,49.54,49.6,7338,0
20120118,50.04,50.04,50.04,50.04,200,0
20120119,50.61,50.61,50.01,50.01,962,0
20120120,50.35,50.66,50.35,50.66,269,0
20120123,50.98,51.19,50.64,51.19,1350,0
20120124,51.26,51.26,51.26,51.26,143,0
20120126,55.46,55.63,55.21,55.63,2018,0
20120127,56,56.27,55.82,55.82,715,0
20120130,55.46,55.61,55.29,55.52,1431,0
20120131,56.06,56.06,55.63,55.63,739,0
20120201,56.03,56.1,55.72,55.72,825,0
20120202,56.04,56.04,55.31,55.4,8728,0
20120203,55.99,56.54,55.99,56.2,3845,0
20120207,56.53,58.65,56.53,58.26,3230,0
20120208,59.6,59.62,58.09,58.09,8277,0
20120209,59.55,60.95,58.89,59.19,137331,0
20120210,58,58.13,57.5,58.03,24046,0
20120213,58.31,58.31,57.57,57.62,31664,0
20120214,57.32,57.32,56.23,56.94,26694,0
20120215,56.35,57.1,56.35,56.76,15811,0
20120216,55.13,56.22,55.13,56.17,22640,0
20120217,55.81,55.98,53.44,54.64,5410,0
20120221,55.16,56.28,55.16,56.03,17249,0
20120222,55.52,55.82,55.36,55.71,1483,0
20120223,54.87,56.3,54.87,56.03,20893,0
20120224,55.58,55.97,55.05,55.14,40457,0
20120227,54.67,56.48,54.56,56.3,568330,0
20120228,55.73,56.05,55.4,55.94,159101,0
20120229,55.92,56.35,54.68,55.35,186592,0
20120301,55.42,55.78,54.94,55.67,88764,0
20120302,54.94,55.33,54.67,55.25,120101,0
20120305,53.4,53.53,52.89,53.12,48506,0
20120306,51.73,52.07,51.51,51.83,35052,0
20120307,51.24,51.72,50.83,50.9,6838,0
20120308,52.6,52.85,52.13,52.55,58516,0
20120309,52.69,53.73,52.66,53.55,19038,0
20120312,53.34,54.19,53.34,54.14,11853,0
20120313,54.55,56.17,54.39,56.17,148934,0
20120314,55.17,55.41,54.5,55.04,20508,0
20120315,54.82,55.05,54.64,54.66,10401,0
20120316,54.99,54.99,54,54.08,30067,0
20120319,54.34,54.5,54.19,54.36,11789,0
20120320,53.77,54.17,53.61,54.02,34388,0
20120321,54.05,54.05,53,53.03,8416,0
20120322,51.2,51.58,51.02,51.16,16235,0
20120323,51.6,51.92,51.03,51.35,11774,0
20120326,51.94,52.23,51.78,52.18,19261,0
20120327,52.24,52.38,51.7,52.2,6864,0
20120328,51.51,52,51.5,51.71,4746,0
20120329,51.8,52.46,51.55,52.05,14872,0
20120330,53.39,53.79,52.43,52.43,10693,0
20120402,52.54,53.82,52.54,53.27,4532,0
20120403,53.44,53.99,53.05,53.15,5252,0
20120404,51.87,52.2,51.73,52,5291,0
20120405,51.91,53.43,51.91,53.08,4922,0
20120409,51.3,52.44,51.3,52.04,3716,0
20120410,52.69,52.8,51.86,51.86,30794,0
20120411,52.06,52.34,51.18,51.19,28656,0
20120412,52.19,52.41,51.8,52.26,13634,0
20120413,51.57,51.57,50.91,51.45,4095,0
20120416,50.03,50.03,48.8,49.25,130020,0
20120417,49.22,49.58,48.92,49.58,1134,0
20120418,48.57,48.74,48.03,48.29,5705,0
20120419,48.1,48.82,48.1,48.55,2042,0
20120420,49.6,49.78,48.8,49.18,3221,0
20120423,49.2,49.2,48.15,48.88,9990,0
20120424,49.41,49.61,49.33,49.36,5434,0
20120425,49.93,50.26,49.64,49.65,8437,0
20120426,51.49,51.69,50.79,51.26,2322,0
20120427,51.71,52.05,51.47,51.47,4947,0
20120430,51.58,52.31,51.58,52.23,7381,0
20120501,52.1,52.33,51.35,51.5,18717,0
20120502,50.58,51.49,50.58,51.41,24419,0
20120503,50.95,51.2,49.75,50.01,29092,0
20120504,49.88,49.88,49.34,49.57,10801,0
20120507,49.15,49.15,47.28,48.12,573257,0
20120508,48.5,49.01,48.39,48.65,204511,0
20120509,47.22,47.44,47.01,47.15,93875,0
20120510,47,47.2,46.22,46.22,359735,0
20120511,46.31,46.7,46.07,46.3,160189,0
20120514,45.52,45.91,45.41,45.47,110212,0
20120515,45.85,45.95,45.28,45.28,18184,0
20120516,44.75,45.11,44.02,44.02,39728,0
20120517,44.12,44.35,43.57,43.63,23665,0
20120518,44.21,44.37,43.7,43.75,14666,0
20120521,43.82,44.48,43.82,44.48,10864,0
20120522,44.37,45.03,44.37,44.48,2890,0
20120523,43.94,44.41,43.94,44.41,10480,0
20120524,44.54,45.4,44.46,45.01,13648,0
20120525,45.06,45.24,44.74,44.78,10800,0
20120529,45.95,45.95,45.31,45.62,8172,0
20120530,44.94,45.21,44.77,44.77,4672,0
20120531,44.51,44.51,44.28,44.5,7055,0
20120601,43.76,44.1,43.75,43.9,5565,0
20120604,43.8,44.45,43.74,43.93,2332,0
20120605,44.01,44.01,43.47,43.47,316,0
20120606,44.89,45.32,44.4,44.53,8329,0
20120607,45.28,45.28,44.59,44.79,5527,0
20120608,44.22,45.1,44.22,44.47,7283,0
20120611,45.19,45.19,44.34,44.5,1505,0
20120612,44.44,44.86,44.44,44.86,263,0
20120613,44.31,44.31,44.26,44.26,216,0
20120614,44.17,44.47,44.12,44.12,1191,0
20120615,44.84,45.07,44.35,44.58,8149,0
20120618,44.23,44.23,44.23,44.23,123,0
20120619,44.17,44.48,44.13,44.48,1428,0
20120620,44.02,44.02,43.27,43.27,5092,0
20120621,43.23,43.58,42.58,42.59,2773,0
20120622,42.01,42.42,41.64,42.42,1029,0
20120625,42.37,42.49,41.81,42.44,4300,0
20120626,42.01,42.5,41.99,42.29,5417,0
20120628,42.54,42.58,42.03,42.03,1096,0
20120629,42.86,43.16,42.71,43.13,8990,0
20120703,43.78,44.4,43.78,44.4,757,0
20120705,44.4,44.4,44.4,44.4,304,0
20120706,42.41,42.5,42.24,42.32,400,0
20120709,42.71,42.82,42.16,42.82,1333,0
20120710,42.14,42.14,42.14,42.14,100,0
20120711,42.65,42.75,42.65,42.65,700,0
20120712,42.17,42.2,41.96,42.1,6035,0
20120713,42.67,42.71,42.5,42.5,6033,0
20120716,42.62,42.74,42.62,42.74,500,0
20120718,42.55,42.6,42.55,42.6,310,0
20120719,43.11,43.73,42.69,43.73,2302,0
20120720,43.48,43.53,43.41,43.53,615,0
20120723,41.52,41.62,41.52,41.62,300,0
20120724,40.5,40.53,40,40,8085,0
20120725,40,40.1,39.14,39.21,9450,0
20120726,40.3,40.4,40.2,40.39,1724,0
20120727,40.9,40.9,40.9,40.9,100,0
20120730,41.03,41.03,41.03,41.03,400,0
20120731,40.95,41.25,40.95,41.17,5400,0
20120801,40.42,40.42,40.42,40.42,206,0
20120803,40.18,40.39,40.18,40.3,8485,0
20120806,40.56,40.56,40.56,40.56,100,0
20120808,41.02,41.14,41.02,41.14,229,0
20120809,40.85,40.85,40.85,40.85,100,0
20120816,40.92,41.02,40.71,40.94,6548,0
20120817,41.74,42.2,41.74,41.8,676,0
20120820,40.82,42.49,40.82,42.49,5504,0
20120823,45.16,45.26,44.61,44.81,771,0
20120824,46.57,47.73,46.55,47.65,3400,0
20120827,48.03,48.03,47.5,47.55,3190,0
20120828,47.2,47.2,47.2,47.2,100,0
20120829,44.26,44.33,43.82,43.82,724,0
20120830,44.13,44.2,44.09,44.2,1232,0
20120831,44.91,44.91,44.91,44.91,200,0
20120904,44.5,44.5,44.3,44.3,200,0
20120905,44.76,44.76,44.76,44.76,100,0
20120906,44.78,45.08,44.55,44.79,15744,0
20120907,45.44,45.8,45.44,45.8,612,0
20120910,43.72,45.42,43.72,45.42,400,0
20120911,42.76,47.3,42.76,45.84,2296,0
20120912,46.09,47.11,46.09,47.11,638,0
20120913,46.06,46.54,45.83,46.34,4031,0
20120914,49.04,49.45,48.79,49.34,1155,0
20120917,49.18,50.1,49.18,50,300,0
20120919,48.68,48.95,48.55,48.8,3096,0
20120920,47.39,47.39,46.93,47.06,1360,0
20120921,47.47,47.7,47.15,47.6,606,0
20120924,46.96,47.15,46.96,47.15,200,0
20120925,48.18,48.46,48.18,48.46,574,0
20120928,49.76,49.81,49.76,49.81,324,0
20121002,50.71,50.71,50.6,50.62,6845,0
20121003,50.38,50.38,50.38,50.38,100,0
20121004,51.05,51.83,51.05,51.83,7600,0
20121005,51.47,51.47,51.47,51.47,3400,0
20121009,49.82,49.83,49.82,49.83,243,0
20121010,50.05,50.05,50.05,50.05,666,0
20121015,48.15,48.15,47.96,47.96,524,0
20121016,48.84,48.95,48.66,48.95,530,0
20121017,48.75,49.05,48.75,49.05,699,0
20121019,48.78,48.78,48.57,48.57,4019,0
20121023,46.19,46.19,46.19,46.19,500,0
20121024,46.28,46.39,46.18,46.39,479,0
20121025,46.6,46.6,46.6,46.6,100,0
20121031,45.43,45.43,45.43,45.43,100,0
20121109,45.97,46.15,45.97,46.1,2810,0
20121113,46.65,46.65,46.48,46.48,700,0
20121114,47.02,47.02,46.53,46.53,300,0
20121115,46.66,46.66,46.51,46.51,1500,0
20121116,46.41,46.9,46.41,46.9,800,0
20121119,46.84,47.45,46.84,47.45,715,0
20121120,47.18,47.19,47.07,47.19,2219,0
20121121,46.86,46.86,46.78,46.78,332,0
20121123,47.26,47.72,47.26,47.71,3500,0
20121126,47.62,47.8,47.22,47.22,4750,0
20121128,48.72,48.98,48.72,48.98,1400,0
20121130,49.58,49.92,49.58,49.65,2328,0
20121203,50.01,50.15,49.95,49.95,800,0
20121204,49.9,50.01,49.51,49.51,1440,0
20121205,49.7,49.85,49.65,49.79,11063,0
20121206,49.62,50.12,49.62,50.1,15400,0
20121207,49.71,49.71,49.71,49.71,600,0
20121210,52.34,52.73,51.3,51.77,5090,0
20121211,53.15,53.15,52.4,52.4,1188,0
20121212,53.2,53.2,52.55,52.68,3471,0
20121213,52.78,52.79,52.78,52.79,200,0
20121214,53.52,53.52,52.95,53.11,3185,0
20121217,53.69,53.69,53.27,53.35,1441,0
20121218,54.2,54.2,54.2,54.2,200,0
20121219,53.63,53.84,53.54,53.61,1170,0
20121220,53.13,53.93,53.1,53.54,31992,0
20121221,53.6,53.97,53.51,53.65,9978,0
20121224,53.65,53.98,53.33,53.8,7452,0
20121226,54.5,54.57,54.23,54.57,3889,0
20121227,54,54,53.3,53.5,909,0
20121228,53.4,53.95,52.97,53.95,1176,0
20121231,53.35,53.91,53.35,53.86,1960,0
20130102,56.02,56.76,56.02,56.47,2136,0
20130103,55.95,55.95,55.34,55.6,1870,0
20130104,54.85,55.11,54.25,54.93,1466,0
20130107,55.25,55.87,55.21,55.82,4616,0
20130108,55.74,55.74,55.66,55.66,308,0
20130109,56.61,56.68,56.1,56.56,1594,0
20130110,56.85,57.08,56.62,56.9,4819,0
20130111,57.5,57.82,57.33,57.82,870,0
20130114,57.32,57.32,57.28,57.32,1030,0
20130115,57.54,57.75,57.54,57.75,1470,0
20130116,57.91,57.91,57.91,57.91,300,0
20130117,58.28,58.28,57.11,57.83,617,0
20130118,57.85,57.85,57.55,57.64,1050,0
20130122,56.99,57.28,56.99,57.27,1666,0
20130123,56.72,56.72,55.92,55.93,670,0
20130124,56.26,57.14,56.26,57.14,758,0
20130125,56.94,57.99,56.94,57.94,3843,0
20130128,56.1,56.58,56.1,56.45,2245,0
20130129,56.36,56.4,56.35,56.4,5513,0
20130130,57.56,57.74,57.18,57.74,1715,0
20130131,57.12,57.62,57.12,57.28,1564,0
20130201,57.1,57.82,57.1,57.82,1128,0
20130204,57.55,57.55,57.05,57.45,1001,0
20130205,57.07,57.62,56.92,57.62,811,0
20130206,57.32,57.43,57.27,57.36,3506,0
20130207,57.07,57.21,56.43,56.64,3157,0
20130208,57.03,57.03,57.03,57.03,110,0
20130211,57.08,57.34,57.08,57.34,915,0
20130215,56.33,56.84,56.33,56.84,1093,0
20130219,54.89,55.06,54.81,54.81,534,0
20130220,54.32,54.32,54.32,54.32,100,0
20130221,53.54,53.54,53.09,53.33,1254,0
20130222,53.03,53.45,52.94,53,3775,0
20130225,53.24,53.44,53.24,53.44,912,0
20130226,53.73,53.73,53.38,53.54,1690,0
20130227,53.94,54.07,53.76,53.8,613,0
20130228,54.59,54.59,53.95,53.95,4742,0
20130304,53.78,53.95,53.42,53.95,4456,0
20130305,53.84,54.22,53.8,54.11,1921,0
20130306,54.1,54.1,53.97,53.97,801,0
20130307,54.75,54.8,54.75,54.8,1681,0
20130308,54.68,54.78,54.49,54.78,1876,0
20130311,53.88,54.8,53.88,54.8,724,0
20130312,53.95,53.95,53.95,53.95,132,0
20130313,55.47,55.47,55.21,55.21,900,0
20130314,54.9,55.41,54.85,55.29,4546,0
20130318,53.8,53.8,52.82,52.82,839,0
20130320,52.42,53.1,51.35,51.35,3212,0
20130321,51.61,51.64,51.4,51.6,2650,0
20130322,52.12,52.68,52.12,52.68,970,0
20130325,52.83,52.83,52.83,52.83,400,0
20130327,53.1,53.15,52.93,53.15,1700,0
20130328,53.38,53.38,53.38,53.38,450,0
20130402,53.45,53.45,52.02,52.02,1214,0
20130403,52.97,52.97,51.7,51.9,956,0
20130404,51.89,51.89,51.89,51.89,803,0
20130405,52.35,52.82,52.35,52.35,305,0
20130410,47.57,52.9,47.57,51.99,758,0
20130415,48.11,48.55,47.33,47.95,19266,0
20130416,47.94,48.04,47.77,47.8,3430,0
20130417,46.02,46.82,45.84,45.89,7636,0
20130418,46.03,47.69,45.85,46.84,2973,0
20130419,47.03,47.41,47.03,47.33,3145,0
20130422,47.16,47.16,47.02,47.02,206,0
20130424,47,47.43,47,47.43,6533,0
20130425,47.51,48.18,47.51,48.18,2980,0
20130429,46.44,46.82,46.43,46.63,2767,0
20130430,46.06,46.37,45.65,45.94,5250,0
20130501,44.91,44.99,44.86,44.99,5074,0
20130502,44.25,44.42,44.25,44.41,2103,0
20130503,44.99,45.77,44.99,45.74,3026,0
20130507,46.28,46.45,45.84,46.45,431,0
20130508,46.75,47,46.75,46.88,633,0
20130509,46.59,46.89,46.46,46.8,35060,0
20130510,47.02,47.32,46.93,47.23,6484,0
20130513,47.5,47.52,47.36,47.36,1429,0
20130514,47.19,47.58,47,47,2137,0
20130516,47.33,47.33,47.14,47.25,1058,0
20130517,47.51,47.51,47.49,47.49,1545,0
20130520,48.22,48.46,48.22,48.46,1723,0
20130523,47.44,47.56,47.44,47.52,408,0
20130524,47.76,47.76,47.76,47.76,1114,0
20130528,47.81,47.95,47.75,47.91,2715,0
20130530,47.48,47.63,47.48,47.6,1144,0
20130531,47.43,47.45,47.02,47.25,3321,0
20130603,47.9,47.9,47.79,47.79,1183,0
20130604,47.63,47.73,47.63,47.65,768,0
20130605,47.8,47.8,47.42,47.52,1900,0
20130606,47.43,47.51,47.43,47.51,2028,0
20130607,47.03,47.13,47.03,47.13,334,0
20130610,47.23,47.23,47.18,47.18,1000,0
20130612,46.2,46.29,46.2,46.27,2319,0
20130619,45.76,45.85,45.69,45.85,2592,0
20130621,44.38,44.38,44.37,44.37,200,0
20130624,43.88,44.61,43.78,44.61,2746,0
20130626,44.08,44.08,44.08,44.08,130,0
20130627,44.31,44.38,44.29,44.29,2328,0
20130628,44.3,44.3,44.3,44.3,100,0
20130701,45.22,45.22,45.22,45.22,100,0
20130702,41.89,44.05,41.89,44.05,3935,0
20130705,44.42,44.57,44,44,1100,0
20130708,42.62,42.62,42.62,42.62,100,0
20130712,44.17,44.17,44.14,44.14,1920,0
20130715,43,43,42.92,42.92,225,0
20130716,43.95,44.17,43.95,44.17,250,0
20130717,43.17,43.17,43.17,43.17,100,0
20130718,43.96,43.96,43.96,43.96,100,0
20130719,42.62,43.5,42.62,43.5,1585,0
20130723,43.09,43.09,43.09,43.09,200,0
20130726,42.78,42.78,42.78,42.78,237,0
20130729,43.93,43.93,43.93,43.93,500,0
20130730,44.88,44.88,44.88,44.88,100,0
20130801,45.95,45.95,45.95,45.95,180,0
20130802,47,47,47,47,100,0
20130806,45.67,47.42,45.67,47.42,500,0
20130808,48.4,48.55,48.4,48.55,300,0
20130809,49.21,49.95,48.91,49.85,2109,0
20130812,50.24,50.24,50.24,50.24,100,0
20130813,48.48,48.48,48.48,48.48,165,0
20130815,48.1,49,48.03,48.29,2425,0
20130820,48.49,48.79,48.49,48.79,430,0
20130822,48.71,48.71,48.71,48.71,100,0
20130823,48.66,48.86,48.66,48.66,557,0
20130826,48.35,48.85,48.35,48.35,303,0
20130828,47.97,48.8,47.97,48.75,800,0
20130905,50.47,50.47,50.22,50.22,4000,0
20130906,50.57,50.57,50.57,50.57,475,0
20130909,51.4,52.39,51.4,52.23,1710,0
20130910,52.48,52.48,52.04,52.04,624,0
20130911,51.45,51.45,50.99,51.22,13800,0
20130912,42.5,50.56,42.5,50.11,21215,0
20130913,50.69,51.56,50.65,51.44,5800,0
20130916,51.75,51.92,51.7,51.77,14800,0
20130917,51.7,51.88,51.7,51.88,2400,0
20130918,52.54,52.54,52.38,52.38,1000,0
20130920,52,52.32,51.9,51.9,600,0
20130924,51.58,51.58,51.58,51.58,345,0
20130925,52.22,52.63,52.22,52.63,200,0
20130926,52.87,52.87,52.87,52.87,100,0
20130930,53.07,53.07,53.07,53.07,200,0
20131001,52.4,52.4,52.4,52.4,100,0
20131011,53.53,53.55,53.53,53.55,6800,0
20131014,52.9,53.1,52.63,52.63,6543,0
20131015,52.5,52.57,52.34,52.45,14800,0
20131016,52.04,52.51,52.02,52.25,2502,0
20131017,51.62,51.66,51.5,51.5,1400,0
20131022,52.94,52.94,52.94,52.94,347,0
20131024,51.84,52.28,51.75,52.2,31803,0
20131025,51.95,52.65,51.68,52.36,9469,0
20131028,53,56.42,53,53.7,3234,0
20131029,52.7,52.7,52.7,52.7,4765,0
20131030,52.79,52.79,52.7,52.7,220,0
20131031,52.19,52.22,51.83,51.83,2400,0
20131101,51.98,52.16,51.5,51.86,2854,0
20131104,51.68,51.68,51.68,51.68,100,0
20131105,52.15,52.15,52.15,52.15,100,0
20131106,52.83,52.83,52.83,52.83,100,0
20131107,51.74,51.9,51.57,51.9,1692,0
20131112,51.79,51.79,51.79,51.79,578,0
20131114,51.89,51.89,51.89,51.89,200,0
20131115,52.39,52.39,51.85,51.85,325,0
20131119,51.76,51.91,51.76,51.91,700,0
20131120,51.98,51.98,51.65,51.65,2000,0
20131121,54,54,52.14,52.14,6834,0
20131122,51.71,51.71,51.71,51.71,150,0
20131125,53.12,53.26,53.12,53.12,200,0
20131126,52.13,52.13,51.96,51.96,351,0
20131127,53,54,51.03,51.15,10651,0
20131129,51.77,51.77,51.77,51.77,373,0
20131202,51.27,51.27,51.06,51.06,284,0
20131203,51.13,51.27,51.11,51.23,563,0
20131204,51.75,51.75,51.42,51.42,4583,0
20131205,52.24,52.25,52.24,52.25,200,0
20131206,52.32,52.89,52.31,52.8,3148,0
20131209,52.89,52.89,52.89,52.89,515,0
20131210,51.4,51.4,50.72,50.72,1327,0
20131212,51.04,51.22,50.95,51.22,1576,0
20131216,51.34,51.54,51.34,51.43,1009,0
20131217,51.52,51.57,51.52,51.57,3491,0
20131220,52.03,52.08,51.73,51.73,531,0
20131223,52,52.01,51.94,51.94,907,0
20131224,52.13,53.08,52.13,53.05,3095,0
20131226,52.68,56.96,51.69,56.96,1852,0
20131227,57.05,57.05,51.7,51.7,3625,0
20131230,50.73,53.21,50.73,53.21,545,0
20140102,50.84,51.2,50.72,51.2,742,0
20140103,51,51,47.95,48.02,2706,0
20140106,48.97,49.28,48.7,49.13,2570,0
20140107,48.85,49.48,48.85,49.48,1353,0
20140108,49.49,49.61,49.12,49.61,1678,0
20140109,48.79,48.79,48.48,48.48,327,0
20140110,49.77,49.91,49.38,49.76,5149,0
20140113,47.98,52.68,47.98,52.68,1001,0
20140114,49.95,49.95,49.95,49.95,527,0
20140115,50.55,50.94,50.28,50.58,8649,0
20140116,50.85,51.19,50.76,50.76,3523,0
20140117,50.69,50.69,50.69,50.69,183,0
20140121,50.38,50.64,50.26,50.3,1325,0
20140122,50.99,50.99,50.16,50.16,766,0
20140123,50.98,50.98,50.06,50.07,775,0
20140124,49.62,49.62,49.44,49.44,689,0
20140127,49.38,49.38,49.38,49.38,296,0
20140128,49.85,49.95,49.66,49.95,1332,0
20140129,49.95,50.31,49.93,49.95,5291,0
20140130,49.91,49.91,49.91,49.91,217,0
20140131,49.66,49.7,49.6,49.7,3188,0
20140203,49.98,50.25,49.98,50,2302,0
20140204,50.25,50.25,49.62,49.63,1034,0
20140207,48.22,51.36,48.22,51.36,593,0
20140211,51.17,51.17,50,50,1098,0
20140212,50.15,51.05,50.15,50.52,1786,0
20140213,51,51,50.52,50.88,1374,0
20140214,51.62,52.69,51.62,51.95,5012,0
20140218,52.69,52.69,52.69,52.69,257,0
20140221,52.57,52.57,52.57,52.57,352,0
20140224,52.01,52.52,52.01,52.52,1187,0
20140225,52.61,53.06,52.61,52.97,2403,0
20140226,53.6,53.61,53.4,53.4,504,0
20140228,53.29,53.37,53.29,53.37,406,0
20140303,52.23,52.3,52.23,52.3,951,0
20140304,52.85,52.94,52.85,52.94,583,0
20140306,52.8,52.94,45.82,51.71,37468,0
20140307,51.61,51.61,51.57,51.57,804,0
20140310,51.23,51.36,51.22,51.36,723,0
20140311,51.8,51.86,50.79,50.89,5215,0
20140312,51.41,51.45,51.41,51.45,597,0
20140313,51.46,51.7,51.12,51.7,2618,0
20140317,51.75,52.36,51.73,51.73,1346,0
20140318,51.73,52.68,51.73,52.68,4245,0
20140319,52.3,52.74,52.3,52.52,2004,0
20140320,51.7,54.97,51.7,54.97,1179,0
20140321,51.25,51.25,50.51,50.9,373,0
20140325,51.96,51.96,51.96,51.96,169,0
20140326,51.96,51.96,51.96,51.96,100,0
20140327,51.82,51.82,51.38,51.38,3104,0
20140328,51.52,51.67,51.52,51.67,570,0
20140331,51.51,51.51,51.5,51.5,789,0
20140403,52.35,52.72,52.35,52.72,1250,0
20140407,52.72,52.81,52.72,52.72,2539,0
20140408,52.8,55.91,51.16,51.16,1553,0
20140409,52.43,53.24,52.43,53.24,611,0
20140410,53.24,53.24,53.23,53.23,2867,0
20140411,53.23,53.27,52.67,53.01,2601,0
20140414,53.38,53.38,53.38,53.38,177,0
20140415,53.2,53.2,53.2,53.2,289,0
20140416,53.45,53.45,53.43,53.43,285,0
20140422,53.72,53.86,53.43,53.86,824,0
20140423,53.9,54.01,53.9,53.95,820,0
20140424,53.66,54.08,53.66,54.05,510,0
20140425,54,54.96,53.43,53.43,8058,0
20140430,51.89,51.89,51.89,51.89,297,0
20140501,52.01,52.01,52.01,52.01,101,0
20140505,52.04,52.06,52,52.06,1603,0
20140506,52.24,52.37,52.24,52.33,1829,0
20140508,52.28,52.28,52.28,52.28,100,0
20140512,52.66,52.66,52.38,52.55,5700,0
20140513,52.5,52.5,52.5,52.5,225,0
20140514,53,53.27,53,53.27,300,0
20140515,52.64,52.64,52.64,52.64,3025,0
20140516,52.74,52.74,52.74,52.74,143,0
20140519,54,54,53.06,53.06,2097,0
20140520,52.69,52.69,52.43,52.43,1045,0
20140521,53.32,53.32,51.96,51.96,1074,0
20140522,52.78,52.78,52.61,52.61,570,0
20140529,53.09,53.49,53.09,53.49,500,0
20140530,53.15,53.15,52.23,52.23,608,0
20140602,53.22,53.22,53.22,53.22,265,0
20140604,52.07,52.07,52.07,52.07,171,0
20140606,52.08,52.08,52.08,52.08,175,0
20140609,52.06,52.79,52.05,52.79,1445,0
20140610,51.75,51.75,51.75,51.75,2498,0
20140612,51,51,51,51,100,0
20140616,50.6,50.6,50.48,50.49,1537,0
20140617,51.09,51.09,51.09,51.09,271,0
20140619,50.75,50.75,50.75,50.75,212,0
20140623,50.75,50.75,50.43,50.75,1114,0
20140624,50.66,51.15,50.66,51.15,416,0
20140625,50.57,50.57,50.57,50.57,151,0
20140626,50.57,50.57,50.57,50.57,200,0
20140630,50,50,50,50,217,0
20140701,51.01,51.01,51.01,51.01,170,0
20140702,52.09,52.2,52.09,52.2,400,0
20140708,51.2,51.2,51.2,51.2,1110,0
20140711,49.75,49.99,48.75,49.48,1430,0
20140714,49.61,49.93,49.61,49.87,2223,0
20140715,49.87,49.87,49.81,49.81,1700,0
20140718,49.46,49.74,49.46,49.74,15471,0
20140721,50.35,50.35,49.73,49.73,5704,0
20140722,50.09,50.09,50.09,50.09,256,0
20140723,50.24,50.25,49.82,50.25,1210,0
20140724,50.71,50.76,50.71,50.76,650,0
20140725,50.78,50.78,50.65,50.65,551,0
20140728,51.1,51.1,50.75,50.75,551,0
20140729,51.41,51.73,51.41,51.73,926,0
20140730,51.78,51.78,51.78,51.78,491,0
20140731,51.51,51.51,50.88,50.88,202,0
20140801,50.94,51.19,50.55,50.8,955,0
20140804,50.35,50.76,50.33,50.33,885,0
20140805,50.6,50.6,50.6,50.6,392,0
20140806,50.61,50.61,50.61,50.61,316,0
20140807,50.5,50.5,50.3,50.35,1471,0
20140808,50.31,50.6,50.31,50.51,2486,0
20140811,50.66,50.66,50.4,50.5,4407,0
20140812,50.75,50.75,50.75,50.75,553,0
20140813,50.79,50.79,50.4,50.41,7200,0
20140815,50.79,50.79,50.46,50.57,1871,0
20140818,50.25,50.6,50.01,50.33,6633,0
20140819,50.66,50.66,50.66,50.66,110,0
20140821,50.33,50.33,49.58,49.58,1050,0
20140825,50.07,50.07,49.66,49.85,2386,0
20140826,49.82,49.82,49.82,49.82,220,0
20140827,48.95,48.95,48.9,48.95,1118,0
20140828,48.85,48.88,48.85,48.88,800,0
20140903,48.05,48.18,47.9,47.96,6298,0
20140904,48.09,48.28,48,48.15,6100,0
20140905,47.95,47.95,47.76,47.95,1939,0
20140908,48.25,48.25,47.82,48.08,14604,0
20140909,46.96,47.15,46.89,47,11151,0
20140910,47.15,47.3,46.96,47.2,5935,0
20140911,46.96,47.58,43.25,47.05,1186,0
20140912,47.53,47.85,47.53,47.58,11201,0
20140915,47.26,47.45,47.25,47.28,5200,0
20140916,47.02,47.26,47.02,47.26,600,0
20140918,47.6,47.7,47.42,47.58,4618,0
20140919,48.5,49,48.5,49,1514,0
20140922,47.22,47.22,47.21,47.21,408,0
20140923,47.24,47.24,47.24,47.24,100,0
20140925,46.56,46.95,45.85,45.85,1513,0
20140930,45.06,45.25,45.05,45.25,2250,0
20141002,45.31,45.31,45.31,45.31,762,0
20141010,45,45,45,45,185,0
20141013,44.89,45.29,44.89,45.26,300,0
20141014,45,45,45,45,145,0
20141016,43.2,43.2,42.65,42.65,828,0
20141017,43.28,43.28,43.28,43.28,255,0
20141021,43.57,43.57,43.57,43.57,900,0
20141024,40.43,40.43,40.43,40.43,281,0
20141028,43.97,43.97,43.97,43.97,181,0
20141031,44.77,44.77,44.77,44.77,269,0
20141105,43.25,43.25,43.25,43.25,152,0
20141110,44.69,44.69,44.69,44.69,125,0
20141111,44.44,44.44,44.44,44.44,190,0
20141112,44.71,44.71,44.71,44.71,130,0
20141117,44,44,41.8,41.8,398,0
20141118,43.56,43.6,43.48,43.49,530,0
20141119,43.7,43.7,43.7,43.7,427,0
20141120,44.81,45.02,44.77,45.02,1198,0
20141121,45,45,45,45,226,0
20141202,45.26,45.38,45.26,45.38,419,0
20141204,45.41,45.41,45.41,45.41,250,0
20141205,45.05,45.05,45.04,45.05,259,0
20141209,45.4,45.4,45.4,45.4,554,0
20141210,45.56,45.56,45.56,45.56,559,0
20141211,45.47,45.5,45.47,45.5,983,0
20141212,45.33,45.33,45.33,45.33,135,0
20141216,45,45,45,45,162,0
20141218,43.23,43.25,42.46,42.7,9927,0
20141219,43.32,43.32,43.32,43.32,2051,0
20141222,42.64,42.7,42.17,42.17,1233,0
20141223,40.95,40.95,40.95,40.95,3461,0
20141229,42.85,44.2,42.73,44.2,706,0
20141230,42.76,42.76,42.76,42.76,248,0
20141231,42.08,42.63,41.77,42.49,889,0
20150102,42.3,42.3,42.29,42.29,476,0
20150106,43.44,43.92,43.44,43.62,7733,0
20150108,44.67,44.69,44.67,44.69,453,0
20150112,44.25,44.25,44.25,44.25,101,0
20150113,43.41,43.41,39.07,43.32,981,0
20150115,43.49,43.49,43.49,43.49,985,0
