Date,Open,High,Low,Close,Volume,OpenInt
20051115,45.945,46.053,45.817,46.053,12093,0
20051116,45.681,45.681,45.608,45.608,1320,0
20051117,46.209,46.209,46.173,46.173,1100,0
20051118,46.4,46.4,46.4,46.4,549,0
20051121,46.609,46.609,46.609,46.609,549,0
20051128,47.063,47.063,46.937,46.937,1100,0
20051129,47.228,47.228,47.228,47.228,105,0
20051130,47.082,47.082,47.082,47.082,105,0
20051202,47.49,47.49,47.49,47.49,105,0
20051205,47.318,47.318,47.309,47.309,1100,0
20051209,47.2,47.419,47.183,47.419,2199,0
20051213,47.419,47.428,47.419,47.428,770,0
20051219,47.291,47.291,47.173,47.173,1760,0
20051223,47.545,47.545,47.545,47.545,327,0
20051230,46.982,46.982,46.982,46.982,2530,0
20060103,47.1,47.718,47.1,47.718,23746,0
20060104,47.701,48.101,47.701,48.101,549,0
20060110,49.146,49.146,49.146,49.146,105,0
20060111,49.128,49.128,49.128,49.128,549,0
20060113,48.91,48.91,48.873,48.873,877,0
20060117,48.556,48.556,48.556,48.556,105,0
20060120,48.355,48.355,48.355,48.355,105,0
20060123,48.454,48.454,48.419,48.419,770,0
20060125,48.946,48.946,48.692,48.692,442,0
20060126,49.074,49.074,49.074,49.074,105,0
20060130,49.455,49.455,49.455,49.455,105,0
20060131,49.293,49.328,49.21,49.328,3737,0
20060201,49.32,49.41,49.32,49.41,327,0
20060210,48.447,48.447,48.337,48.337,442,0
20060213,48.4,48.4,48.4,48.4,222,0
20060214,48.764,48.764,48.764,48.764,222,0
20060216,48.992,48.992,48.992,48.992,105,0
20060222,49.838,49.838,49.828,49.828,662,0
20060223,49.828,49.947,49.828,49.947,327,0
20060227,49.875,49.875,49.875,49.875,105,0
20060228,49.547,49.547,49.547,49.547,105,0
20060301,49.81,49.81,49.81,49.81,105,0
20060303,49.738,49.747,49.738,49.747,34079,0
20060306,49.592,49.592,49.283,49.283,1866,0
20060307,49.037,49.056,49.037,49.056,65962,0
20060308,48.719,48.91,48.583,48.901,230977,0
20060310,49.365,49.365,49.365,49.365,549,0
20060313,49.611,49.611,49.483,49.483,442,0
20060314,49.519,49.911,49.519,49.911,1760,0
20060315,49.984,50.047,49.984,50.047,40676,0
20060316,50.565,50.666,50.565,50.666,33972,0
20060317,50.329,50.329,50.329,50.329,32981,0
20060320,50.265,50.265,50.265,50.265,105,0
20060321,50.384,50.438,50.029,50.029,5057,0
20060322,50.102,50.211,50.102,50.211,1320,0
20060323,50.201,50.201,50.201,50.201,222,0
20060324,50.165,50.211,50.165,50.211,1210,0
20060327,50.129,50.192,50.129,50.192,222,0
20060328,50.384,50.384,50.384,50.384,105,0
20060329,50.547,50.547,50.52,50.52,9346,0
20060330,50.547,50.547,50.42,50.42,549,0
20060403,50.766,50.766,50.766,50.766,327,0
20060405,50.938,50.938,50.938,50.938,770,0
20060407,50.428,50.428,50.428,50.428,327,0
20060410,50.257,50.257,50.183,50.183,770,0
20060412,49.81,49.838,49.81,49.838,442,0
20060417,49.947,49.947,49.656,49.729,2636,0
20060419,50.666,50.875,50.666,50.875,2636,0
20060420,50.783,50.884,50.783,50.884,222,0
20060421,50.756,50.756,50.756,50.756,105,0
20060424,50.711,50.783,50.674,50.783,770,0
20060425,50.648,50.648,50.648,50.648,105,0
20060426,50.866,50.866,50.674,50.674,662,0
20060427,50.248,50.875,50.248,50.702,877,0
20060502,50.52,50.52,50.52,50.52,105,0
20060504,50.902,51.039,50.902,50.957,662,0
20060505,51.275,51.493,51.275,51.493,1100,0
20060508,51.685,51.685,51.685,51.685,327,0
20060509,51.693,51.693,51.693,51.693,105,0
20060510,51.576,51.576,51.576,51.576,105,0
20060511,51.13,51.13,51.13,51.13,2311,0
20060512,50.311,50.311,50.22,50.22,16710,0
20060515,50.074,50.092,50.074,50.092,1539,0
20060517,49.666,49.666,49.092,49.092,442,0
20060518,49.201,49.201,48.801,48.801,662,0
20060519,48.81,48.883,48.81,48.883,2199,0
20060522,48.5,48.656,48.428,48.637,1210,0
20060523,49.047,49.047,48.454,48.454,549,0
20060524,48.146,48.447,48,48.391,1649,0
20060525,48.592,48.901,48.592,48.901,1210,0
20060526,49.274,49.41,49.274,49.41,1981,0
20060530,48.901,48.901,48.646,48.646,1430,0
20060531,49.074,49.174,49.056,49.174,877,0
20060601,49.446,49.783,49.446,49.783,988,0
20060606,49.246,49.246,48.792,48.901,3409,0
20060607,48.982,48.982,48.692,48.692,662,0
20060608,48.11,48.556,47.955,48.556,1539,0
20060609,48.646,48.646,48.547,48.547,327,0
20060613,47.646,47.646,47.137,47.137,442,0
20060614,47.036,47.036,47.036,47.036,105,0
20060615,48.027,48.182,48.027,48.182,327,0
20060616,47.9,47.9,47.701,47.764,2748,0
20060620,47.272,47.291,47.272,47.291,222,0
20060622,47.672,47.672,47.672,47.672,105,0
20060623,47.473,47.619,47.473,47.619,6595,0
20060626,47.882,47.882,47.882,47.882,222,0
20060627,48.074,48.074,47.464,47.5,2530,0
20060628,47.481,47.582,47.481,47.582,442,0
20060630,48.82,48.91,48.801,48.91,770,0
20060703,48.847,49.219,48.847,49.219,442,0
20060705,48.674,48.792,48.674,48.792,22537,0
20060706,48.847,48.847,48.847,48.847,105,0
20060710,48.838,48.855,48.646,48.646,4177,0
20060711,48.365,48.365,48.365,48.365,105,0
20060714,46.946,46.946,46.946,46.946,222,0
20060717,47.127,47.127,47.055,47.055,1210,0
20060718,46.673,46.9,46.673,46.9,549,0
20060719,47.809,47.809,47.773,47.773,442,0
20060724,47.5,47.5,47.41,47.41,327,0
20060725,47.609,47.609,47.609,47.609,222,0
20060727,48.018,48.018,47.591,47.601,442,0
20060728,48.128,48.192,48.11,48.192,6595,0
20060731,48.155,48.173,48.155,48.173,877,0
20060801,47.801,47.9,47.801,47.9,327,0
20060802,48.201,48.246,48.082,48.082,1100,0
20060803,47.9,48.419,47.9,48.419,662,0
20060804,48.709,48.901,48.31,48.31,9565,0
20060807,48.291,48.291,48.155,48.164,7036,0
20060808,48.119,48.119,47.928,47.928,442,0
20060809,47.801,47.801,47.801,47.801,105,0
20060810,47.682,47.809,47.682,47.809,222,0
20060811,47.691,47.691,47.609,47.609,222,0
20060817,49.1,49.1,49.1,49.1,105,0
20060818,49.074,49.074,48.919,48.919,549,0
20060821,48.792,48.792,48.727,48.764,2090,0
20060822,48.783,48.828,48.7,48.828,2090,0
20060823,48.783,48.783,48.365,48.4,662,0
20060825,48.273,48.273,48.273,48.273,442,0
20060828,48.273,48.674,48.273,48.674,442,0
20060829,48.828,48.982,48.719,48.946,3189,0
20060830,49.019,49.029,49.019,49.029,1430,0
20060905,49.438,49.465,49.383,49.465,20670,0
20060906,49.1,49.1,48.929,48.929,662,0
20060907,48.592,48.855,48.592,48.592,770,0
20060908,48.619,48.792,48.619,48.792,327,0
20060911,48.337,48.674,48.337,48.674,662,0
20060912,49.219,49.219,49.219,49.219,222,0
20060913,49.41,49.41,49.41,49.41,105,0
20060914,49.656,49.656,49.592,49.592,1210,0
20060915,49.438,49.438,49.438,49.438,105,0
20060918,49.428,49.428,49.274,49.274,2748,0
20060921,49.201,49.201,49.201,49.201,105,0
20060922,48.773,48.919,48.764,48.919,549,0
20060926,49.338,49.519,49.338,49.519,442,0
20060928,49.638,49.638,49.51,49.51,222,0
20061002,49.582,49.582,49.192,49.32,1539,0
20061003,49.119,49.465,49.119,49.32,1320,0
20061004,49.51,49.856,49.51,49.856,442,0
20061009,49.992,49.992,49.992,49.992,2199,0
20061011,50.329,50.357,50.329,50.357,2090,0
20061013,51.02,51.193,51.02,51.175,2418,0
20061016,51.312,51.312,51.312,51.312,105,0
20061018,51.121,51.121,51.121,51.121,549,0
20061019,51.121,51.121,51.002,51.084,770,0
20061020,51.047,51.047,50.857,50.857,5057,0
20061023,50.838,51.139,50.838,51.139,2636,0
20061024,51.039,51.157,51.039,51.157,442,0
20061026,51.52,51.52,51.502,51.502,222,0
20061030,51.539,51.539,51.512,51.512,327,0
20061031,51.621,51.639,51.548,51.548,988,0
20061101,51.448,51.675,51.448,51.603,2311,0
20061102,51.084,51.084,51.084,51.084,442,0
20061103,50.884,50.911,50.83,50.902,2311,0
20061106,51.348,51.348,51.348,51.348,222,0
20061107,51.529,51.702,51.529,51.702,549,0
20061108,51.539,51.539,51.539,51.539,105,0
20061109,51.839,51.839,51.839,51.839,4728,0
20061114,51.984,52.113,51.984,52.113,327,0
20061115,52.467,52.467,52.467,52.467,222,0
20061116,52.603,52.776,52.603,52.776,4067,0
20061117,52.694,52.694,52.694,52.694,222,0
20061120,52.721,52.721,52.721,52.721,105,0
20061122,53.24,53.24,53.24,53.24,222,0
20061124,53.358,53.358,53.358,53.358,105,0
20061128,52.448,52.448,52.448,52.448,105,0
20061129,52.976,53.058,52.785,53.058,2636,0
20061201,53.003,53.24,52.967,53.24,662,0
20061204,53.713,53.895,53.713,53.895,1760,0
20061205,54.004,54.004,54.004,54.004,105,0
20061208,53.767,53.858,53.622,53.858,549,0
20061212,53.449,53.541,53.449,53.541,1539,0
20061213,53.777,53.777,53.649,53.649,222,0
20061214,53.84,54.004,53.84,54.004,327,0
20061215,53.55,53.55,53.494,53.494,222,0
20061218,53.504,53.504,53.504,53.504,105,0
20061220,53.103,53.103,53.103,53.103,549,0
20061221,53.24,53.24,53.085,53.085,3957,0
20061222,52.813,52.813,52.621,52.675,1100,0
20061226,52.748,52.994,52.748,52.976,6707,0
20061227,52.994,53.322,52.994,53.322,1760,0
20061228,53.412,53.412,53.358,53.358,662,0
20061229,53.422,53.422,53.422,53.422,105,0
20070103,53.622,53.622,53.013,53.031,877,0
20070104,53.139,53.295,53.139,53.295,1649,0
20070105,52.967,52.967,52.748,52.758,1100,0
20070108,52.595,52.703,52.585,52.703,327,0
20070109,52.831,52.831,52.831,52.831,2418,0
20070110,52.831,53.013,52.822,53.013,549,0
20070111,53.213,53.639,53.213,53.568,6047,0
20070112,53.74,53.786,53.695,53.695,3299,0
20070116,53.831,53.949,53.831,53.858,8356,0
20070117,53.731,53.968,53.731,53.84,22537,0
20070118,53.949,53.949,53.639,53.639,2311,0
20070119,53.759,53.876,53.74,53.876,1760,0
20070122,53.667,53.667,53.63,53.63,222,0
20070123,53.722,53.949,53.722,53.895,2530,0
20070124,54.131,54.131,54.131,54.131,1210,0
20070125,53.996,54.085,53.996,54.076,2967,0
20070126,53.959,53.959,53.959,53.959,2967,0
20070129,54.367,54.376,54.331,54.331,442,0
20070130,54.513,54.668,54.478,54.668,7258,0
20070131,54.55,54.686,54.55,54.686,549,0
20070201,55.123,55.313,55.123,55.313,1981,0
20070202,55.46,55.523,55.404,55.497,1760,0
20070205,55.404,55.404,55.404,55.404,222,0
20070206,55.832,55.841,55.832,55.841,327,0
20070207,56.05,56.05,55.978,56.022,1649,0
20070208,56.105,56.105,56.096,56.096,549,0
20070209,56.26,56.26,55.65,55.715,8246,0
20070212,55.623,55.623,55.54,55.549,662,0
20070213,55.795,55.951,55.786,55.951,988,0
20070214,56.433,56.433,56.415,56.415,327,0
20070215,56.396,56.569,56.396,56.569,988,0
20070216,56.443,56.588,56.443,56.588,2199,0
20070220,56.906,56.915,56.906,56.915,549,0
20070221,56.842,56.996,56.842,56.996,222,0
20070222,57.069,57.069,56.96,56.96,877,0
20070223,56.705,56.796,56.705,56.796,442,0
20070226,57.078,57.078,56.623,56.805,7587,0
20070227,56.05,56.05,54.759,55.241,1210,0
20070228,55.214,55.359,55.123,55.359,2748,0
20070301,54.432,55.423,54.305,55.187,8465,0
20070302,55.005,55.067,54.495,54.495,4290,0
20070305,53.949,53.986,53.486,53.486,1760,0
20070306,53.895,54.395,53.895,54.286,2967,0
20070307,54.296,54.459,54.232,54.313,3957,0
20070308,54.803,54.803,54.659,54.686,11434,0
20070309,55.049,55.049,54.895,54.895,222,0
20070312,54.895,55.049,54.895,55.049,549,0
20070314,54.149,54.158,53.504,54.121,10006,0
20070315,54.395,54.622,54.395,54.622,1210,0
20070316,54.313,54.567,54.186,54.204,36059,0
20070319,54.723,54.741,54.723,54.741,549,0
20070320,54.941,55.086,54.941,55.086,1210,0
20070321,55.095,55.869,55.095,55.869,12643,0
20070322,56.078,56.078,55.896,55.896,770,0
20070323,56.078,56.197,56.078,56.114,988,0
20070326,56.16,56.16,55.795,55.813,1430,0
20070327,55.669,55.669,55.669,55.669,662,0
20070329,55.514,55.514,55.251,55.377,5057,0
20070330,55.724,55.742,55.377,55.559,1981,0
20070402,55.75,55.887,55.75,55.887,549,0
20070403,56.142,56.369,56.142,56.369,327,0
20070404,56.206,56.26,56.206,56.26,877,0
20070405,56.35,56.35,56.332,56.332,877,0
20070409,56.478,56.478,56.478,56.478,2311,0
20070411,56.487,56.487,56.315,56.315,222,0
20070412,56.078,56.096,56.078,56.096,1210,0
20070413,56.588,56.724,56.588,56.724,662,0
20070416,57.142,57.142,57.142,57.142,327,0
20070417,57.342,57.342,57.342,57.342,327,0
20070418,57.37,57.479,57.37,57.479,442,0
20070419,57.305,57.305,57.305,57.305,105,0
20070420,57.697,57.697,57.697,57.697,222,0
20070423,57.824,57.961,57.824,57.961,1981,0
20070424,57.733,57.769,57.524,57.769,1100,0
20070425,58.015,58.015,58.015,58.015,662,0
20070430,58.043,58.043,57.987,57.987,549,0
20070501,57.269,57.287,57.115,57.115,2199,0
20070502,57.933,58.107,57.933,57.997,1760,0
20070503,58.052,58.052,58.033,58.033,442,0
20070504,58.26,58.26,58.133,58.16,549,0
20070507,58.353,58.353,58.353,58.353,327,0
20070508,58.123,58.252,58.123,58.252,1760,0
20070509,58.58,58.652,58.58,58.652,2530,0
20070510,58.643,58.643,58.397,58.397,549,0
20070511,58.388,58.625,58.388,58.625,3299,0
20070514,58.807,58.807,58.434,58.434,1430,0
20070516,58.425,58.469,58.388,58.469,1320,0
20070518,58.416,58.58,58.416,58.58,442,0
20070522,58.97,59.162,58.97,59.162,549,0
20070523,58.943,58.943,58.943,58.943,770,0
20070524,58.733,58.733,58.223,58.233,6377,0
20070525,58.17,58.17,58.17,58.17,105,0
20070529,58.67,58.743,58.67,58.743,222,0
20070530,58.906,58.906,58.906,58.906,222,0
20070531,59.652,59.671,59.652,59.671,662,0
20070601,59.788,59.788,59.788,59.788,327,0
20070604,59.908,59.971,59.908,59.944,1539,0
20070605,59.717,59.717,59.535,59.535,1760,0
20070606,58.834,58.834,58.807,58.807,222,0
20070607,58.589,58.606,57.697,57.697,877,0
20070608,57.442,57.742,57.442,57.742,442,0
20070611,58.015,58.207,57.88,58.079,3628,0
20070612,57.697,57.697,57.442,57.442,988,0
20070613,57.625,57.997,57.625,57.997,877,0
20070615,58.443,58.589,58.207,58.469,774942,0
20070618,58.379,58.379,58.223,58.223,442,0
20070619,58.107,58.17,58.088,58.17,988,0
20070620,58.179,58.179,57.961,57.961,1100,0
20070621,57.26,57.779,57.224,57.779,549,0
20070622,57.269,57.398,57.269,57.398,2748,0
20070625,57.287,57.287,57.005,57.06,662,0
20070626,57.234,57.234,56.679,56.679,1210,0
20070627,56.406,57.324,56.406,57.324,1539,0
20070628,57.67,57.67,57.506,57.506,770,0
20070629,57.788,57.788,57.215,57.215,327,0
20070702,57.997,57.997,57.997,57.997,327,0
20070703,58.325,58.334,58.325,58.334,662,0
20070705,58.353,58.434,58.242,58.397,2858,0
20070706,58.297,58.706,58.297,58.706,877,0
20070709,58.752,58.752,58.416,58.643,12093,0
20070711,57.678,57.852,57.678,57.843,1866,0
20070712,58.233,58.379,58.233,58.379,222,0
20070713,58.733,58.733,58.733,58.733,105,0
20070716,58.889,58.979,58.743,58.743,13304,0
20070717,58.625,58.761,58.589,58.597,2311,0
20070718,58.052,58.297,58.052,58.297,549,0
20070719,58.633,58.652,58.633,58.652,222,0
20070720,58.116,58.116,57.806,57.815,7477,0
20070723,57.861,57.861,57.751,57.797,3189,0
20070724,57.169,57.224,56.459,56.459,6377,0
20070725,56.787,56.787,55.75,56.179,327,0
20070726,55.359,55.359,54.168,54.795,30122,0
20070727,54.741,54.987,53.622,53.622,15281,0
20070730,53.903,54.468,53.823,54.395,8574,0
20070731,55.005,55.005,53.759,53.814,8794,0
20070801,53.504,53.703,53.167,53.176,3518,0
20070802,54.358,54.358,54.158,54.313,1760,0
20070803,53.777,53.804,53.777,53.804,222,0
20070806,51.984,53.185,51.984,53.185,30893,0
20070807,52.93,53.304,52.93,53.304,5604,0
20070808,54.04,54.204,53.121,53.594,46614,0
20070809,52.694,53.094,52.176,52.176,14843,0
20070810,51.084,52.531,50.957,52.403,3189,0
20070813,53.422,53.422,52.831,52.857,11984,0
20070814,52.675,52.675,51.539,51.539,2530,0
20070815,51.483,51.821,50.457,50.457,27925,0
20070816,50.32,50.32,49.119,49.756,2311,0
20070817,51.557,52.13,51.483,52.021,4619,0
20070820,52.176,52.176,52.012,52.012,327,0
20070821,52.085,52.776,52.085,52.63,7147,0
20070822,53.157,53.349,53.077,53.349,662,0
20070823,53.649,53.649,53.194,53.194,770,0
20070824,53.194,53.422,53.194,53.422,1649,0
20070827,53.376,53.376,53.376,53.376,105,0
20070828,52.385,52.385,52.385,52.385,105,0
20070830,52.804,53.176,52.795,53.176,2967,0
20070904,53.858,54.013,53.858,54.013,1649,0
20070905,53.476,53.476,53.476,53.476,105,0
20070906,53.523,53.523,53.286,53.44,1210,0
20070907,52.694,52.74,52.694,52.74,222,0
20070910,52.648,52.648,52.021,52.021,877,0
20070912,52.73,52.73,52.657,52.666,2090,0
20070913,53.121,53.149,53.121,53.149,549,0
20070914,53.013,53.013,53.013,53.013,549,0
20070917,52.758,52.758,52.758,52.758,105,0
20070918,52.921,54.34,52.921,54.34,7258,0
20070919,55.195,55.195,55.168,55.168,1210,0
20070920,54.821,54.821,54.686,54.686,327,0
20070921,54.277,54.286,54.277,54.286,1100,0
20070925,53.458,53.568,53.458,53.541,1210,0
20070926,54.04,54.04,53.895,53.895,662,0
20070927,54.269,54.269,54.269,54.269,877,0
20070928,54.478,54.478,54.176,54.176,877,0
20071001,54.668,54.895,54.604,54.895,14730,0
20071002,54.951,55.023,54.951,55.023,5936,0
20071003,55.168,55.168,54.978,54.978,222,0
20071004,54.877,54.877,54.877,54.877,12420,0
20071005,55.404,55.404,55.404,55.404,662,0
20071008,55.869,55.877,55.505,55.505,1320,0
20071009,55.559,55.559,55.559,55.559,327,0
20071010,55.687,55.687,55.687,55.687,442,0
20071011,56.16,56.16,55.487,55.487,3628,0
20071016,54.649,54.649,54.622,54.622,549,0
20071017,54.094,54.232,54.094,54.232,222,0
20071018,54.013,54.013,54.013,54.013,549,0
20071019,54.094,54.094,52.948,52.948,2199,0
20071022,52.767,53.403,52.767,53.403,2530,0
20071023,53.622,53.622,53.523,53.523,442,0
20071024,53.541,53.55,52.939,53.55,13304,0
20071025,53.586,53.804,53.23,53.713,10227,0
20071026,54.04,54.112,53.823,54.068,7806,0
20071029,54.505,54.505,54.213,54.222,1760,0
20071030,54.269,54.385,54.149,54.149,2418,0
20071031,54.321,54.577,54.321,54.577,1760,0
20071101,53.804,53.84,53.703,53.703,1430,0
20071102,53.349,53.349,52.73,52.73,1430,0
20071105,53.221,53.221,52.494,52.876,1189,0
20071107,52.848,52.848,52.239,52.239,877,0
20071108,52.867,52.867,51.793,51.839,2018,0
20071109,52.148,52.148,52.148,52.148,105,0
20071112,52.13,52.258,51.966,51.966,877,0
20071113,52.312,52.312,51.948,52.085,879,0
20071114,52.63,52.675,52.539,52.539,770,0
20071115,52.266,52.266,51.984,51.984,442,0
20071116,51.393,51.493,51.393,51.493,662,0
20071119,50.938,50.938,50.574,50.783,4728,0
20071120,50.766,50.911,49.947,49.974,5826,0
20071121,48.491,50.211,48.491,49.947,4027,0
20071123,50.748,50.893,50.748,50.893,222,0
20071126,50.42,50.574,49.692,49.692,3850,0
20071127,50.192,50.192,49.984,49.984,442,0
20071128,51.175,51.393,51.175,51.393,222,0
20071129,51.284,51.666,51.284,51.666,1649,0
20071130,52.03,52.176,52.03,52.113,662,0
20071203,51.793,52.03,51.793,52.012,2530,0
20071206,53.185,53.185,53.185,53.185,1320,0
20071207,53.366,53.55,53.304,53.304,4290,0
20071210,53.931,53.931,53.876,53.876,1100,0
20071211,53.331,53.331,53.331,53.331,105,0
20071212,53.422,53.422,51.966,51.966,928,0
20071214,51.785,51.785,51.566,51.566,549,0
20071218,50.365,50.911,50.365,50.911,6816,0
20071219,50.947,51.111,50.748,51.029,1760,0
20071220,51.238,51.238,50.83,50.875,988,0
20071221,51.612,51.748,51.612,51.748,549,0
20071226,52.113,52.239,52.058,52.239,23526,0
20071227,52.039,52.103,51.648,51.648,1866,0
20071228,51.621,51.621,51.465,51.465,662,0
20071231,51.175,51.384,51.157,51.339,2418,0
20080102,51.084,51.084,50.593,50.593,770,0
20080103,50.584,50.584,50.102,50.102,2967,0
20080107,48.91,48.91,48.437,48.692,7477,0
20080108,48.883,48.883,48.883,48.883,105,0
20080109,47.392,47.5,47.392,47.473,4067,0
20080110,47.682,47.882,47.664,47.745,3957,0
20080111,48.201,48.209,47.928,47.928,549,0
20080115,47.718,47.718,47.336,47.336,442,0
20080116,47.309,47.609,47.309,47.373,1320,0
20080117,47.2,47.2,45.763,45.763,2090,0
20080118,46,46,45.317,45.408,2418,0
20080122,44.772,44.772,44.662,44.662,988,0
20080123,45.199,46.927,45.199,46.927,3189,0
20080124,47.155,47.373,47.155,47.218,1539,0
20080125,47.918,47.918,46.909,47.1,3189,0
20080128,46.973,47.473,46.973,47.473,442,0
20080129,48.045,48.045,48.045,48.045,1320,0
20080130,48.627,49.474,48.447,48.447,10006,0
20080131,48.454,49.42,48.454,49.42,442,0
20080201,49.692,50.365,49.692,50.365,13304,0
20080204,50.438,50.438,49.984,50.047,6156,0
20080205,49.41,49.41,48.91,48.938,2199,0
20080206,48.709,48.919,48.374,48.374,9782,0
20080207,48.301,48.301,48.301,48.301,1981,0
20080208,48.519,48.519,48.5,48.5,6595,0
20080211,48.254,48.692,48.146,48.674,28254,0
20080212,49.328,49.328,48.964,48.964,6707,0
20080213,49.237,49.237,49.237,49.237,222,0
20080214,49.365,49.365,48.964,49.029,2967,0
20080215,48.447,48.792,48.374,48.792,8246,0
20080219,49.574,49.574,48.709,48.709,90917,0
20080220,48.437,49.293,48.437,49.293,25948,0
20080221,48.892,48.892,48.537,48.564,9894,0
20080222,48.964,48.964,48.955,48.955,1539,0
20080225,48.864,49.474,48.864,49.474,7147,0
20080226,49.847,50.138,49.619,50.138,16821,0
20080227,50.129,50.129,49.729,49.947,877,0
20080228,49.283,49.42,49.183,49.183,662,0
20080229,48.464,48.473,47.828,47.991,6595,0
20080304,47.118,47.555,46.973,47.508,82012,0
20080305,48.01,48.128,48,48,12093,0
20080306,46.9,46.9,46.572,46.572,12972,0
20080307,46.244,46.563,45.736,46.044,1539,0
20080310,45.881,45.881,45.298,45.298,6595,0
20080311,45.89,45.89,45.89,45.89,549,0
20080312,46.963,47.155,46.609,46.627,8574,0
20080313,45.763,46.963,45.763,46.963,549,0
20080314,47.036,47.036,45.972,45.972,3189,0
20080317,45.317,45.463,45.035,45.463,10553,0
20080318,46.354,46.818,46.354,46.818,549,0
20080320,47.619,47.619,45.927,46.344,2090,0
20080324,47.655,47.655,47.299,47.392,442,0
20080325,47.764,48.119,47.764,48.11,4398,0
20080326,47.364,47.445,47.328,47.328,988,0
20080327,47.2,47.2,47.2,47.2,105,0
20080328,46.627,46.627,46.59,46.59,770,0
20080331,46.081,46.437,46.081,46.418,770,0
20080401,47.41,47.682,47.4,47.682,17041,0
20080403,48.564,49.01,48.564,49.01,877,0
20080407,49.083,49.083,49.083,49.083,105,0
20080408,48.709,48.801,48.574,48.637,2967,0
20080409,47.892,47.892,47.892,47.892,105,0
20080410,47.937,47.937,47.937,47.937,327,0
20080418,49.529,49.556,49.474,49.474,1760,0
20080421,48.092,49.302,48.092,49.302,415,0
20080422,48.473,48.473,48.473,48.473,288,0
20080424,48.873,48.873,48.873,48.873,222,0
20080425,49.383,49.729,49.029,49.666,9331,0
20080428,49.647,49.875,49.647,49.875,1100,0
20080430,49.992,49.992,49.847,49.974,1958,0
20080501,50.365,50.365,50.365,50.365,105,0
20080505,50.229,50.229,50.229,50.229,327,0
20080506,49.892,50.148,49.892,50.148,5057,0
20080507,50.529,50.529,50.529,50.529,222,0
20080509,49.656,49.747,49.656,49.747,230,0
20080512,50.502,50.502,50.502,50.502,125,0
20080513,50.402,50.402,50.402,50.402,105,0
20080515,50.938,51.147,50.938,51.147,276,0
20080520,51.184,51.184,51.184,51.184,284,0
20080521,51.184,51.229,51.184,51.229,1100,0
20080522,50.684,50.684,50.674,50.674,268,0
20080528,50.411,50.411,50.411,50.411,590,0
20080530,50.984,51.029,50.92,51.029,3683,0
20080603,50.711,50.875,50.565,50.565,2199,0
20080605,51.066,51.393,51.066,51.393,1430,0
20080609,50.02,50.02,49.692,49.692,222,0
20080611,49.601,49.601,48.982,48.982,4190,0
20080613,49.047,49.047,48.847,48.847,442,0
20080617,49.228,49.373,49.228,49.373,237,0
20080618,48.583,48.583,48.447,48.447,1649,0
20080624,47.173,47.682,47.173,47.682,2199,0
20080625,47.601,47.672,47.536,47.536,1789,0
20080630,46.026,46.026,45.982,45.982,1320,0
20080701,45.499,45.499,45.499,45.499,442,0
20080702,45.672,45.672,45.672,45.672,222,0
20080707,44.571,44.571,43.86,43.99,5166,0
20080708,43.943,43.971,43.889,43.889,3850,0
20080709,45.009,45.325,45.009,45.135,4300,0
20080710,44.17,44.17,44.162,44.162,1100,0
20080711,43.934,44.598,43.934,44.189,5106,0
20080714,43.68,43.98,43.525,43.634,4822,0
20080715,42.806,43.48,42.461,43.48,5511,0
20080716,42.806,44.326,42.806,44.326,2152,0
20080717,44.763,45.298,44.435,45.181,10860,0
20080718,45.254,45.435,45.108,45.108,2224,0
20080722,43.517,45.835,43.517,45.826,4365,0
20080723,47.008,47.008,47.008,47.008,1430,0
20080724,46.481,46.481,46,46,5604,0
20080725,45.972,45.972,45.571,45.571,5057,0
20080728,45.771,45.771,45.771,45.771,442,0
20080730,46.044,46.044,46.044,46.044,105,0
20080731,46.49,46.49,46.49,46.49,327,0
20080801,46.999,46.999,46.409,46.409,398,0
20080804,47.109,47.109,45.662,45.844,1651,0
20080805,46.418,46.418,46.418,46.418,1100,0
20080806,46.9,46.9,46.9,46.9,105,0
20080807,46.772,46.772,46.727,46.727,554,0
20080808,47.183,47.183,47.183,47.183,105,0
20080811,47.981,48.11,47.392,47.955,13587,0
20080812,47.773,47.801,47.272,47.291,2599,0
20080813,47.291,47.291,47.291,47.291,105,0
20080814,47.018,47.336,47.018,47.336,2261,0
20080815,47.773,47.773,47.773,47.773,453,0
20080818,47.055,47.773,47.055,47.191,1288,0
20080819,46.427,46.481,46.427,46.481,289,0
20080820,46.409,46.691,46.254,46.536,4909,0
20080821,46.437,46.437,46.409,46.409,340,0
20080822,46.873,47.026,46.873,47.026,442,0
20080827,46.354,47.045,46.354,47.045,3240,0
20080828,47.672,47.672,47.672,47.672,212,0
20080902,48.246,48.246,47.527,47.527,770,0
20080903,47.727,47.754,47.637,47.664,2519,0
20080904,46.809,46.891,46.809,46.891,890,0
20080908,48.328,48.328,47.419,47.882,4904,0
20080909,47.191,47.191,47.183,47.183,3518,0
20080910,46.108,46.818,46.108,46.818,2006,0
20080911,46.581,46.581,46.363,46.427,1430,0
20080912,46.909,47.309,46.909,47.272,669,0
20080915,46.4,46.4,46.39,46.39,1760,0
20080916,45.052,45.181,44.598,44.598,3537,0
20080917,44.326,44.834,44.326,44.834,272,0
20080918,44.217,46.228,44.217,46.228,8246,0
20080919,48.018,48.365,48.018,48.365,327,0
20080922,46.809,46.809,46.026,46.026,6887,0
20080925,45.399,45.399,45.399,45.399,222,0
20080926,44.499,44.616,44.253,44.616,5513,0
20080929,43.452,43.552,41.834,41.943,5156,0
20080930,42.479,43.289,42.206,43.289,2980,0
20081003,42.279,42.279,40.896,40.905,7228,0
20081006,38.577,38.694,37.585,38.658,25619,0
20081007,38.158,38.212,36.385,36.385,3299,0
20081008,35.912,36.24,35.912,36.24,501,0
20081009,34.738,34.738,34.738,34.738,1484,0
20081010,31.846,33.265,29.827,33.265,14835,0
20081013,36.695,36.695,34.674,35.102,3163,0
20081014,38.841,38.841,35.293,35.967,5976,0
20081015,34.547,34.547,33.664,33.891,4659,0
20081017,33.637,34.947,33.637,34.947,3386,0
20081020,34.966,35.003,34.966,35.003,316,0
20081021,34.846,35.329,34.584,34.584,2339,0
20081022,33.328,33.328,32.21,32.21,1909,0
20081023,31.691,32.482,30.79,31.881,3995,0
20081024,30.855,31.264,30.855,31.228,3931,0
20081027,30.899,31.246,30.245,30.245,3875,0
20081028,29.853,32.829,29.744,32.81,5183,0
20081029,32.656,33.082,32.656,33.082,274,0
20081030,33.465,33.465,33.465,33.465,294,0
20081103,35.065,35.065,34.748,34.947,2990,0
20081104,35.593,35.611,35.129,35.538,4584,0
20081105,35.212,35.212,34.029,34.092,6563,0
20081106,33.655,33.655,32.373,32.373,6475,0
20081107,32.773,32.773,32.164,32.491,8578,0
20081110,33.409,33.409,31.754,32,19404,0
20081111,31.218,31.299,31.127,31.299,1603,0
20081112,30.254,30.254,30.18,30.18,232,0
20081113,29.708,30.736,29.109,30.736,2306,0
20081114,31.618,31.618,30.727,31.291,4806,0
20081117,29.926,30.672,29.8,29.8,11765,0
20081118,30.127,30.254,30.127,30.127,763,0
20081119,28.198,28.572,27.898,27.898,442,0
20081120,26.842,27.07,26.059,26.059,2281,0
20081121,25.961,25.961,24.732,25.633,10530,0
20081124,27.043,29.225,27.043,29.225,3409,0
20081125,29.125,29.281,28.998,28.998,4634,0
20081126,28.971,30.699,28.971,30.699,1196,0
20081128,30.536,30.563,30.536,30.563,1649,0
20081201,29.635,29.635,29.162,29.162,4661,0
20081202,28.252,29.035,28.252,28.653,2394,0
20081203,29.8,29.827,28.826,29.827,1941,0
20081204,29.754,30.209,29.754,30.209,442,0
20081205,28.962,30.399,28.27,30.399,4153,0
20081208,31.336,31.445,31.009,31.009,3396,0
20081209,31.618,31.91,30.681,30.773,8170,0
20081210,31.119,31.609,31.119,31.318,3159,0
20081211,31.291,31.291,29.963,29.963,1786,0
20081212,29.554,30.291,29.554,30.263,5481,0
20081215,31.082,31.082,29.808,30.263,3432,0
20081216,30.763,31.809,30.745,31.809,6296,0
20081217,31.627,32.756,31.627,32.428,15203,0
20081218,32.146,32.31,31.408,31.536,6188,0
20081219,31.545,31.701,31.318,31.482,25351,0
20081222,31.555,31.555,30.153,30.153,8338,0
20081223,31.127,31.127,30.3,30.536,27377,0
20081224,30.845,30.845,30.518,30.536,10849,0
20081226,30.582,30.89,30.582,30.89,3807,0
20081229,31.072,31.072,30.18,30.572,19813,0
20081230,30.663,31.455,30.663,31.455,15882,0
20081231,31.973,32.01,31.973,32.01,3415,0
20090102,32.719,32.719,32.719,32.719,634,0
20090107,32.746,32.746,32.746,32.746,442,0
20090108,32.291,32.719,32.291,32.719,947,0
20090109,32.118,32.118,32.109,32.109,1108,0
20090112,31.91,31.91,30.945,30.982,3508,0
20090113,31.246,31.246,31.246,31.246,105,0
20090114,30.162,30.162,30.162,30.162,829,0
20090115,29.572,30.436,29.572,30.436,818,0
20090116,30.653,30.653,30.254,30.363,1078,0
20090120,30.09,30.09,29.808,29.827,581,0
20090122,29.381,29.381,29.381,29.381,173,0
20090123,29.354,29.354,29.354,29.354,105,0
20090126,29.818,29.818,29.79,29.79,3352,0
20090127,29.953,29.953,29.953,29.953,105,0
20090129,30.436,30.436,30.436,30.436,770,0
20090130,30.054,30.054,29.118,29.118,2868,0
20090203,28.889,29.162,28.889,29.135,969,0
20090204,29.254,29.254,28.998,29.062,5553,0
20090205,29.035,29.318,29.035,29.035,439,0
20090206,30.072,30.072,30.072,30.072,351,0
20090209,30.19,30.236,30.162,30.236,1261,0
20090210,30.217,30.217,28.908,28.908,1168,0
20090211,28.653,28.771,28.516,28.771,861,0
20090212,28.479,28.934,28.479,28.934,2992,0
20090213,29.072,29.072,28.944,28.944,1894,0
20090217,27.506,27.506,27.506,27.506,295,0
20090218,27.435,27.435,26.861,26.861,3070,0
20090219,27.334,27.398,26.842,26.842,2494,0
20090220,26.379,26.379,25.687,25.716,3499,0
20090223,25.332,25.332,25.332,25.332,271,0
20090224,25.47,26.17,25.47,26.17,2058,0
20090225,25.924,26.425,25.633,26.425,552,0
20090226,26.406,26.406,25.578,25.578,785,0
20090227,25.178,25.805,24.942,25.332,1933,0
20090302,24.814,24.85,23.822,23.822,3072,0
20090303,24.105,24.105,23.605,23.605,1592,0
20090304,23.805,24.059,23.732,24.042,2468,0
20090305,22.895,22.895,22.731,22.731,585,0
20090306,23.004,23.159,22.122,22.422,12404,0
20090309,22.541,22.541,22.541,22.541,662,0
20090311,24.422,24.422,24.368,24.368,327,0
20090312,24.178,25.269,24.132,25.269,4804,0
20090313,25.543,25.543,25.205,25.514,2342,0
20090316,25.906,26.124,25.278,25.287,2018,0
20090317,25.378,26.115,25.378,26.115,2311,0
20090318,25.67,26.333,25.67,26.333,327,0
20090319,27.134,27.307,26.806,26.806,7089,0
20090320,26.342,26.488,25.76,25.887,3409,0
20090323,27.189,27.407,26.542,27.407,2418,0
20090325,27.061,27.061,27.061,27.061,549,0
20090326,27.38,28.353,27.38,28.344,15462,0
20090327,28.18,28.18,27.644,27.644,6859,0
20090330,23.55,26.67,23.013,26.533,10880,0
20090331,25.97,27.189,25.97,27.161,2160,0
20090401,27.435,27.435,27.435,27.435,105,0
20090403,28.435,29.198,28.262,29.198,6458,0
20090406,28.68,28.762,28.435,28.762,3737,0
20090407,28.189,28.189,27.77,27.77,3246,0
20090408,28.025,28.198,27.752,28.153,13191,0
20090409,29.189,30.036,29.189,30.036,2841,0
20090413,30.017,30.017,30.017,30.017,327,0
20090414,29.572,30.108,29.008,29.008,12633,0
20090415,28.934,29.818,28.925,29.818,19312,0
20090416,30.045,30.945,29.608,30.681,10331,0
20090417,30.553,30.563,30.417,30.417,4026,0
20090420,30.236,30.245,28.952,28.952,7366,0
20090421,29.318,30.117,29.308,30.117,22380,0
20090422,30.773,30.873,29.944,29.944,24204,0
20090423,30.345,30.354,29.617,30.254,23088,0
20090424,30.972,31.518,30.754,31.145,14636,0
20090427,30.936,31.127,30.417,30.553,1430,0
20090428,30.653,30.926,30.445,30.445,5329,0
20090429,31.364,31.492,31.272,31.492,1430,0
20090430,32,32.191,31.545,31.555,18909,0
20090501,31.355,31.591,31.355,31.408,1981,0
20090504,32.201,33.01,32.1,33.01,3299,0
20090505,32.556,32.864,32.464,32.792,8069,0
20090506,32.619,33.409,32.619,33.219,12197,0
20090507,32.82,32.955,32.201,32.301,3385,0
20090508,32.846,33.819,32.709,33.819,5586,0
20090511,33.074,33.238,32.61,32.61,4767,0
20090512,31.937,33.029,31.719,32.201,3903,0
20090513,31.299,31.299,30.672,30.681,1606,0
20090514,31.035,31.455,31.035,31.364,5045,0
20090515,31.199,31.582,30.672,30.89,7388,0
20090518,31.191,32.027,31.191,32.027,5613,0
20090519,32.037,32.447,31.945,32.027,770,0
20090520,32.528,32.528,32.528,32.528,780,0
20090521,31.145,31.291,31.072,31.291,4044,0
20090522,31.508,31.508,31.199,31.199,6267,0
20090526,30.855,32.346,30.855,32.346,5055,0
20090527,32.301,32.301,31.518,31.518,1406,0
20090528,31.791,31.945,31.264,31.91,4346,0
20090529,31.937,31.937,31.8,31.91,1013,0
20090602,33.711,33.711,33.592,33.619,2858,0
20090603,33.256,33.374,32.846,32.9,7020,0
20090604,33.293,33.701,33.293,33.701,1551,0
20090605,33.592,33.592,33.592,33.592,105,0
20090608,33.647,33.647,33.529,33.529,327,0
20090609,33.474,33.711,33.474,33.619,1566,0
20090610,33.419,33.419,33.056,33.283,3067,0
20090611,33.619,33.928,33.611,33.765,4493,0
20090612,33.219,33.219,33.219,33.219,152,0
20090615,32.737,32.737,32.574,32.7,525,0
20090616,32.719,32.719,32.1,32.127,3590,0
20090617,31.682,32.046,31.682,32.046,222,0
20090618,31.8,32.064,31.691,32.064,5588,0
20090622,31.091,31.091,31.091,31.091,196,0
20090623,31.045,31.072,30.773,30.863,1151,0
20090625,31.645,31.645,31.637,31.637,809,0
20090626,31.891,31.891,31.881,31.881,463,0
20090629,32.227,32.31,32.21,32.283,2239,0
20090630,32.291,32.291,31.8,32.082,18857,0
20090701,32.41,32.419,32.41,32.419,327,0
20090702,31.601,31.601,31.601,31.601,105,0
20090706,31.182,31.182,30.963,31.154,2199,0
20090707,30.855,30.982,30.745,30.745,570,0
20090708,30.381,30.381,30.008,30.145,1100,0
20090709,30.627,30.627,30.5,30.518,2942,0
20090710,30.373,30.373,30.281,30.281,222,0
20090713,30.518,31.072,30.518,31.072,1940,0
20090714,31.109,31.445,31.109,31.381,1712,0
20090715,31.981,32.473,31.981,32.447,1635,0
20090716,32.5,32.946,32.5,32.946,654,0
20090717,32.756,32.756,32.583,32.61,3766,0
20090720,32.883,32.883,32.883,32.883,662,0
20090721,33.21,33.219,32.919,32.983,1825,0
20090722,33.065,33.319,33.065,33.182,3706,0
20090723,33.928,34.201,33.919,34.201,810,0
20090724,34.092,34.411,34.092,34.411,2329,0
20090727,34.438,34.802,34.438,34.802,1780,0
20090728,34.73,34.856,34.556,34.856,4429,0
20090729,34.62,34.62,34.62,34.62,243,0
20090803,35.556,35.675,35.556,35.675,420,0
20090804,36.257,36.458,36.231,36.412,932,0
20090805,36.357,36.648,36.357,36.648,330,0
20090807,37.158,37.567,36.949,37.567,5457,0
20090810,37.239,37.239,37.239,37.239,156,0
20090811,36.439,36.53,36.439,36.476,1472,0
20090812,37.094,37.239,37.094,37.239,274,0
20090813,36.976,37.195,36.976,37.195,2075,0
20090814,36.603,36.603,36.594,36.594,877,0
20090817,35.967,35.967,35.857,35.857,937,0
20090818,36.038,36.311,35.958,36.311,3643,0
20090819,36.057,36.057,36.057,36.057,647,0
20090820,36.367,37.049,36.348,37.049,5928,0
20090821,37.795,37.886,37.795,37.877,6388,0
20090824,38.212,38.258,37.721,37.721,7249,0
20090825,38.158,38.158,38.012,38.022,11333,0
20090826,38.095,38.113,38.04,38.04,839,0
20090827,38.086,38.268,38.086,38.268,2255,0
20090831,37.822,37.896,37.822,37.896,5304,0
20090901,38.195,38.212,36.84,36.84,924,0
20090902,36.385,36.385,36.385,36.385,222,0
20090903,36.612,36.612,36.612,36.612,105,0
20090904,36.904,37.248,36.876,37.158,76570,0
20090908,37.695,37.877,37.685,37.877,7063,0
20090909,38.132,38.448,38.012,38.313,1683,0
20090910,38.378,38.623,38.378,38.623,4402,0
20090911,38.694,38.713,38.694,38.713,521,0
20090914,38.258,39.268,38.258,39.268,7565,0
20090915,39.541,39.896,39.44,39.85,22823,0
20090916,40.459,40.732,40.459,40.705,6966,0
20090917,40.932,41.051,40.278,40.405,5157,0
20090918,40.168,40.223,39.906,40.168,10652,0
20090921,39.65,39.986,39.65,39.986,1525,0
20090922,40.323,40.323,40.196,40.196,414,0
20090923,40.369,40.442,39.996,40.15,1756,0
20090924,39.787,39.787,38.814,38.977,1465,0
20090925,38.814,38.814,38.786,38.786,468,0
20090928,38.914,39.613,38.914,39.613,4449,0
20090929,39.896,39.896,39.896,39.896,155,0
20090930,39.277,39.387,39.104,39.387,1337,0
20091001,39.287,39.287,38.186,38.186,5331,0
20091002,37.877,37.931,37.877,37.931,707,0
20091005,38.313,38.641,38.313,38.641,6371,0
20091006,39.032,39.068,39.032,39.05,1512,0
20091007,38.904,39.131,38.904,39.131,1333,0
20091008,39.713,39.723,39.596,39.596,908,0
20091009,39.623,39.676,39.623,39.676,637,0
20091012,40.114,40.114,40.005,40.005,1430,0
20091013,39.95,39.95,39.696,39.796,1622,0
20091014,40.25,40.578,40.25,40.541,5146,0
20091015,40.505,40.65,40.459,40.65,1696,0
20091016,40.369,40.369,40.26,40.26,1539,0
20091019,40.641,40.641,40.641,40.641,167,0
20091020,40.65,40.65,40.078,40.105,1563,0
20091021,40.578,40.578,40.469,40.469,1147,0
20091022,39.932,39.932,39.932,39.932,268,0
20091023,39.95,40.014,39.814,39.823,908,0
20091026,40.396,40.396,39.35,39.35,2564,0
20091027,39.405,39.422,39.24,39.24,827,0
20091028,38.914,38.914,37.931,37.931,6965,0
20091029,38.322,38.631,38.295,38.631,3553,0
20091030,38.378,38.378,37.703,37.712,5429,0
20091102,38.332,38.332,37.94,37.94,664,0
20091103,37.739,38.332,37.721,38.286,1552,0
20091104,38.867,38.923,38.677,38.841,2355,0
20091105,38.721,39.087,38.631,39.087,3025,0
20091106,39.014,39.014,38.74,38.867,3189,0
20091109,39.604,39.906,39.604,39.906,503,0
20091110,39.741,40.005,39.732,39.941,2832,0
20091111,40.305,40.305,40.068,40.168,1125,0
20091112,40.186,40.186,39.95,39.95,586,0
20091113,39.906,39.906,39.906,39.906,662,0
20091116,40.432,40.768,40.432,40.624,2147,0
20091118,40.505,40.523,40.369,40.515,3399,0
20091119,39.686,39.686,39.686,39.686,145,0
20091120,39.586,39.65,39.586,39.65,3191,0
20091123,40.26,40.26,39.922,39.922,967,0
20091124,39.869,39.922,39.859,39.922,486,0
20091125,40.086,40.223,40.086,40.223,1748,0
20091127,39.332,39.769,39.314,39.732,2709,0
20091130,39.432,39.44,39.213,39.287,1986,0
20091201,39.887,39.941,39.887,39.941,1743,0
20091202,40.423,40.478,40.405,40.478,1220,0
20091203,40.559,40.678,40.559,40.669,797,0
20091204,40.932,40.932,40.323,40.641,4107,0
20091207,40.532,40.532,40.532,40.532,877,0
20091208,40.26,40.396,40.25,40.278,4075,0
20091210,40.414,40.414,40.278,40.287,1040,0
20091211,40.559,40.641,40.559,40.624,2694,0
20091214,40.997,41.242,40.997,41.242,1662,0
20091215,41.124,41.124,41.06,41.069,494,0
20091216,41.315,41.361,41.178,41.25,4508,0
20091217,41.005,41.005,40.896,40.905,4479,0
20091218,40.742,40.887,40.742,40.879,40114,0
20091221,41.205,41.414,41.187,41.396,39369,0
20091222,41.551,41.706,41.551,41.706,1617,0
20091223,41.861,41.996,41.861,41.933,24773,0
20091224,42.142,42.215,42.124,42.215,3440,0
20091228,42.461,42.469,42.142,42.189,5125,0
20091229,42.179,42.179,42.16,42.17,1967,0
20091230,42.052,42.07,41.887,41.969,20232,0
20091231,42.097,42.106,41.824,41.843,7590,0
20100104,41.96,42.033,41.861,41.987,2112,0
20100105,42.033,42.033,41.769,41.996,6648,0
20100106,42.142,42.252,42.142,42.233,854,0
20100107,42.479,42.606,42.479,42.606,630,0
20100108,42.525,42.752,42.525,42.752,1357,0
20100111,42.879,42.879,42.725,42.816,2125,0
20100112,42.633,42.633,42.26,42.361,2039,0
20100113,42.706,42.898,42.706,42.898,4169,0
20100114,42.934,43.035,42.934,43.035,334,0
20100115,43.016,43.016,42.442,42.497,1685,0
20100119,42.58,42.58,42.58,42.58,176,0
20100120,42.697,42.697,42.406,42.479,1480,0
20100121,42.697,42.888,42.133,42.133,3189,0
20100122,41.806,41.806,41.287,41.287,1487,0
20100125,41.524,41.615,41.297,41.387,13737,0
20100126,41.46,41.533,41.342,41.514,6505,0
20100127,41.124,41.269,40.751,41.25,17778,0
20100128,41.287,41.287,40.615,40.805,9731,0
20100129,40.832,41.024,40.387,40.387,4050,0
20100201,40.414,40.805,40.414,40.805,4089,0
20100202,41.106,41.46,40.951,41.46,3754,0
20100203,41.414,41.478,41.151,41.205,1601,0
20100204,40.932,40.932,40.014,40.014,7885,0
20100205,40.059,40.059,39.176,39.569,2136,0
20100208,39.996,40.068,39.696,39.696,1898,0
20100209,40.086,40.232,40.014,40.123,8206,0
20100210,40.15,40.269,39.696,40.105,7454,0
20100211,40.123,40.387,40.123,40.387,527,0
20100212,40.05,40.751,40.05,40.751,18225,0
20100216,41.115,41.442,41.024,41.433,12858,0
20100217,41.607,41.633,41.607,41.633,560,0
20100218,41.824,41.979,41.733,41.96,5706,0
20100219,41.924,42.215,41.924,42.215,2801,0
20100222,42.343,42.352,42.316,42.352,410,0
20100223,42.224,42.224,41.852,41.924,1165,0
20100224,41.769,42.088,41.769,42.088,1466,0
20100225,41.597,42.124,41.57,42.124,3255,0
20100226,42.024,42.179,41.969,42.16,5505,0
20100301,42.297,42.597,42.297,42.58,1371,0
20100302,42.789,42.97,42.789,42.934,765,0
20100303,43.043,43.062,43.043,43.062,1022,0
20100304,42.998,43.052,42.998,43.043,560,0
20100305,43.38,43.716,43.38,43.716,2673,0
20100308,43.78,43.916,43.78,43.916,1303,0
20100309,43.744,44.089,43.744,44.026,24961,0
20100310,44.316,44.316,44.106,44.207,1771,0
20100311,44.362,44.362,44.362,44.362,105,0
20100312,44.49,44.607,44.453,44.544,1383,0
20100316,44.898,44.962,44.816,44.962,2545,0
20100317,45.344,45.608,45.281,45.408,2920,0
20100318,45.281,45.335,45.281,45.335,688,0
20100319,44.699,44.699,44.699,44.699,240,0
20100322,44.407,45.098,44.407,45.052,4223,0
20100323,45.009,45.435,44.99,45.435,1157,0
20100324,45.208,45.325,45.181,45.189,4345,0
20100325,45.353,45.381,45.288,45.288,1738,0
20100326,45.009,45.009,44.834,44.945,969,0
20100329,45.144,45.144,45.052,45.052,529,0
20100330,45.426,45.426,45.218,45.273,1637,0
20100331,45.144,45.353,45.125,45.245,7914,0
20100401,45.482,45.571,45.463,45.463,4607,0
20100405,45.644,46.071,45.644,46.071,2818,0
20100406,46.008,46.572,46.008,46.572,1538,0
20100407,46.481,46.49,46.063,46.262,4121,0
20100408,46.063,46.164,46.063,46.164,1527,0
20100409,46.254,46.536,46.254,46.536,1416,0
20100413,46.49,46.79,46.49,46.762,10856,0
20100414,47.073,47.073,47.073,47.073,249,0
20100415,47.245,47.364,47.209,47.346,8275,0
20100416,47.164,47.164,46.581,46.6,4440,0
20100419,46.418,46.455,46.1,46.455,3409,0
20100420,46.909,47.137,46.909,47.137,292,0
20100421,47.4,47.628,47.4,47.619,2522,0
20100422,47.127,48.045,47.127,48.018,4567,0
20100423,48.11,48.356,48.11,48.347,9988,0
20100426,48.491,48.5,48.483,48.483,770,0
20100427,48.201,48.201,46.982,46.982,1351,0
20100428,47.263,47.336,47.073,47.336,495,0
20100429,47.672,48.201,47.664,48.045,108025,0
20100430,47.419,47.419,47.164,47.164,796,0
20100503,47.637,47.828,47.637,47.709,5576,0
20100504,46.673,46.772,46.39,46.6,2568,0
20100505,46.145,46.145,46.026,46.117,2235,0
20100506,46.191,47.373,42.597,43.507,11930,0
20100507,44.263,44.799,43.316,43.643,3607,0
20100510,45.718,45.718,45.172,45.325,17655,0
20100511,45.482,46.327,45.482,45.908,13709,0
20100512,46.209,46.718,46.209,46.718,970,0
20100513,46.799,46.818,46.745,46.745,988,0
20100514,45.482,45.534,44.99,45.263,4699,0
20100517,45.273,45.273,44.862,45.027,4015,0
20100518,45.526,45.526,44.607,44.753,506,0
20100519,44.37,44.37,43.661,44.044,863,0
20100520,43.252,43.252,42.669,42.669,1912,0
20100521,41.706,43.016,41.633,42.998,14142,0
20100524,42.915,43.262,42.806,42.806,12134,0
20100525,41.37,42.397,40.932,42.397,3641,0
20100526,42.643,43.207,42.451,42.552,10486,0
20100527,43.507,43.607,43.507,43.607,2090,0
20100528,44.106,44.106,43.771,43.798,5132,0
20100601,43.78,43.78,42.924,42.924,5727,0
20100602,42.888,43.38,42.669,43.361,13396,0
20100603,43.762,43.971,43.762,43.843,4333,0
20100604,43.062,43.062,42.088,42.088,2597,0
20100607,42.179,42.179,41.76,41.76,1320,0
20100608,41.396,41.406,41.396,41.406,1291,0
20100609,42.343,42.343,41.996,41.996,1730,0
20100610,42.606,43.007,42.606,42.924,7057,0
20100611,42.715,43.17,42.715,43.17,1044,0
20100614,43.889,44.199,43.825,43.825,468,0
20100615,44.089,44.781,44.089,44.781,1518,0
20100616,44.699,44.726,44.49,44.589,9657,0
20100617,44.271,44.49,44.234,44.234,14014,0
20100618,44.444,44.444,44.062,44.162,1217,0
20100621,44.635,44.635,44.635,44.635,391,0
20100622,44.017,44.017,42.979,42.979,3413,0
20100623,43.088,43.088,42.734,42.825,5945,0
20100624,42.688,42.816,42.279,42.352,5959,0
20100625,42.479,42.825,42.16,42.806,5995,0
20100628,42.915,42.915,42.506,42.77,2084,0
20100629,42.206,42.206,41.361,41.361,11134,0
20100630,41.548,41.548,41.081,41.081,11613,0
20100701,40.496,40.496,39.696,40.432,3779,0
20100706,40.805,40.805,39.713,39.978,21401,0
20100707,40.405,41.506,40.178,41.506,20932,0
20100708,41.633,41.861,41.487,41.861,18989,0
20100709,42.16,42.442,42.124,42.432,5802,0
20100712,42.006,42.369,41.996,42.279,14232,0
20100713,42.806,43.289,42.752,43.252,3402,0
20100714,43.343,43.343,42.898,42.906,64895,0
20100715,42.761,42.998,42.752,42.998,2412,0
20100716,42.024,42.233,41.578,41.723,44211,0
20100719,41.514,41.987,41.514,41.869,7339,0
20100720,41.287,42.451,41.287,42.451,35917,0
20100721,42.379,42.379,41.861,41.869,6175,0
20100722,42.825,43.025,42.706,42.87,20780,0
20100723,42.752,43.416,42.752,43.416,598,0
20100726,43.753,44.207,43.753,44.162,2198,0
20100727,44.217,44.263,44.189,44.189,1706,0
20100728,43.925,43.925,43.744,43.744,1173,0
20100729,43.853,43.853,43.361,43.489,4570,0
20100730,43.424,43.471,43.424,43.471,351,0
20100802,44.307,44.444,44.307,44.444,1587,0
20100803,44.244,44.407,44.017,44.106,4694,0
20100804,44.263,44.389,44.17,44.389,1405,0
20100805,44.062,44.207,44.062,44.199,1163,0
20100806,43.652,43.998,43.652,43.998,3439,0
20100809,44.508,44.544,44.234,44.544,1635,0
20100810,43.897,44.18,43.825,44.18,2067,0
20100811,42.998,42.998,42.625,42.625,1797,0
20100812,42.024,42.406,41.414,42.26,7299,0
20100813,42.442,42.461,42.252,42.461,2698,0
20100816,42.279,42.343,42.097,42.124,5868,0
20100817,42.688,43.161,42.688,43.016,72054,0
20100818,42.761,43.08,42.761,43.08,545,0
20100819,42.669,42.669,42.152,42.16,2471,0
20100820,41.751,41.996,41.67,41.996,621,0
20100823,42.142,42.142,41.952,42.043,1003,0
20100824,41.078,41.478,41.078,41.378,11320,0
20100825,41.024,41.478,40.787,41.47,5788,0
20100826,41.861,41.861,41.333,41.47,2494,0
20100827,41.607,42.142,41.387,42.142,1350,0
20100830,41.751,41.834,41.66,41.66,863,0
20100831,41.778,41.778,41.468,41.568,45407,0
20100901,42.17,42.942,42.17,42.942,16730,0
20100902,43.207,43.38,43.088,43.38,21092,0
20100903,43.688,43.688,43.688,43.688,120,0
20100907,43.452,43.452,43.28,43.28,2454,0
20100908,43.38,43.562,43.371,43.371,3603,0
20100909,44.143,44.143,43.79,43.798,4230,0
20100910,43.725,43.725,43.588,43.698,2047,0
20100913,44.281,44.3,44.207,44.3,962,0
20100914,44.389,44.435,44.134,44.426,9447,0
20100915,44.116,44.352,43.907,44.334,9598,0
20100916,44.199,44.226,44.08,44.226,799,0
20100917,44.153,44.153,43.853,44.097,6319,0
20100920,44.29,44.672,44.162,44.672,3683,0
20100921,44.926,44.926,44.48,44.48,3774,0
20100922,44.48,44.68,44.089,44.143,3901,0
20100923,43.98,44.18,43.825,43.825,7781,0
20100924,44.662,44.662,44.662,44.662,279,0
20100927,44.708,44.708,44.598,44.616,1010,0
20100928,44.426,44.889,44.426,44.889,1929,0
20100929,44.781,45.052,44.781,44.972,1667,0
20100930,45.008,45.246,45.008,45.227,1830,0
20101001,45.263,45.263,45.254,45.254,329,0
20101004,44.862,44.862,44.781,44.808,1568,0
20101005,45.654,45.736,45.654,45.736,1542,0
20101006,45.854,45.854,45.482,45.534,7054,0
20101007,45.544,45.544,45.544,45.544,111,0
20101008,45.518,45.935,45.518,45.918,1011,0
20101011,45.863,46.071,45.844,45.945,2819,0
20101012,45.844,46.108,45.844,46.108,1437,0
20101013,46.373,46.455,46.164,46.455,1286,0
20101014,46.49,46.49,46.49,46.49,105,0
20101015,45.935,46.136,45.935,46.09,4442,0
20101018,46.464,46.464,46.445,46.445,400,0
20101019,46.09,46.317,45.617,45.644,10572,0
20101020,46.473,46.481,46.39,46.427,14830,0
20101021,46.218,46.218,46.09,46.09,2639,0
20101022,46.363,46.39,46.299,46.381,25918,0
20101025,46.927,46.927,46.455,46.481,5865,0
20101026,46.4,46.445,46.272,46.344,228501,0
20101027,46.026,46.108,45.745,46.108,19541,0
20101028,46.354,46.4,45.881,46.044,2307,0
20101029,45.969,46.189,45.969,46.189,3811,0
20101101,46.373,46.373,45.908,45.908,1062,0
20101102,46.244,46.455,46.244,46.455,1846,0
20101103,46.445,46.526,46.209,46.526,3309,0
20101104,47.127,47.346,47.127,47.336,2482,0
20101105,47.436,47.745,47.436,47.655,3140,0
20101108,47.591,47.701,47.591,47.672,1788,0
20101109,47.364,47.364,47.364,47.364,336,0
20101110,47.272,47.272,47.263,47.263,375,0
20101111,46.873,47.346,46.873,47.346,4542,0
20101112,46.572,46.663,46.572,46.6,2061,0
20101115,46.99,46.99,46.727,46.727,1589,0
20101116,46.272,46.327,45.598,45.608,2962,0
20101117,45.935,45.964,45.935,45.945,549,0
20101118,46.563,46.563,46.363,46.363,2205,0
20101119,46.473,46.481,46.473,46.481,105888,0
20101122,46.545,46.627,46.517,46.627,793,0
20101123,46.164,46.164,46.081,46.081,15685,0
20101124,46.827,46.873,46.827,46.873,5018,0
20101126,46.79,46.79,46.79,46.79,131,0
20101129,46.39,46.673,46.363,46.673,2199,0
20101130,46.422,46.422,46.422,46.422,399,0
20101201,47.183,47.228,47.155,47.183,40526,0
20101202,47.727,47.9,47.718,47.9,73417,0
20101203,47.672,47.791,47.672,47.791,322,0
20101206,48.164,48.218,48.045,48.182,30873,0
20101207,48.51,48.51,48.074,48.074,3909,0
20101208,48.101,48.11,48.082,48.092,5017,0
20101209,48.227,48.283,48.218,48.283,1093,0
20101210,48.483,48.847,48.483,48.847,2037,0
20101213,48.919,48.946,48.919,48.946,1873,0
20101215,48.847,48.847,48.564,48.564,1931,0
20101216,48.473,48.746,48.419,48.737,12809,0
20101217,48.4,48.611,48.347,48.519,19568,0
20101220,48.583,48.583,47.718,47.718,327,0
20101222,49.219,49.538,49.219,49.383,2140,0
20101223,49.446,49.446,49.383,49.392,1320,0
20101227,49.356,49.356,49.356,49.356,105,0
20101228,49.32,49.383,49.32,49.383,649,0
20101229,49.519,49.519,49.482,49.482,2199,0
20101230,49.619,49.619,49.547,49.556,1262,0
20101231,49.458,49.458,49.458,49.458,222,0
20110103,49.865,49.865,49.865,49.865,698,0
20110104,49.838,49.838,49.092,49.092,1292,0
20110105,49.656,49.674,49.656,49.674,1111,0
20110106,49.701,49.701,49.529,49.529,2244,0
20110107,49.356,49.847,49.119,49.41,90399,0
20110110,49.119,49.647,48.955,49.647,4183,0
20110112,50.275,50.428,50.165,50.248,8088,0
20110113,50.574,50.574,50.138,50.138,3594,0
20110114,50.092,50.565,50.092,50.565,5383,0
20110118,50.648,50.756,50.547,50.756,2092,0
20110119,50.693,50.693,50.584,50.584,587,0
20110120,50.22,50.22,49.938,50.121,1098,0
20110121,49.984,50.029,49.984,50.029,327,0
20110124,50.402,50.475,50.402,50.402,4230,0
20110125,50.275,50.375,50.174,50.174,3816,0
20110126,50.702,51.121,50.593,50.884,2858,0
20110127,51.057,51.139,50.83,51.103,3299,0
20110128,50.947,50.947,50.183,50.229,1562,0
20110131,50.606,50.791,50.486,50.486,2506,0
20110201,51.002,51.093,51.002,51.084,1210,0
20110202,51.357,51.357,51.203,51.203,770,0
20110203,51.184,51.184,51.166,51.166,770,0
20110204,51.32,51.393,51.32,51.393,327,0
20110207,51.657,52.021,51.657,51.821,1866,0
20110208,51.875,51.93,51.821,51.93,2831,0
20110209,52.103,52.139,51.921,51.921,3423,0
20110210,52.095,52.095,52.021,52.021,327,0
20110211,51.939,52.412,51.939,52.412,988,0
20110214,52.657,52.703,52.621,52.703,442,0
20110215,52.666,52.694,52.494,52.585,6350,0
20110216,52.93,53.121,52.912,53.103,2363,0
20110217,53.185,53.458,53.185,53.458,3659,0
20110218,53.349,53.504,53.349,53.358,1148,0
20110222,52.939,53.149,52.158,52.158,2452,0
20110223,52.139,52.139,51.43,51.43,1186,0
20110224,51.685,51.748,51.303,51.303,722,0
20110225,51.693,52.285,51.693,52.239,5263,0
20110228,52.817,52.817,52.571,52.579,6264,0
20110301,51.851,51.851,51.631,51.631,639,0
20110302,51.731,51.758,51.731,51.758,877,0
20110303,52.662,53.046,52.662,53.046,356,0
20110307,52.248,52.248,51.785,51.785,974,0
20110308,51.975,52.648,51.975,52.648,521,0
20110309,52.521,52.521,52.521,52.521,2199,0
20110310,51.65,51.658,51.585,51.585,4132,0
20110311,51.622,51.814,51.377,51.795,3167,0
20110315,50.394,50.957,50.394,50.957,662,0
20110316,51.075,51.075,50.402,50.738,3524,0
20110317,51.159,51.159,51.04,51.159,2276,0
20110318,51.484,51.484,51.211,51.211,1327,0
20110321,51.987,52.334,51.959,52.289,4458,0
20110322,52.242,52.242,51.932,51.95,9385,0
20110324,52.37,52.379,52.37,52.37,546,0
20110328,52.781,52.781,52.653,52.68,2067,0
20110329,52.535,52.735,52.535,52.735,294,0
20110330,53.255,53.274,53.255,53.274,814,0
20110331,53.373,53.595,53.225,53.595,669,0
20110401,53.967,53.967,53.967,53.967,109,0
20110404,54.223,54.232,53.967,53.967,1642,0
20110405,54.059,54.45,54.059,54.25,1337,0
20110406,54.487,54.596,54.213,54.213,2387,0
20110408,53.931,53.931,53.539,53.575,546,0
20110411,53.684,53.729,53.264,53.264,483,0
20110412,52.917,52.917,52.572,52.626,1643,0
20110413,52.662,52.662,52.662,52.662,163,0
20110414,52.544,52.544,52.442,52.442,449,0
20110418,52.507,52.507,52.005,52.005,663,0
20110419,52.325,52.424,52.178,52.424,1253,0
20110420,53.219,53.264,53.154,53.154,767,0
20110421,53.539,53.539,53.41,53.41,2358,0
20110425,53.502,53.502,53.383,53.456,1181,0
20110427,53.949,54.05,53.949,54.04,1872,0
20110428,54.287,54.586,54.287,54.524,33972,0
20110502,54.514,54.514,54.487,54.487,525,0
20110503,54.094,54.094,53.813,53.813,1044,0
20110504,53.721,53.721,53.264,53.264,512,0
20110505,53.419,53.521,53.118,53.118,2052,0
20110506,53.647,53.884,53.074,53.292,69603,0
20110509,53.237,53.739,53.237,53.721,24514,0
20110510,54.032,54.25,54.032,54.24,6306,0
20110511,53.894,53.894,53.283,53.474,12387,0
20110512,53.154,53.428,53.154,53.428,377,0
20110513,53.694,53.776,53.163,53.163,478,0
20110516,52.973,53.136,52.973,52.981,635,0
20110517,52.398,52.562,52.306,52.306,2358,0
20110518,53.163,53.21,53.163,53.21,408,0
20110520,53.337,53.337,53.018,53.018,377,0
20110523,52.353,52.353,52.169,52.169,679,0
20110525,51.859,52.489,51.859,52.37,1325,0
20110526,52.289,52.316,52.279,52.298,1434,0
20110527,53.001,53.101,53.001,53.083,911,0
20110531,53.488,53.525,53.267,53.267,440,0
20110601,53.628,53.628,52.616,52.626,1306,0
20110602,52.442,52.442,52.442,52.442,105,0
20110603,51.55,51.877,51.55,51.877,607,0
20110606,51.377,51.44,50.837,50.847,2733,0
20110607,51.278,51.278,51.25,51.25,1827,0
20110608,50.939,50.939,50.535,50.535,1224,0
20110609,50.783,50.783,50.783,50.783,140,0
20110610,50.582,50.582,50.16,50.16,795,0
20110614,50.92,50.92,50.92,50.92,168,0
20110615,50.481,50.6,50.05,50.05,1167,0
20110616,50.188,50.399,49.72,49.72,3213,0
20110617,50.535,50.554,50.535,50.554,1093,0
20110620,50.179,50.572,50.179,50.572,3445,0
20110621,50.994,51.517,50.994,51.517,1422,0
20110622,51.7,51.7,51.517,51.517,1321,0
20110623,50.381,50.554,50.381,50.554,220,0
20110624,50.82,50.82,50.783,50.783,437,0
20110627,50.976,50.976,50.976,50.976,105,0
20110628,51.544,51.544,51.544,51.544,106,0
20110629,51.847,51.847,51.847,51.847,1807,0
20110630,52.17,52.588,52.17,52.512,829,0
20110701,52.973,53.137,52.973,53.137,685,0
20110705,53.385,53.385,53.155,53.211,1183,0
20110706,53.385,53.385,53.385,53.385,191,0
20110707,53.834,53.926,53.834,53.926,27516,0
20110708,53.313,53.524,53.276,53.524,3017,0
20110711,52.909,52.936,52.863,52.936,5702,0
20110712,52.296,52.296,52.296,52.296,544,0
20110713,52.368,52.845,52.368,52.845,2879,0
20110714,51.91,51.938,51.7,51.755,2525,0
20110715,51.865,51.938,51.847,51.847,4040,0
20110718,51.763,51.891,51.132,51.259,2762,0
20110722,52.735,52.735,52.698,52.698,306,0
20110726,52.154,52.282,52.025,52.071,4092,0
20110727,51.333,51.333,50.948,50.948,2281,0
20110728,51.123,51.123,50.248,50.33,17778,0
20110729,50.037,50.387,49.981,50.387,802,0
20110801,50.773,50.802,49.72,49.72,1288,0
20110802,49.475,49.475,48.583,48.583,2071,0
20110803,48.145,48.383,47.778,48.136,2035,0
20110804,47.494,47.834,45.57,45.57,7319,0
20110805,45.755,45.755,44.599,44.599,20543,0
20110808,43.16,43.994,41.887,41.943,7280,0
20110809,42.299,43.014,40.999,42.217,3561,0
20110810,42.63,43.061,42.245,42.245,1627,0
20110811,43.134,44.883,43.134,44.883,354,0
20110812,45.075,45.075,44.279,44.279,3196,0
20110815,45.359,45.359,45.359,45.359,243,0
20110817,45.79,45.854,45.093,45.093,1172,0
20110818,43.664,43.664,42.684,42.739,7183,0
20110819,42.804,42.804,42.62,42.62,2091,0
20110822,42.638,42.638,41.896,42.061,1603,0
20110823,42.464,43.097,42.436,43.097,1446,0
20110824,44.325,44.325,43.785,43.785,910,0
20110826,44.453,44.453,42.922,44.453,437,0
20110829,46.018,46.018,45.872,45.872,371,0
20110830,46.139,46.578,46.018,46.578,914,0
20110831,46.543,46.589,46.543,46.589,229,0
20110901,46.321,46.321,46.321,46.321,151,0
20110902,44.951,45.118,44.322,44.322,15223,0
20110906,43.548,43.548,43.548,43.548,262,0
20110907,45.13,45.149,45.13,45.149,1016,0
20110908,45.304,45.434,45.304,45.434,946,0
20110909,43.703,43.703,43.363,43.363,1324,0
20110912,43.134,43.335,43.134,43.335,356,0
20110913,44.284,44.596,44.191,44.459,3257,0
20110914,45.157,45.157,44.772,45.157,2344,0
20110915,45.69,45.699,45.69,45.69,236,0
20110916,45.508,45.913,45.508,45.636,639,0
20110919,44.514,44.514,44.514,44.514,195,0
20110920,45.093,45.424,45.093,45.424,815,0
20110921,44.366,44.366,43.538,43.638,3382,0
20110922,41.623,41.623,40.611,40.611,2794,0
20110923,41.366,41.549,41.366,41.549,219,0
20110927,43.685,43.759,43.685,43.759,759,0
20110928,42.875,42.875,42.875,42.875,1048,0
20110929,41.927,41.927,41.927,41.927,420,0
20110930,41.958,41.958,41.958,41.958,356,0
20111003,41.2,41.2,41.033,41.2,1061,0
20111004,39.515,41.033,39.515,41.033,966,0
20111005,41.282,42.075,41.209,42.047,11111,0
20111006,42.221,43.234,42.01,43.234,12059,0
20111007,43.519,43.519,42.305,42.563,5878,0
20111010,43.207,43.703,43.207,43.602,15716,0
20111011,43.501,44.098,43.501,44.063,3129,0
20111012,44.182,45.047,44.182,44.826,218473,0
20111013,44.071,44.623,44.017,44.347,2651,0
20111014,45.055,45.259,44.688,45.186,5312,0
20111017,44.191,44.191,43.943,43.943,761,0
20111018,44.127,45.204,44.081,45.204,12559,0
20111019,45.279,45.279,44.79,44.79,1815,0
20111020,44.835,45.286,44.21,44.772,1714,0
20111021,45.997,45.997,45.997,45.997,105,0
20111024,46.953,47.184,46.953,47.184,7183,0
20111025,46.686,46.686,46.447,46.447,437,0
20111026,46.05,46.466,46.05,46.466,1427,0
20111027,48.002,48.812,48.002,48.812,1196,0
20111028,48.803,48.803,48.757,48.757,565,0
20111031,47.84,47.913,47.84,47.913,634,0
20111101,46.207,46.207,46.207,46.207,219,0
20111103,47.743,47.743,47.743,47.743,219,0
20111104,47.83,47.83,47.811,47.811,577,0
20111108,47.689,47.974,47.689,47.974,331,0
20111110,46.705,46.879,46.668,46.668,1355,0
20111111,47.965,47.965,47.735,47.781,3375,0
20111115,46.805,46.842,46.805,46.842,477,0
20111116,47.247,47.818,47.247,47.523,2603,0
20111121,45.388,45.481,45.065,45.481,1325,0
20111122,45.214,45.214,45.055,45.055,957,0
20111123,44.219,44.219,44.219,44.219,1249,0
20111128,44.947,45.259,44.816,44.816,874,0
20111129,45.279,45.279,45.279,45.279,166,0
20111130,46.993,47.161,46.993,47.161,426,0
20111201,47.395,47.395,47.395,47.395,212,0
20111202,47.655,47.655,47.302,47.302,2675,0
20111205,47.992,48.222,47.992,48.205,5931,0
20111207,47.155,47.858,47.155,47.848,10407,0
20111208,47.396,47.396,46.487,46.506,9333,0
20111209,47.043,47.627,46.711,47.627,2140,0
20111212,46.714,46.714,46.354,46.714,870,0
20111213,47.284,47.311,46.443,46.443,2010,0
20111214,45.517,45.655,45.368,45.368,4832,0
20111215,45.783,46.373,45.571,45.94,3934,0
20111216,46.654,46.654,46.192,46.238,15310,0
20111219,46.514,46.514,45.415,45.415,2924,0
20111220,46.914,46.914,46.914,46.914,218,0
20111222,47.663,47.986,47.663,47.986,416,0
20111223,47.977,47.977,47.977,47.977,229,0
20111227,48.024,48.431,48.024,48.33,12954,0
20111228,47.986,47.986,47.986,47.986,218,0
20111229,47.968,48.108,47.968,48.043,5082,0
20120103,48.523,48.523,48.477,48.477,528,0
20120105,48.839,48.839,48.682,48.746,2280,0
20120106,48.691,48.875,48.616,48.875,1094,0
20120109,48.996,49.052,48.986,49.052,565,0
20120110,49.514,49.524,49.514,49.524,1105,0
20120112,49.43,49.801,49.43,49.801,614,0
20120113,49.404,49.404,49.245,49.385,659,0
20120117,49.977,49.977,49.977,49.977,575,0
20120118,49.93,50.449,49.93,50.449,1478,0
20120119,50.652,50.652,50.652,50.652,345,0
20120120,50.541,50.754,50.541,50.754,5601,0
20120123,50.903,51.06,50.903,51.06,811,0
20120124,50.893,51.013,50.893,51.013,317,0
20120125,50.699,51.05,50.699,51.013,627,0
20120126,51.44,51.466,51.05,51.05,544,0
20120130,51.189,51.189,51.189,51.189,218,0
20120131,50.705,50.725,50.697,50.725,1426,0
20120201,51.892,52.05,51.857,52.05,417,0
20120203,52.707,52.919,52.578,52.919,5520,0
20120206,52.642,52.763,52.642,52.652,758,0
20120207,52.569,52.966,52.55,52.845,1948,0
20120208,52.929,52.929,52.8,52.8,257,0
20120209,52.865,53.142,52.772,52.956,611,0
20120210,52.532,52.532,52.402,52.402,231,0
20120213,52.838,52.838,52.838,52.838,175,0
20120214,52.569,52.588,52.467,52.475,1252,0
20120215,52.855,52.883,52.467,52.467,6807,0
20120216,53.42,53.428,53.42,53.428,432,0
20120221,53.448,53.595,53.217,53.235,1812,0
20120222,53.235,53.235,52.947,52.994,1790,0
20120223,53.559,53.559,53.559,53.559,270,0
20120224,53.513,53.734,53.41,53.613,6326,0
20120227,52.938,53.595,52.938,53.523,3437,0
20120228,53.253,53.578,53.151,53.373,4126,0
20120229,53.375,53.375,52.927,52.927,1955,0
20120301,53.587,53.587,53.587,53.587,451,0
20120305,52.725,52.725,52.725,52.725,676,0
20120306,51.992,52.103,51.992,52.047,795,0
20120307,52.159,52.159,52.159,52.159,155,0
20120308,52.307,52.307,52.27,52.27,372,0
20120312,53.466,53.466,53.115,53.31,25883,0
20120313,53.496,53.543,53.496,53.496,2602,0
20120314,54.193,54.193,54.193,54.193,218,0
20120315,54.622,54.622,54.622,54.622,1826,0
20120316,54.453,54.453,54.453,54.453,265,0
20120319,54.723,54.946,54.723,54.797,533,0
20120320,54.397,54.415,54.306,54.415,1061,0
20120321,54.221,54.341,54.146,54.322,9132,0
20120322,53.525,53.525,53.161,53.45,2337,0
20120323,53.598,53.858,53.598,53.785,2629,0
20120326,54.481,54.481,54.481,54.481,279,0
20120327,54.435,54.629,54.435,54.582,1153,0
20120329,53.822,53.822,53.822,53.822,140,0
20120330,54.418,54.418,54.298,54.298,415,0
20120404,53.738,53.738,53.738,53.738,274,0
20120405,53.757,53.757,53.71,53.71,926,0
20120409,52.633,52.743,52.446,52.743,2230,0
20120410,52.317,52.317,51.629,51.629,331,0
20120411,51.954,52.095,51.954,52.095,1369,0
20120416,52.204,52.605,52.113,52.605,349,0
20120417,52.678,53.44,52.678,53.44,974,0
20120418,52.947,53.032,52.763,53.032,984,0
20120419,52.976,52.976,52.596,52.725,2405,0
20120420,53.292,53.292,53.088,53.088,619,0
20120423,51.954,52.455,51.954,52.455,2340,0
20120424,52.465,52.725,52.465,52.697,575,0
20120425,53.58,53.58,53.45,53.58,990,0
20120426,53.71,53.71,53.71,53.71,269,0
20120427,54.108,54.369,54.08,54.369,1018,0
20120430,53.883,53.883,53.883,53.883,795,0
20120501,54.296,54.435,54.203,54.203,686,0
20120502,53.848,53.848,53.747,53.747,630,0
20120503,53.933,54.09,53.384,53.384,1016,0
20120504,52.911,52.911,52.911,52.911,2368,0
20120507,52.539,52.539,52.503,52.503,398,0
20120508,51.87,51.87,51.87,51.87,104,0
20120509,51.862,52.483,51.862,52.483,1578,0
20120510,52.715,52.715,52.715,52.715,389,0
20120511,51.992,52.613,51.992,52.531,3590,0
20120514,51.944,52.121,51.908,51.908,1251,0
20120515,51.926,52.038,51.397,51.508,2795,0
20120516,51.434,51.434,51.165,51.165,647,0
20120517,50.607,50.607,50.607,50.607,954,0
20120518,49.54,49.957,49.54,49.957,1458,0
20120521,50.032,50.032,50.032,50.032,217,0
20120522,50.709,50.709,50.709,50.709,536,0
20120523,49.874,50.078,49.874,50.078,329,0
20120524,50.44,50.44,50.44,50.44,1077,0
20120529,51.081,51.247,50.904,51.247,647,0
20120530,50.412,50.412,50.412,50.412,217,0
20120531,49.759,50.039,49.618,50.039,530,0
20120601,49.064,49.064,49.064,49.064,743,0
20120604,48.815,48.815,48.09,48.09,2596,0
20120605,48.13,48.866,48.036,48.839,301808,0
20120606,49.95,49.95,49.95,49.95,477,0
20120607,50.36,50.389,50.258,50.389,495,0
20120608,49.884,50.099,49.884,50.089,413,0
20120611,49.817,49.874,49.817,49.874,1088,0
20120612,49.54,49.884,49.54,49.884,258,0
20120613,49.978,49.978,49.978,49.978,201,0
20120614,49.734,49.911,49.604,49.604,5980,0
20120615,49.913,50.258,49.913,50.258,10495,0
20120618,50.294,50.294,50.294,50.294,189,0
20120619,51.201,51.331,51.201,51.331,646,0
20120620,51.294,51.48,51.294,51.48,682,0
20120621,50.575,50.575,49.987,49.987,269,0
20120622,50.286,50.286,49.987,49.987,747,0
20120625,49.202,49.212,48.998,49.166,5577,0
20120626,49.567,49.688,49.567,49.661,1930,0
20120627,49.679,50.239,49.679,50.164,6347,0
20120629,51.362,51.85,51.362,51.85,2170,0
20120702,52.133,52.133,51.779,51.855,13329,0
20120703,52.629,52.674,52.629,52.666,1090,0
20120705,52.778,52.778,52.731,52.75,856,0
20120706,52.461,52.461,52.19,52.19,1072,0
20120709,51.91,52.041,51.91,52.003,643,0
20120710,52.013,52.013,51.807,51.807,560,0
20120711,51.434,51.434,51.304,51.313,2824,0
20120712,50.677,51.246,50.677,51.246,1392,0
20120713,52.041,52.041,52.041,52.041,392,0
20120716,51.789,51.928,51.789,51.928,965,0
20120717,51.48,52.078,51.48,52.078,1126,0
20120718,52.262,52.515,52.262,52.439,1571,0
20120719,52.293,52.331,52.218,52.331,1026,0
20120720,51.984,51.984,51.77,51.77,958,0
20120723,50.594,50.846,50.594,50.846,1012,0
20120724,50.911,50.911,50.077,50.077,1072,0
20120725,50.426,50.565,50.192,50.416,2894,0
20120726,50.883,51.07,50.594,50.855,3855,0
20120730,52.003,52.003,51.9,51.938,1685,0
20120731,52.113,52.113,51.793,51.859,2052,0
20120801,51.76,51.76,51.36,51.434,6513,0
20120802,50.632,50.641,50.632,50.641,347,0
20120803,50.995,51.975,50.995,51.975,2105,0
20120806,52.274,52.331,52.246,52.293,2433,0
20120807,52.844,52.844,52.666,52.666,4532,0
20120808,52.666,52.684,52.545,52.629,841,0
20120809,52.825,52.936,52.825,52.927,1858,0
20120810,52.592,52.694,52.592,52.674,2335,0
20120813,52.703,52.816,52.293,52.619,3169,0
20120814,52.899,52.899,52.852,52.852,514,0
20120815,52.788,52.899,52.712,52.899,6165,0
20120816,52.88,53.356,52.88,53.356,980,0
20120817,53.413,53.497,53.393,53.488,1264,0
20120820,53.283,53.422,53.273,53.422,4289,0
20120821,53.506,53.534,53.506,53.534,509,0
20120822,53.263,53.375,53.207,53.366,814,0
20120823,53.16,53.16,52.965,52.965,1253,0
20120824,52.712,52.797,52.703,52.797,503,0
20120827,53.254,53.254,53.04,53.17,1448,0
20120828,53.021,53.301,53.012,53.217,1749,0
20120829,53.198,53.403,53.198,53.403,2451,0
20120830,52.927,53.021,52.797,53.012,1687,0
20120831,53.387,53.387,53.096,53.199,3657,0
20120904,53.069,53.8,52.807,53.696,2249,0
20120905,53.64,53.715,53.64,53.687,4530,0
20120906,54.7,54.756,54.7,54.756,705,0
20120907,55.056,55.056,54.991,54.991,886,0
20120910,54.934,54.934,54.85,54.85,1822,0
20120911,54.794,55.046,54.767,54.906,1033,0
20120912,54.991,55.225,54.991,55.225,2314,0
20120913,55.783,55.84,55.625,55.84,563,0
20120917,56.157,56.157,55.934,55.934,216,0
20120918,55.675,55.675,55.525,55.525,3427,0
20120919,55.843,55.843,55.722,55.722,4077,0
20120920,55.122,55.122,55.122,55.122,216,0
20120921,55.675,55.685,55.628,55.666,3584,0
20120924,55.206,55.412,55.188,55.403,1157,0
20120925,55.29,55.29,54.868,54.868,1066,0
20120926,53.837,54.137,53.819,54.035,1437,0
20120927,54.09,54.558,54.071,54.558,831,0
20120928,54.083,54.432,54.083,54.384,1651,0
20121001,54.371,54.371,53.893,53.893,1005,0
20121002,54.288,54.288,54.232,54.232,1374,0
20121003,54.484,54.484,54.484,54.484,139,0
20121004,54.568,54.793,54.568,54.785,396,0
20121005,55.308,55.308,54.991,54.991,1342,0
20121009,54.728,54.728,54.278,54.371,1113,0
20121010,54.184,54.184,54.054,54.054,1023,0
20121011,55.084,55.084,54.334,54.38,5553,0
20121012,53.725,53.725,53.725,53.725,391,0
20121015,53.828,54.269,53.819,54.25,623,0
20121016,54.776,54.793,54.766,54.776,1452,0
20121017,54.924,55.056,54.916,55.056,450,0
20121018,55.318,55.374,55.318,55.365,1371,0
20121023,54.071,54.118,54.044,54.118,710,0
20121024,54.165,54.165,53.959,54.146,883,0
20121025,54.438,54.446,53.902,53.902,2955,0
20121026,53.584,53.893,53.584,53.893,285,0
20121031,53.959,53.978,53.883,53.883,880,0
20121106,54.954,55.216,54.954,55.216,237,0
20121107,54.108,54.108,54.108,54.108,195,0
20121109,53.443,53.603,53.443,53.603,571,0
20121113,53.021,53.453,53.021,53.181,1268,0
20121114,53.059,53.059,52.89,52.89,501,0
20121115,51.765,51.831,51.765,51.831,3846,0
20121116,52.018,52.205,52.009,52.205,1173,0
20121119,53.003,53.088,53.003,53.041,889,0
20121123,54.006,54.006,53.902,53.902,2162,0
20121126,54.146,54.146,54.146,54.146,8318,0
20121127,54.418,54.476,54.203,54.222,6633,0
20121128,54.38,54.438,54.38,54.438,1008,0
20121129,54.972,54.972,54.672,54.896,4895,0
20121207,55.216,55.281,55.216,55.281,2361,0
20121211,55.957,55.957,55.853,55.853,817,0
20121212,56.087,56.087,55.853,55.853,346,0
20121214,55.571,55.628,55.515,55.515,1680,0
20121217,55.759,55.909,55.515,55.909,420,0
20121218,56.593,56.799,56.593,56.799,674,0
20121219,57.005,57.005,56.895,56.895,2048,0
20121220,56.819,57.025,56.809,57.025,2688,0
20121224,56.651,56.707,56.603,56.707,4145,0
20121228,56.017,56.234,56.017,56.234,323,0
20121231,56.656,56.656,56.53,56.589,2923,0
20130102,58.135,58.561,57.756,57.756,1879,0
20130103,58.257,58.597,58.257,58.381,1732,0
20130104,58.485,58.731,58.485,58.731,347,0
20130107,58.532,58.532,58.503,58.503,557,0
20130108,58.239,58.315,58.239,58.277,1411,0
20130109,58.465,58.465,58.465,58.465,103,0
20130111,58.58,58.711,58.551,58.711,1422,0
20130114,58.778,58.872,58.702,58.74,758,0
20130115,59.09,59.09,59.08,59.09,1269,0
20130116,58.93,59.043,58.93,59.043,1533,0
20130117,59.449,59.562,59.449,59.562,569,0
20130118,59.657,59.657,59.657,59.657,213,0
20130122,60.206,60.206,60.206,60.206,1058,0
20130123,60.309,60.319,60.271,60.271,845,0
20130124,60.271,60.604,60.271,60.452,1408,0
20130125,60.698,60.914,60.698,60.83,455,0
20130128,61.246,61.246,61.246,61.246,136,0
20130129,61.114,61.114,60.849,60.868,581,0
20130130,60.716,60.716,60.716,60.716,334,0
20130201,61.255,61.435,61.236,61.303,2538,0
20130204,60.953,60.953,60.82,60.82,431,0
20130205,61.01,61.18,61.01,61.18,1222,0
20130206,61.379,61.379,61.379,61.379,196,0
20130207,61.747,61.747,61.236,61.472,1907,0
20130208,61.842,61.879,61.718,61.852,7888,0
20130211,62.078,62.078,61.766,61.87,1692,0
20130212,61.973,62.171,61.973,62.171,1417,0
20130213,62.466,62.466,62.363,62.363,1369,0
20130214,62.617,62.721,62.617,62.702,1497,0
20130215,62.817,62.853,62.551,62.589,4021,0
20130219,62.797,63.231,62.797,63.213,5714,0
20130220,63.223,63.223,62.75,62.797,1818,0
20130221,61.926,62.268,61.511,61.511,11582,0
20130222,62.125,62.163,62.06,62.06,1551,0
20130225,62.286,62.286,61.388,61.388,104795,0
20130226,61.351,61.351,60.707,61.217,4939,0
20130227,61.567,62.107,61.567,62.107,3484,0
20130228,62.017,62.389,61.913,61.913,92643,0
20130301,61.656,61.789,61.153,61.646,11021,0
20130304,61.511,61.804,61.341,61.795,13298,0
20130305,62.149,62.717,62.149,62.613,6840,0
20130306,62.813,62.992,62.585,62.755,33266,0
20130307,62.964,63.079,62.755,63.031,38512,0
20130308,63.172,63.608,63.05,63.571,9314,0
20130311,63.554,63.742,63.459,63.714,4240,0
20130312,63.713,63.713,63.496,63.496,528,0
20130313,63.684,63.883,63.684,63.873,1902,0
20130314,64.12,64.52,64.12,64.501,9423,0
20130315,64.386,64.491,64.264,64.395,3629,0
20130318,64.575,64.575,64.292,64.292,2641,0
20130319,64.395,64.395,63.675,64.027,6548,0
20130320,64.367,64.642,64.292,64.472,2428,0
20130321,64.245,64.415,64.158,64.178,1380,0
20130322,64.168,64.168,64.168,64.168,546,0
20130325,64.565,64.565,64.036,64.273,3518,0
20130326,64.548,64.738,64.539,64.539,1983,0
20130327,64.245,64.812,64.245,64.812,5536,0
20130328,65.116,65.126,64.757,65.097,4377,0
20130401,65.04,65.04,64.338,64.548,56803,0
20130402,64.757,64.757,64.187,64.254,3941,0
20130403,64.008,64.008,62.954,63.249,4463,0
20130404,63.268,63.543,62.5,63.505,4065,0
20130405,62.935,63.371,62.935,63.334,3223,0
20130408,63.476,63.903,63.419,63.903,9651,0
20130409,64.206,64.206,63.893,64.206,4071,0
20130410,64.462,64.822,64.424,64.822,3873,0
20130411,64.879,65.287,64.879,65.145,3313,0
20130412,64.956,64.956,64.548,64.69,738,0
20130415,63.836,63.921,62.897,62.897,7364,0
20130416,63.326,63.636,62.992,63.636,4852,0
20130417,62.367,62.595,62.224,62.595,1258,0
20130418,62.852,62.852,61.807,62.33,3636,0
20130419,63.069,63.069,62.518,62.983,1743,0
20130422,62.31,63.192,62.291,63.192,825,0
20130423,63.533,63.733,63.211,63.438,3370,0
20130424,65.372,65.372,63.675,64.12,1600,0
20130425,64.264,64.462,64.158,64.178,4064,0
20130426,64.158,64.158,63.761,64.045,9042,0
20130429,64.178,64.585,64.168,64.585,1249,0
20130430,64.598,64.932,64.504,64.903,87303,0
20130501,65.05,65.05,63.921,63.988,17646,0
20130502,64.235,64.604,64.235,64.594,8189,0
20130503,65.277,65.6,65.277,65.487,15074,0
20130506,65.381,65.618,65.353,65.609,1165,0
20130507,65.951,66.225,65.837,66.225,3985,0
20130508,66.008,66.378,66.008,66.378,1975,0
20130509,66.538,66.709,66.198,66.321,5334,0
20130510,66.453,66.596,66.084,66.596,2343,0
20130513,66.396,66.462,66.282,66.368,3439,0
20130514,66.51,67.154,66.51,67.154,2178,0
20130515,67.04,67.43,67.04,67.43,1891,0
20130516,67.505,67.676,67.316,67.316,933,0
20130517,67.487,67.847,67.487,67.847,930,0
20130520,67.752,67.97,67.752,67.97,1372,0
20130521,67.856,68.207,67.856,68.065,2425,0
20130522,68.075,68.075,66.719,66.719,4107,0
20130523,66.282,66.851,66.255,66.851,2696,0
20130524,66.272,66.672,66.225,66.482,3455,0
20130528,67.505,67.544,66.908,66.908,1344,0
20130529,66.789,66.904,66.247,66.684,7613,0
20130530,66.927,67.174,66.823,67.127,36358,0
20130531,67.054,67.054,66.758,66.892,3762,0
20130603,66.663,66.663,66.064,66.492,3418,0
20130604,66.541,66.608,66.313,66.313,8000,0
20130605,65.771,65.771,65.123,65.408,3820,0
20130606,65.57,65.666,65.074,65.56,8184,0
20130607,66.171,66.522,65.609,66.39,6193,0
20130610,66.803,66.803,66.301,66.624,5550,0
20130611,65.646,65.646,65.646,65.646,103,0
20130612,65.942,66.169,65.231,65.231,7409,0
20130613,65.135,66.15,65.116,66.15,3023,0
20130614,66.237,66.58,65.951,66.19,6787,0
20130617,66.663,66.719,66.358,66.358,1474,0
20130618,66.761,67.008,66.694,66.932,1510,0
20130619,66.666,66.799,66.104,66.104,3535,0
20130620,65.037,65.161,64.295,64.341,9494,0
20130621,64.466,64.533,63.674,64.533,5447,0
20130624,63.732,64.16,63.122,63.912,4955,0
20130625,64.132,64.618,64.028,64.618,6968,0
20130626,64.79,65.18,64.685,64.97,3493,0
20130627,65.456,66.018,65.389,65.943,23263,0
20130628,65.732,66.113,65.723,66.113,1890,0
20130701,66.085,66.761,66.085,66.618,2196,0
20130702,66.57,67.275,66.303,66.475,6483,0
20130703,66.122,66.475,65.989,66.475,1117,0
20130705,66.657,67.152,66.657,67.123,762,0
20130708,67.551,67.581,67.39,67.485,3967,0
20130709,68.037,68.256,67.99,68.047,15332,0
20130710,68.219,68.332,67.961,68.132,5852,0
20130711,70.295,70.295,68.571,68.961,5467,0
20130712,68.856,69.038,68.751,68.943,7014,0
20130715,69.247,69.475,69.237,69.447,2240,0
20130716,69.381,69.381,68.933,69.094,3676,0
20130717,69.171,69.447,69.171,69.266,2191,0
20130718,69.599,70.075,69.599,69.97,3117,0
20130719,69.98,70.124,69.857,70.085,4116,0
20130722,70.561,70.561,70.152,70.246,4050,0
20130723,70.561,70.561,70.238,70.428,5145,0
20130724,70.638,70.638,69.704,69.799,10697,0
20130725,69.932,70.114,69.694,70.114,14716,0
20130726,69.837,69.904,69.438,69.818,26774,0
20130729,69.58,70.142,69.456,69.504,3412,0
20130730,69.799,69.837,69.456,69.456,15217,0
20130731,70.037,70.304,69.761,70.256,4079,0
20130801,70.372,71.475,70.372,71.294,13089,0
20130802,71.429,72.324,70.761,70.96,103716,0
20130805,70.895,70.989,70.732,70.952,4425,0
20130806,70.484,70.484,70.124,70.323,8179,0
20130807,70.2,70.2,69.647,69.799,5545,0
20130808,71.198,71.198,69.932,70.171,2268,0
20130809,70.295,70.39,69.98,69.98,3284,0
20130812,69.78,70.295,69.78,70.266,7043,0
20130813,70.142,70.256,69.886,70.256,2753,0
20130814,70.2,70.2,69.924,70,2018,0
20130815,69.847,69.847,68.666,68.827,3720,0
20130816,68.695,68.876,67.98,68.589,4854,0
20130819,68.513,68.513,67.98,68.008,4626,0
20130820,68.018,68.856,68.018,68.856,4085,0
20130821,68.608,68.79,68.275,68.361,3953,0
20130822,68.885,68.933,68.741,68.933,863,0
20130823,68.952,69.056,68.952,69.056,7455,0
20130826,69.352,69.399,68.933,68.98,107306,0
20130827,68.608,68.608,67.637,67.637,66848,0
20130828,67.628,68.104,67.628,67.952,8542,0
20130829,67.998,68.304,67.998,68.066,4848,0
20130830,67.581,67.581,67.095,67.123,3420,0
20130903,66.672,68.039,66.356,66.738,5734,0
20130904,67.14,67.484,67.131,67.408,11288,0
20130905,67.599,67.723,67.513,67.513,3323,0
20130906,67.886,68.059,67.303,67.609,18969,0
20130909,67.904,68.589,67.904,68.579,2885,0
20130910,68.823,69.158,68.823,69.1,42971,0
20130911,69.237,69.399,69.133,69.228,8413,0
20130912,69.237,69.532,69.094,69.218,5878,0
20130913,69.33,69.349,69.197,69.349,2861,0
20130916,70.152,70.152,69.704,69.704,8791,0
20130917,69.789,70.21,69.789,70.21,2761,0
20130918,70.22,71.003,69.665,70.842,7069,0
20130919,71.061,71.061,70.631,70.631,2033,0
20130920,70.993,71.052,70.238,70.238,2840,0
20130923,70.257,70.257,69.569,70.047,4829,0
20130924,70.335,70.42,70.018,70.018,770,0
20130925,70.296,70.506,70.247,70.506,1184,0
20130926,70.286,70.449,70.286,70.44,1065,0
20130927,70.363,70.373,70.22,70.22,854,0
20130930,69.723,70.411,69.589,70.286,4269,0
20131001,71.052,71.415,70.927,71.176,10558,0
20131002,70.621,70.927,70.621,70.927,12939,0
20131003,70.985,70.985,70.057,70.506,35167,0
20131004,70.43,71.003,70.344,71.003,3198,0
20131007,70.363,70.478,69.924,70.325,1166,0
20131008,70.21,70.286,69.636,69.636,4870,0
20131009,69.703,69.703,69.044,69.436,15327,0
20131010,71.359,71.359,70.335,70.774,4838,0
20131011,70.774,71.453,70.774,71.329,13176,0
20131014,71.214,71.759,71.061,71.759,3270,0
20131015,71.626,71.626,71.032,71.261,6273,0
20131016,71.539,71.884,71.539,71.807,1497,0
20131017,71.731,72.638,71.731,72.629,4201,0
20131018,72.831,73.08,72.773,73.08,3391,0
20131021,73.27,73.28,73.041,73.051,2985,0
20131022,73.529,73.787,73.452,73.576,3467,0
20131023,73.165,73.165,72.984,73.136,2253,0
20131024,73.127,73.309,73.061,73.309,3035,0
20131025,73.252,73.643,73.242,73.643,2041,0
20131028,73.643,73.643,73.433,73.472,3022,0
20131029,73.74,73.815,73.501,73.815,8140,0
20131030,74.008,74.064,73.385,73.442,1114,0
20131031,73.223,73.74,73.223,73.442,2824,0
20131101,73.395,73.395,72.735,73.136,7811,0
20131104,73.29,73.807,73.29,73.701,4192,0
20131105,73.576,73.576,73.155,73.3,7001,0
20131106,73.624,73.624,73.155,73.155,8689,0
20131107,73.643,73.643,72.085,72.218,3999,0
20131108,72.124,73.022,72.124,73.022,1968,0
20131111,73.145,73.385,72.984,73.347,9450,0
20131112,72.916,73.098,72.851,73.07,1021,0
20131113,72.916,73.844,72.916,73.749,11826,0
20131114,74.151,74.293,73.959,74.227,22749,0
20131115,74.36,74.57,74.151,74.341,4281,0
20131118,74.676,74.829,73.844,73.844,4756,0
20131119,73.844,73.92,73.155,73.347,4016,0
20131120,73.643,73.74,73.013,73.127,5426,0
20131121,73.558,74.131,73.52,74.036,2785,0
20131122,74.074,74.131,74.054,74.121,1815,0
20131125,74.141,74.38,74.046,74.208,3019,0
20131126,74.131,74.131,73.853,74.054,19865,0
20131127,74.112,74.112,73.825,74.027,12659,0
20131129,74.131,74.131,74.027,74.092,1472,0
20131202,73.634,74.457,73.634,73.882,10320,0
20131203,73.576,73.815,73.319,73.491,8274,0
20131204,73.844,73.844,73.09,73.576,8619,0
20131205,73.319,73.548,73.213,73.52,4429,0
20131206,74.083,74.37,74.083,74.303,2093,0
20131209,74.437,74.495,74.188,74.38,3168,0
20131210,74.57,74.57,74.083,74.083,2574,0
20131211,74.179,74.179,72.841,72.955,7608,0
20131212,72.802,72.945,72.687,72.773,5251,0
20131213,72.868,73.07,72.812,73.022,10373,0
20131216,73.52,73.691,73.433,73.681,3417,0
20131217,73.568,73.568,73.145,73.548,13047,0
20131218,73.749,74.237,73.127,74.208,7288,0
20131219,74.227,74.227,73.778,73.902,5497,0
20131220,74.106,74.654,74.096,74.654,4902,0
20131223,75.019,75.019,75.009,75.009,3725,0
20131224,75.211,75.509,75.211,75.509,2278,0
20131226,75.854,75.854,75.663,75.663,2043,0
20131227,75.673,77.679,75.634,75.683,8428,0
20131230,75.749,75.96,75.711,75.884,5051,0
20131231,76.2,76.21,75.913,75.922,4269,0
20140102,75.884,75.884,74.962,75.009,7960,0
20140103,75.673,75.701,75.326,75.471,4302,0
20140106,75.499,75.499,75.115,75.24,6604,0
20140107,75.365,75.816,75.365,75.749,8250,0
20140108,75.461,75.932,75.461,75.903,5038,0
20140109,76.036,76.056,75.566,75.951,3890,0
20140110,76.143,76.402,76.027,76.305,3496,0
20140113,76.431,76.431,75.259,75.384,5446,0
20140114,75.913,76.364,75.711,76.364,8211,0
20140115,76.565,76.901,76.565,76.758,11447,0
20140116,76.633,76.824,76.613,76.623,3795,0
20140117,76.68,76.882,76.555,76.623,6497,0
20140121,77.093,77.113,76.69,76.776,7373,0
20140122,77.074,77.113,76.988,77.113,3190,0
20140123,76.7,76.7,76.305,76.574,4479,0
20140124,76.162,76.162,74.779,74.913,11101,0
20140127,74.836,74.836,73.973,74.501,9823,0
20140128,74.654,74.827,74.549,74.827,1738,0
20140129,75.135,75.135,74.058,74.125,5697,0
20140130,74.587,75.125,74.587,75.048,7118,0
20140131,73.772,75.105,73.665,74.817,9864,0
20140203,73.107,73.107,72.214,72.263,9838,0
20140204,72.36,73.051,72.331,72.916,4278,0
20140205,72.619,72.877,72.176,72.85,5499,0
20140206,73.262,73.626,73.262,73.626,17110,0
20140207,74.021,74.281,73.953,74.213,4491,0
20140210,74.125,74.453,74.068,74.414,1711,0
20140211,74.529,75.355,74.529,75.143,3704,0
20140212,75.528,75.547,75.221,75.326,6945,0
20140213,75.355,75.998,75.336,75.932,6545,0
20140214,75.942,76.431,75.942,76.277,2474,0
20140218,76.344,76.776,76.344,76.662,2796,0
20140219,76.834,77.189,76.229,76.229,3121,0
20140220,76.642,76.709,76.508,76.709,1234,0
20140221,76.767,77.132,76.69,77.008,1891,0
20140224,77.516,77.65,77.189,77.189,2852,0
20140225,77.036,77.362,77.036,77.122,3634,0
20140226,77.775,77.775,77.315,77.478,3187,0
20140227,77.659,77.659,77.64,77.64,1928,0
20140228,78.044,78.332,78.025,78.054,2780,0
20140303,77.17,77.727,77.17,77.698,2819,0
20140304,78.649,78.649,78.447,78.475,2164,0
20140305,78.485,78.505,78.371,78.371,4015,0
20140306,78.371,78.716,78.371,78.716,945,0
20140307,78.601,78.783,78.601,78.754,1786,0
20140310,78.62,78.62,78.304,78.38,3251,0
20140311,78.62,78.669,78.131,78.131,6037,0
20140312,77.564,78.092,77.545,77.967,7258,0
20140313,78.255,78.255,77.41,77.41,3224,0
20140314,77.41,77.967,77.41,77.679,3875,0
20140317,78.361,78.419,78.198,78.265,2294,0
20140318,78.764,78.985,78.62,78.918,6521,0
20140319,78.994,78.994,78.034,78.178,3139,0
20140320,78.341,78.553,78.092,78.485,6161,0
20140321,79.301,79.389,78.676,78.801,3183,0
20140324,77.847,78.376,77.847,78.3,2498,0
20140325,78.492,78.521,78.241,78.502,2685,0
20140326,79.041,79.041,77.634,77.634,12244,0
20140327,77.654,77.654,77.134,77.403,3191,0
20140328,77.895,78.261,77.875,77.875,3233,0
20140331,78.116,79.07,78.116,79.013,4724,0
20140401,79.099,79.456,78.955,79.456,213671,0
20140402,79.688,79.832,79.571,79.773,53739,0
20140403,79.659,79.754,79.475,79.706,28927,0
20140404,80.227,80.265,78.705,78.705,4453,0
20140407,78.676,78.676,77.606,77.624,45789,0
20140408,77.712,78.135,77.326,78.135,15994,0
20140409,78.203,78.676,78.068,78.676,4784,0
20140410,78.474,78.474,77.105,77.528,3392,0
20140411,77.046,77.268,76.189,76.603,7313,0
20140414,77.307,77.634,76.421,76.835,9816,0
20140415,76.613,77.413,76.324,77.24,3770,0
20140416,77.798,78.135,77.624,78.135,3620,0
20140417,78.097,78.28,77.982,78.232,5677,0
20140421,78.271,78.367,78.126,78.194,22040,0
20140422,78.213,79.041,78.213,78.936,11951,0
20140423,79.109,79.138,78.705,79.003,20896,0
20140424,79.398,79.398,78.541,78.897,5777,0
20140425,78.733,78.733,78.165,78.309,3537,0
20140428,78.511,78.695,77.548,78.135,11658,0
20140429,78.464,78.617,78.174,78.223,7581,0
20140430,78.116,78.743,78.116,78.723,14720,0
20140501,78.676,79.177,78.541,78.762,109291,0
20140502,79.398,79.456,78.897,79.022,42865,0
20140505,78.705,79.003,78.194,78.984,4097,0
20140506,78.502,78.772,78.367,78.425,8951,0
20140507,78.81,78.81,78.454,78.743,4194,0
20140508,79.041,79.581,78.723,78.858,7147,0
20140509,78.482,78.849,78.396,78.849,5061,0
20140512,79.812,79.957,79.773,79.947,7522,0
20140513,79.909,79.995,79.591,79.61,6086,0
20140514,79.33,79.33,79.032,79.032,5017,0
20140515,78.502,78.819,77.808,78.367,6824,0
20140516,78.367,78.569,78.213,78.56,8670,0
20140519,78.946,79.08,78.946,79.07,1862,0
20140520,78.993,79.013,78.03,78.135,11288,0
20140521,78.135,78.474,78.135,78.435,9389,0
20140522,78.974,78.974,78.743,78.743,8456,0
20140523,78.964,79.321,78.887,79.273,5254,0
20140527,79.61,79.89,79.61,79.735,9110,0
20140528,79.861,79.861,79.36,79.783,5531,0
20140529,79.871,80.111,79.812,80.111,7454,0
20140530,79.995,80.063,79.939,80.053,5146,0
20140602,80.15,80.343,79.841,80.313,6657,0
20140603,80.411,80.429,80.284,80.362,4376,0
20140604,80.42,80.815,80.42,80.815,16652,0
20140605,80.921,81.701,80.652,81.681,6736,0
20140606,82.029,82.202,81.99,82.068,57217,0
20140609,82.049,82.453,81.846,82.251,13295,0
20140610,82.319,82.319,81.846,82.107,6019,0
20140611,81.808,81.876,81.489,81.808,16210,0
20140612,81.489,81.586,81.306,81.45,5529,0
20140613,81.73,81.788,81.606,81.74,10689,0
20140616,81.837,81.837,81.635,81.74,12586,0
20140617,81.778,82.752,81.749,82.424,9318,0
20140618,82.394,82.839,82.299,82.839,16088,0
20140619,82.781,82.954,82.655,82.954,2843,0
20140620,82.983,83.167,82.896,83.07,8393,0
20140623,83.321,83.321,82.866,83.012,3174,0
20140624,83.08,83.35,82.829,82.829,13689,0
20140625,82.306,82.809,82.306,82.809,4048,0
20140626,83.051,83.051,82.392,82.731,5484,0
20140627,82.829,83.254,82.829,83.244,8907,0
20140630,83.254,83.477,82.954,83.477,24112,0
20140701,84.366,84.473,84.115,84.115,103027,0
20140702,84.009,84.009,83.467,83.506,48372,0
20140703,83.641,83.96,83.631,83.844,15130,0
20140707,83.66,83.738,83.138,83.254,12800,0
20140708,83.002,83.002,82.644,82.79,5250,0
20140709,83.157,83.283,82.761,82.905,24294,0
20140710,81.774,82.741,81.774,82.596,41627,0
20140711,82.325,82.644,82.267,82.441,6161,0
20140714,82.915,82.915,82.577,82.587,5438,0
20140715,82.829,82.973,82.238,82.499,4434,0
20140716,82.964,82.964,81.947,82.306,25358,0
20140717,81.88,82.238,81.541,81.561,7500,0
20140718,81.918,82.509,81.783,82.499,4747,0
20140721,82.335,82.335,81.938,82.209,3683,0
20140722,82.751,82.751,82.577,82.577,3547,0
20140723,82.605,82.712,82.17,82.451,8609,0
20140724,82.702,82.702,82.48,82.587,4134,0
20140725,82.103,82.296,81.744,81.928,3180,0
20140728,81.986,81.986,81.571,81.832,5019,0
20140729,81.871,81.899,81.561,81.561,2291,0
20140730,81.212,81.871,81.212,81.473,5081,0
20140731,80.439,80.97,79.838,79.897,95098,0
20140801,79.965,79.965,79.036,79.713,18438,0
20140804,79.819,80.187,79.239,80.187,8526,0
20140805,80.1,80.226,79.538,79.761,8719,0
20140806,79.626,80.158,79.529,79.974,27567,0
20140807,80.283,80.283,79.452,79.519,47849,0
20140808,79.809,80.429,79.761,80.429,6666,0
20140811,80.69,81.077,80.661,80.709,8752,0
20140812,80.642,80.652,80.303,80.429,3002,0
20140813,80.796,81.338,80.796,81.28,7789,0
20140814,81.464,81.6,81.387,81.6,12313,0
20140815,81.812,81.977,81.27,81.27,4560,0
20140818,82.151,82.383,82.151,82.355,2427,0
20140819,82.886,83.002,82.761,82.819,6282,0
20140820,82.702,83.274,82.702,83.274,8673,0
20140821,83.108,83.477,82.983,83.312,9794,0
20140822,83.312,83.389,83.206,83.341,2444,0
20140825,83.496,83.902,83.418,83.467,6016,0
20140826,83.612,83.902,83.582,83.883,23909,0
20140827,84.057,84.057,83.699,83.699,28245,0
20140828,83.515,83.757,83.515,83.621,5104,0
20140829,83.902,84.009,83.902,83.98,4988,0
20140902,84.009,84.434,83.941,84.163,6953,0
20140903,84.502,84.511,83.98,84.019,17312,0
20140904,84.396,84.396,83.592,83.641,5389,0
20140905,83.312,84.086,83.312,83.853,2875,0
20140908,83.853,84.105,83.554,84.009,13232,0
20140909,84.579,84.579,83.128,83.206,5416,0
20140910,83.496,83.545,82.954,83.341,13721,0
20140911,83.447,83.709,82.829,83.709,4010,0
20140912,82.925,83.68,82.48,82.741,7967,0
20140915,82.838,82.838,82.325,82.499,8151,0
20140916,82.238,83.167,82.238,82.838,16760,0
20140917,83.118,83.37,82.79,82.866,6364,0
20140918,82.905,83.196,82.896,82.964,6177,0
20140919,83.351,83.351,82.399,82.428,4250,0
20140922,81.7,82.341,81.457,81.476,9269,0
20140923,81.214,81.496,81.136,81.156,10956,0
20140924,80.631,81,80.398,80.835,8299,0
20140925,80.291,80.621,79.805,79.932,7736,0
20140926,80.359,80.388,78.708,80.388,18769,0
20140929,79.98,80.32,79.66,80.243,5350,0
20140930,79.844,80.34,79.64,79.747,7081,0
20141001,79.019,79.388,78.222,78.319,63376,0
20141002,78.28,79.009,77.639,78.688,24021,0
20141003,78.912,79.339,78.902,79.213,7517,0
20141006,79.281,79.281,78.776,79.096,3297,0
20141007,78.679,78.863,77.921,77.921,3821,0
20141008,77.717,78.853,77.231,78.853,5928,0
20141009,78.271,78.873,77.182,77.182,4867,0
20141010,77.289,77.377,75.978,75.978,33468,0
20141013,76.085,76.425,75.482,75.482,11836,0
20141014,75.929,76.716,75.628,75.949,19600,0
20141015,74.647,76.036,73.841,76.017,142220,0
20141016,75.376,76.561,74.977,76.502,28383,0
20141017,77.124,77.911,76.813,76.998,4887,0
20141020,76.862,77.96,76.862,77.96,10662,0
20141021,78.465,79.689,78.465,79.631,9919,0
20141022,80.34,80.34,79.155,79.31,59960,0
20141023,80.087,80.417,79.718,80.029,7271,0
20141024,80.349,80.349,79.98,80.262,4810,0
20141027,80.349,80.349,79.805,80.262,5112,0
20141028,80.641,81.583,80.641,81.583,1614,0
20141029,81.816,81.865,80.981,81.486,5495,0
20141030,81.467,81.777,81.428,81.632,2638,0
20141031,82.001,82.807,82.001,82.807,19547,0
20141103,82.875,83.196,82.564,82.564,9000,0
20141104,82.73,82.739,82.098,82.39,5908,0
20141105,82.982,82.982,82.467,82.866,6602,0
20141106,82.147,83.196,82.147,83.147,6714,0
20141107,83.215,83.516,83.089,83.419,4461,0
20141110,83.643,83.691,83.351,83.526,6162,0
20141111,83.351,83.604,83.274,83.332,7608,0
20141112,83.38,83.74,83.361,83.72,6136,0
20141113,83.672,83.672,83.002,83.196,11822,0
20141114,83.39,83.448,83.167,83.167,4838,0
20141117,83.021,83.254,82.963,83.157,2637,0
20141118,83.876,83.876,83.419,83.682,3864,0
20141119,84.138,84.138,82.866,83.157,6561,0
20141120,83.06,83.633,83.06,83.478,3684,0
20141121,84.216,84.702,83.886,84.022,6809,0
20141124,84.08,84.342,84.08,84.294,4107,0
20141125,84.585,84.682,84.352,84.507,5074,0
20141126,84.478,84.663,84.391,84.478,6037,0
20141128,84.643,84.643,84.187,84.187,1327,0
20141201,83.429,85.032,82.904,82.904,8329,0
20141202,83.196,83.555,83.031,83.39,10992,0
20141203,83.254,84.274,83.254,84.216,3618,0
20141204,83.973,84.196,83.818,83.963,9800,0
20141205,83.954,84.206,83.934,83.944,4586,0
20141208,83.818,84.216,83.283,83.458,12476,0
20141209,83.011,83.973,82.904,83.973,5142,0
20141210,83.546,83.711,82.564,82.603,6529,0
20141211,83.05,83.546,83.021,83.06,4553,0
20141212,82.428,82.487,81.748,81.904,3666,0
20141215,81.855,82.312,81.127,81.369,6746,0
20141216,81.039,82.185,80.787,81.331,10231,0
20141217,81.253,82.778,81.243,82.778,7290,0
20141218,84.323,84.323,83.487,84.284,10629,0
20141219,84.3,84.7,83.91,84.7,5453,0
20141222,84.64,84.76,84.5,84.73,3011,0
20141223,85.33,85.56,85.22,85.22,4719,0
20141224,85.72,85.72,85.17,85.5,7030,0
20141226,85.72,86.19,85.72,85.97,6487,0
20141229,85.91,86.64,85.91,86.36,7324,0
20141230,86.09,86.32,85.91,85.91,8875,0
20141231,86.01,86.15,85.28,85.29,11748,0
20150102,85.5,85.5,84.36,84.97,4074,0
20150105,84.79,84.79,83.07,83.17,13250,0
20150106,83.35,83.35,81.62,82.22,17015,0
20150107,82.73,82.94,82.16,82.9,11777,0
20150108,83.65,84.37,83.57,84.29,6404,0
20150109,84,84,83.31,83.53,8614,0
20150112,83.46,83.46,82.35,82.74,11075,0
20150113,84.17,84.17,81.95,82.44,17224,0
20150114,82.12,82.22,81.11,82.08,6867,0
20150115,82.67,82.67,81.22,81.26,21761,0
20150116,80.48,81.96,80.48,81.96,30953,0
