Date,Open,High,Low,Close,Volume,OpenInt
20061024,23.864,23.94,23.815,23.94,6146,0
20061025,23.873,24.103,23.873,23.94,1251,0
20061026,24.151,24.42,23.996,24.42,7502,0
20061027,24.313,24.381,24.074,24.074,8752,0
20061030,24.084,24.199,24.016,24.199,33441,0
20061031,24.333,24.333,24.006,24.112,5209,0
20061101,24.141,24.141,23.757,23.757,8544,0
20061102,23.383,23.383,23.373,23.373,937,0
20061103,23.498,23.498,23.277,23.393,3543,0
20061106,23.594,23.786,23.537,23.776,12294,0
20061107,23.864,24.016,23.671,23.671,41465,0
20061108,23.757,24.045,23.72,23.987,15419,0
20061109,24.045,24.112,23.815,23.892,11460,0
20061110,23.931,24.016,23.892,23.987,18751,0
20061113,24.016,24.18,23.987,24.18,3647,0
20061114,24.228,24.515,24.209,24.515,2814,0
20061115,24.66,24.967,24.66,24.87,13023,0
20061116,24.919,24.919,24.794,24.794,25523,0
20061117,24.718,24.718,24.497,24.612,28337,0
20061120,24.574,24.574,24.44,24.544,4689,0
20061121,24.612,24.65,24.593,24.612,8752,0
20061122,24.728,24.728,24.574,24.66,5729,0
20061124,24.554,24.67,24.535,24.64,2814,0
20061127,24.574,24.574,24.131,24.131,11251,0
20061128,24.045,24.256,23.996,24.247,12709,0
20061129,24.593,24.64,24.515,24.632,12188,0
20061130,24.67,24.909,24.622,24.841,13648,0
20061201,24.928,24.928,24.487,24.67,15313,0
20061204,24.708,25.005,24.689,24.995,8544,0
20061205,25.005,25.187,25.005,25.14,6667,0
20061206,25.159,25.168,25.053,25.101,49171,0
20061207,25.13,25.236,25.062,25.062,1771,0
20061208,24.987,25.13,24.958,24.967,18022,0
20061211,24.928,24.958,24.861,24.861,6459,0
20061212,24.938,24.938,24.65,24.764,2604,0
20061213,24.88,24.88,24.718,24.755,20001,0
20061214,24.87,25.053,24.87,24.948,41569,0
20061215,25.082,25.091,24.899,24.899,2187,0
20061218,25.014,25.014,24.525,24.525,15313,0
20061219,24.43,24.564,24.333,24.554,8230,0
20061220,24.632,24.899,24.632,24.831,2187,0
20061221,24.909,24.919,24.718,24.718,8021,0
20061222,24.794,24.794,24.603,24.65,1459,0
20061226,24.622,24.812,24.622,24.803,2604,0
20061227,25.053,25.091,24.967,25.091,6667,0
20061228,25.111,25.12,24.977,25.014,28751,0
20061229,25.062,25.062,24.822,24.822,6772,0
20070103,25.12,25.12,24.64,24.822,40838,0
20070104,24.784,24.841,24.574,24.841,2394,0
20070105,24.622,24.622,24.228,24.343,15419,0
20070108,24.401,24.564,24.304,24.515,11251,0
20070109,24.66,24.66,24.266,24.525,4479,0
20070110,24.362,24.554,24.362,24.525,3438,0
20070111,24.755,24.958,24.755,24.841,10522,0
20070112,25.005,25.274,25.005,25.274,50317,0
20070116,25.342,25.35,25.043,25.072,13751,0
20070117,25.033,25.226,25.033,25.053,6667,0
20070118,25.101,25.101,24.774,24.794,3231,0
20070119,24.919,25.005,24.89,25.005,4479,0
20070122,24.987,24.987,24.64,24.737,8752,0
20070123,24.822,25.293,24.822,25.14,12188,0
20070124,25.313,25.438,25.226,25.438,11147,0
20070125,25.524,25.524,25.005,25.005,11563,0
20070126,25.111,25.168,24.88,25.168,7604,0
20070129,25.101,25.283,25.082,25.12,7396,0
20070130,25.168,25.342,25.168,25.293,3335,0
20070131,25.187,25.438,25.15,25.389,66778,0
20070201,25.561,25.801,25.561,25.801,22502,0
20070202,25.927,25.927,25.744,25.84,11147,0
20070205,25.85,25.956,25.811,25.917,9689,0
20070206,26.051,26.051,25.878,26.004,10001,0
20070207,26.08,26.138,25.985,26.099,8646,0
20070208,26.042,26.177,26.042,26.157,8125,0
20070209,26.263,26.263,25.84,25.975,6980,0
20070212,26.014,26.014,25.687,25.696,9833,0
20070213,25.917,25.985,25.897,25.927,5860,0
20070214,26.109,26.253,26.109,26.148,12188,0
20070215,26.186,26.216,26.119,26.196,7604,0
20070216,26.148,26.167,26.033,26.167,28442,0
20070220,26.177,26.425,26.08,26.378,11460,0
20070221,26.349,26.493,26.311,26.493,8959,0
20070222,26.646,26.724,26.512,26.724,20731,0
20070223,26.753,26.819,26.675,26.819,5939,0
20070226,26.887,26.887,26.666,26.753,9844,0
20070227,26.196,26.206,25.246,25.428,27086,0
20070228,25.342,25.638,25.197,25.486,17398,0
20070301,25.15,25.332,24.861,25.236,9376,0
20070302,25.178,25.197,24.831,24.938,4583,0
20070305,24.44,24.747,24.209,24.209,41776,0
20070306,24.603,24.909,24.603,24.899,9273,0
20070307,24.987,25.082,24.851,24.88,6459,0
20070308,25.255,25.36,25.15,25.274,10314,0
20070309,25.467,25.467,25.265,25.322,6563,0
20070312,25.332,25.869,25.332,25.561,26148,0
20070313,25.447,25.447,24.87,24.938,4583,0
20070314,24.899,25.082,24.65,25.043,8544,0
20070315,25.082,25.274,25.082,25.255,6980,0
20070316,25.236,25.236,25.091,25.091,7812,0
20070319,25.332,25.438,25.293,25.342,4793,0
20070320,25.486,25.687,25.486,25.668,4063,0
20070321,25.773,26.157,25.668,26.157,8021,0
20070322,26.157,26.253,26.109,26.206,30939,0
20070323,26.329,26.329,26.206,26.263,5001,0
20070326,26.695,26.695,26.08,26.292,5729,0
20070327,26.234,26.244,26.138,26.196,7916,0
20070328,26.08,26.109,25.927,25.936,6876,0
20070329,26.167,26.167,25.801,26.033,16355,0
20070330,26.004,26.128,25.83,25.888,10626,0
20070402,26.024,26.024,25.86,25.975,16980,0
20070403,26.148,26.425,26.148,26.378,8230,0
20070404,26.454,26.532,26.387,26.493,6563,0
20070405,26.435,26.607,26.435,26.578,8752,0
20070409,26.666,26.724,26.607,26.675,7292,0
20070410,26.781,26.848,26.704,26.704,18856,0
20070411,26.762,26.762,26.464,26.532,8125,0
20070412,26.646,26.753,26.445,26.753,9793,0
20070413,26.791,26.877,26.675,26.877,7604,0
20070416,27.242,27.366,27.193,27.347,8959,0
20070417,27.376,27.414,27.203,27.242,16772,0
20070418,27.184,27.289,27.116,27.232,4375,0
20070419,26.897,27.031,26.867,26.944,9793,0
20070420,27.299,27.299,27.116,27.242,11355,0
20070423,27.356,27.434,27.289,27.289,18022,0
20070424,27.405,27.434,27.251,27.376,12604,0
20070425,27.559,27.674,27.481,27.654,10731,0
20070426,27.79,27.8,27.597,27.761,9689,0
20070427,27.644,27.809,27.587,27.78,12398,0
20070430,27.818,27.913,27.501,27.722,23960,0
20070501,27.356,27.356,27.116,27.299,16148,0
20070502,27.511,27.885,27.511,27.809,14897,0
20070503,27.923,28.115,27.866,28.048,18127,0
20070504,28.211,28.317,28.182,28.23,12812,0
20070507,28.317,28.374,28.221,28.279,12918,0
20070508,28.105,28.115,27.895,28.087,14064,0
20070509,28.124,28.346,28.105,28.327,10939,0
20070510,28.191,28.24,27.885,27.903,7812,0
20070511,28.077,28.298,28.077,28.154,10835,0
20070514,28.384,28.442,28.154,28.289,15002,0
20070515,28.269,28.384,27.991,28.038,13542,0
20070516,28.154,28.154,27.942,28.134,13439,0
20070517,28.201,28.422,28.028,28.23,107199,0
20070518,28.24,28.451,28.191,28.422,19274,0
20070521,28.557,28.738,28.5,28.643,16564,0
20070522,28.709,28.864,28.643,28.787,34066,0
20070523,28.892,29.008,28.682,28.682,20419,0
20070524,28.768,28.845,27.991,28.009,18022,0
20070525,28.289,28.364,28.182,28.355,21252,0
20070529,28.548,28.548,28.269,28.337,18648,0
20070530,28.115,28.596,28.115,28.596,13023,0
20070531,28.673,28.777,28.596,28.643,12294,0
20070601,28.902,28.96,28.855,28.882,28337,0
20070604,28.969,29.037,28.911,29.037,13231,0
20070605,28.999,29.018,28.738,28.864,12918,0
20070606,28.729,28.729,28.355,28.5,10105,0
20070607,28.586,28.586,27.895,27.923,28128,0
20070608,27.828,28.24,27.732,28.221,37400,0
20070611,28.115,28.471,28.095,28.471,26460,0
20070612,28.191,28.191,27.654,27.703,28649,0
20070613,27.8,28.191,27.722,28.087,18334,0
20070614,28.442,28.673,28.442,28.614,36983,0
20070615,28.96,29.056,28.911,29.047,16564,0
20070618,29.2,29.2,28.902,29.065,14792,0
20070619,28.96,29.142,28.816,29.075,13751,0
20070620,29.392,29.469,28.94,28.94,31152,0
20070621,28.845,29.364,28.797,29.364,15419,0
20070622,29.248,29.248,28.892,28.999,23334,0
20070625,29.008,29.114,28.653,28.653,17190,0
20070626,28.864,28.902,28.422,28.422,43027,0
20070627,28.413,28.979,28.346,28.979,13857,0
20070628,29.22,29.66,29.171,29.171,15627,0
20070629,29.325,29.402,29.047,29.152,17815,0
20070702,29.402,29.593,29.402,29.575,13961,0
20070703,29.67,29.679,29.487,29.593,35422,0
20070705,29.66,29.67,29.43,29.575,26564,0
20070706,29.517,29.747,29.517,29.709,11251,0
20070709,29.805,29.901,29.718,29.785,19794,0
20070710,29.583,30.074,29.364,29.364,40838,0
20070711,29.469,29.507,29.267,29.469,24481,0
20070712,29.757,30.065,29.747,30.065,15523,0
20070713,30.035,30.265,30.035,30.237,32817,0
20070716,30.218,30.352,30.035,30.103,63757,0
20070717,30.208,30.342,30.045,30.045,19586,0
20070718,29.93,30.016,29.757,30.016,78551,0
20070719,30.237,30.265,30.16,30.218,45422,0
20070720,30.198,30.198,29.641,29.728,34900,0
20070723,29.91,30.055,29.853,29.92,12502,0
20070724,29.402,29.402,28.691,28.806,34066,0
20070725,28.989,29.056,28.317,28.682,21565,0
20070726,28.067,28.327,27.405,27.809,67092,0
20070727,27.54,27.895,27.145,27.145,39901,0
20070730,27.491,27.8,27.232,27.587,22502,0
20070731,28.327,28.442,27.761,27.761,107199,0
20070801,27.923,27.999,27.395,27.818,112407,0
20070802,28.586,28.586,27.981,28.259,27607,0
20070803,28.374,28.374,27.356,27.356,13334,0
20070806,27.366,27.674,26.897,27.674,192106,0
20070807,27.587,28.019,27.366,27.999,29899,0
20070808,28.269,28.758,28.269,28.577,55527,0
20070809,27.999,28.528,27.999,28.24,35942,0
20070810,27.607,28.432,27.52,28.346,39901,0
20070813,28.758,28.758,28.009,28.028,10939,0
20070814,28.009,28.009,27.116,27.145,43339,0
20070815,26.848,27.356,26.301,26.551,109910,0
20070816,26.024,26.263,25.178,26.263,54797,0
20070817,27.022,27.184,26.378,26.753,20419,0
20070820,26.867,26.973,26.503,26.916,53547,0
20070821,26.993,27.041,26.829,26.944,23854,0
20070822,27.366,27.53,27.289,27.511,16668,0
20070823,27.693,27.693,27.135,27.261,36048,0
20070824,27.251,27.732,27.251,27.732,25940,0
20070827,27.559,27.559,27.184,27.184,26982,0
20070828,27.098,27.098,26.588,26.588,8544,0
20070829,26.734,27.145,26.714,27.145,13648,0
20070830,27.184,27.356,26.954,27.089,18438,0
20070831,27.52,27.693,27.405,27.607,12294,0
20070904,27.587,28.019,27.587,27.952,24586,0
20070905,27.866,27.866,27.501,27.664,17190,0
20070906,27.836,27.836,27.644,27.741,13542,0
20070907,27.356,27.356,27.041,27.125,11251,0
20070910,27.193,27.222,26.551,26.809,19064,0
20070911,26.954,27.203,26.954,27.203,12398,0
20070912,27.116,27.232,26.983,27.012,8334,0
20070913,27.098,27.213,26.944,27.002,8439,0
20070914,26.771,27.108,26.743,27.079,9689,0
20070917,26.973,26.973,26.666,26.734,8752,0
20070918,26.867,27.674,26.762,27.654,9793,0
20070919,27.654,28.403,27.654,28.172,36151,0
20070920,28.048,28.25,27.942,28.019,5834,0
20070921,28.201,28.374,28.191,28.259,10314,0
20070924,28.298,28.317,27.923,27.923,106575,0
20070925,27.78,27.961,27.732,27.846,12812,0
20070926,28.144,28.191,28.009,28.058,4271,0
20070927,28.289,28.298,28.163,28.23,5625,0
20070928,28.308,28.355,28.009,28.028,27503,0
20071001,28.25,28.709,28.25,28.663,18334,0
20071002,28.719,28.748,28.442,28.748,21773,0
20071003,28.577,28.577,28.289,28.308,10211,0
20071004,28.23,28.5,28.23,28.5,5315,0
20071005,28.816,28.989,28.663,28.921,14585,0
20071008,28.873,29.027,28.738,28.738,12709,0
20071009,29.056,29.287,28.979,29.238,13127,0
20071010,29.296,29.316,29.037,29.287,43027,0
20071011,29.507,29.679,28.855,29.095,15835,0
20071012,29.152,29.44,29.152,29.43,9481,0
20071015,29.66,29.66,29.123,29.181,15733,0
20071016,29.287,29.287,29.085,29.171,3543,0
20071017,29.536,29.536,28.999,29.345,7916,0
20071018,29.402,29.536,29.267,29.536,27709,0
20071019,29.613,29.613,28.643,28.643,5939,0
20071022,28.346,28.758,28.279,28.682,13127,0
20071023,29.047,29.114,28.835,28.892,20521,0
20071024,28.989,29.152,28.577,28.748,9376,0
20071025,29.161,29.316,28.999,29.065,12294,0
20071026,29.555,29.65,29.354,29.354,13439,0
20071029,29.863,30.084,29.747,30.035,16564,0
20071030,29.65,29.814,29.613,29.679,7502,0
20071031,29.728,30.851,29.718,29.987,15523,0
20071101,29.411,29.728,29.354,29.383,7812,0
20071102,29.565,29.641,29.44,29.641,2706,0
20071105,29.21,29.478,29.123,29.345,10001,0
20071106,29.66,30.016,29.497,30.016,10105,0
20071107,29.728,29.853,29.181,29.181,20107,0
20071108,29.43,29.622,28.931,29.392,29692,0
20071109,29.123,29.316,28.873,29.104,14272,0
20071112,28.873,28.873,27.981,27.981,32192,0
20071113,27.981,28.7,27.981,28.691,64381,0
20071114,28.892,29.21,28.691,28.758,15786,0
20071115,28.567,28.682,28.115,28.154,14064,0
20071116,28.289,28.289,27.952,28.019,7292,0
20071119,27.875,27.981,27.472,27.481,12188,0
20071120,27.828,27.942,27.405,27.654,20107,0
20071121,28.481,28.481,27.012,27.135,26634,0
20071123,27.222,27.472,27.203,27.472,12604,0
20071126,27.712,27.751,27.125,27.125,9793,0
20071127,27.549,27.549,27.06,27.299,40134,0
20071128,27.846,28.364,27.472,28.269,25772,0
20071129,28.557,28.557,28.172,28.471,11088,0
20071130,28.989,28.989,28.337,28.422,5599,0
20071203,28.682,28.682,28.134,28.182,10418,0
20071204,27.903,28.095,27.875,27.961,8125,0
20071205,28.346,28.374,28.154,28.289,28442,0
20071206,28.442,28.864,28.25,28.845,14294,0
20071207,28.95,28.95,28.682,28.826,4063,0
20071210,28.979,29.257,28.979,29.123,13857,0
20071211,29.277,29.287,27.961,28.289,20521,0
20071212,29.373,29.373,28.182,28.432,16537,0
20071213,28.221,28.221,27.683,28.095,6980,0
20071214,27.761,28.095,27.761,27.903,9481,0
20071217,27.693,27.693,27.089,27.356,8021,0
20071218,27.318,27.424,26.877,27.356,7502,0
20071219,27.472,27.703,27.327,27.626,57402,0
20071220,27.712,27.961,27.52,27.932,5729,0
20071221,28.797,28.797,28.49,28.709,11691,0
20071224,28.882,28.95,28.729,28.931,9689,0
20071226,29.181,29.248,28.787,29.248,12294,0
20071227,29.287,29.287,28.691,28.691,12398,0
20071228,28.797,28.989,28.634,28.826,6043,0
20071231,28.548,28.673,28.413,28.614,4689,0
20080102,28.797,28.797,28.077,28.211,12188,0
20080103,28.5,28.51,28.221,28.25,22034,0
20080104,28.201,28.201,27.232,27.232,21150,0
20080107,27.587,27.587,26.877,27.222,11460,0
20080108,27.022,27.626,26.675,26.675,15612,0
20080109,26.32,26.973,26.206,26.973,23076,0
20080110,27.041,27.318,26.541,27.251,12294,0
20080111,26.934,26.973,26.454,26.588,23649,0
20080114,26.57,26.944,26.57,26.916,32606,0
20080115,26.512,26.637,26.051,26.08,35731,0
20080116,25.764,26.004,25.12,25.197,19822,0
20080117,25.35,25.687,24.506,24.506,21878,0
20080118,24.774,25.014,24.074,24.323,23649,0
20080122,21.683,23.978,21.683,23.691,53964,0
20080123,23.228,24.093,22.654,24.055,68893,0
20080124,24.093,24.755,24.093,24.689,10566,0
20080125,25.178,25.178,24.459,24.525,11772,0
20080128,24.535,24.967,24.459,24.958,10731,0
20080129,25.159,25.217,24.909,25.207,6459,0
20080130,25.764,25.764,24.87,24.87,13023,0
20080131,24.612,25.467,24.574,25.274,14792,0
20080201,25.313,25.897,25.313,25.869,24171,0
20080204,25.888,25.888,25.648,25.744,16323,0
20080205,25.418,25.428,24.87,24.919,19274,0
20080206,25.091,25.255,24.593,24.593,11668,0
20080207,24.764,24.987,24.679,24.87,17190,0
20080208,24.909,25.236,24.841,24.958,21773,0
20080211,25.111,25.283,24.831,25.283,8752,0
20080212,25.561,25.648,25.313,25.428,13648,0
20080213,25.705,26.024,25.6,26.024,3336,0
20080214,26.157,26.157,25.744,25.801,6876,0
20080215,25.668,25.687,25.428,25.677,15523,0
20080219,26.512,26.512,25.85,25.85,7084,0
20080220,25.524,26.196,25.524,26.099,6828,0
20080221,25.985,26.415,25.86,25.86,20940,0
20080222,25.917,25.917,25.515,25.907,4479,0
20080225,25.936,26.57,25.936,26.522,47714,0
20080226,26.292,26.714,26.273,26.541,26564,0
20080227,26.301,26.724,26.301,26.464,25316,0
20080228,26.541,26.541,26.186,26.292,16253,0
20080229,26.157,26.157,25.506,25.638,15733,0
20080303,25.476,25.83,25.399,25.744,8854,0
20080304,25.792,25.792,25.101,25.37,16980,0
20080305,25.619,25.764,24.535,25.764,16772,0
20080306,25.658,25.696,25.053,25.053,14897,0
20080307,24.487,25.811,24.487,24.747,47714,0
20080310,24.87,24.87,24.084,24.112,33234,0
20080311,24.861,25.014,24.333,25.014,11772,0
20080312,25.13,25.207,24.861,24.899,19610,0
20080313,24.506,25.303,24.477,25.255,10731,0
20080314,25.342,25.35,24.487,24.66,33858,0
20080317,23.873,24.256,23.873,23.94,5729,0
20080318,24.468,25.005,24.468,25.005,1042,0
20080319,25.197,25.197,24.189,24.189,11981,0
20080320,25.023,25.023,23.94,24.411,31670,0
20080324,25.226,25.226,24.699,24.938,40628,0
20080325,24.987,25.467,24.987,25.409,25109,0
20080326,25.197,25.447,25.197,25.342,24377,0
20080327,25.438,25.438,25.111,25.12,5625,0
20080328,25.101,25.197,24.718,24.718,2500,0
20080331,24.822,25.014,24.812,25.014,4479,0
20080401,25.246,25.609,25.14,25.571,6459,0
20080402,25.609,26.06,25.609,25.917,2604,0
20080403,26.08,26.483,26.051,26.206,3751,0
20080404,26.532,26.809,26.474,26.474,5315,0
20080407,26.358,26.877,26.292,26.358,9481,0
20080408,26.358,26.607,26.358,26.522,25004,0
20080409,26.704,26.704,26.244,26.301,4063,0
20080410,26.588,26.627,26.522,26.617,2917,0
20080411,26.598,26.598,26.06,26.06,9689,0
20080414,26.109,26.32,26.089,26.089,7793,0
20080415,26.551,26.551,26.186,26.406,7232,0
20080416,26.877,27.327,26.877,27.327,15210,0
20080417,27.213,27.242,26.993,27.108,39723,0
20080418,27.895,27.895,27.299,27.434,19142,0
20080421,27.607,27.607,27.299,27.577,6988,0
20080422,27.577,27.683,27.309,27.424,8854,0
20080423,27.491,27.491,27.251,27.318,7162,0
20080424,27.108,27.289,26.714,27.108,6522,0
20080425,27.405,27.703,27.327,27.693,6087,0
20080428,27.818,27.903,27.644,27.732,8602,0
20080429,27.327,27.511,27.145,27.155,15929,0
20080430,27.222,27.309,26.897,27.041,17066,0
20080501,27.098,27.434,26.993,27.385,12968,0
20080502,27.577,27.644,27.424,27.453,6305,0
20080505,28.577,28.577,27.261,27.481,9798,0
20080506,27.395,27.971,27.376,27.971,15207,0
20080507,28.009,28.009,27.434,27.481,5301,0
20080508,27.8,27.8,27.491,27.644,6170,0
20080509,27.414,27.674,27.385,27.664,27498,0
20080512,27.741,28.009,27.569,28.009,8995,0
20080513,28.028,28.269,27.991,28.269,5863,0
20080514,28.355,28.577,28.221,28.221,13851,0
20080515,28.25,28.596,28.25,28.528,11968,0
20080516,28.634,28.882,26.724,28.882,19733,0
20080519,28.979,29.67,28.882,29.306,17319,0
20080520,29.21,29.373,28.816,29.354,20571,0
20080521,29.593,29.593,28.787,28.826,37047,0
20080522,30.026,30.026,28.673,28.768,56566,0
20080523,28.845,28.845,28.211,28.519,40083,0
20080527,28.538,28.557,28.327,28.538,22370,0
20080528,28.709,29.085,28.548,29.085,12720,0
20080529,29.037,29.364,28.911,29.2,8269,0
20080530,29.364,29.526,29.257,29.478,28565,0
20080602,29.373,29.44,29.142,29.325,26355,0
20080603,29.354,29.536,28.921,29.228,27673,0
20080604,29.027,29.364,28.95,29.008,33693,0
20080605,29.22,29.824,29.22,29.824,19299,0
20080606,29.747,29.747,29.008,29.008,22620,0
20080609,29.383,29.536,29.104,29.306,20517,0
20080610,29.065,29.095,28.624,28.797,9631,0
20080611,28.797,28.873,28.337,28.337,16991,0
20080612,28.451,28.748,28.317,28.538,19658,0
20080613,28.719,29.027,28.653,29.027,23741,0
20080616,28.643,29.228,28.643,29.171,24428,0
20080617,29.325,29.507,29.325,29.469,20730,0
20080618,29.345,29.411,29.114,29.411,7490,0
20080619,29.469,29.555,29.191,29.191,15849,0
20080620,28.96,29.152,28.442,28.624,27952,0
20080623,28.873,29.008,28.777,28.892,14535,0
20080624,28.682,28.768,28.269,28.289,15567,0
20080625,28.317,28.51,27.961,28.221,33366,0
20080626,27.913,27.981,27.251,27.511,26850,0
20080627,28.653,28.653,27.501,27.78,11158,0
20080630,28.95,28.95,27.991,28.115,9800,0
20080701,27.732,27.846,27.327,27.809,58815,0
20080702,28.163,28.163,26.877,26.906,8234,0
20080703,27.069,27.069,26.148,26.464,16420,0
20080707,26.656,26.791,25.734,25.985,14271,0
20080708,25.897,26.32,25.515,26.32,7685,0
20080709,26.425,26.57,25.936,25.936,16550,0
20080710,26.128,26.445,25.83,26.387,22389,0
20080711,26.206,26.617,26.099,26.588,19310,0
20080714,26.858,26.858,26.435,26.637,15313,0
20080715,26.493,26.493,25.571,26.167,40680,0
20080716,25.994,26.607,25.994,26.607,18745,0
20080717,26.819,26.867,26.358,26.56,14132,0
20080718,26.454,26.617,26.311,26.454,9360,0
20080721,26.656,26.954,26.56,26.934,49635,0
20080722,26.887,26.973,26.695,26.934,18960,0
20080723,28.182,28.182,26.858,26.916,33866,0
20080724,27.213,27.213,25.936,25.956,52122,0
20080725,25.888,26.435,25.888,26.167,14303,0
20080728,26.06,26.339,26.06,26.07,13353,0
20080729,26.167,26.637,26.167,26.637,12676,0
20080730,26.781,27.184,26.743,27.184,24271,0
20080731,27.193,27.203,26.791,26.829,29268,0
20080801,26.714,26.734,26.493,26.493,15385,0
20080804,26.358,26.368,25.648,25.677,10736,0
20080805,26.704,26.704,25.754,26.06,9668,0
20080806,25.734,26.329,25.734,26.253,28896,0
20080807,25.801,26.099,25.705,25.705,7777,0
20080808,25.927,26.109,25.927,26.042,7219,0
20080811,25.705,26.196,25.705,26.089,11937,0
20080812,27.069,27.069,25.917,25.936,12582,0
20080813,26.848,26.848,25.907,26.387,9527,0
20080814,26.877,26.877,26.206,26.503,5873,0
20080815,26.656,26.656,26.119,26.177,42552,0
20080818,26.734,26.734,25.869,25.917,15587,0
20080819,25.878,26.033,25.696,26.033,5528,0
20080820,26.695,26.695,26.033,26.397,6527,0
20080821,26.637,26.637,26.244,26.329,28000,0
20080822,26.454,26.656,26.329,26.464,16275,0
20080825,26.734,26.734,25.801,25.917,24921,0
20080826,25.975,26.119,25.869,26.014,7865,0
20080827,26.425,26.532,26.32,26.349,12280,0
20080828,26.762,26.762,26.368,26.656,8148,0
20080829,26.627,26.627,26.311,26.311,6980,0
20080902,26.704,26.704,25.551,25.58,10213,0
20080903,25.658,25.715,25.36,25.447,28700,0
20080904,25.869,25.869,24.603,24.831,9597,0
20080905,24.958,24.958,24.093,24.747,24037,0
20080908,26.216,26.216,24.544,24.64,27668,0
20080909,24.352,24.381,23.056,23.056,14497,0
20080910,22.615,23.72,22.433,23.527,13877,0
20080911,23.066,23.691,22.952,23.652,5825,0
20080912,23.134,24.256,23.134,24.112,10098,0
20080915,22.625,25.082,22.625,22.932,540107,0
20080916,22.346,23.354,22.049,23.335,32558,0
20080917,24.64,24.64,22.078,22.183,14637,0
20080918,21.482,23.566,21.348,23.153,37010,0
20080919,26.311,26.311,23.757,24.622,27460,0
20080922,23.7,25.438,23.7,23.71,11988,0
20080923,25.486,25.486,22.932,23.056,13610,0
20080924,22.874,23.134,22.827,22.855,3501,0
20080925,22.356,23.173,22.356,23.038,12185,0
20080926,22.25,22.528,22.174,22.49,86129,0
20080929,22.078,22.078,19.956,20.243,28091,0
20080930,18.659,21.108,18.659,21.108,28586,0
20081001,22.557,22.557,20.503,20.657,14766,0
20081002,19.639,19.639,18.929,19.025,5926,0
20081003,19.629,19.725,18.574,18.631,20802,0
20081006,18.238,18.238,16.164,17.143,66270,0
20081007,18.861,18.861,16.164,16.164,25953,0
20081008,15.3,16.529,14.869,16.251,24412,0
20081009,16.145,16.492,14.926,15.004,23803,0
20081010,13.141,14.975,12.671,14.752,52091,0
20081013,16.856,17.422,15.646,17.422,10940,0
20081014,19.418,19.966,16.318,17.825,20677,0
20081015,17.441,17.441,14.398,14.398,11776,0
20081016,14.014,15.071,13.717,15.022,11144,0
20081017,14.273,16.173,14.273,15.358,76054,0
20081020,16.241,16.241,15.358,16.088,7837,0
20081021,15.3,16.136,15.3,15.781,11871,0
20081022,15.781,15.781,13.918,14.235,18524,0
20081023,14.908,14.908,13.429,14.062,22437,0
20081024,11.97,13.918,11.816,13.783,16790,0
20081027,13.16,13.641,13.005,13.005,11335,0
20081028,13.967,13.967,12.651,13.754,4763,0
20081029,14.619,14.869,13.918,14.398,13310,0
20081030,14.879,15.051,14.427,14.888,11708,0
20081031,14.762,15.608,14.762,15.608,11366,0
20081103,15.704,15.828,15.31,15.416,23210,0
20081104,15.8,16.385,15.655,16.241,21196,0
20081105,16.155,16.155,15.31,15.454,20205,0
20081106,14.965,15.108,13.976,14.217,11716,0
20081107,14.486,14.752,14.235,14.495,17924,0
20081110,15.08,15.08,14.322,14.418,9286,0
20081111,14.244,14.244,13.651,13.842,8754,0
20081112,13.66,13.66,12.777,12.844,14702,0
20081113,12.996,13.477,12.047,13.477,25094,0
20081114,13.314,13.524,12.977,13.035,12891,0
20081117,12.977,13.16,12.69,13.035,540659,0
20081118,12.892,12.911,12.325,12.661,28143,0
20081119,12.748,12.748,11.855,11.855,10916,0
20081120,11.47,11.519,10.636,10.636,63257,0
20081121,10.77,11.279,10.55,11.279,18049,0
20081124,11.499,12.565,11.499,12.412,11446,0
20081125,12.834,12.834,12.392,12.709,22136,0
20081126,12.786,13.583,12.671,13.583,14377,0
20081128,13.429,13.429,13.246,13.39,5928,0
20081201,13.044,13.054,12.134,12.19,16978,0
20081202,12.199,12.565,12.104,12.325,24014,0
20081203,12.315,12.941,12.295,12.902,8998,0
20081204,12.632,12.931,11.989,12.096,26043,0
20081205,11.96,12.555,11.624,12.546,8919,0
20081208,13.015,13.764,13.015,13.468,98608,0
20081209,13.39,13.938,13.295,13.439,20384,0
20081210,13.726,14.071,13.67,13.909,16328,0
20081211,13.879,14.217,13.208,13.342,20709,0
20081212,12.873,13.641,12.834,13.641,13609,0
20081215,13.764,13.87,13.333,13.361,8616,0
20081216,13.42,14.052,13.42,14.014,12151,0
20081217,14.034,14.398,13.641,14.149,55086,0
20081218,14.178,14.264,13.717,13.938,12638,0
20081219,14.244,14.38,14.014,14.11,19548,0
20081222,14.12,14.12,13.371,13.726,12897,0
20081223,13.842,13.909,13.42,13.554,13070,0
20081224,13.439,13.631,13.275,13.583,4442,0
20081226,13.592,13.764,13.524,13.736,2856,0
20081229,13.947,13.947,13.458,13.698,23185,0
20081230,13.717,14.005,13.67,13.947,38043,0
20081231,13.851,14.302,13.496,14.302,9324,0
20090102,14.398,15.032,14.398,14.994,6589,0
20090105,14.801,15.329,14.801,15.32,4613,0
20090106,15.598,15.809,15.445,15.694,14276,0
20090107,15.254,15.281,14.908,14.936,14185,0
20090108,14.879,15.137,14.772,15.137,7975,0
20090109,15.186,15.186,14.745,14.898,8706,0
20090112,14.772,14.772,14.159,14.178,5625,0
20090113,14.11,14.312,14.034,14.198,4220,0
20090114,13.68,13.68,13.304,13.439,6828,0
20090115,13.458,13.717,12.977,13.621,5532,0
20090116,13.938,13.947,13.342,13.764,14668,0
20090120,13.631,13.631,12.863,12.863,11312,0
20090121,13.179,13.42,13.015,13.42,15702,0
20090122,13.16,13.352,12.911,13.083,14363,0
20090123,12.796,13.468,12.777,13.256,6236,0
20090126,13.439,13.621,13.208,13.342,7095,0
20090127,13.621,13.631,13.458,13.554,3943,0
20090128,13.842,14.188,13.842,14.1,6850,0
20090129,13.793,13.899,13.592,13.592,9744,0
20090130,13.449,13.449,13.208,13.217,7228,0
20090202,13.083,13.227,12.959,13.17,4570,0
20090203,12.497,13.515,12.497,13.429,15287,0
20090204,13.515,13.774,13.381,13.4,5091,0
20090205,13.361,13.87,13.361,13.822,4783,0
20090206,13.967,14.437,13.851,14.361,6996,0
20090209,14.486,14.638,14.39,14.542,9914,0
20090210,14.427,14.716,13.947,13.947,5511,0
20090211,14.034,14.168,13.774,13.909,9384,0
20090212,13.621,14.024,13.554,14.024,9714,0
20090213,14.062,14.207,14.024,14.042,5846,0
20090217,13.698,13.698,13.246,13.246,11607,0
20090218,13.246,13.324,12.977,13.179,10010,0
20090219,13.39,13.439,13.025,13.025,8273,0
20090220,12.718,12.863,12.392,12.651,25882,0
20090223,12.786,12.786,12.038,12.057,6518,0
20090224,12.086,12.555,11.95,12.555,17600,0
20090225,12.468,12.623,12.238,12.422,8238,0
20090226,12.623,12.748,12.286,12.363,2548,0
20090227,12.038,12.536,12.038,12.363,3983,0
20090302,11.874,11.894,11.077,11.087,18483,0
20090303,11.328,11.386,11.001,11.155,8210,0
20090304,11.422,11.807,11.422,11.768,9798,0
20090305,11.318,11.413,11.02,11.02,12739,0
20090306,11.03,11.509,10.779,11.135,25287,0
20090309,10.799,11.298,10.799,10.942,10065,0
20090310,11.347,11.73,11.279,11.672,9698,0
20090311,11.615,11.999,11.615,11.989,9628,0
20090312,11.787,12.373,11.768,12.373,32830,0
20090313,12.507,12.517,12.238,12.422,8945,0
20090316,12.757,12.814,12.45,12.458,13529,0
20090317,12.363,12.796,12.286,12.786,9901,0
20090318,12.555,13.256,12.497,13.132,4928,0
20090319,13.515,13.641,13.314,13.515,5395,0
20090320,13.439,13.524,13.073,13.103,10885,0
20090323,13.631,14.168,13.534,14.168,11325,0
20090324,14.139,14.139,13.774,13.813,26170,0
20090325,13.967,14.235,13.68,13.957,7443,0
20090326,14.235,14.437,14.11,14.418,7241,0
20090327,14.062,14.062,13.87,13.947,6319,0
20090330,13.67,13.67,13.112,13.314,4063,0
20090331,13.429,13.717,13.429,13.515,2839,0
20090401,13.621,13.87,13.621,13.87,4048,0
20090402,14.351,14.936,14.207,14.801,10775,0
20090403,14.745,15.032,14.696,14.965,48345,0
20090406,15.281,15.281,14.524,14.781,95423,0
20090407,14.495,14.57,14.283,14.312,22425,0
20090408,14.514,14.609,14.457,14.609,4082,0
20090409,15.244,15.358,15.004,15.31,13020,0
20090413,15.09,15.348,14.83,15.3,37544,0
20090414,15.09,15.291,14.936,15.147,9491,0
20090415,15.041,15.32,15.041,15.3,14984,0
20090416,15.3,15.847,15.3,15.762,13184,0
20090417,15.79,16.002,15.733,15.915,13050,0
20090420,15.406,15.406,14.888,14.888,6500,0
20090421,14.752,15.426,14.752,15.358,5315,0
20090422,15.196,15.925,15.196,15.53,55242,0
20090423,15.723,15.877,15.55,15.714,13542,0
20090424,15.974,16.308,15.867,16.173,11116,0
20090427,16.088,16.251,15.8,16.021,8042,0
20090428,16.031,16.155,15.809,16.021,6225,0
20090429,15.983,16.684,15.983,16.577,6080,0
20090430,16.951,17.163,16.616,16.702,14556,0
20090501,16.702,17.124,16.664,17.085,9352,0
20090504,17.345,17.969,17.326,17.969,25631,0
20090505,18.037,18.037,17.604,17.873,14166,0
20090506,18.171,18.171,17.719,18.037,27599,0
20090507,18.431,18.431,17.316,17.461,24161,0
20090508,17.335,18.132,17.335,18.112,22074,0
20090511,18.18,18.18,17.538,17.614,13629,0
20090512,17.949,17.949,17.278,17.528,21367,0
20090513,17.134,17.134,16.501,16.548,25942,0
20090514,16.731,16.808,16.433,16.731,17258,0
20090515,16.721,16.799,16.52,16.557,2985,0
20090518,16.751,17.278,16.751,17.278,9414,0
20090519,17.345,17.509,17.278,17.335,4402,0
20090520,17.422,17.825,17.278,17.298,11205,0
20090521,17.039,17.039,16.645,16.856,11228,0
20090522,16.913,17.075,16.818,16.866,6612,0
20090526,16.913,17.548,16.721,17.48,8229,0
20090527,17.519,17.71,17.307,17.326,7455,0
20090528,17.499,17.614,17.085,17.509,6474,0
20090529,17.806,17.806,17.604,17.672,6512,0
20090601,18.141,18.871,18.141,18.805,10846,0
20090602,18.689,18.978,18.574,18.9,30782,0
20090603,18.708,18.708,18.122,18.296,18315,0
20090604,18.526,18.871,18.459,18.871,34165,0
20090605,19.025,19.112,18.708,18.881,6481,0
20090608,18.659,18.757,18.334,18.65,3887,0
20090609,18.757,18.9,18.602,18.805,22986,0
20090610,19.016,19.083,18.574,18.939,14560,0
20090611,18.939,19.361,18.939,19.169,10353,0
20090612,19.131,19.131,18.814,18.958,10762,0
20090615,18.689,18.689,18.19,18.392,8086,0
20090616,18.659,18.659,18.017,18.094,7813,0
20090617,18.076,18.076,17.594,17.969,11626,0
20090618,17.757,18.017,17.682,17.873,5231,0
20090619,18.037,18.076,17.786,17.873,4236,0
20090622,17.614,17.614,16.913,16.913,14857,0
20090623,17,17,16.625,16.856,14006,0
20090624,17.039,17.461,17.039,17.173,6899,0
20090625,17.211,17.662,17.095,17.643,29444,0
20090626,17.653,17.71,17.575,17.71,10144,0
20090629,17.777,17.883,17.633,17.844,7888,0
20090630,18.056,18.094,17.575,17.7,8847,0
20090701,17.959,18.21,17.892,17.892,17497,0
20090702,17.567,17.594,17.202,17.202,11738,0
20090706,16.922,16.922,16.482,16.702,22169,0
20090707,16.587,16.606,16.318,16.356,5976,0
20090708,16.365,16.395,15.838,16.145,14513,0
20090709,16.299,16.567,16.299,16.433,12862,0
20090710,16.328,16.414,16.241,16.414,12606,0
20090713,16.222,16.789,16.222,16.741,7191,0
20090714,16.866,17.105,16.789,17.095,5246,0
20090715,17.365,17.834,17.039,17.834,4011,0
20090716,17.998,18.161,17.883,18.151,4266,0
20090717,18.037,18.238,17.949,18.2,3888,0
20090720,18.056,18.659,18.056,18.612,50469,0
20090721,18.747,18.833,18.411,18.555,16037,0
20090722,18.431,18.737,18.431,18.612,5068,0
20090723,18.766,19.246,18.766,19.227,6090,0
20090724,19.035,19.333,19.006,19.333,4406,0
20090727,19.389,19.447,19.274,19.418,9923,0
20090728,19.016,19.016,18.757,19.006,5448,0
20090729,18.949,18.949,18.526,18.689,9945,0
20090730,19.074,19.313,19.064,19.178,8225,0
20090731,19.178,19.496,19.178,19.457,6880,0
20090803,19.706,20.09,19.706,20.061,7022,0
20090804,19.976,20.186,19.832,20.024,8638,0
20090805,20.243,20.243,19.976,20.129,6145,0
20090806,20.157,20.157,19.861,19.937,3144,0
20090807,20.015,20.321,19.966,20.224,8545,0
20090810,20.206,20.331,20.119,20.331,6189,0
20090811,20.206,20.206,19.842,19.937,8912,0
20090812,20.015,20.389,20.015,20.321,5692,0
20090813,20.435,20.888,20.263,20.484,21372,0
20090814,20.542,20.542,20.015,20.196,6060,0
20090817,19.803,19.803,19.333,19.457,8798,0
20090818,19.476,20.051,19.476,20.043,7424,0
20090819,19.735,20.167,19.735,20.09,5388,0
20090820,20.061,20.445,20.061,20.426,9071,0
20090821,20.782,20.963,20.744,20.953,9794,0
20090824,21.137,21.146,20.829,20.868,18585,0
20090825,21.021,21.07,20.859,20.897,3976,0
20090826,20.782,20.801,20.58,20.715,2798,0
20090827,20.696,20.925,20.37,20.821,20170,0
20090828,20.992,21.137,20.705,20.897,12118,0
20090831,20.552,20.59,20.302,20.435,13779,0
20090901,20.302,20.619,19.822,19.822,10991,0
20090902,19.822,19.822,19.611,19.774,6135,0
20090903,19.822,20.034,19.822,20.034,5394,0
20090904,20.015,20.484,20.015,20.484,3346,0
20090908,20.868,20.953,20.772,20.953,13035,0
20090909,21.041,21.309,20.953,21.165,10150,0
20090910,21.886,21.886,21.348,21.741,3863,0
20090911,21.751,21.953,21.617,21.751,6040,0
20090914,21.579,21.837,21.463,21.827,10242,0
20090915,22,22.221,21.866,22.174,13588,0
20090916,22.338,22.586,22.174,22.528,15412,0
20090917,22.557,22.72,22.27,22.289,7747,0
20090918,22.328,22.395,22.192,22.27,24556,0
20090921,22.049,22.049,21.847,21.943,5027,0
20090922,22.126,22.433,22.126,22.433,6680,0
20090923,22.433,22.442,22.01,22.01,13268,0
20090924,22.078,22.078,21.339,21.492,6834,0
20090925,21.272,21.444,21.165,21.194,13254,0
20090928,21.3,21.78,21.29,21.731,5091,0
20090929,21.731,21.79,21.579,21.722,4706,0
20090930,21.722,21.741,21.252,21.482,3904,0
20091001,21.137,21.137,20.542,20.542,12554,0
20091002,20.282,20.513,20.147,20.302,36788,0
20091005,20.37,20.897,20.37,20.859,20829,0
20091006,21.397,21.435,21.29,21.339,3876,0
20091007,21.348,21.502,21.319,21.407,6001,0
20091008,21.645,21.925,21.645,21.886,3578,0
20091009,21.799,21.953,21.77,21.915,10628,0
20091012,22.097,22.202,21.972,22.078,5734,0
20091013,22.049,22.136,21.818,22.01,9452,0
20091014,22.309,22.518,22.27,22.518,15040,0
20091015,22.376,22.663,22.299,22.644,16330,0
20091016,22.433,22.471,22.231,22.433,4232,0
20091019,22.49,22.855,22.413,22.73,16187,0
20091020,22.739,22.739,22.413,22.605,7471,0
20091021,22.461,22.952,22.433,22.433,6341,0
20091022,22.376,22.557,22.164,22.557,11629,0
20091023,22.576,22.654,22.107,22.164,10874,0
20091026,22.183,22.518,21.645,21.741,16136,0
20091027,21.809,21.809,21.407,21.444,20245,0
20091028,21.309,21.309,20.474,20.503,21146,0
20091029,20.762,21.348,20.762,21.233,13067,0
20091030,21.117,21.146,20.302,20.397,40724,0
20091102,20.523,20.829,20.147,20.513,10363,0
20091103,20.243,20.801,20.11,20.792,8877,0
20091104,20.973,21.165,20.801,20.849,10560,0
20091105,20.839,21.348,20.839,21.309,7581,0
20091106,21.3,21.319,21.175,21.309,18560,0
20091109,21.54,21.982,21.54,21.934,8115,0
20091110,21.934,22.029,21.635,21.837,7174,0
20091111,22.039,22.039,21.702,21.799,25937,0
20091112,21.79,21.79,21.358,21.377,9588,0
20091113,21.319,21.54,21.184,21.54,5364,0
20091116,21.837,22.068,21.837,21.905,8612,0
20091117,21.876,21.962,21.722,21.962,2930,0
20091118,21.925,22.058,21.761,21.895,9577,0
20091119,21.722,21.722,21.272,21.444,14485,0
20091120,21.309,21.309,21.06,21.175,6249,0
20091123,21.635,21.886,21.54,21.54,3519,0
20091124,21.262,21.435,21.194,21.407,3973,0
20091125,21.502,21.809,21.502,21.809,6313,0
20091127,20.58,21.482,20.58,21.358,1771,0
20091130,21.857,21.857,21.041,21.194,4317,0
20091201,21.233,21.847,21.233,21.693,9384,0
20091202,21.895,22.029,21.761,21.857,7371,0
20091203,21.531,21.982,21.425,21.579,7705,0
20091204,22.029,22.155,21.531,21.827,8628,0
20091207,21.953,22.097,21.876,21.962,15428,0
20091208,21.895,21.895,21.589,21.627,11151,0
20091209,21.56,21.635,21.397,21.635,9065,0
20091210,21.837,21.866,21.664,21.693,4013,0
20091211,21.962,21.962,21.751,21.847,5426,0
20091214,22.058,22.423,22.058,22.423,6062,0
20091215,22.385,22.557,22.318,22.471,11395,0
20091216,22.509,22.644,22.5,22.576,21761,0
20091217,22.49,22.49,22.212,22.212,5152,0
20091218,22.164,22.26,22.126,22.26,7566,0
20091221,22.25,22.586,22.25,22.48,5599,0
20091222,22.537,22.73,22.537,22.683,6242,0
20091223,22.778,23.009,22.778,23.009,7266,0
20091224,23.191,23.191,23.095,23.095,2214,0
20091228,23.124,23.183,22.913,23.038,14871,0
20091229,23.066,23.191,22.903,22.903,6982,0
20091230,22.778,22.874,22.73,22.855,33355,0
20091231,22.865,22.903,22.596,22.596,7572,0
20100104,22.778,23.47,22.778,23.47,6770,0
20100105,23.421,23.766,23.421,23.766,4234,0
20100106,23.786,24.084,23.786,23.978,33355,0
20100107,23.959,23.959,23.73,23.892,8698,0
20100108,23.95,24.284,23.95,24.284,10791,0
20100111,24.44,24.535,24.189,24.333,9710,0
20100112,24.151,24.151,23.757,23.873,13790,0
20100113,24.006,24.141,23.71,24.093,44933,0
20100114,24.035,24.103,23.978,24.045,8929,0
20100115,23.969,23.987,23.537,23.681,15864,0
20100119,23.691,24.055,23.537,24.055,10514,0
20100120,23.71,23.72,23.441,23.691,13368,0
20100121,23.671,23.671,22.788,22.797,10894,0
20100122,22.807,22.807,22.164,22.25,12158,0
20100125,22.509,22.605,22.433,22.433,8364,0
20100126,22.433,22.586,22.126,22.309,19076,0
20100127,22.221,22.26,21.895,22,3466,0
20100128,22.087,22.087,21.617,21.78,11144,0
20100129,21.925,22.107,21.358,21.444,13759,0
20100201,21.137,21.99,21.117,21.99,60850,0
20100202,22.078,22.442,22.078,22.442,2039,0
20100203,22.164,22.318,21.953,22.068,10080,0
20100204,21.866,21.886,21.021,21.021,22395,0
20100205,20.983,20.983,20.311,20.878,20930,0
20100208,20.888,21.137,20.762,20.762,2929,0
20100209,21.051,21.329,20.821,21.06,8825,0
20100210,21.041,21.06,20.782,20.973,4499,0
20100211,20.925,21.435,20.916,21.425,5875,0
20100212,21.089,21.397,20.925,21.397,8308,0
20100216,21.683,21.953,21.608,21.953,7398,0
20100217,22.01,22.01,21.837,21.943,6471,0
20100218,21.982,22.126,21.982,22.126,15476,0
20100219,22.02,22.058,21.818,21.972,6503,0
20100222,22.078,22.078,21.866,21.895,3165,0
20100223,21.722,21.722,21.358,21.397,7152,0
20100224,21.57,21.57,21.358,21.454,9278,0
20100225,21.165,21.502,21.156,21.502,3630,0
20100226,21.589,21.589,21.521,21.579,1637,0
20100301,21.78,22.136,21.78,22.126,5681,0
20100302,22.299,22.423,22.25,22.27,3726,0
20100303,22.376,22.547,22.346,22.413,7352,0
20100304,22.49,22.547,22.318,22.395,13037,0
20100305,22.567,22.836,22.567,22.778,9408,0
20100308,22.788,22.865,22.673,22.673,5223,0
20100309,22.605,22.827,22.605,22.71,20556,0
20100310,22.73,22.903,22.673,22.768,5283,0
20100311,22.739,23.019,22.635,23.009,8114,0
20100312,23.134,23.144,22.952,23.066,7537,0
20100315,23.019,23.019,22.788,22.98,5516,0
20100316,23.115,23.173,23.009,23.124,4032,0
20100317,23.134,23.354,23.134,23.238,15145,0
20100318,23.228,23.228,23.009,23.047,2395,0
20100319,22.97,22.97,22.644,22.693,9247,0
20100322,22.433,22.913,22.395,22.913,16154,0
20100323,23.085,23.335,23.009,23.335,4159,0
20100324,23.191,23.191,23.095,23.095,860,0
20100325,23.315,23.364,22.884,22.884,8381,0
20100326,22.942,23.056,22.749,22.903,13505,0
20100329,23.296,23.354,23.257,23.345,16955,0
20100330,23.421,23.441,23.267,23.411,4797,0
20100331,23.335,23.556,23.296,23.296,3804,0
20100401,23.603,23.652,23.498,23.603,4345,0
20100405,23.854,24.035,23.72,24.035,61462,0
20100406,23.959,24.055,23.959,24.006,8389,0
20100407,23.883,23.912,23.671,23.786,5060,0
20100408,23.566,23.844,23.517,23.815,29827,0
20100409,23.959,23.959,23.892,23.931,3340,0
20100412,23.864,24.045,23.864,23.94,4130,0
20100413,23.854,23.987,23.766,23.959,7022,0
20100414,24.121,24.313,23.987,24.284,7216,0
20100415,24.276,24.44,24.276,24.42,6565,0
20100416,24.276,24.284,23.7,23.978,5999,0
20100419,23.72,23.873,23.421,23.662,3610,0
20100420,24.112,24.141,24.074,24.112,1384,0
20100421,24.218,24.218,23.912,24.025,3704,0
20100422,23.902,24.362,23.902,24.352,11238,0
20100423,24.401,24.747,24.333,24.747,12134,0
20100426,24.65,24.861,24.612,24.612,7218,0
20100427,24.593,24.593,23.815,23.815,12524,0
20100428,23.94,24.103,23.873,24.103,4288,0
20100429,24.276,24.583,24.276,24.506,2874,0
20100430,24.603,24.603,24.256,24.256,12746,0
20100503,24.42,24.67,24.352,24.612,9679,0
20100504,23.902,23.996,23.613,23.623,8494,0
20100505,23.047,23.47,22.865,23.173,7671,0
20100506,22.999,24.583,12.968,22.299,17699,0
20100507,21.925,22.299,21.262,21.635,17989,0
20100510,22.087,23.066,22.087,22.989,47300,0
20100511,22.903,23.325,22.846,23.066,9658,0
20100512,23.047,23.72,23.047,23.7,3693,0
20100513,23.834,23.95,23.527,23.633,4294,0
20100514,23.247,23.247,22.605,22.768,5872,0
20100517,22.893,23.019,22.231,22.663,11897,0
20100518,23.076,23.076,22.309,22.309,1185,0
20100519,22.183,22.28,21.608,21.818,22476,0
20100520,21.435,21.435,20.725,20.888,39918,0
20100521,20.37,21.358,20.37,21.223,3709,0
20100524,20.821,21.368,20.821,21.108,5158,0
20100525,20.253,20.897,20.071,20.878,15256,0
20100526,21.051,21.492,20.944,21.07,22735,0
20100527,21.57,21.925,21.57,21.925,2992,0
20100528,21.915,21.915,21.693,21.809,15449,0
20100601,21.77,21.77,20.992,20.992,4824,0
20100602,21.3,21.886,21.156,21.886,3272,0
20100603,22.183,22.356,21.982,22.346,6215,0
20100604,22,22.039,21.252,21.252,4261,0
20100607,21.329,21.377,20.705,20.734,5759,0
20100608,20.705,20.811,20.445,20.792,6407,0
20100609,21.407,21.407,20.744,20.744,3746,0
20100610,21.156,21.79,21.156,21.79,13412,0
20100611,21.358,21.99,21.358,21.982,13373,0
20100614,22.528,22.644,22.202,22.231,15637,0
20100615,22.376,23.038,22.376,23.028,4432,0
20100616,22.97,23.085,22.807,22.942,4763,0
20100617,22.932,22.932,22.625,22.759,3547,0
20100618,22.884,22.942,22.846,22.884,1037,0
20100621,23.364,23.364,22.807,22.807,5512,0
20100622,22.913,22.913,22.28,22.28,1837,0
20100623,21.99,22.231,21.953,22.174,7462,0
20100624,21.886,21.925,21.627,21.635,5087,0
20100625,21.655,21.972,21.627,21.876,3514,0
20100628,21.99,21.99,21.77,21.818,1361,0
20100629,21.204,21.204,20.638,20.638,7753,0
20100630,21.091,21.091,20.6,20.6,7182,0
20100701,20.552,20.552,20.005,20.435,7593,0
20100702,20.619,20.619,20.243,20.445,10391,0
20100706,20.944,20.944,20.206,20.282,6291,0
20100707,20.234,21.031,20.234,21.021,8993,0
20100708,21.184,21.3,21.06,21.233,5371,0
20100709,21.492,21.731,21.482,21.731,4842,0
20100712,21.579,21.579,21.425,21.454,3231,0
20100713,21.664,22,21.664,21.934,3060,0
20100714,21.905,22.058,21.905,21.962,4195,0
20100715,21.886,22.01,21.761,21.953,6826,0
20100716,21.339,21.502,21.117,21.137,7020,0
20100719,21.099,21.309,20.992,21.272,6699,0
20100720,20.916,21.722,20.916,21.712,7705,0
20100721,21.77,21.886,21.55,21.608,6002,0
20100722,21.827,22.451,21.827,22.451,7688,0
20100723,22.376,22.759,22.376,22.759,2931,0
20100726,22.807,23.163,22.807,23.163,8969,0
20100727,23.201,23.201,22.97,23.028,14766,0
20100728,22.807,22.96,22.5,22.567,4946,0
20100729,22.98,22.98,22.528,22.836,7712,0
20100730,22.625,22.96,22.471,22.932,4847,0
20100802,23.507,23.507,23.325,23.47,8277,0
20100803,23.163,23.411,23.163,23.296,6716,0
20100804,23.488,23.488,23.228,23.46,10863,0
20100805,23.325,23.325,23.238,23.325,9945,0
20100806,23.144,23.286,22.923,23.238,16439,0
20100809,23.257,23.335,23.238,23.335,1068,0
20100810,23.124,23.144,22.846,23.095,3572,0
20100811,22.547,22.547,22.02,22.039,2136,0
20100812,21.492,21.905,21.492,21.799,11365,0
20100813,21.79,21.79,21.627,21.627,7209,0
20100816,21.368,21.809,21.368,21.702,10339,0
20100817,21.934,22.366,21.934,22.328,4020,0
20100818,22.107,22.346,22.107,22.318,2219,0
20100819,22.299,22.299,21.693,21.702,10447,0
20100820,21.617,21.617,21.339,21.589,6273,0
20100823,21.635,21.635,21.416,21.502,6119,0
20100824,20.925,21.137,20.897,20.983,4785,0
20100825,20.772,21.127,20.744,21.07,4236,0
20100826,21.204,21.339,20.934,20.934,5868,0
20100827,21.041,21.482,20.821,21.482,4401,0
20100830,21.377,21.444,21.252,21.252,3635,0
20100831,21.012,21.223,20.992,21.07,7808,0
20100901,21.377,21.905,21.377,21.905,9148,0
20100902,21.837,22.107,21.837,22.107,9736,0
20100903,22.433,22.557,22.289,22.5,7809,0
20100907,22.49,22.49,22.126,22.126,1938,0
20100908,22.289,22.289,22.058,22.058,1918,0
20100909,22.528,22.528,22.049,22.049,4726,0
20100910,22.299,22.299,22.174,22.241,2076,0
20100913,22.395,22.749,22.395,22.693,4506,0
20100914,22.701,22.836,22.625,22.739,3643,0
20100915,22.605,22.673,22.395,22.625,4157,0
20100916,22.596,22.605,22.528,22.605,1791,0
20100917,22.778,22.778,22.586,22.615,8906,0
20100920,22.673,23.056,22.576,23.056,4228,0
20100921,23.047,23.134,22.923,22.999,2807,0
20100922,23.076,23.076,22.827,22.827,4502,0
20100923,22.683,22.874,22.576,22.605,2764,0
20100924,22.913,23.173,22.913,23.173,7426,0
20100927,23.066,23.247,23.066,23.144,7269,0
20100928,22.942,23.306,22.942,23.306,5434,0
20100929,23.306,23.488,23.306,23.393,10013,0
20100930,23.537,23.537,23.144,23.286,3747,0
20101001,23.498,23.498,23.277,23.421,4342,0
20101004,23.238,23.238,22.923,23.009,3335,0
20101005,23.238,23.72,23.238,23.72,4062,0
20101006,23.72,23.805,23.584,23.72,4250,0
20101007,23.537,23.633,23.537,23.633,833,0
20101008,23.738,24.016,23.7,23.987,6207,0
20101011,24.313,24.313,23.95,24.131,3112,0
20101012,24.238,24.238,23.978,24.064,5050,0
20101013,24.256,24.699,24.256,24.583,2444,0
20101014,24.544,24.747,24.544,24.564,3935,0
20101015,24.764,24.764,24.506,24.593,4350,0
20101018,24.477,24.603,24.391,24.564,4385,0
20101019,24.093,24.323,23.959,23.978,6645,0
20101020,23.987,24.401,23.987,24.352,2702,0
20101021,24.477,24.632,24.084,24.343,2437,0
20101022,24.313,24.362,24.284,24.313,7814,0
20101025,24.44,24.632,24.381,24.381,1383,0
20101026,24.093,24.352,24.074,24.284,2885,0
20101027,24.084,24.084,23.912,24.025,6231,0
20101028,24.477,24.477,24.103,24.218,19639,0
20101029,24.178,24.343,24.168,24.343,22130,0
20101101,24.362,24.564,24.284,24.284,3885,0
20101102,24.43,24.632,24.304,24.632,3445,0
20101103,24.632,24.689,24.352,24.622,13452,0
20101104,25.043,25.322,25.033,25.322,7863,0
20101105,25.438,25.438,25.313,25.379,12055,0
20101108,25.283,25.541,25.283,25.524,3626,0
20101109,25.792,25.792,25.293,25.389,10597,0
20101110,25.072,25.409,25.072,25.409,638,0
20101111,25.265,25.6,25.265,25.533,3900,0
20101112,25.399,25.447,24.948,25.043,8073,0
20101115,25.13,25.303,25.082,25.082,9393,0
20101116,24.919,24.919,24.42,24.477,9519,0
20101117,24.535,24.755,24.535,24.593,13884,0
20101118,24.977,25.178,24.967,24.987,4377,0
20101119,24.948,25.13,24.948,25.13,1251,0
20101122,24.958,25.159,24.803,25.13,6164,0
20101123,24.831,24.831,24.506,24.583,2402,0
20101124,24.958,25.255,24.958,25.226,2651,0
20101129,24.977,25.12,24.66,25.111,3575,0
20101130,24.948,25.283,24.948,25.226,5742,0
20101201,25.506,25.821,25.506,25.764,4543,0
20101202,25.754,26.301,25.754,26.283,6828,0
20101203,26.301,26.512,26.225,26.493,12723,0
20101206,26.329,26.646,26.329,26.607,11918,0
20101207,26.858,26.858,26.57,26.57,8580,0
20101208,26.704,26.704,26.474,26.493,4337,0
20101209,26.685,26.685,26.464,26.551,4067,0
20101210,26.598,26.8,26.57,26.8,9171,0
20101213,26.877,27.079,26.877,27.041,3545,0
20101214,26.973,26.973,26.598,26.598,6560,0
20101215,26.704,26.753,26.435,26.503,10631,0
20101216,26.406,26.617,26.397,26.617,8141,0
20101217,26.493,26.617,26.474,26.578,7260,0
20101220,26.483,26.753,26.483,26.714,9692,0
20101221,26.829,26.983,26.829,26.973,6959,0
20101222,26.877,26.973,26.877,26.973,4503,0
20101223,26.867,26.964,26.858,26.964,3652,0
20101227,26.867,26.954,26.858,26.954,2381,0
20101228,26.954,26.954,26.858,26.877,5700,0
20101229,27.073,27.073,26.996,27.035,2189,0
20101230,26.929,27.073,26.929,26.986,13329,0
20101231,26.99,27.048,26.912,27,5657,0
20110103,27.232,27.462,27.232,27.356,2225,0
20110104,27.453,27.453,26.8,27.022,2966,0
20110105,26.877,27.184,26.867,27.174,5647,0
20110106,27.041,27.184,26.993,26.993,3852,0
20110107,27.145,27.145,26.877,26.926,1055,0
20110110,26.675,27.079,26.675,27.002,2100,0
20110111,27.289,27.434,27.242,27.356,5546,0
20110112,27.664,27.809,27.664,27.761,3754,0
20110113,27.836,27.875,27.703,27.703,1079,0
20110114,27.732,27.8,27.674,27.703,4093,0
20110118,27.674,27.971,27.674,27.971,2512,0
20110119,27.981,27.981,27.414,27.414,7906,0
20110120,27.444,27.444,26.838,26.973,9113,0
20110121,27.155,27.174,26.819,26.858,4052,0
20110124,26.858,27.289,26.858,27.174,35023,0
20110125,26.993,27.06,26.916,27.012,7077,0
20110126,27.309,27.683,27.309,27.683,9226,0
20110127,27.53,27.751,27.462,27.741,53106,0
20110128,27.674,27.674,27.06,27.079,18824,0
20110131,27.058,27.503,27.058,27.464,22267,0
20110201,27.712,28.058,27.549,28.009,22030,0
20110202,27.942,28.009,27.913,27.913,4512,0
20110203,27.654,27.961,27.597,27.961,8292,0
20110204,28.221,28.221,27.885,27.991,14813,0
20110207,28.038,28.346,28.038,28.25,27293,0
20110208,28.471,28.471,28.124,28.393,8906,0
20110209,28.643,28.643,28.182,28.24,5861,0
20110210,28.422,28.461,28.105,28.355,22252,0
20110211,28.528,28.777,28.298,28.738,10385,0
20110214,28.931,28.969,28.709,28.95,6857,0
20110215,29.085,29.085,28.634,28.682,17681,0
20110216,28.892,28.969,28.777,28.873,12342,0
20110217,28.845,29.027,28.845,29.008,17889,0
20110218,29.095,29.095,28.892,28.931,5601,0
20110222,28.969,28.969,28.163,28.163,12544,0
20110223,28.308,28.308,27.828,27.961,20168,0
20110224,28.048,28.095,27.78,27.999,6670,0
20110225,28.095,28.422,28.095,28.422,17410,0
20110228,28.621,28.621,28.409,28.487,8724,0
20110301,28.577,28.653,27.846,27.913,44418,0
20110302,27.809,28.24,27.78,28.191,10970,0
20110303,28.605,28.845,28.605,28.835,14318,0
20110304,29.065,29.065,28.691,28.892,51169,0
20110307,28.931,29.075,28.346,28.548,5797,0
20110308,28.548,28.738,28.538,28.653,8523,0
20110309,28.5,28.729,28.461,28.653,9256,0
20110310,28.077,28.259,27.836,27.895,6427,0
20110311,27.895,28.095,27.222,28.028,9330,0
20110314,27.856,27.856,27.318,27.664,12687,0
20110315,26.397,27.511,26.014,27.434,20923,0
20110316,27.261,27.644,26.867,27.041,11788,0
20110317,27.554,27.601,27.341,27.389,10032,0
20110318,27.78,27.8,27.587,27.587,5645,0
20110321,28.221,28.355,28.221,28.289,30090,0
20110322,28.374,28.384,28.182,28.24,17314,0
20110323,28.182,28.393,28.009,28.393,17851,0
20110324,28.451,28.586,28.337,28.528,4588,0
20110325,28.719,28.921,28.709,28.738,10961,0
20110328,28.768,28.806,28.557,28.557,29748,0
20110329,28.538,28.758,28.538,28.758,2253,0
20110330,28.921,29.267,28.921,29.21,25658,0
20110331,29.228,29.248,29.054,29.238,6123,0
20110401,29.507,29.66,29.383,29.469,4457,0
20110404,29.65,29.66,29.44,29.565,9017,0
20110405,29.469,29.766,29.316,29.44,12777,0
20110406,29.65,29.66,29.345,29.43,6611,0
20110407,29.383,29.613,29.238,29.335,8208,0
20110408,29.267,29.373,28.451,28.979,9770,0
20110411,28.806,28.806,28.451,28.451,4728,0
20110412,28.058,28.5,27.875,28.009,6735,0
20110413,28.095,28.269,28.019,28.115,48738,0
20110414,27.885,28.144,27.836,28.095,14162,0
20110415,28.058,28.289,28.019,28.269,5698,0
20110418,27.932,27.932,27.54,27.761,4545,0
20110419,27.875,27.961,27.8,27.961,2823,0
20110420,28.298,28.538,28.298,28.451,3381,0
20110421,28.729,28.729,28.567,28.673,4671,0
20110425,28.7,28.7,28.5,28.577,6958,0
20110426,28.758,29.123,28.758,28.989,14383,0
20110427,28.999,29.2,28.787,29.2,5786,0
20110428,29.056,29.325,29.056,29.181,11822,0
20110429,29.297,29.442,29.248,29.394,7549,0
20110502,29.583,29.689,29.287,29.287,31360,0
20110503,28.864,29.152,28.538,28.738,15667,0
20110504,28.643,28.797,28.115,28.269,6930,0
20110505,27.828,28.221,27.828,27.895,3589,0
20110506,28.528,28.634,28.211,28.211,5956,0
20110509,28.23,28.624,28.23,28.586,4346,0
20110510,28.729,28.845,28.643,28.845,14497,0
20110511,28.873,28.873,28.23,28.298,2350,0
20110512,27.836,28.393,27.836,28.308,2976,0
20110513,28.259,28.51,27.761,27.846,9320,0
20110516,27.644,27.932,27.569,27.587,5036,0
20110517,27.347,27.491,27.145,27.347,21420,0
20110518,27.289,27.828,27.289,27.79,22820,0
20110519,28.067,28.067,27.828,27.846,16736,0
20110520,27.549,27.78,27.444,27.683,11447,0
20110523,27.289,27.289,27.041,27.174,12363,0
20110524,27.242,27.491,27.116,27.174,9491,0
20110525,27.232,27.491,27.232,27.491,4733,0
20110526,27.405,27.674,27.356,27.674,5645,0
20110527,27.908,28.073,27.841,27.861,9087,0
20110531,28.181,28.25,27.949,28.036,8894,0
20110601,28.201,28.201,27.376,27.376,3940,0
20110602,27.299,27.424,27.069,27.213,7057,0
20110603,26.926,27.125,26.877,26.934,9035,0
20110606,26.983,27.022,26.445,26.445,28859,0
20110607,26.59,26.639,26.524,26.524,8491,0
20110608,26.389,26.417,25.918,25.996,10136,0
20110609,26.11,26.331,26.11,26.198,23073,0
20110610,26.14,26.14,25.716,25.822,15508,0
20110613,25.869,25.975,25.409,25.59,9575,0
20110614,25.851,26.217,25.851,26.169,5189,0
20110615,25.918,26.025,25.59,25.658,27578,0
20110616,25.668,25.745,25.052,25.245,14645,0
20110617,25.477,25.552,25.322,25.399,7311,0
20110620,25.418,25.61,25.332,25.542,118743,0
20110621,25.928,26.294,25.735,26.275,24829,0
20110622,26.14,26.37,26.14,26.159,29569,0
20110623,25.486,26.043,25.428,25.937,7500,0
20110624,25.996,26.052,25.851,25.899,3666,0
20110627,25.87,26.035,25.745,26.015,16927,0
20110628,26.062,26.399,26.062,26.399,8657,0
20110629,26.447,26.736,26.427,26.688,46122,0
20110630,26.814,27.153,26.728,27.144,89089,0
20110701,26.947,27.466,26.947,27.466,4807,0
20110705,27.389,27.554,27.389,27.495,16574,0
20110706,27.284,27.448,27.284,27.399,5372,0
20110707,27.804,27.899,27.785,27.814,6128,0
20110708,27.495,27.534,27.313,27.534,3220,0
20110711,27.236,27.303,26.794,26.794,3291,0
20110712,26.812,27.005,26.794,26.9,11002,0
20110713,27.129,27.524,26.976,27.331,3337,0
20110714,27.255,27.409,26.841,26.919,12883,0
20110715,27.073,27.275,27.064,27.275,1644,0
20110718,26.909,26.937,26.803,26.937,4631,0
20110719,27.177,27.554,27.177,27.505,8692,0
20110720,27.534,27.534,27.341,27.418,4869,0
20110721,27.688,27.851,27.668,27.851,2868,0
20110722,27.937,28.11,27.841,28.053,10216,0
20110725,27.89,28.043,27.861,27.87,7150,0
20110726,27.638,27.862,27.638,27.717,4737,0
20110727,27.544,27.544,26.803,26.803,13559,0
20110728,26.796,27.114,26.63,26.63,4005,0
20110729,26.311,26.738,26.097,26.544,7336,0
20110801,26.861,26.861,26.255,26.38,3506,0
20110802,26.339,26.359,25.488,25.488,4321,0
20110803,25.506,25.506,24.717,25.448,6885,0
20110804,25.004,25.004,23.417,23.437,30865,0
20110805,23.754,23.754,22.322,23.062,18666,0
20110808,21.811,22.283,20.754,20.935,25103,0
20110809,21.225,21.667,20.619,21.667,25463,0
20110810,21.686,21.802,21.052,21.052,19362,0
20110811,21.282,22.37,20.984,22.332,7574,0
20110812,22.494,22.62,22.264,22.389,4630,0
20110815,22.889,23.101,22.822,23.091,39138,0
20110816,22.792,22.957,22.6,22.715,1993,0
20110817,22.985,22.985,22.408,22.514,8208,0
20110818,21.611,21.994,21.071,21.081,6361,0
20110819,20.898,21.282,20.677,20.745,11171,0
20110822,21.158,21.225,20.59,20.619,13092,0
20110823,20.667,21.389,20.6,21.389,6117,0
20110824,21.37,21.763,21.292,21.763,3627,0
20110825,21.783,21.783,21.409,21.409,2534,0
20110826,21.071,21.783,20.907,21.783,623,0
20110829,22.332,22.908,22.101,22.908,5382,0
20110830,22.792,23.206,22.792,23.159,3328,0
20110831,23.519,23.519,23.035,23.083,1663,0
20110902,22.278,22.278,21.822,21.822,5053,0
20110906,21.114,21.444,21.104,21.387,5570,0
20110907,22.055,22.568,21.88,22.539,17215,0
20110908,22.529,22.529,22.259,22.298,1307,0
20110909,21.803,21.871,21.192,21.347,5965,0
20110912,20.927,21.38,20.927,21.292,14747,0
20110913,21.725,21.841,21.347,21.764,2729,0
20110914,21.88,22.074,21.492,22.055,17232,0
20110915,22.398,22.465,22.149,22.437,5448,0
20110916,22.385,22.598,22.288,22.385,10105,0
20110919,21.822,22.249,21.715,22.171,6072,0
20110920,22.045,22.123,21.657,21.734,2638,0
20110921,21.715,21.715,20.892,20.892,5389,0
20110922,20.154,20.154,19.427,19.699,29956,0
20110923,19.515,19.728,19.515,19.69,8643,0
20110926,19.922,20.222,19.417,20.222,12227,0
20110927,20.698,21.289,20.698,21.289,6140,0
20110928,21.124,21.124,20.01,20.01,11165,0
20110929,20.445,20.65,19.806,19.981,4170,0
20110930,19.66,19.738,19.388,19.388,10322,0
20111003,19.166,19.166,18.303,18.303,38928,0
20111004,18.138,18.914,17.664,18.914,12928,0
20111005,19.157,19.816,18.982,19.797,6397,0
20111006,20.349,20.388,20.29,20.388,1649,0
20111007,20.406,20.553,20.067,20.136,6855,0
20111010,20.785,20.988,20.785,20.911,2002,0
20111011,21.163,21.163,21.037,21.104,3326,0
20111012,21.444,21.705,21.387,21.629,3430,0
20111013,21.367,21.416,21.134,21.416,3248,0
20111014,21.831,22.181,21.831,22.065,4245,0
20111017,21.667,21.667,21.347,21.347,2254,0
20111018,21.551,22.055,21.541,21.987,3270,0
20111019,22.025,22.035,21.532,21.532,1738,0
20111020,21.134,21.561,21.086,21.561,8716,0
20111021,22.035,22.045,21.754,22.045,26838,0
20111024,22.298,22.792,22.19,22.792,6431,0
20111025,22.327,22.501,22.21,22.259,1611,0
20111026,22.481,22.617,22.133,22.617,4268,0
20111027,23.285,23.955,23.276,23.752,3467,0
20111028,23.616,23.917,23.586,23.819,23873,0
20111031,23.266,23.266,23.083,23.083,45537,0
20111101,22.045,22.19,21.744,22.074,3276,0
20111102,22.163,22.558,22.163,22.481,3970,0
20111103,22.153,23.044,22.153,23.035,2886,0
20111104,22.976,23.141,22.86,23.141,1858,0
20111107,23.171,23.171,22.723,22.918,1370,0
20111108,23.025,23.063,22.928,23.063,1569,0
20111109,22.423,22.471,21.91,22.045,3177,0
20111110,22.317,22.423,22.045,22.308,5509,0
20111111,22.84,23.025,22.801,22.831,11619,0
20111114,22.752,22.792,22.51,22.627,5558,0
20111115,22.461,22.995,22.461,22.995,8204,0
20111116,22.637,22.86,22.637,22.713,3475,0
20111117,22.443,22.529,21.88,21.88,41451,0
20111118,22.025,22.055,21.88,21.88,1944,0
20111121,21.483,21.483,21.057,21.338,5713,0
20111122,21.201,21.28,21.027,21.086,7493,0
20111123,20.533,20.533,20.379,20.484,9198,0
20111125,20.435,20.435,20.31,20.31,644,0
20111128,21.144,21.347,20.911,21.104,8635,0
20111129,21.163,21.241,21.027,21.163,16983,0
20111130,21.938,22.346,21.822,22.346,3644,0
20111201,22.19,22.423,22.19,22.298,1214,0
20111202,22.539,22.647,22.433,22.461,4877,0
20111205,22.821,22.84,22.578,22.647,1080,0
20111206,22.539,22.676,22.385,22.676,873,0
20111207,22.298,22.433,22.268,22.413,1252,0
20111208,22.298,22.298,21.715,21.715,6433,0
20111209,22.055,22.317,21.841,22.317,2486,0
20111212,21.977,21.977,21.551,21.725,2789,0
20111213,22.133,22.153,21.144,21.231,133685,0
20111214,20.795,20.843,20.591,20.63,4907,0
20111215,20.737,20.737,20.737,20.737,205,0
20111216,20.988,21.26,20.872,20.939,11986,0
20111219,21.027,21.027,20.533,20.533,9173,0
20111220,21.076,21.444,21.066,21.444,18694,0
20111221,21.114,21.377,21.114,21.357,3802,0
20111222,21.483,21.871,21.483,21.871,12407,0
20111223,21.725,22.045,21.725,21.996,9677,0
20111227,21.958,22.035,21.958,22.035,1714,0
20111228,21.492,21.492,21.463,21.473,2100,0
20111229,21.425,21.851,21.425,21.851,9625,0
20111230,21.632,21.866,21.632,21.846,2700,0
20120103,22.558,22.558,22.395,22.395,3249,0
20120104,22.259,22.481,22.259,22.481,2929,0
20120105,22.346,22.598,22.346,22.598,2990,0
20120106,22.607,22.617,22.471,22.568,3200,0
20120109,22.598,22.703,22.558,22.686,5948,0
20120110,23.015,23.053,22.966,23.005,4308,0
20120111,22.966,22.986,22.918,22.986,1729,0
20120112,22.879,23.276,22.879,23.276,6220,0
20120113,23.063,23.073,22.821,22.957,1692,0
20120117,23.209,23.373,23.102,23.141,7615,0
20120118,23.112,23.714,23.112,23.714,4628,0
20120119,23.684,23.898,23.684,23.868,5313,0
20120120,23.606,23.829,23.606,23.732,9770,0
20120123,24.061,24.061,23.829,23.898,2786,0
20120124,23.752,23.955,23.752,23.955,1585,0
20120125,23.819,24.313,23.819,24.313,91387,0
20120126,24.372,24.45,23.993,23.993,3265,0
20120127,24.119,24.333,24.119,24.303,3717,0
20120130,23.927,24.149,23.927,24.149,2034,0
20120131,24.278,24.346,23.985,24.151,2105,0
20120201,24.586,24.692,24.586,24.634,5907,0
20120202,24.885,24.905,24.615,24.778,8716,0
20120203,25.04,25.439,25.04,25.4,5936,0
20120206,25.166,25.449,25.166,25.449,36887,0
20120207,25.419,25.478,25.4,25.439,7530,0
20120208,25.573,25.573,25.37,25.517,2309,0
20120209,25.729,25.826,25.691,25.826,7327,0
20120210,25.342,25.535,25.312,25.488,3571,0
20120213,25.748,25.826,25.612,25.729,3757,0
20120214,25.573,25.642,25.37,25.498,2510,0
20120215,25.748,25.748,25.38,25.38,3935,0
20120216,25.158,25.874,25.158,25.874,2495,0
20120217,26.068,26.097,25.952,26.039,2163,0
20120221,26.031,26.407,26.031,26.195,3797,0
20120222,26.136,26.136,25.913,26.039,2018,0
20120223,25.874,26.087,25.573,26.058,5930,0
20120224,26.185,26.233,26.136,26.225,4849,0
20120227,25.913,26.107,25.778,26.107,6455,0
20120228,26.107,26.107,26.031,26.049,3837,0
20120229,26.02,26.03,25.786,25.786,2734,0
20120301,26.011,26.185,25.845,26.078,3864,0
20120302,26.282,26.282,25.419,25.806,1373,0
20120305,25.699,25.699,25.488,25.563,1693,0
20120306,25.245,25.245,24.546,24.615,8426,0
20120307,24.934,25.06,24.934,25.06,2173,0
20120308,25.255,25.622,25.255,25.593,21468,0
20120309,25.758,25.836,25.719,25.719,595,0
20120312,25.593,25.602,25.498,25.563,1748,0
20120313,25.816,26.127,25.758,26.107,3494,0
20120314,25.923,26.176,25.865,25.874,5751,0
20120315,25.962,26.225,25.962,26.225,1884,0
20120316,26.292,26.417,26.205,26.321,2516,0
20120319,26.282,26.66,26.282,26.62,1927,0
20120320,26.166,26.166,25.952,26.031,4045,0
20120321,25.952,26.156,25.952,26.058,5724,0
20120322,25.758,25.758,25.449,25.449,1679,0
20120323,25.303,25.691,25.293,25.691,2708,0
20120326,25.991,26.021,25.681,26.021,6457,0
20120327,26.107,26.107,25.952,25.991,2096,0
20120328,25.778,25.778,25.215,25.449,2037,0
20120329,25.206,25.37,25.079,25.37,1548,0
20120330,25.333,25.586,24.033,25.461,59366,0
20120402,25.449,25.642,25.449,25.642,1303,0
20120403,25.593,25.622,25.488,25.498,41371,0
20120404,24.856,24.973,24.846,24.973,4659,0
20120405,25.06,25.06,24.915,24.925,804,0
20120409,24.401,24.401,24.401,24.401,103,0
20120410,24.032,24.042,23.761,23.761,5540,0
20120411,24.003,24.042,23.993,23.993,1231,0
20120412,23.839,24.692,23.839,24.692,1597,0
20120413,24.44,24.546,24.352,24.401,1094,0
20120416,24.1,24.255,24.1,24.207,2188,0
20120417,24.759,24.856,24.759,24.836,567,0
20120418,24.392,24.586,24.392,24.527,1340,0
20120419,24.294,24.44,24.294,24.44,413,0
20120420,24.546,24.692,24.546,24.576,2037,0
20120423,24.042,24.109,23.898,24.109,1190,0
20120424,24.158,24.392,24.158,24.265,4669,0
20120425,24.527,24.722,24.527,24.722,686,0
20120426,24.954,24.964,24.615,24.964,3124,0
20120427,25.069,25.332,25.069,25.322,2590,0
20120430,25.069,25.167,25.019,25.059,4423,0
20120501,25.166,25.632,24.866,25.593,4826,0
20120502,25.109,25.176,24.983,25.176,1036,0
20120503,25.118,25.118,24.712,24.712,333,0
20120504,24.421,24.421,24.168,24.198,2193,0
20120507,24.032,24.198,23.77,24.119,5874,0
20120508,23.694,23.878,23.471,23.78,2458,0
20120509,23.325,23.752,23.266,23.714,14373,0
20120510,23.819,23.819,23.723,23.723,299,0
20120511,24.012,24.012,23.79,23.79,1107,0
20120514,23.285,23.402,23.227,23.227,1869,0
20120515,23.218,23.218,22.772,22.772,12367,0
20120516,22.85,23.015,22.713,22.723,5808,0
20120517,22.337,22.337,21.968,21.968,4365,0
20120518,21.958,22.114,21.685,21.685,5619,0
20120521,22.288,22.471,22.288,22.471,2781,0
20120522,22.259,22.733,22.259,22.327,1285,0
20120523,22.19,22.558,22.19,22.558,845,0
20120524,22.519,22.519,22.337,22.346,2360,0
20120525,22.413,22.452,22.375,22.375,1742,0
20120529,22.452,22.928,22.452,22.86,3949,0
20120530,22.647,22.647,22.317,22.395,2928,0
20120531,22.13,22.345,21.944,22.345,5452,0
20120601,21.728,21.728,21.505,21.505,1532,0
20120604,21.289,21.61,21.037,21.221,3435,0
20120605,21.574,21.583,21.399,21.574,3274,0
20120606,22.088,22.312,22.088,22.312,2436,0
20120607,22.312,22.523,22.185,22.185,10478,0
20120608,21.933,22.321,21.933,22.321,8741,0
20120611,22.094,22.094,21.715,21.784,3442,0
20120612,21.718,22.039,21.718,22.039,3015,0
20120614,21.454,21.977,21.454,21.948,5005,0
20120615,21.893,22.175,21.893,22.175,2919,0
20120618,22.029,22.369,22.029,22.292,2547,0
20120619,22.796,22.913,22.796,22.855,3458,0
20120620,22.495,22.942,22.495,22.816,6217,0
20120621,22.651,22.651,22.049,22.049,798,0
20120622,22.039,22.292,22.019,22.204,8628,0
20120625,21.844,21.844,21.631,21.631,959,0
20120626,21.603,21.825,21.603,21.825,4410,0
20120627,21.698,22.107,21.698,22.098,3450,0
20120628,21.728,22.185,21.728,22.185,2721,0
20120629,22.804,22.979,22.804,22.979,1943,0
20120702,22.708,23.058,22.708,22.961,6121,0
20120703,23.261,23.3,23.261,23.3,2437,0
20120705,24.135,24.135,22.884,23.719,3700,0
20120706,23.117,23.33,23.117,23.3,1251,0
20120709,23.03,23.3,23.03,23.166,4855,0
20120710,23.176,23.379,22.671,22.757,3848,0
20120711,22.602,22.708,22.582,22.622,766,0
20120712,22.389,22.437,22.262,22.437,1711,0
20120713,22.641,22.913,22.622,22.806,44981,0
20120716,22.708,22.826,22.505,22.699,13082,0
20120717,22.543,22.836,22.543,22.836,720,0
20120718,23.047,23.38,23.047,23.194,10341,0
20120719,23.185,23.399,23.185,23.34,3228,0
20120720,23.185,23.185,22.933,22.933,26418,0
20120723,22.417,22.661,22.417,22.602,1576,0
20120724,22.423,22.569,22.179,22.267,8486,0
20120725,22.456,22.456,22.213,22.302,5999,0
20120726,22.602,22.816,22.523,22.816,9073,0
20120727,22.893,23.33,22.816,23.33,5648,0
20120730,23.166,23.166,23.058,23.127,1750,0
20120731,23.166,23.185,22.96,22.96,2579,0
20120801,22.777,22.961,22.651,22.671,7971,0
20120802,22.398,22.533,22.331,22.389,4474,0
20120803,22.874,23.204,22.874,23.166,1496,0
20120806,23.437,23.485,23.417,23.457,647,0
20120807,23.495,23.612,23.437,23.544,16953,0
20120808,23.524,23.612,23.524,23.592,1462,0
20120809,23.544,23.845,23.544,23.826,2531,0
20120810,23.719,23.719,23.719,23.719,103,0
20120813,23.554,23.602,23.554,23.573,811,0
20120814,23.612,23.631,23.495,23.515,5482,0
20120815,23.67,23.826,23.67,23.826,3625,0
20120816,24.029,24.252,24.029,24.252,1256,0
20120817,24.165,24.379,24.058,24.369,2713,0
20120820,24.282,24.3,24.155,24.252,103749,0
20120821,24.447,24.67,24.262,24.262,4548,0
20120822,23.952,24.242,23.952,24.145,1051,0
20120823,23.942,23.942,23.942,23.942,103,0
20120824,23.796,24.009,23.796,24.009,2883,0
20120827,24.029,24.078,23.942,23.942,2996,0
20120828,23.875,24.048,23.875,23.932,2194,0
20120829,23.952,23.952,23.816,23.884,1319,0
20120830,23.71,23.71,23.466,23.475,7543,0
20120831,23.526,23.809,23.526,23.614,3479,0
20120904,23.683,23.879,23.584,23.859,619,0
20120905,23.888,23.898,23.8,23.898,1057,0
20120906,24.083,24.415,24.083,24.366,10442,0
20120907,24.287,24.756,24.287,24.689,5437,0
20120910,24.632,24.806,24.603,24.603,8245,0
20120911,24.486,24.844,24.486,24.719,3262,0
20120912,24.69,24.7,24.612,24.66,11012,0
20120913,24.632,25.087,24.593,25.01,2541,0
20120914,25.576,25.586,25.411,25.411,2364,0
20120917,25.253,25.291,25.038,25.038,2988,0
20120918,25.069,25.186,25.011,25.099,982,0
20120919,25.059,25.196,25.059,25.128,4129,0
20120920,24.991,25.167,24.952,25.167,1751,0
20120921,25.128,25.128,25.089,25.089,2180,0
20120924,24.844,24.942,24.805,24.893,35729,0
20120925,24.766,24.766,24.268,24.268,7188,0
20120926,23.975,24.171,23.975,24.043,6077,0
20120927,24.415,24.464,24.386,24.455,2032,0
20120928,24.311,24.37,24.224,24.37,1254,0
20121001,24.396,24.532,24.396,24.406,707,0
20121002,24.493,24.493,24.346,24.366,8520,0
20121004,24.493,24.522,24.484,24.522,1148,0
20121005,24.709,24.709,24.464,24.512,1753,0
20121008,24.406,24.445,24.386,24.415,767,0
20121009,24.376,24.425,24.141,24.141,5550,0
20121010,24.083,24.083,23.839,23.879,3545,0
20121011,24.024,24.121,24.024,24.121,947,0
20121012,24.063,24.063,23.869,23.918,711,0
20121015,23.859,24.083,23.859,24.083,12144,0
20121016,24.171,24.396,24.171,24.307,4453,0
20121017,24.522,24.571,24.493,24.571,8098,0
20121018,24.502,24.669,24.502,24.591,3783,0
20121019,24.484,24.542,24.111,24.111,3661,0
20121022,24.131,24.258,23.713,24.043,5008,0
20121023,23.194,23.819,23.194,23.819,3663,0
20121024,23.634,23.859,23.556,23.663,3864,0
20121025,23.898,23.966,23.731,23.859,4442,0
20121026,24.053,24.053,23.731,23.859,2762,0
20121031,23.77,23.966,23.487,23.713,2570,0
20121102,24.24,24.415,24.083,24.131,2916,0
20121106,24.053,24.415,24.053,24.386,4629,0
20121107,24.053,24.053,23.575,23.644,2311,0
20121108,23.703,23.703,23.252,23.252,5986,0
20121109,23.232,23.556,23.232,23.35,1834,0
20121112,23.107,23.4,23.107,23.331,3299,0
20121114,23.4,23.409,22.901,22.901,3408,0
20121115,22.823,22.872,22.491,22.608,2808,0
20121116,22.481,22.744,22.461,22.744,3480,0
20121119,23.146,23.146,22.941,23.029,6479,0
20121120,23.077,23.176,23.077,23.146,943,0
20121121,23.232,23.291,23.223,23.271,12207,0
20121126,23.566,23.594,23.497,23.594,13062,0
20121127,23.644,23.78,23.644,23.78,2017,0
20121128,23.448,23.888,23.4,23.839,13838,0
20121129,23.985,24.103,23.985,24.103,395,0
20121130,24.174,24.419,23.95,24.027,2152,0
20121203,24.111,24.111,23.956,23.956,4594,0
20121204,23.879,23.937,23.78,23.928,1025,0
20121205,23.937,24.103,23.928,23.975,1946,0
20121206,23.8,24.141,23.683,24.111,6351,0
20121207,24.073,24.23,23.985,24.22,4967,0
20121210,24.141,24.415,24.141,24.406,5678,0
20121211,24.415,24.621,24.415,24.571,2386,0
20121212,24.611,24.689,24.542,24.542,5025,0
20121213,24.512,24.512,24.376,24.396,854,0
20121214,24.327,24.356,24.317,24.336,1823,0
20121217,24.366,24.445,24.366,24.415,1521,0
20121218,24.21,24.923,24.21,24.893,8726,0
20121219,24.903,25.138,24.903,25.001,6249,0
20121220,25.118,25.158,25.029,25.158,3984,0
20121221,24.864,24.883,24.834,24.883,2851,0
20121226,24.679,24.824,24.639,24.786,3458,0
20121227,24.659,24.756,24.425,24.631,5131,0
20121228,24.346,24.621,24.346,24.445,6767,0
20121231,24.466,24.99,24.427,24.99,6297,0
20130102,25.451,25.801,25.392,25.695,2502,0
20130103,25.851,25.968,25.723,25.723,2046,0
20130104,25.841,25.841,25.811,25.821,3404,0
20130107,25.811,25.811,25.753,25.791,3035,0
20130108,25.733,25.733,25.52,25.606,5315,0
20130109,25.821,25.831,25.791,25.791,2342,0
20130110,25.879,25.998,25.791,25.919,3243,0
20130111,25.763,25.919,25.763,25.763,277,0
20130114,25.899,25.909,25.841,25.841,4700,0
20130115,25.528,26.037,25.461,26.037,2047,0
20130116,25.929,25.998,25.929,25.958,1025,0
20130117,26.271,26.271,26.261,26.261,512,0
20130118,26.368,26.426,26.241,26.426,2458,0
20130122,26.183,26.778,26.183,26.73,5982,0
20130123,26.612,26.631,26.573,26.631,1450,0
20130124,26.621,26.808,26.621,26.661,1052,0
20130125,26.847,26.954,26.847,26.954,959,0
20130128,26.7,27.013,26.691,26.808,1316,0
20130129,26.827,26.847,26.75,26.847,20189,0
20130130,26.856,26.856,26.671,26.671,2138,0
20130131,26.676,26.706,26.627,26.706,1124,0
20130201,26.837,27.072,26.837,27.043,1294,0
20130204,26.671,26.856,26.651,26.651,1324,0
20130205,26.641,26.886,26.641,26.886,6382,0
20130206,26.916,27.003,26.896,26.954,3817,0
20130207,26.71,26.72,26.71,26.72,434,0
20130208,26.808,27.033,26.808,26.994,3637,0
20130211,26.906,27.013,26.769,26.769,3076,0
20130212,26.856,26.954,26.847,26.916,5448,0
20130213,27.072,27.072,27.043,27.063,455,0
20130214,27.053,27.237,27.053,27.188,3036,0
20130215,27.168,27.267,27.149,27.149,2325,0
20130219,27.324,27.403,27.324,27.403,1331,0
20130220,27.374,27.374,27.081,27.091,6858,0
20130221,26.368,26.681,26.232,26.456,4171,0
20130222,26.495,26.621,26.495,26.621,1089,0
20130225,26.808,26.808,25.958,25.958,3135,0
20130226,26.065,26.163,26.065,26.124,1438,0
20130227,26.31,26.612,26.31,26.602,1323,0
20130228,26.479,26.765,26.479,26.737,2629,0
20130301,26.411,26.5,26.383,26.441,978,0
20130304,26.406,26.406,26.241,26.3,1151,0
20130305,26.558,26.725,26.558,26.716,1038,0
20130306,26.784,26.872,26.745,26.872,1966,0
20130307,26.745,27.124,26.745,27.124,512,0
20130308,27.114,27.35,27.114,27.35,923,0
20130311,27.403,27.56,27.393,27.56,3017,0
20130312,27.624,27.663,27.546,27.585,1397,0
20130313,27.682,27.702,27.643,27.643,2048,0
20130314,27.878,27.994,27.838,27.994,1134,0
20130315,28.044,28.044,27.994,28.024,629,0
20130318,27.791,27.946,27.546,27.946,1136,0
20130319,28.004,28.004,27.576,27.604,739,0
20130320,27.781,27.858,27.712,27.858,3577,0
20130321,27.624,27.771,27.604,27.604,1129,0
20130322,27.566,27.585,27.546,27.576,1008,0
20130325,27.848,27.848,27.419,27.467,31983,0
20130326,27.624,27.663,27.526,27.576,716,0
20130327,27.409,27.566,27.263,27.497,4368,0
20130328,27.643,27.643,27.556,27.585,1249,0
20130401,27.193,27.614,27.193,27.321,4209,0
20130402,27.369,27.369,27.009,27.009,829,0
20130404,26.911,26.911,26.089,26.451,6763,0
20130405,25.894,26.51,25.816,26.421,4127,0
20130408,26.706,26.774,26.706,26.774,787,0
20130409,26.862,27.019,26.862,27.019,1155,0
20130410,26.784,27.33,26.784,27.263,2763,0
20130411,27.282,27.282,27.154,27.233,2652,0
20130412,26.95,26.95,26.764,26.862,1252,0
20130415,26.52,26.55,25.67,25.698,5207,0
20130416,26.109,26.149,25.786,25.953,5232,0
20130417,25.386,25.455,25.338,25.338,1841,0
20130418,25.406,25.475,25.298,25.318,4040,0
20130419,25.406,25.436,25.318,25.436,716,0
20130422,25.357,25.571,25.318,25.571,939,0
20130423,25.884,26.109,25.874,26.079,1230,0
20130424,26.373,26.48,26.276,26.48,1622,0
20130425,26.735,26.832,26.646,26.646,2526,0
20130426,26.597,26.686,26.441,26.51,440,0
20130429,26.402,26.676,26.402,26.666,13466,0
20130430,26.775,26.874,26.747,26.747,1408,0
20130501,26.862,26.862,26.276,26.276,857,0
20130502,26.373,26.55,26.373,26.54,1017,0
20130503,27.097,27.124,26.891,26.989,972,0
20130506,27.087,27.154,27.029,27.029,14140,0
20130507,27.107,27.253,27.107,27.253,458,0
20130508,27.448,27.516,27.379,27.429,1040,0
20130509,27.321,27.419,27.311,27.311,640,0
20130510,27.114,27.359,27.114,27.359,4413,0
20130513,27.301,27.301,27.193,27.203,1034,0
20130514,27.213,27.585,27.213,27.585,1122,0
20130515,27.477,27.653,27.477,27.576,2361,0
20130516,27.634,27.682,27.634,27.682,244,0
20130517,27.634,27.888,27.634,27.888,1409,0
20130520,28.122,28.338,28.122,28.269,6900,0
20130521,28.279,28.533,28.22,28.395,1469,0
20130522,28.386,28.504,28.092,28.092,1264,0
20130523,27.791,28.112,27.458,28.092,2445,0
20130524,27.848,27.946,27.848,27.946,324,0
20130528,28.435,28.484,28.338,28.445,2779,0
20130529,28.316,28.326,28.147,28.326,5581,0
20130530,28.239,28.474,28.239,28.455,1872,0
20130531,28.32,28.348,28.132,28.132,2767,0
20130603,28.092,28.151,27.781,28.044,9348,0
20130604,28.088,28.088,27.763,27.763,1949,0
20130605,27.693,27.803,27.437,27.437,3394,0
20130606,27.536,27.536,27.387,27.516,2537,0
20130607,27.763,27.9,27.653,27.813,2758,0
20130610,27.722,27.722,27.722,27.722,102,0
20130611,27.417,27.516,27.327,27.516,327,0
20130612,27.33,27.33,26.999,26.999,1125,0
20130613,26.822,27.536,26.822,27.536,3976,0
20130614,27.367,27.397,27.367,27.367,1466,0
20130617,27.516,27.516,27.516,27.516,1060,0
20130618,27.526,27.803,27.526,27.753,6962,0
20130619,27.753,27.753,27.693,27.693,3990,0
20130620,27.003,27.023,26.449,26.568,7020,0
20130621,26.4,26.509,26.263,26.409,4667,0
20130624,25.739,26.094,25.64,26.006,7290,0
20130625,26.114,26.331,26.114,26.331,3760,0
20130626,26.479,26.539,26.38,26.529,6791,0
20130627,26.737,26.864,26.737,26.864,304,0
20130628,26.894,26.894,26.637,26.667,4629,0
20130701,26.904,27.13,26.834,27.13,2139,0
20130702,27.003,27.013,26.657,26.657,2137,0
20130703,26.707,26.834,26.637,26.834,1123,0
20130705,26.904,26.904,26.834,26.834,712,0
20130708,27.14,27.269,27.14,27.189,1611,0
20130709,27.417,27.584,27.417,27.556,1397,0
20130710,27.594,27.594,27.526,27.566,2727,0
20130711,27.94,27.94,27.813,27.94,4225,0
20130712,27.93,27.97,27.851,27.851,1441,0
20130715,28.028,28.127,27.999,28.088,5191,0
20130716,27.841,27.841,27.793,27.822,926,0
20130717,28.048,28.058,27.9,27.97,2996,0
20130718,28.336,28.336,28.256,28.256,1443,0
20130719,28.176,28.256,28.176,28.256,841,0
20130723,28.097,28.671,28.097,28.493,2887,0
20130724,28.423,28.611,28.306,28.306,2634,0
20130725,28.157,28.473,28.157,28.473,4568,0
20130726,28.236,28.374,28.236,28.374,652,0
20130729,28.186,28.186,28.117,28.117,220,0
20130730,28.078,28.147,28.018,28.097,5636,0
20130731,27.93,28.266,27.93,28.008,7979,0
20130801,28.394,28.433,28.384,28.433,601,0
20130802,28.176,28.176,28.176,28.176,101,0
20130805,28.236,28.236,28.236,28.236,101,0
20130807,27.803,27.803,27.536,27.536,1581,0
20130808,27.733,28.038,27.733,28.008,3393,0
20130809,28.186,28.196,28.097,28.127,952,0
20130812,28.246,28.266,28.176,28.216,9584,0
20130813,28.266,28.316,28.107,28.276,1719,0
20130814,28.404,28.404,28.266,28.296,1768,0
20130815,27.753,27.822,27.743,27.822,1785,0
20130816,27.861,27.871,27.743,27.773,2026,0
20130819,27.663,27.663,27.327,27.327,4066,0
20130820,27.387,27.604,27.387,27.546,3047,0
20130821,27.417,27.476,27.387,27.476,4097,0
20130822,27.723,27.871,26.429,27.871,1711,0
20130823,27.97,27.97,27.97,27.97,212,0
20130827,27.486,27.486,27.437,27.457,836,0
20130828,27.427,27.457,27.367,27.367,18582,0
20130829,27.466,27.624,27.457,27.466,7501,0
20130830,27.417,27.417,27.239,27.239,6268,0
20130903,27.302,27.757,27.302,27.312,2231,0
20130904,27.54,27.638,27.52,27.599,15050,0
20130905,27.767,27.904,27.767,27.895,14415,0
20130906,27.984,28.023,27.984,28.003,4092,0
20130909,28.008,28.354,27.97,28.354,1389,0
20130910,28.753,28.753,28.753,28.753,1014,0
20130911,28.828,28.848,28.779,28.848,406,0
20130912,28.572,28.719,28.572,28.671,477,0
20130916,28.749,28.906,28.699,28.729,1965,0
20130917,28.891,28.931,28.891,28.921,304,0
20130918,28.813,29.405,28.714,29.347,4413,0
20130919,29.189,29.357,29.129,29.228,1662,0
20130920,29.238,29.257,29.1,29.11,1543,0
20130923,28.626,29.021,28.626,28.971,2466,0
20130924,29.051,29.1,28.951,28.951,1102,0
20130925,29.031,29.041,28.872,28.872,1937,0
20130926,28.773,28.931,28.773,28.872,6239,0
20130927,28.862,28.862,28.833,28.843,598,0
20130930,28.616,28.616,28.2,28.557,2234,0
20131001,29.041,29.179,29.041,29.179,14921,0
20131002,29.179,29.179,29.129,29.129,39508,0
20131003,28.891,28.991,28.891,28.991,932,0
20131008,28.843,28.843,28.34,28.34,924,0
20131009,28.27,28.398,28.181,28.398,3580,0
20131010,28.881,29.021,28.773,28.881,5971,0
20131011,29.248,29.248,29.238,29.238,406,0
20131014,28.843,29.534,28.843,29.534,1452,0
20131015,29.367,29.367,29.08,29.209,39723,0
20131016,29.228,29.386,29.199,29.386,2259,0
20131017,29.327,29.524,29.327,29.474,51984,0
20131018,29.662,29.79,29.445,29.79,1884,0
20131021,29.87,29.938,29.83,29.929,4511,0
20131022,29.948,30.078,29.938,30.008,1702,0
20131023,29.83,29.958,29.83,29.909,3846,0
20131024,29.988,29.988,29.988,29.988,115,0
20131028,29.938,29.938,29.8,29.87,3259,0
20131029,30.078,30.078,29.909,29.988,3705,0
20131030,30.068,30.078,29.81,29.81,769,0
20131031,29.948,29.998,29.948,29.998,607,0
20131101,29.889,29.889,29.405,29.652,923,0
20131104,29.81,29.81,29.81,29.81,202,0
20131105,29.998,29.998,29.85,29.909,3849,0
20131108,29.396,29.78,29.376,29.78,2107,0
20131111,29.742,29.742,29.376,29.632,7005,0
20131112,29.425,29.742,29.425,29.632,5684,0
20131113,29.484,29.978,29.484,29.978,2943,0
20131114,30.226,30.323,29.998,30.313,4140,0
20131115,30.236,30.343,30.236,30.313,2443,0
20131118,30.156,30.156,30.156,30.156,101,0
20131119,28.358,30.176,27.341,29.978,13351,0
20131120,30.048,30.048,29.78,29.83,3475,0
20131121,29.988,30.275,29.978,30.275,2087,0
20131122,30.196,30.511,30.196,30.511,1985,0
20131125,30.462,30.541,30.442,30.491,3068,0
20131126,30.511,30.581,30.511,30.581,2228,0
20131127,30.669,30.749,30.659,30.699,2741,0
20131129,30.837,30.867,30.837,30.867,913,0
20131202,30.561,30.561,30.561,30.561,326,0
20131203,30.343,30.363,30.196,30.196,577,0
20131204,30.256,30.265,30.196,30.265,406,0
20131205,30.206,30.206,30.206,30.206,1596,0
20131206,30.501,30.501,30.501,30.501,172,0
20131209,30.511,30.719,30.511,30.561,2276,0
20131210,30.601,30.641,30.601,30.641,385,0
20131211,30.353,30.353,30.127,30.127,4551,0
20131212,29.968,30.146,29.958,30.137,5060,0
20131216,30.313,30.531,30.313,30.531,1282,0
20131217,30.383,30.551,30.323,30.442,17356,0
20131218,30.393,30.828,30.333,30.679,31221,0
20131219,30.719,30.719,30.611,30.669,1965,0
20131220,30.826,31.113,30.826,31.113,3363,0
20131223,31.171,31.341,31.171,31.291,14183,0
20131226,31.538,31.538,31.499,31.509,735,0
20131227,31.439,31.509,31.439,31.509,473,0
20131230,31.658,31.658,31.528,31.588,2788,0
20131231,31.628,31.776,31.628,31.766,39496,0
20140102,31.41,31.41,31.171,31.171,10010,0
20140103,31.341,31.35,31.201,31.35,10104,0
20140106,31.143,31.143,31.063,31.073,2369,0
20140107,31.153,31.42,31.153,31.321,7338,0
20140108,31.241,31.341,31.171,31.171,1800,0
20140109,31.291,31.291,31.201,31.231,1241,0
20140110,31.231,31.449,31.231,31.439,8614,0
20140113,31.321,31.331,31.181,31.181,1932,0
20140114,31.201,31.301,31.181,31.281,1362,0
20140115,31.41,31.716,31.41,31.716,993,0
20140116,31.816,31.865,31.816,31.865,773,0
20140117,31.716,31.736,31.716,31.736,683,0
20140121,31.973,32.003,31.618,31.835,10196,0
20140122,31.973,31.973,31.826,31.924,1326,0
20140123,31.736,31.736,31.469,31.588,2331,0
20140124,30.994,30.994,30.549,30.648,6918,0
20140127,30.589,30.589,29.965,30.341,2093,0
20140128,30.391,30.539,30.361,30.539,8008,0
20140129,30.341,30.41,30.173,30.243,3397,0
20140130,30.44,30.569,30.44,30.479,4155,0
20140131,30.469,30.469,30.341,30.361,1317,0
20140203,29.629,29.648,29.402,29.402,3365,0
20140204,29.5,29.678,29.441,29.648,2784,0
20140205,29.333,29.53,29.333,29.52,11065,0
20140206,29.877,29.965,29.867,29.867,1457,0
20140207,30.065,30.262,30.065,30.262,719,0
20140210,30.095,30.223,30.095,30.193,1682,0
20140211,30.321,30.391,30.223,30.371,3368,0
20140212,30.549,30.619,30.549,30.579,2055,0
20140213,30.955,30.955,30.886,30.886,940,0
20140214,31.113,31.143,31.113,31.143,634,0
20140218,31.163,31.251,31.053,31.163,3526,0
20140219,31.38,31.38,30.955,31.063,4182,0
20140220,31.231,31.231,31.171,31.171,667,0
20140221,31.35,31.35,31.35,31.35,525,0
20140224,31.449,31.706,31.449,31.578,4141,0
20140225,31.548,31.548,31.548,31.548,763,0
20140226,31.756,31.756,31.756,31.756,284,0
20140227,31.835,31.983,31.835,31.973,5447,0
20140228,32.162,32.221,32.053,32.053,45297,0
20140303,31.648,31.875,31.648,31.875,4599,0
20140304,32.043,32.538,32.043,32.518,61822,0
20140305,32.429,32.449,32.38,32.38,7291,0
20140306,32.548,32.735,32.548,32.735,21892,0
20140307,32.696,32.696,32.696,32.696,535,0
20140310,32.715,32.715,32.518,32.646,2076,0
20140311,32.636,32.894,32.201,32.201,4025,0
20140312,31.934,32.102,31.934,32.082,3163,0
20140313,32.32,32.32,31.706,31.706,2420,0
20140314,31.875,31.875,31.697,31.697,2449,0
20140317,32.182,32.182,32.062,32.112,6035,0
20140318,32.092,32.468,32.092,32.458,14521,0
20140319,32.548,32.548,32.182,32.31,2070,0
20140320,32.38,32.498,32.36,32.4,4326,0
20140321,32.646,32.666,32.587,32.587,1717,0
20140324,32.498,32.498,32.092,32.33,1818,0
20140325,32.449,32.558,32.29,32.33,4849,0
20140326,32.568,32.587,31.855,31.914,23452,0
20140327,31.904,31.904,31.658,31.816,9258,0
20140328,32.32,32.32,32.023,32.062,5938,0
20140331,32.35,32.528,32.182,32.508,915,0
20140401,32.794,32.854,32.794,32.854,3945,0
20140402,33.171,33.309,33.171,33.211,8735,0
20140403,33.369,33.369,33.082,33.131,3017,0
20140404,33.418,33.418,32.597,32.597,14209,0
20140407,32.37,32.656,32.003,32.27,7680,0
20140408,32.419,32.538,32.33,32.419,2440,0
20140409,32.568,32.656,32.568,32.656,2042,0
20140410,32.528,32.528,32.34,32.34,2121,0
20140411,31.904,32.003,31.796,31.855,1146,0
20140414,32.082,32.152,31.943,31.943,944,0
20140415,31.598,31.943,31.578,31.943,2729,0
20140416,32.34,32.35,32.34,32.35,1269,0
20140417,32.37,32.814,32.37,32.784,2622,0
20140421,32.864,32.894,32.696,32.894,3301,0
20140422,33.24,33.24,33.072,33.072,832,0
20140423,33.201,33.201,32.992,32.992,2411,0
20140424,32.824,33.042,32.824,32.854,2075,0
20140425,32.735,32.735,32.28,32.29,2351,0
20140428,32.092,32.132,32.072,32.072,697,0
20140429,32.29,32.29,32.29,32.29,212,0
20140430,32.201,32.33,32.201,32.26,2350,0
20140501,32.29,32.31,32.023,32.023,3296,0
20140502,32.29,32.498,32.29,32.498,1244,0
20140505,32.25,32.33,32.25,32.25,867,0
20140506,32.32,32.32,32.172,32.23,1265,0
20140507,32.043,32.043,32.043,32.043,1591,0
20140508,32.112,32.132,31.618,31.628,6124,0
20140509,31.568,31.568,31.489,31.509,3515,0
20140512,32.23,32.31,32.201,32.31,3308,0
20140513,32.36,32.36,32.28,32.32,1119,0
20140514,32.082,32.082,31.806,31.806,760,0
20140515,31.163,31.251,31.083,31.231,1468,0
20140516,31.241,31.39,31.221,31.39,2021,0
20140519,31.638,31.678,31.578,31.578,1790,0
20140520,31.37,31.469,31.093,31.231,5129,0
20140521,31.251,31.36,31.251,31.36,2656,0
20140522,31.301,31.598,31.301,31.568,4731,0
20140523,31.568,31.953,31.568,31.953,1589,0
20140527,32.152,32.172,32.092,32.092,2811,0
20140528,32.23,32.409,32.23,32.409,1496,0
20140529,32.29,32.587,32.29,32.587,13791,0
20140530,32.36,32.36,32.192,32.31,916,0
20140602,32.182,32.26,32.162,32.25,2549,0
20140603,32.003,32.003,32.003,32.003,355,0
20140604,32.23,32.25,32.142,32.192,2085,0
20140605,32.587,32.764,32.587,32.764,2377,0
20140606,33.131,33.131,33.131,33.131,307,0
20140609,33.319,33.536,33.201,33.438,157626,0
20140610,33.418,33.566,33.28,33.299,2602,0
20140611,33.151,33.211,33.141,33.211,1943,0
20140612,33.25,33.25,33.042,33.042,25954,0
20140616,33.309,33.319,33.151,33.151,5275,0
20140617,33.596,33.596,33.496,33.516,841,0
20140618,33.418,33.418,33.408,33.408,1567,0
20140619,33.744,33.853,33.744,33.754,2573,0
20140620,33.726,33.835,33.716,33.815,1778,0
20140623,33.726,33.825,33.636,33.636,3624,0
20140624,33.586,33.706,33.586,33.706,359,0
20140625,33.228,33.407,33.159,33.398,2686,0
20140626,33.039,33.328,33.039,33.328,2265,0
20140627,33.388,33.516,33.388,33.506,508,0
20140630,33.616,33.626,33.338,33.626,1421,0
20140701,33.945,34.124,33.945,34.024,529,0
20140702,33.985,33.985,33.895,33.915,804,0
20140703,33.835,33.994,33.835,33.994,1314,0
20140707,33.815,34.084,33.706,33.716,777,0
20140708,32.979,33.486,32.979,33.278,3503,0
20140709,33.238,33.417,33.238,33.368,20459,0
20140710,32.79,33.019,32.74,32.95,2878,0
20140711,32.93,32.93,32.86,32.86,873,0
20140714,33.288,33.417,33.288,33.417,1711,0
20140715,33.656,33.656,33.199,33.318,19396,0
20140716,33.496,33.496,33.328,33.437,18695,0
20140717,33.258,33.467,33.219,33.219,6571,0
20140718,33.089,33.427,33.089,33.427,10384,0
20140721,33.348,33.576,33.348,33.526,2495,0
20140722,33.706,33.925,33.706,33.825,978,0
20140723,33.835,33.835,33.755,33.755,4542,0
20140724,33.596,33.636,33.427,33.427,2713,0
20140725,33.209,33.258,33.209,33.258,2018,0
20140728,33.179,33.179,32.989,32.989,719,0
20140729,32.87,32.93,32.85,32.91,3661,0
20140730,32.83,32.83,32.602,32.661,2709,0
20140731,32.532,32.532,32.034,32.064,5009,0
20140801,31.865,31.905,31.617,31.796,6332,0
20140804,31.944,32.094,31.855,32.084,9658,0
20140805,32.164,32.263,32.064,32.064,2536,0
20140806,32.044,32.064,31.935,31.994,2484,0
20140808,31.716,31.915,31.637,31.915,3145,0
20140811,32.203,32.203,32.124,32.184,1906,0
20140812,32.144,32.144,31.855,31.855,1176,0
20140813,31.905,32.054,31.875,32.044,4562,0
20140814,32.104,32.104,32.104,32.104,265,0
20140815,32.054,32.243,32.054,32.243,496,0
20140818,32.562,32.671,32.472,32.671,838,0
20140819,32.94,32.94,32.87,32.87,872,0
20140820,32.75,32.93,32.75,32.82,3106,0
20140821,32.96,32.96,32.79,32.95,2366,0
20140822,32.671,32.671,32.671,32.671,227,0
20140825,32.93,33.069,32.93,33.059,2333,0
20140826,33.238,33.328,32.9,33.318,2732,0
20140827,33.199,33.328,33.199,33.248,1447,0
20140828,33.089,33.228,33.089,33.219,1614,0
20140829,33.059,33.209,33.059,33.209,933,0
20140902,33.437,33.437,33.338,33.368,1698,0
20140903,33.477,33.477,33.189,33.189,106842,0
20140904,33.526,33.526,33.039,33.049,10084,0
20140905,33.009,33.009,32.84,32.95,22193,0
20140908,32.979,32.979,32.76,32.77,1147,0
20140909,32.283,32.343,32.283,32.313,2441,0
20140910,32.194,32.293,32.194,32.293,1438,0
20140912,32.044,32.044,31.984,31.984,1750,0
20140915,31.796,31.835,31.677,31.696,2847,0
20140916,31.716,31.964,31.677,31.964,2866,0
20140917,32.194,32.194,32.084,32.084,1577,0
20140918,31.935,32.084,31.905,31.984,1251,0
20140919,31.949,31.949,31.46,31.46,4984,0
20140922,31.35,31.35,30.941,30.941,1385,0
20140923,31.08,31.08,30.711,30.741,2746,0
20140924,30.661,30.901,30.471,30.901,2222,0
20140925,30.811,30.811,30.271,30.271,3722,0
20140926,30.291,30.521,30.291,30.521,1507,0
20140929,30.321,30.321,30.212,30.242,4326,0
20140930,30.042,30.162,29.812,29.842,5529,0
20141001,29.662,29.662,28.963,28.963,3375,0
20141002,29.053,29.053,28.544,29.003,3384,0
20141003,28.833,28.933,28.813,28.823,2442,0
20141006,29.173,29.243,28.783,28.983,1743,0
20141007,28.743,28.743,28.404,28.404,1929,0
20141008,28.264,28.484,28.154,28.444,3916,0
20141009,27.685,27.715,27.635,27.635,3327,0
20141010,27.355,27.395,26.916,26.916,1782,0
20141013,26.696,26.876,26.696,26.876,1682,0
20141014,26.546,26.816,26.346,26.416,3698,0
20141015,26.117,26.676,25.817,26.556,5995,0
20141016,26.566,27.155,26.516,27.086,3351,0
20141017,27.255,27.295,27.175,27.245,3112,0
20141020,27.185,27.265,27.145,27.245,1590,0
20141021,27.835,27.845,27.765,27.845,961,0
20141022,28.034,28.034,27.435,27.435,3102,0
20141023,27.845,27.904,27.845,27.875,763,0
20141024,27.745,27.745,27.635,27.745,392,0
20141027,27.625,27.625,27.096,27.325,4250,0
20141028,27.984,28.284,27.984,28.284,20043,0
20141029,28.354,28.354,28.104,28.164,3147,0
20141030,27.964,28.384,27.964,28.284,3415,0
20141031,28.693,28.753,28.534,28.664,1697,0
20141103,28.883,28.993,28.713,28.863,1836,0
20141104,28.464,28.464,28.384,28.434,1990,0
20141105,28.654,28.703,28.564,28.674,4497,0
20141106,28.833,28.833,28.384,28.384,2120,0
20141107,28.913,28.913,28.733,28.913,41502,0
20141110,29.123,29.123,29.003,29.003,636,0
20141111,28.674,28.674,28.674,28.674,1216,0
20141112,28.713,28.763,28.713,28.763,611,0
20141113,28.374,28.374,28.254,28.254,1015,0
20141114,28.164,28.204,27.954,28.184,5596,0
20141117,28.184,28.264,28.144,28.194,1875,0
20141118,28.164,28.484,28.164,28.474,552,0
20141119,28.184,28.294,28.134,28.284,1275,0
20141120,28.384,28.514,28.224,28.474,2186,0
20141121,29.093,29.093,28.833,28.873,1683,0
20141124,28.893,28.893,28.684,28.793,3430,0
20141125,28.993,28.993,28.833,28.903,1649,0
20141126,28.963,28.963,28.664,28.684,2038,0
20141128,28.434,28.434,27.725,27.725,2518,0
20141201,27.525,27.525,26.736,26.836,41434,0
20141202,26.776,27.195,26.776,26.936,2992,0
20141203,26.846,27.455,26.846,27.325,4044,0
20141204,27.155,27.155,26.996,26.996,1355,0
20141205,26.806,27.036,26.806,26.926,4602,0
20141208,26.686,26.926,26.037,26.037,2097,0
20141209,25.917,26.426,25.707,26.426,10126,0
20141210,26.207,26.207,25.488,25.488,2402,0
20141211,25.617,25.857,25.318,25.468,4564,0
20141212,25.298,25.298,24.988,24.988,15531,0
20141215,25.288,25.288,24.549,24.569,4796,0
20141216,24.559,24.788,24.389,24.649,7429,0
20141217,24.649,25.318,24.559,25.318,10813,0
20141218,25.767,25.847,25.528,25.847,27235,0
20141219,25.8,26.03,25.71,25.97,7445,0
20141222,25.97,26.09,25.87,25.95,1648,0
20141223,26.13,26.37,26.13,26.36,12040,0
20141224,26.14,26.39,26.14,26.39,2028,0
20141226,26.64,26.64,26.45,26.45,4825,0
20141229,26.76,26.82,26.54,26.54,3404,0
20141230,26.61,26.71,26.51,26.59,5814,0
20141231,26.5,26.63,26.3,26.44,7779,0
20150102,26.42,26.42,26.09,26.34,3057,0
20150105,25.8,26.11,25.36,25.36,3716,0
20150106,25.45,25.45,24.83,25,2987,0
20150107,25.2,25.23,25.11,25.22,3818,0
20150108,25.58,25.68,25.58,25.59,1801,0
20150109,25.57,25.76,25.41,25.59,1857,0
20150112,25,25.6,25,25.09,877,0
20150113,25.21,25.41,24.84,25.09,2081,0
20150114,24.69,24.84,24.56,24.84,12736,0
20150115,24.53,24.59,24.43,24.55,2871,0
20150116,24.85,24.86,24.84,24.84,626,0
