Date,Open,High,Low,Close,Volume,OpenInt
20110617,24.096,24.096,24.049,24.049,4518,0
20110620,24.343,24.363,24.287,24.287,996,0
20110621,24.62,24.686,24.62,24.686,2680,0
20110622,24.668,24.761,24.668,24.723,2784,0
20110624,24.363,24.438,24.363,24.438,315,0
20110627,24.325,24.467,24.258,24.467,630,0
20110628,24.523,24.761,24.523,24.761,381,0
20110629,24.79,24.982,24.79,24.982,617,0
20110630,25.194,25.213,25.194,25.213,463,0
20110701,25.399,25.552,25.399,25.552,2239,0
20110705,25.591,25.591,25.523,25.533,11014,0
20110706,25.486,25.591,25.486,25.591,11427,0
20110707,25.819,25.961,25.819,25.905,2825,0
20110708,25.6,25.675,25.571,25.675,779,0
20110711,25.18,25.18,25.18,25.18,375,0
20110713,25.324,25.324,25.324,25.324,1473,0
20110714,24.944,24.944,24.944,24.944,315,0
20110715,24.847,24.915,24.847,24.857,4143,0
20110718,24.8,24.8,24.543,24.581,8835,0
20110719,25.124,25.124,25.104,25.104,1060,0
20110720,25.114,25.162,25.038,25.162,3120,0
20110721,25.342,25.418,25.306,25.399,5185,0
20110722,25.389,25.437,25.352,25.399,4774,0
20110725,25.133,25.324,25.124,25.324,2349,0
20110728,24.476,24.486,24.324,24.324,2732,0
20110729,24.362,24.381,24.218,24.267,2847,0
20110801,23.876,23.992,23.857,23.992,1911,0
20110802,23.923,23.923,23.293,23.312,7489,0
20110803,23.011,23.297,22.783,23.229,10046,0
20110804,22.677,22.935,22.02,22.02,9573,0
20110805,21.813,22.155,21.813,22.155,2505,0
20110808,21.156,21.574,20.499,20.499,7566,0
20110809,20.669,21.136,20.499,21.06,1998,0
20110810,20.86,21.146,20.86,20.936,1619,0
20110811,21.165,21.955,21.127,21.955,1734,0
20110812,22.098,22.098,21.708,21.878,24385,0
20110815,22.25,22.412,22.24,22.412,1343,0
20110816,22.363,22.363,22.279,22.288,4677,0
20110817,22.469,22.469,22.02,22.069,748,0
20110818,21.146,21.146,20.984,20.984,1157,0
20110819,21.108,21.108,21.108,21.108,103,0
20110822,20.85,20.85,20.85,20.85,203,0
20110823,21.07,21.289,21.06,21.289,1555,0
20110824,21.403,21.45,21.403,21.45,1623,0
20110825,21.517,21.535,21.298,21.298,1588,0
20110826,21.507,21.774,21.507,21.716,883,0
20110829,22.421,22.479,22.373,22.479,558,0
20110830,22.554,22.64,22.554,22.64,719,0
20110831,22.786,22.806,22.757,22.786,1304,0
20110901,22.506,22.535,22.506,22.535,369,0
20110906,21.48,21.48,21.48,21.48,446,0
20110907,22.272,22.425,22.272,22.425,724,0
20110909,21.824,21.824,21.594,21.594,263,0
20110912,21.203,21.203,21.203,21.203,178,0
20110913,21.737,21.88,21.737,21.88,997,0
20110914,21.871,22.415,21.871,22.415,3602,0
20110915,22.469,22.554,22.469,22.554,551,0
20110916,22.529,22.654,22.529,22.654,1646,0
20110920,22.607,22.607,22.396,22.396,3235,0
20110921,22.176,22.272,21.757,21.757,7842,0
20110922,20.965,20.974,20.469,20.63,2612,0
20110926,20.86,21.346,20.86,21.346,3375,0
20110927,21.948,22.023,21.614,21.652,2728,0
20110928,21.68,21.68,21.212,21.231,2672,0
20110929,21.414,21.414,20.916,21.222,4365,0
20110930,20.813,20.813,20.813,20.813,161,0
20111003,20.602,20.602,19.99,19.99,3781,0
20111004,19.601,20.087,19.601,19.858,4019,0
20111005,20.717,20.888,20.554,20.86,10817,0
20111006,21.375,21.414,21.231,21.414,3443,0
20111007,21.49,21.49,21.174,21.174,648,0
20111010,21.728,21.728,21.728,21.728,1824,0
20111011,21.967,21.967,21.89,21.89,907,0
20111012,22.329,22.357,22.311,22.338,13972,0
20111013,21.919,22.12,21.919,22.033,7658,0
20111014,22.272,22.348,22.272,22.348,722,0
20111017,22.033,22.158,22.013,22.158,2725,0
20111018,22.644,22.644,22.357,22.644,527,0
20111019,22.377,22.377,22.367,22.367,1501,0
20111020,22.425,22.425,22.425,22.425,232,0
20111021,22.816,22.834,22.635,22.672,8699,0
20111024,23.168,23.245,23.168,23.245,490,0
20111025,23.216,23.216,23.084,23.122,1341,0
20111026,23.016,23.188,22.949,23.178,1769,0
20111027,23.874,23.923,23.874,23.923,1002,0
20111028,23.732,23.732,23.732,23.732,314,0
20111031,23.616,23.616,23.616,23.616,386,0
20111101,22.615,22.769,22.615,22.769,2494,0
20111102,23.045,23.045,22.807,23.026,7016,0
20111103,23.427,23.484,23.427,23.484,1221,0
20111104,23.351,23.351,23.351,23.351,891,0
20111108,23.637,23.637,23.303,23.418,2589,0
20111109,23.168,23.168,23.093,23.093,732,0
20111110,23.14,23.14,22.902,23.026,859,0
20111114,23.103,23.216,23.103,23.216,1494,0
20111117,22.844,22.92,22.444,22.444,4013,0
20111118,22.454,22.529,22.454,22.463,1246,0
20111121,22.091,22.091,21.977,21.977,595,0
20111122,22.1,22.167,22.1,22.167,264,0
20111123,21.614,21.661,21.614,21.643,2161,0
20111125,21.671,21.709,21.652,21.709,1908,0
20111128,22.091,22.11,22.043,22.1,4410,0
20111129,22.176,22.176,22.176,22.176,314,0
20111130,22.896,22.896,22.733,22.896,4507,0
20111201,23.16,23.16,23.026,23.026,2515,0
20111202,23.236,23.265,23.216,23.255,1111,0
20111205,23.427,23.427,23.264,23.264,211,0
20111206,23.208,23.208,23.16,23.16,1024,0
20111207,22.919,23.005,22.919,23.005,677,0
20111209,22.91,23.083,22.91,23.025,1436,0
20111212,22.654,22.672,22.568,22.672,1499,0
20111215,22.311,22.367,22.301,22.301,1531,0
20111216,22.622,22.641,22.392,22.392,2834,0
20111220,22.737,22.747,22.728,22.747,784,0
20111221,22.641,22.786,22.641,22.641,1050,0
20111222,23.093,23.112,23.093,23.112,1563,0
20111223,23.188,23.188,23.188,23.188,140,0
20111227,23.265,23.265,23.265,23.265,158,0
20111228,22.958,22.958,22.958,22.958,102,0
20111229,23.074,23.074,23.074,23.074,131,0
20111230,23.182,23.182,23.182,23.182,102,0
20120103,23.572,23.572,23.41,23.41,262,0
20120104,23.351,23.4,23.351,23.371,1030,0
20120105,23.514,23.543,23.477,23.477,3163,0
20120106,23.429,23.553,23.429,23.553,774,0
20120109,23.543,23.591,23.543,23.591,2967,0
20120110,23.726,23.764,23.726,23.755,521,0
20120111,23.793,23.793,23.726,23.793,800,0
20120112,23.812,23.84,23.812,23.84,362,0
20120113,23.62,23.62,23.62,23.62,134,0
20120117,23.947,23.957,23.947,23.957,884,0
20120118,24.014,24.148,24.014,24.148,3069,0
20120119,24.379,24.379,24.36,24.36,245,0
20120123,24.445,24.445,24.445,24.445,625,0
20120124,24.234,24.465,24.234,24.465,2091,0
20120125,24.59,24.59,24.57,24.58,1041,0
20120126,24.791,24.858,24.484,24.484,1040,0
20120127,24.494,24.6,24.474,24.6,54277,0
20120130,24.35,24.416,24.35,24.416,494,0
20120202,24.81,24.926,24.81,24.916,3304,0
20120203,25.175,25.233,25.175,25.233,1665,0
20120206,25.137,25.184,25.108,25.127,979,0
20120207,25.127,25.194,25.088,25.194,1230,0
20120208,25.108,25.156,25.108,25.156,625,0
20120209,25.204,25.204,25.204,25.204,311,0
20120210,24.945,24.984,24.945,24.945,1005,0
20120213,25.117,25.117,25.117,25.117,311,0
20120214,25.031,25.078,24.936,25.078,19221,0
20120215,25.127,25.127,25.127,25.127,395,0
20120216,25.385,25.385,25.385,25.385,1041,0
20120221,25.339,25.339,25.31,25.31,1189,0
20120222,25.184,25.184,25.184,25.184,122,0
20120223,25.31,25.31,25.31,25.31,210,0
20120224,25.424,25.424,25.405,25.405,455,0
20120227,25.473,25.473,25.213,25.434,1711,0
20120228,25.385,25.444,25.319,25.319,1053,0
20120229,25.398,25.418,25.196,25.274,1602,0
20120301,25.511,25.511,25.473,25.511,210,0
20120302,25.259,25.308,25.22,25.308,1665,0
20120305,25.156,25.156,25.156,25.156,938,0
20120306,24.836,24.942,24.721,24.721,894,0
20120307,25.001,25.105,25.001,25.056,4511,0
20120308,25.269,25.308,25.269,25.298,546,0
20120309,25.279,25.643,25.279,25.527,4014,0
20120312,25.385,25.463,25.385,25.453,5043,0
20120313,25.614,25.614,25.614,25.614,508,0
20120314,25.921,25.921,25.768,25.787,1670,0
20120315,25.943,26.028,25.895,26.028,4212,0
20120316,26.055,26.055,26.008,26.008,345,0
20120319,26.181,26.181,25.97,26.181,1250,0
20120320,25.893,25.893,25.797,25.797,673,0
20120321,25.893,25.893,25.787,25.826,1434,0
20120322,25.699,25.709,25.557,25.614,4399,0
20120323,25.566,25.663,25.566,25.663,1542,0
20120326,26.065,26.065,26.065,26.065,2811,0
20120327,26.114,26.114,25.979,25.979,1927,0
20120328,25.797,25.797,25.614,25.614,521,0
20120329,25.547,25.576,25.46,25.576,608,0
20120330,25.901,25.901,25.707,25.862,8543,0
20120402,25.797,26.075,25.758,26.008,4029,0
20120403,26.026,26.026,25.979,25.979,391,0
20120404,25.586,25.663,25.586,25.595,595,0
20120405,25.566,25.653,25.537,25.537,1997,0
20120409,25.124,25.288,25.124,25.23,2041,0
20120410,25.085,25.085,24.729,24.729,3746,0
20120411,24.923,24.923,24.923,24.923,127,0
20120412,24.923,25.402,24.923,25.392,1938,0
20120413,25.191,25.191,25.163,25.163,447,0
20120416,25.124,25.124,25.124,25.124,1184,0
20120417,25.317,25.527,25.317,25.527,1255,0
20120418,25.336,25.336,25.259,25.317,2548,0
20120419,25.392,25.392,25.153,25.191,1859,0
20120420,25.317,25.373,25.308,25.326,5963,0
20120423,24.942,25.046,24.942,25.046,4366,0
20120424,25.028,25.028,24.981,24.981,1155,0
20120425,24.981,25.326,24.645,25.288,2724,0
20120426,25.47,25.566,25.47,25.566,2798,0
20120427,25.586,25.836,25.586,25.836,5102,0
20120430,25.563,25.563,25.446,25.446,1460,0
20120501,25.557,25.806,25.557,25.806,1978,0
20120502,25.345,25.595,25.345,25.576,1787,0
20120503,25.373,25.373,25.373,25.373,210,0
20120504,24.817,24.817,24.817,24.817,521,0
20120507,24.788,24.788,24.788,24.788,432,0
20120508,24.471,24.739,24.461,24.739,2676,0
20120509,24.422,24.702,24.404,24.625,3506,0
20120510,24.721,24.721,24.616,24.693,2050,0
20120511,24.625,24.729,24.625,24.625,1422,0
20120514,24.289,24.289,24.26,24.26,625,0
20120515,24.154,24.241,24.01,24.01,6141,0
20120517,23.655,23.655,23.3,23.3,3498,0
20120518,23.367,23.367,23.05,23.05,1714,0
20120521,23.463,23.578,23.463,23.578,1602,0
20120522,23.655,23.693,23.636,23.636,1817,0
20120523,23.435,23.529,23.435,23.529,210,0
20120524,23.732,23.732,23.519,23.519,1349,0
20120525,23.79,23.79,23.79,23.79,215,0
20120529,23.943,24.068,23.943,24.068,653,0
20120530,23.616,23.616,23.616,23.616,1567,0
20120531,23.269,23.453,23.269,23.444,3592,0
20120601,22.941,22.95,22.941,22.95,362,0
20120604,22.713,22.713,22.656,22.656,3305,0
20120605,22.788,22.788,22.788,22.788,415,0
20120606,23.375,23.433,23.375,23.433,1864,0
20120607,23.596,23.683,23.596,23.683,272,0
20120608,23.586,23.683,23.586,23.683,1250,0
20120611,23.674,23.674,23.415,23.415,2509,0
20120612,23.288,23.288,23.288,23.288,102,0
20120614,23.415,23.435,23.329,23.357,4030,0
20120615,23.548,23.548,23.548,23.548,700,0
20120618,23.645,23.645,23.606,23.606,403,0
20120619,24.088,24.088,23.992,23.992,1204,0
20120620,24.011,24.011,23.983,24.002,1577,0
20120621,23.79,23.79,23.385,23.414,4528,0
20120626,22.999,22.999,22.999,22.999,112,0
20120628,23.229,23.327,22.227,23.327,5960,0
20120629,23.937,24.063,23.937,24.063,1272,0
20120702,24.223,24.223,24.03,24.136,3619,0
20120703,24.213,24.213,24.213,24.213,122,0
20120705,24.378,24.521,24.378,24.511,3288,0
20120706,24.116,24.136,24.116,24.126,2387,0
20120709,23.895,24.002,23.895,24.002,768,0
20120711,23.626,23.673,23.626,23.673,750,0
20120712,23.491,23.742,23.491,23.742,2240,0
20120713,23.973,23.973,23.973,23.973,426,0
20120716,23.914,23.914,23.914,23.914,310,0
20120718,24.286,24.286,24.286,24.286,1063,0
20120720,24.136,24.136,24.126,24.126,2075,0
20120723,23.78,23.78,23.78,23.78,295,0
20120724,23.578,23.598,23.569,23.588,944,0
20120725,23.606,23.712,23.606,23.693,1364,0
20120726,24.011,24.098,23.944,24.098,3632,0
20120727,24.638,24.638,24.609,24.609,777,0
20120730,24.629,24.658,24.609,24.658,2226,0
20120731,24.566,24.585,24.566,24.585,1454,0
20120802,24.136,24.136,24.136,24.136,341,0
20120803,24.658,24.668,24.589,24.589,981,0
20120806,24.733,24.733,24.733,24.733,209,0
20120807,24.956,25.013,24.956,25.013,759,0
20120808,24.821,24.898,24.821,24.898,310,0
20120810,24.966,24.976,24.966,24.966,2730,0
20120815,24.986,25.013,24.986,25.005,590,0
20120820,25.206,25.294,25.206,25.274,730,0
20120821,25.447,25.447,25.294,25.294,1056,0
20120822,25.255,25.265,25.09,25.129,1842,0
20120823,25.158,25.158,25.158,25.158,830,0
20120827,25.168,25.168,25.168,25.168,209,0
20120828,25.061,25.08,24.917,24.976,6867,0
20120829,24.966,25.07,24.966,25.041,1909,0
20120830,24.811,24.956,24.811,24.956,919,0
20120831,25.03,25.048,24.973,25.048,725,0
20120904,24.934,25.01,24.934,25.01,519,0
20120905,25.097,25.097,25.03,25.03,2179,0
20120906,25.387,25.505,25.387,25.505,1056,0
20120907,25.687,25.756,25.66,25.716,88091,0
20120910,25.697,25.697,25.687,25.687,2124,0
20120911,25.65,25.65,25.65,25.65,1971,0
20120912,25.824,25.824,25.824,25.824,622,0
20120913,25.611,26.142,25.611,26.142,941,0
20120917,26.296,26.296,26.083,26.083,725,0
20120918,25.997,25.997,25.997,25.997,5695,0
20120919,26.114,26.143,26.026,26.114,3081,0
20120920,25.94,25.94,25.94,25.94,102,0
20120924,25.795,25.862,25.756,25.862,994,0
20120925,25.93,25.93,25.553,25.553,2762,0
20120926,25.417,25.417,25.185,25.263,4279,0
20120927,25.349,25.572,25.349,25.572,1190,0
20120928,25.303,25.506,25.303,25.506,894,0
20121002,25.436,25.514,25.436,25.514,621,0
20121003,25.602,25.611,25.602,25.611,1343,0
20121004,25.707,25.707,25.687,25.697,633,0
20121008,25.795,25.795,25.775,25.775,451,0
20121010,25.397,25.397,25.359,25.359,527,0
20121011,25.592,25.592,25.572,25.572,1784,0
20121015,25.456,25.582,25.456,25.582,2648,0
20121017,25.834,26.007,25.834,25.949,497,0
20121019,25.949,25.949,25.563,25.611,4622,0
20121022,25.485,25.485,25.485,25.485,102,0
20121023,25.166,25.311,25.166,25.283,6071,0
20121026,25.311,25.311,25.292,25.292,779,0
20121031,25.302,25.349,25.194,25.311,3704,0
20121101,25.678,25.756,25.678,25.756,875,0
20121102,25.62,25.62,25.592,25.592,563,0
20121105,25.495,25.66,25.485,25.563,3639,0
20121106,25.93,25.93,25.93,25.93,722,0
20121107,25.485,25.495,25.359,25.359,23620,0
20121108,25.234,25.234,25.088,25.088,1266,0
20121109,24.895,24.895,24.817,24.895,690,0
20121112,24.973,25.127,24.973,25.107,978,0
20121113,25.088,25.127,25.088,25.127,737,0
20121114,24.846,24.895,24.595,24.595,889,0
20121116,24.479,24.711,24.479,24.692,3928,0
20121119,25.03,25.127,25.03,25.117,1839,0
20121120,25.204,25.204,25.127,25.127,583,0
20121121,25.253,25.253,25.253,25.253,158,0
20121126,25.426,25.495,24.778,25.407,756,0
20121127,25.407,25.553,25.407,25.426,3151,0
20121128,25.34,25.456,25.34,25.456,4146,0
20121129,25.563,25.66,25.563,25.592,679,0
20121130,25.737,25.737,25.631,25.678,6384,0
20121203,25.669,25.669,25.495,25.495,335,0
20121204,25.611,25.611,25.533,25.533,1139,0
20121205,25.485,25.485,25.485,25.485,309,0
20121206,25.785,25.785,25.785,25.785,198,0
20121207,25.805,25.901,25.805,25.805,394,0
20121211,25.94,25.94,25.94,25.94,234,0
20121212,26.016,26.163,26.016,26.163,1095,0
20121214,25.94,25.94,25.94,25.94,102,0
20121217,26.055,26.085,25.901,26.016,5945,0
20121218,26.153,26.365,26.153,26.365,3440,0
20121219,26.374,26.433,26.298,26.374,18810,0
20121220,26.308,26.463,26.308,26.394,1757,0
20121221,26.25,26.26,26.154,26.26,2109,0
20121226,26.173,26.173,26.173,26.173,398,0
20121227,25.968,26.006,25.968,26.006,307,0
20121228,25.919,25.958,25.919,25.919,631,0
20121231,25.83,26.26,25.83,26.26,919,0
20130103,26.884,26.992,26.797,26.797,1232,0
20130104,26.914,27.1,26.874,27.1,2433,0
20130107,26.982,26.982,26.982,26.982,409,0
20130108,26.865,26.865,26.748,26.806,1728,0
20130109,26.865,26.962,26.846,26.944,3597,0
20130110,27.05,27.08,27.05,27.08,1155,0
20130111,27.04,27.09,27.04,27.09,928,0
20130114,27.021,27.021,27.021,27.021,101,0
20130115,26.904,27.216,26.904,27.216,1708,0
20130116,27.118,27.216,27.118,27.128,1145,0
20130117,27.284,27.314,27.256,27.314,332,0
20130118,27.294,27.402,27.294,27.402,307,0
20130122,27.538,27.538,27.538,27.538,448,0
20130123,27.518,27.548,27.518,27.548,1196,0
20130124,27.626,27.626,27.626,27.626,101,0
20130125,27.703,27.87,27.703,27.87,4408,0
20130129,27.802,27.909,27.802,27.899,1538,0
20130130,27.89,27.89,27.792,27.841,548,0
20130131,27.657,27.754,27.657,27.754,953,0
20130201,27.948,27.987,27.909,27.918,1029,0
20130204,27.733,27.733,27.636,27.636,3273,0
20130206,27.821,28.074,27.821,28.074,3003,0
20130207,27.948,27.997,27.909,27.938,3275,0
20130208,28.173,28.27,28.163,28.163,2080,0
20130211,28.211,28.26,28.183,28.26,1046,0
20130212,28.338,28.338,28.328,28.338,726,0
20130213,28.416,28.416,28.406,28.416,993,0
20130214,28.376,28.485,28.376,28.485,1300,0
20130215,28.533,28.533,28.406,28.406,1631,0
20130219,28.465,28.505,28.465,28.505,1198,0
20130221,27.85,27.85,27.85,27.85,357,0
20130222,28.114,28.192,28.114,28.192,879,0
20130225,28.202,28.202,27.88,27.88,670,0
20130226,27.772,27.772,27.694,27.694,2420,0
20130227,28.124,28.211,28.124,28.211,2115,0
20130228,28.287,28.287,28.258,28.258,552,0
20130301,28.017,28.106,28.017,28.106,1085,0
20130304,28.074,28.192,28.045,28.094,9624,0
20130305,28.448,28.468,28.448,28.468,718,0
20130306,28.526,28.613,28.517,28.517,47142,0
20130307,28.428,28.925,28.428,28.662,1774,0
20130308,28.877,28.886,28.858,28.858,1442,0
20130311,29.001,29.001,29.001,29.001,444,0
20130312,28.974,29.014,28.849,28.858,3712,0
20130313,29.062,29.161,29.062,29.141,3280,0
20130314,29.207,29.207,29.207,29.207,312,0
20130315,29.237,29.326,29.217,29.237,3847,0
20130318,28.974,29.131,28.935,29.131,1538,0
20130319,29.122,29.122,28.839,28.925,15594,0
20130320,29.062,29.181,29.062,29.181,1975,0
20130321,29.023,29.033,28.974,29.014,2753,0
20130322,29.112,29.112,29.004,29.082,3396,0
20130325,29.062,29.082,28.964,29.082,813,0
20130326,29.062,29.257,29.062,29.257,911,0
20130327,28.984,29.306,28.984,29.306,1242,0
20130328,29.227,29.424,29.227,29.424,4022,0
20130401,29.257,29.257,29.102,29.102,2024,0
20130402,29.355,29.355,29.296,29.296,1049,0
20130403,29.082,29.082,28.672,28.819,3600,0
20130404,28.839,28.925,28.839,28.925,1029,0
20130405,28.78,28.877,28.78,28.858,1303,0
20130408,28.964,29.052,28.877,28.994,1265,0
20130409,29.042,29.207,29.042,29.207,1032,0
20130410,29.286,29.521,29.286,29.521,2130,0
20130411,29.776,29.776,29.648,29.648,724,0
20130412,29.53,29.618,29.444,29.618,8772,0
20130415,29.082,29.082,28.858,28.858,2470,0
20130416,28.896,29.062,28.886,29.033,1595,0
20130417,28.642,28.682,28.603,28.682,732,0
20130418,28.642,28.642,28.642,28.642,483,0
20130422,28.867,28.886,28.867,28.886,448,0
20130423,29.033,29.181,29.033,29.161,1888,0
20130424,29.336,29.336,29.237,29.316,1404,0
20130425,29.453,29.589,29.394,29.444,3763,0
20130426,29.237,29.434,29.237,29.237,703,0
20130429,29.53,29.539,29.444,29.521,2807,0
20130430,29.559,29.599,29.502,29.599,1451,0
20130502,29.618,29.668,29.618,29.668,1886,0
20130503,30.028,30.106,30.01,30.058,1034,0
20130506,30.038,30.048,30.038,30.048,2049,0
20130507,30.185,30.292,30.175,30.282,8824,0
20130508,30.312,30.312,30.312,30.312,181,0
20130509,30.477,30.497,30.332,30.332,6730,0
20130513,30.535,30.535,30.535,30.535,575,0
20130514,30.809,30.829,30.809,30.829,1023,0
20130515,30.986,30.986,30.986,30.986,1363,0
20130517,30.966,31.131,30.966,31.043,1445,0
20130520,31.239,31.258,31.239,31.258,580,0
20130521,31.423,31.423,31.423,31.423,327,0
20130523,30.565,30.926,30.438,30.877,2239,0
20130524,30.819,30.819,30.819,30.819,3549,0
20130528,30.936,30.936,30.936,30.936,138,0
20130529,30.705,30.833,30.705,30.803,1380,0
20130530,30.946,30.976,30.867,30.867,1896,0
20130531,30.861,31.009,30.646,30.646,2211,0
20130603,30.302,30.302,30.292,30.292,3574,0
20130604,30.195,30.363,30.195,30.363,1498,0
20130605,30.05,30.089,29.952,29.952,907,0
20130606,30.001,30.195,29.882,30.195,3074,0
20130607,30.528,30.528,30.47,30.47,2125,0
20130611,30.285,30.47,30.177,30.215,1569,0
20130612,30.126,30.126,29.95,29.95,563,0
20130613,29.853,30.233,29.814,30.233,2305,0
20130614,30.568,30.608,30.451,30.51,42304,0
20130617,30.693,30.693,30.654,30.674,906,0
20130618,30.715,30.921,30.715,30.843,7491,0
20130619,30.881,30.891,30.5,30.519,10393,0
20130620,29.853,29.892,29.609,29.609,2319,0
20130621,29.736,29.746,29.589,29.589,457,0
20130624,29.169,29.569,29.05,29.374,6731,0
20130625,29.579,29.579,29.579,29.579,256,0
20130626,29.805,29.805,29.805,29.805,128,0
20130628,30.265,30.265,30.265,30.265,133,0
20130701,30.421,30.51,30.354,30.431,1913,0
20130702,30.354,30.354,30.157,30.167,1809,0
20130703,30.05,30.05,30.05,30.05,1125,0
20130705,30.47,30.47,30.47,30.47,1659,0
20130708,30.598,30.677,30.568,30.677,1125,0
20130709,30.951,30.98,30.951,30.98,1020,0
20130710,30.961,30.961,30.803,30.813,1793,0
20130711,31.332,31.332,31.303,31.303,321,0
20130712,31.322,31.381,31.322,31.381,408,0
20130716,31.469,31.469,31.312,31.312,734,0
20130717,31.479,31.529,31.381,31.381,3749,0
20130718,31.762,31.762,31.762,31.762,1789,0
20130719,31.577,31.753,31.557,31.753,2030,0
20130722,31.685,31.862,31.685,31.743,2411,0
20130723,31.734,31.871,31.734,31.782,853,0
20130724,31.812,31.812,31.479,31.479,324,0
20130725,31.509,31.616,31.439,31.616,1176,0
20130726,31.42,31.42,31.42,31.42,178,0
20130729,31.381,31.547,31.381,31.547,884,0
20130730,31.479,31.695,31.479,31.577,1056,0
20130801,32.066,32.203,32.028,32.203,4645,0
20130802,31.998,32.086,31.88,32.047,1835,0
20130805,32.096,32.135,32.096,32.135,205,0
20130806,32.047,32.272,31.743,31.743,2952,0
20130807,31.537,31.626,31.537,31.626,318,0
20130808,31.871,31.919,31.832,31.862,1199,0
20130809,31.899,31.988,31.88,31.988,565,0
20130812,31.724,31.919,31.724,31.919,976,0
20130814,31.782,31.802,31.782,31.802,973,0
20130815,31.342,31.362,31.342,31.362,436,0
20130816,31.362,31.362,31.204,31.204,736,0
20130819,31.146,31.146,30.861,30.861,1276,0
20130820,30.99,31.126,30.99,31.087,2636,0
20130821,31.028,31.194,31.019,31.048,2856,0
20130822,31.186,31.411,31.186,31.411,1633,0
20130823,31.459,31.459,31.312,31.362,764,0
20130826,31.499,31.509,31.469,31.479,1508,0
20130827,30.891,30.891,30.891,30.891,205,0
20130828,30.813,30.98,30.813,30.823,811,0
20130829,30.941,31.087,30.941,30.99,2656,0
20130830,30.725,30.744,30.725,30.735,1717,0
20130903,31.157,31.157,30.744,30.744,991,0
20130904,31.078,31.107,31.078,31.107,46466,0
20130905,31.235,31.235,31.235,31.235,1277,0
20130906,31.295,31.373,31.295,31.354,15488,0
20130909,31.459,31.597,31.459,31.567,2161,0
20130910,31.874,31.874,31.855,31.855,420,0
20130911,31.802,31.929,31.802,31.929,306,0
20130912,31.988,31.988,31.862,31.862,3793,0
20130913,31.826,31.826,31.826,31.826,597,0
20130916,32.232,32.262,32.076,32.076,1815,0
20130917,32.307,32.307,32.287,32.287,561,0
20130918,32.759,32.759,32.759,32.759,306,0
20130919,32.779,32.858,32.739,32.769,979,0
20130920,32.592,32.622,32.475,32.475,4267,0
20130923,32.208,32.287,32.208,32.287,4781,0
20130924,32.445,32.445,32.307,32.307,814,0
20130925,32.198,32.228,32.052,32.228,1412,0
20130926,32.228,32.287,32.228,32.287,1806,0
20130927,32.12,32.12,32.12,32.12,101,0
20131001,31.884,32.405,31.884,32.337,2059,0
20131002,32.16,32.395,32.16,32.395,19747,0
20131003,32.405,32.405,31.923,32.042,3677,0
20131004,32.307,32.405,32.307,32.405,31899,0
20131007,32.238,32.248,32.1,32.1,10019,0
20131008,31.806,31.884,31.668,31.668,12658,0
20131009,31.609,31.668,31.431,31.501,4148,0
20131011,32.513,32.523,32.465,32.475,22792,0
20131014,32.445,32.672,32.297,32.652,9850,0
20131015,32.642,32.662,32.435,32.445,13850,0
20131016,32.572,32.672,32.572,32.652,4713,0
20131017,32.838,32.996,32.759,32.946,37148,0
20131018,33.142,33.241,33.074,33.211,11135,0
20131021,33.301,33.321,33.123,33.221,4670,0
20131022,33.34,33.556,33.271,33.517,1981,0
20131023,33.359,33.359,33.359,33.359,107,0
20131024,33.331,33.457,33.271,33.427,4597,0
20131025,33.388,33.388,33.301,33.301,590,0
20131028,33.437,33.566,33.427,33.477,2686,0
20131029,33.507,33.527,33.457,33.527,1047,0
20131030,33.664,33.664,33.437,33.437,2229,0
20131031,33.447,33.536,33.331,33.477,29951,0
20131101,33.321,33.417,33.321,33.417,1944,0
20131104,33.664,33.664,33.664,33.664,3743,0
20131105,33.35,33.566,33.35,33.536,1593,0
20131106,33.556,33.625,33.517,33.536,2087,0
20131107,33.311,33.311,33.142,33.142,1065,0
20131108,33.388,33.477,33.152,33.437,9554,0
20131111,33.684,33.712,33.664,33.712,2250,0
20131112,33.536,33.546,33.536,33.546,701,0
20131113,33.732,33.9,33.722,33.9,3348,0
20131114,33.89,34.027,33.851,33.851,2840,0
20131115,34.116,34.166,34.066,34.116,6875,0
20131118,34.146,34.146,34.017,34.027,24590,0
20131119,33.762,33.91,33.703,33.791,1678,0
20131120,33.851,33.861,33.477,33.575,12149,0
20131121,33.841,33.92,33.801,33.92,16788,0
20131122,33.801,34.066,33.801,34.066,8555,0
20131125,33.979,34.037,33.92,33.92,14462,0
20131126,33.871,34.126,33.871,34.106,859,0
20131127,34.322,34.322,34.066,34.066,1236,0
20131129,34.391,34.391,34.116,34.186,1066,0
20131202,34.146,34.156,34.007,34.007,5981,0
20131203,33.95,33.95,33.674,33.841,5925,0
20131204,33.811,33.989,33.645,33.989,736,0
20131205,33.762,33.811,33.664,33.664,817,0
20131206,33.96,34.224,33.96,34.224,2654,0
20131209,34.205,34.205,34.205,34.205,195,0
20131210,34.362,34.372,34.244,34.244,1605,0
20131211,33.722,33.752,33.625,33.625,3109,0
20131212,33.615,33.615,33.527,33.527,3397,0
20131213,33.625,33.625,33.517,33.517,3011,0
20131216,33.861,33.88,33.752,33.88,6582,0
20131217,33.9,33.9,33.674,33.89,683,0
20131218,33.732,34.116,33.694,34.116,2873,0
20131219,34.037,34.205,34.037,34.205,953,0
20131220,34.384,34.414,34.295,34.295,3018,0
20131223,34.494,34.494,34.494,34.494,818,0
20131224,34.494,34.681,34.494,34.671,778,0
20131226,34.74,34.82,34.71,34.72,602,0
20131227,34.967,34.967,34.928,34.928,1845,0
20131230,34.81,34.81,34.81,34.81,663,0
20131231,35.017,35.036,35.017,35.036,705,0
20140102,34.87,34.87,34.74,34.74,1177,0
20140103,34.889,34.889,34.72,34.72,6193,0
20140106,34.74,34.74,34.524,34.621,3525,0
20140107,34.918,34.918,34.74,34.74,1773,0
20140108,34.78,34.977,34.71,34.898,1484,0
20140109,34.691,34.691,34.691,34.691,254,0
20140110,35.036,35.036,34.898,34.898,875,0
20140113,35.135,35.135,35.125,35.125,1217,0
20140114,34.701,35.125,34.701,35.125,6590,0
20140115,35.095,35.223,35.055,35.223,5306,0
20140116,35.135,35.175,35.135,35.175,2940,0
20140117,35.095,35.095,35.017,35.065,2519,0
20140121,35.243,35.272,34.997,34.997,2696,0
20140122,35.292,35.292,35.145,35.145,11353,0
20140123,35.045,35.045,34.573,34.671,3830,0
20140124,34.198,34.198,33.901,33.901,2646,0
20140127,33.881,34.148,33.595,33.999,4910,0
20140128,34.038,34.178,34.038,34.178,683,0
20140129,33.951,33.951,33.635,33.792,1029,0
20140130,33.625,34.088,33.625,33.961,2820,0
20140131,34.058,34.058,33.871,33.881,1074,0
20140204,33.279,33.279,33.13,33.239,895,0
20140205,33.004,33.004,33.004,33.004,587,0
20140206,33.615,33.615,33.406,33.406,1495,0
20140207,33.772,33.822,33.722,33.822,2601,0
20140210,33.99,34.048,33.852,34.048,4728,0
20140211,34.384,34.384,34.384,34.384,364,0
20140212,34.514,34.553,34.514,34.553,847,0
20140213,34.651,34.8,34.651,34.8,702,0
20140214,34.71,34.928,34.661,34.928,5521,0
20140218,34.977,34.977,34.977,34.977,365,0
20140219,35.135,35.292,35.135,35.292,543,0
20140220,35.175,35.332,35.095,35.332,606,0
20140221,35.282,35.282,35.282,35.282,141,0
20140224,35.53,35.588,35.471,35.588,1977,0
20140225,35.322,35.52,35.213,35.471,5186,0
20140226,35.381,35.441,35.381,35.421,1110,0
20140227,35.471,35.618,35.322,35.588,15370,0
20140228,35.648,35.688,35.481,35.578,3363,0
20140303,35.312,35.362,35.262,35.362,10418,0
20140304,35.747,35.914,35.747,35.816,8863,0
20140305,35.777,35.914,35.727,35.914,8934,0
20140306,35.954,35.954,35.954,35.954,238,0
20140307,36.014,36.014,35.836,35.846,794,0
20140310,35.806,35.806,35.658,35.806,2673,0
20140311,35.767,35.796,35.658,35.658,4635,0
20140312,35.608,35.698,35.608,35.698,4390,0
20140313,35.737,35.737,35.292,35.312,2700,0
20140317,35.441,35.568,35.441,35.568,640,0
20140318,35.826,35.885,35.727,35.885,1217,0
20140319,35.737,35.737,35.53,35.53,1066,0
20140320,35.866,35.866,35.578,35.806,2148,0
20140321,36.012,36.11,35.646,35.646,849,0
20140324,35.626,35.626,35.32,35.419,3485,0
20140325,35.518,35.596,35.449,35.449,677,0
20140326,35.469,35.469,35.469,35.469,101,0
20140327,35.083,35.083,35.083,35.083,724,0
20140328,35.35,35.35,35.35,35.35,533,0
20140331,35.765,35.804,35.765,35.804,1155,0
20140401,36.032,36.051,35.912,36.051,3972,0
20140402,36.16,36.358,36.16,36.348,723,0
20140404,36.348,36.348,35.883,35.883,1961,0
20140407,35.775,35.775,35.143,35.143,1438,0
20140408,35.26,35.26,35.26,35.26,365,0
20140409,35.596,35.735,35.596,35.735,1294,0
20140410,35.32,35.469,34.934,34.934,1626,0
20140414,35.241,35.241,34.648,34.648,6088,0
20140415,34.57,34.994,34.57,34.925,1468,0
20140416,35.073,35.37,35.073,35.37,318,0
20140417,35.489,35.489,35.489,35.489,667,0
20140421,35.35,35.646,35.35,35.646,10940,0
20140422,35.706,35.922,35.706,35.785,1431,0
20140423,35.775,35.902,35.775,35.834,11503,0
20140424,35.785,35.785,35.775,35.775,514,0
20140428,35.596,35.706,35.083,35.586,8584,0
20140429,35.508,35.616,35.508,35.616,668,0
20140430,35.765,35.765,35.576,35.765,583,0
20140501,35.824,35.824,35.765,35.765,1965,0
20140502,35.883,35.883,35.883,35.883,311,0
20140505,35.508,36.061,35.508,35.912,3427,0
20140506,35.824,35.892,35.824,35.892,667,0
20140507,35.814,35.892,35.775,35.892,3075,0
20140508,36.218,36.338,35.814,35.982,4498,0
20140512,36.278,36.426,36.268,36.338,7149,0
20140513,36.328,36.436,36.238,36.436,3329,0
20140514,36.18,36.18,36.13,36.13,1579,0
20140515,35.814,35.814,35.706,35.706,918,0
20140516,35.874,35.874,35.765,35.844,1197,0
20140519,36.032,36.19,36.012,36.022,1452,0
20140520,35.874,35.922,35.636,35.922,1200,0
20140521,35.912,36.051,35.864,35.864,732,0
20140522,36.071,36.071,36.071,36.071,250,0
20140523,36.2,36.358,36.2,36.248,1996,0
20140527,36.594,36.624,36.594,36.624,738,0
20140528,36.416,36.634,36.406,36.535,2485,0
20140529,36.476,36.634,36.476,36.624,748,0
20140602,36.871,36.871,36.693,36.752,1166,0
20140603,36.713,36.802,36.713,36.802,1423,0
20140604,36.97,36.97,36.96,36.97,1264,0
20140605,37.295,37.295,37.295,37.295,744,0
20140606,37.562,37.641,37.562,37.641,289,0
20140610,37.394,37.394,37.335,37.335,1417,0
20140611,37.138,37.256,37.138,37.256,741,0
20140612,37.207,37.207,37.207,37.207,341,0
20140616,37.295,37.295,37.295,37.295,534,0
20140617,37.325,37.444,37.325,37.444,785,0
20140619,37.464,37.671,37.464,37.671,692,0
20140620,37.677,37.815,37.657,37.815,1051,0
20140623,37.796,37.835,37.766,37.766,9489,0
20140624,37.805,37.805,37.805,37.805,668,0
20140625,37.557,37.647,37.557,37.597,1560,0
20140626,37.538,37.538,37.399,37.538,527,0
20140627,37.825,37.825,37.647,37.657,1060,0
20140630,37.736,37.885,37.736,37.776,2433,0
20140701,38.221,38.221,38.073,38.172,20777,0
20140702,37.924,38.122,37.904,37.924,5752,0
20140703,38.034,38.221,38.034,38.103,1438,0
20140707,37.904,37.944,37.875,37.875,1231,0
20140708,37.726,37.726,37.697,37.697,1125,0
20140709,37.786,37.786,37.766,37.766,1027,0
20140710,37.34,37.756,37.34,37.667,1338,0
20140711,37.518,37.518,37.518,37.518,463,0
20140714,37.954,37.954,37.726,37.726,1219,0
20140715,37.776,37.855,37.776,37.855,500,0
20140716,37.756,37.805,37.756,37.766,622,0
20140717,37.726,37.726,37.637,37.637,1300,0
20140718,37.528,37.865,37.528,37.865,3321,0
20140721,37.557,37.557,37.557,37.557,2843,0
20140722,37.805,37.845,37.697,37.697,9935,0
20140723,37.548,37.756,37.498,37.756,9372,0
20140724,37.756,37.875,37.687,37.746,26262,0
20140725,37.717,37.786,37.528,37.528,16772,0
20140728,37.597,37.746,37.449,37.557,4931,0
20140729,37.815,37.815,37.587,37.597,651,0
20140730,37.419,37.567,37.32,37.459,6293,0
20140731,36.864,36.903,36.815,36.815,1004,0
20140801,36.983,36.993,36.983,36.993,1677,0
20140804,36.706,37.092,36.686,37.092,2031,0
20140805,37.043,37.043,36.606,36.606,1423,0
20140806,36.556,36.765,36.556,36.765,484,0
20140807,36.448,36.527,36.448,36.527,700,0
20140812,36.893,37.122,36.864,37.003,1631,0
20140814,37.201,37.35,37.201,37.35,857,0
20140815,37.26,37.26,37.26,37.26,447,0
20140818,37.726,37.726,37.726,37.726,791,0
20140819,37.855,37.904,37.776,37.894,4642,0
20140820,37.875,37.954,37.825,37.954,3868,0
20140822,38.024,38.083,38.024,38.024,2423,0
20140825,38.103,38.103,38.053,38.053,1069,0
20140826,38.212,38.291,38.182,38.192,2750,0
20140827,38.271,38.271,38.142,38.202,3496,0
20140828,38.122,38.152,37.964,38.142,5521,0
20140829,38.192,38.192,38.192,38.192,284,0
20140902,38.41,38.41,38.202,38.221,568,0
20140903,38.281,38.439,38.231,38.231,1581,0
20140904,38.439,38.439,38.439,38.439,382,0
20140905,38.192,38.341,38.103,38.341,1109,0
20140908,38.281,38.281,38.281,38.281,153,0
20140909,38.221,38.221,38.103,38.103,488,0
20140911,38.221,38.221,38.221,38.221,475,0
20140912,37.914,37.944,37.914,37.944,1087,0
20140915,37.647,37.825,37.627,37.786,871,0
20140916,37.865,37.954,37.687,37.954,1832,0
20140917,38.053,38.182,38.053,38.132,1318,0
20140918,38.221,38.221,38.093,38.093,780,0
20140919,37.953,37.973,37.953,37.973,1576,0
20140923,37.526,37.526,37.257,37.357,2574,0
20140924,37.446,37.496,37.446,37.496,378,0
20140925,37.516,37.516,37.138,37.138,1506,0
20140926,37.287,37.307,37.287,37.307,574,0
20140929,37.208,37.208,37.208,37.208,201,0
20141001,36.86,36.86,36.661,36.661,653,0
20141002,36.253,36.561,36.253,36.561,1521,0
20141003,36.76,36.989,36.76,36.989,2205,0
20141006,36.87,36.919,36.83,36.919,578,0
20141007,36.601,36.641,36.253,36.253,1506,0
20141009,36.184,36.184,35.985,36.064,1675,0
20141010,35.647,35.746,35.448,35.746,7665,0
20141013,35.12,35.12,35.12,35.12,668,0
20141014,34.752,35.249,34.752,35.249,912,0
20141015,34.414,34.931,34.335,34.742,2773,0
20141016,35.349,35.349,35.19,35.19,390,0
20141017,35.836,35.836,35.498,35.498,1671,0
20141021,36.452,36.711,36.452,36.711,111584,0
20141022,36.959,36.959,36.72,36.79,2968,0
20141023,37.029,37.029,37.029,37.029,246,0
20141024,36.989,37.138,36.989,37.138,1159,0
20141027,36.85,37.406,36.85,37.108,1912,0
20141028,37.237,37.635,37.237,37.635,2223,0
20141029,37.575,37.824,37.347,37.347,2777,0
20141030,37.486,37.635,37.237,37.635,1071,0
20141031,38.062,38.212,38.062,38.112,707,0
20141103,38.47,38.47,38.321,38.47,681,0
20141104,38.122,38.122,37.983,37.983,1134,0
20141105,38.112,38.4,38.112,38.361,1734,0
20141106,38.49,38.589,38.241,38.589,2569,0
20141107,38.45,38.49,38.44,38.49,1728,0
20141111,38.579,38.639,38.52,38.639,2628,0
20141112,38.381,38.51,38.381,38.51,616,0
20141113,38.679,38.709,38.599,38.599,895,0
20141114,38.54,38.54,38.52,38.52,528,0
20141117,38.361,38.559,38.361,38.44,15269,0
20141118,38.649,38.917,38.649,38.858,33560,0
20141119,38.719,38.788,38.699,38.788,6911,0
20141121,39.285,39.285,39.186,39.206,3251,0
20141124,39.404,39.404,39.275,39.335,1561,0
20141125,39.285,39.394,39.156,39.375,1907,0
20141126,39.385,39.385,39.365,39.365,575,0
20141201,38.967,39.096,38.858,38.907,18305,0
20141203,39.166,39.335,39.166,39.305,3839,0
20141204,39.295,39.375,39.295,39.375,1290,0
20141208,39.345,39.613,39.056,39.166,3349,0
20141209,38.858,39.235,38.848,39.235,2196,0
20141210,38.888,39.007,38.679,38.679,1151,0
20141211,39.086,39.136,38.738,38.818,981,0
20141212,38.46,38.46,38.371,38.371,520,0
20141215,38.033,38.033,37.953,38.023,1095,0
20141216,38.162,38.162,37.724,37.724,1172,0
20141217,37.814,38.361,37.814,38.221,4109,0
20141218,39.066,39.136,39.037,39.136,1160,0
20141219,39.58,39.58,39.36,39.42,1790,0
20141222,39.71,39.75,39.51,39.57,2093,0
20141223,39.94,40.01,39.87,39.88,3844,0
20141224,40.09,40.14,39.96,40.04,12634,0
20141226,40.2,40.2,40.08,40.09,752,0
20141229,40.25,40.25,40.2,40.23,2450,0
20141230,40.05,40.1,39.85,39.96,1899,0
20141231,40.2,40.2,39.61,39.61,1131,0
20150102,39.81,39.81,39.29,39.62,2495,0
20150105,39.91,39.91,38.96,38.96,2117,0
20150106,39.08,39.08,38.39,38.68,22250,0
20150107,38.72,39.08,38.72,38.89,1084,0
20150108,39.52,39.71,39.52,39.6,21684,0
20150109,39.91,39.91,39.38,39.59,2991,0
20150112,39.31,39.31,38.85,38.95,27850,0
20150113,39.27,39.42,38.76,38.87,2506,0
20150114,38.47,38.66,38.23,38.65,1577,0
20150115,38.45,38.54,38.42,38.42,1910,0
20150116,38.25,38.49,38.25,38.49,809,0
