Date,Open,High,Low,Close,Volume,OpenInt
20100827,76.235,76.748,75.644,76.591,705,0
20100830,75.881,75.881,75.25,75.25,758,0
20100831,74.896,75.566,74.738,75.566,2940,0
20100901,77.575,78.009,77.024,77.969,3600,0
20100902,77.693,78.481,77.654,78.442,1945,0
20100903,79.585,79.82,79.229,79.742,4559,0
20100907,80.373,80.451,79.9,80.176,3816,0
20100908,81.081,81.672,81.042,81.436,10179,0
20100909,82.343,82.343,81.436,81.475,14476,0
20100910,82.027,82.382,81.988,82.224,4278,0
20100913,82.343,83.288,82.343,83.248,17260,0
20100914,82.106,82.46,81.515,82.146,11565,0
20100915,82.066,82.421,81.712,82.382,4167,0
20100916,81.397,81.672,80.964,81.672,6173,0
20100917,82.933,82.973,82.303,82.815,10040,0
20100920,84.982,85.337,83.998,85.021,33208,0
20100921,83.721,84.076,83.17,83.406,23684,0
20100922,83.801,83.801,82.933,83.17,9391,0
20100923,82.894,83.327,82.224,82.579,5703,0
20100924,85.337,85.849,84.864,85.494,9364,0
20100927,85.376,85.612,84.943,85.1,7632,0
20100928,85.573,85.573,84.824,85.494,12614,0
20100929,85.376,85.415,84.824,85.337,7765,0
20100930,85.14,85.337,84.352,84.824,7156,0
20101001,86.716,88.055,86.716,87.898,10409,0
20101004,87.898,88.409,86.992,87.583,12104,0
20101005,88.646,90.419,88.568,90.261,14053,0
20101006,90.025,90.261,89.591,90.144,49919,0
20101007,89.947,90.144,89.04,89.394,9342,0
20101008,89.079,90.182,89.079,90.025,260478,0
20101011,90.537,90.734,90.222,90.458,15331,0
20101012,89.907,90.144,89.04,90.144,8634,0
20101013,91.325,91.877,91.01,91.64,101898,0
20101014,91.443,91.443,90.301,91.443,81457,0
20101015,90.971,91.01,89.985,90.419,14363,0
20101018,89.947,90.222,89.473,89.985,22162,0
20101019,89.434,89.434,88.015,88.371,9859,0
20101020,88.252,89.788,88.252,89.513,7239,0
20101021,90.458,90.695,89.867,90.104,10025,0
20101022,90.104,90.104,89.591,89.907,5800,0
20101025,90.971,91.286,90.498,90.577,7468,0
20101026,90.261,90.261,89.67,90.104,5117,0
20101027,89.867,89.907,89.04,89.473,2633,0
20101028,89.828,89.828,88.843,89.079,5810,0
20101029,88.449,88.803,88.212,88.568,2841,0
20101101,89.434,90.222,89.394,89.75,8788,0
20101102,91.128,91.562,90.852,91.483,8532,0
20101103,90.971,91.562,90.577,91.483,8807,0
20101104,92.585,93.492,92.585,93.492,10025,0
20101105,93.413,94.044,93.216,94.044,9777,0
20101108,93.61,93.807,93.098,93.729,14569,0
20101109,94.28,94.32,92.625,93.059,10908,0
20101110,94.28,94.595,93.532,94.477,40376,0
20101111,93.453,93.453,92.428,92.744,10730,0
20101112,90.144,90.182,88.212,88.488,16419,0
20101115,88.725,88.843,87.898,88.174,10267,0
20101116,85.809,86.046,83.801,84.115,33069,0
20101117,84.115,85.1,84.115,84.982,13000,0
20101118,85.77,86.164,85.337,85.967,20594,0
20101119,83.642,83.682,82.46,83.288,14375,0
20101122,83.721,84.036,83.13,83.918,6724,0
20101123,82.027,82.618,81.081,81.161,16209,0
20101124,81.239,82.343,81.239,82.303,7715,0
20101126,76.157,76.157,74.778,75.763,84669,0
20101129,75.132,75.409,74.227,75.409,30679,0
20101130,75.25,76.551,75.25,76.038,44671,0
20101201,79.782,80.53,79.623,80.373,51380,0
20101202,81.121,82.027,80.964,81.909,22416,0
20101203,79.585,79.9,78.797,79.86,17023,0
20101206,79.742,79.742,78.954,78.994,26017,0
20101207,79.309,79.506,77.615,77.615,24686,0
20101208,76.866,76.866,75.212,75.723,16646,0
20101209,72.572,72.572,70.838,70.917,55692,0
20101210,72.769,73.517,72.65,73.439,19940,0
20101213,76.197,76.197,75.015,75.29,19268,0
20101214,76.629,77.221,76.472,76.708,11233,0
20101215,75.369,75.369,74.305,74.581,5966,0
20101216,75.329,75.329,74.305,74.738,67510,0
20101217,74.424,74.856,74.345,74.856,11257,0
20101220,75.212,75.526,74.856,75.29,7645,0
20101221,76.748,76.748,75.96,76.394,12382,0
20101222,76.275,76.432,75.92,76.354,28316,0
20101223,76.669,76.669,75.447,76.197,5850,0
20101227,75.684,76.432,75.684,76.197,4556,0
20101228,76.629,76.629,76.354,76.394,3311,0
20101229,77.221,77.339,76.591,77.102,9256,0
20101230,77.496,78.048,77.457,77.812,8950,0
20101231,78.797,79.348,78.757,79.191,2958,0
20110103,80.884,81.672,80.57,81.594,10329,0
20110104,81.121,81.278,79.703,80.176,12438,0
20110105,79.072,79.782,78.56,79.348,14904,0
20110106,78.009,78.009,76.472,77.063,71626,0
20110107,75.409,75.447,74.305,74.856,15267,0
20110110,72.69,72.729,72.099,72.611,16005,0
20110111,72.335,72.414,71.705,72.099,42941,0
20110112,73.99,74.227,73.32,73.911,27702,0
20110113,73.714,73.714,72.611,72.65,18713,0
20110114,71.744,71.823,71.311,71.823,63658,0
20110118,70.956,71.035,70.089,70.405,107470,0
20110119,70.445,70.68,69.341,69.42,13388,0
20110120,69.459,70.248,69.38,69.971,15292,0
20110121,70.799,70.838,70.168,70.326,9965,0
20110124,71.784,72.099,70.956,71.587,12649,0
20110125,71.508,71.508,70.365,70.759,25387,0
20110126,70.956,71.508,70.956,71.508,4773,0
20110127,70.051,70.051,69.065,69.577,16325,0
20110128,67.844,67.844,65.638,65.992,26137,0
20110131,65.638,66.662,65.638,66.465,12825,0
20110201,65.401,66.386,65.282,66.189,42819,0
20110202,65.913,65.992,65.401,65.756,52611,0
20110203,66.386,66.977,66.11,66.898,38434,0
20110204,65.992,65.992,64.928,65.559,16074,0
20110207,65.716,66.15,65.362,65.835,29155,0
20110208,64.692,64.692,61.659,63.746,34075,0
20110209,60.437,60.674,59.57,60.043,61385,0
20110210,60.004,60.004,59.137,59.886,38914,0
20110211,61.185,62.879,61.185,62.761,50294,0
20110214,64.928,65.007,64.062,64.534,67716,0
20110215,64.377,65.244,64.298,64.534,37556,0
20110216,65.047,65.638,65.047,65.282,35848,0
20110218,64.85,65.282,64.85,65.125,14466,0
20110222,64.062,64.416,63.037,63.116,49001,0
20110223,63.274,63.392,62.367,62.879,19038,0
20110224,61.579,61.579,60.398,61.068,47169,0
20110225,61.225,61.934,61.146,61.934,30117,0
20110228,61.619,62.053,61.619,62.013,36164,0
20110301,63.983,64.14,62.367,62.367,128478,0
20110302,63.037,63.155,62.801,62.841,15588,0
20110303,64.259,64.653,63.983,64.574,19004,0
20110304,63.825,63.865,62.919,63.668,17746,0
20110307,62.682,62.841,61.659,62.053,49432,0
20110308,63.037,64.101,63.037,64.022,28582,0
20110309,64.062,64.337,63.628,64.337,34058,0
20110310,63.668,63.668,62.801,62.879,35284,0
20110311,62.879,63.155,62.25,63.116,8221,0
20110314,62.801,63.274,62.564,63.274,5473,0
20110315,61.106,62.564,61.068,62.367,21541,0
20110316,62.644,62.841,61.579,61.776,7871,0
20110317,62.447,62.958,62.25,62.367,8616,0
20110318,62.25,62.288,61.737,61.776,8351,0
20110321,62.053,62.288,61.973,62.25,5786,0
20110322,62.564,62.644,62.25,62.367,6506,0
20110323,63.037,63.746,63.037,63.628,3990,0
20110324,64.337,65.047,64.101,64.85,17367,0
20110325,65.401,65.559,65.125,65.165,22235,0
20110328,65.282,65.282,64.928,65.007,11650,0
20110329,65.085,65.835,64.928,65.676,11054,0
20110330,66.347,66.741,66.032,66.662,33476,0
20110331,66.229,66.583,66.229,66.229,15236,0
20110401,68.513,68.593,68.002,68.435,12914,0
20110404,69.814,70.248,69.735,70.248,53305,0
20110405,70.996,71.35,70.602,71.232,24986,0
20110406,72.099,72.296,71.705,72.099,90387,0
20110407,72.611,73.123,72.178,72.572,16951,0
20110408,72.059,72.059,70.523,70.838,37803,0
20110411,70.483,70.483,69.814,69.971,9319,0
20110412,69.695,69.735,69.144,69.42,12375,0
20110413,71.153,71.39,70.72,70.799,9094,0
20110414,70.642,71.271,70.483,71.035,11512,0
20110415,71.035,71.311,70.642,70.642,14907,0
20110418,69.42,69.42,68.632,68.907,31861,0
20110419,69.656,70.089,69.577,70.051,4702,0
20110420,70.996,71.39,70.996,71.39,9038,0
20110421,71.035,71.271,70.759,70.996,5235,0
20110425,70.523,70.917,70.011,70.326,5407,0
20110426,70.799,71.153,70.483,71.074,3963,0
20110427,70.759,70.759,70.051,70.68,10622,0
20110428,69.695,69.854,69.341,69.617,9520,0
20110429,68.947,69.026,68.671,68.947,5212,0
20110502,68.159,68.277,67.568,67.686,10140,0
20110503,66.741,66.741,65.244,65.992,15616,0
20110504,66.189,66.189,64.968,65.282,95907,0
20110505,64.574,65.282,64.259,64.613,19199,0
20110506,65.953,66.662,65.598,65.913,11581,0
20110509,65.441,65.873,65.441,65.676,27100,0
20110510,65.873,66.229,65.835,66.032,7848,0
20110511,66.07,66.15,64.889,65.322,12328,0
20110512,64.574,65.835,64.574,65.519,19162,0
20110513,65.362,65.362,64.534,64.731,5952,0
20110516,64.298,64.928,64.219,64.416,4152,0
20110517,63.628,64.101,63.51,63.943,14217,0
20110518,63.589,64.14,63.352,64.14,19417,0
20110519,63.352,63.589,62.801,62.998,14531,0
20110520,63.116,63.234,62.682,62.841,8591,0
20110523,61.894,61.973,61.462,61.856,13785,0
20110524,61.776,61.973,61.5,61.54,10320,0
20110525,61.068,61.697,61.068,61.422,11088,0
20110526,61.343,61.856,61.068,61.776,6339,0
20110527,62.604,62.919,62.604,62.841,6464,0
20110531,64.653,65.085,64.495,64.968,9878,0
20110601,65.322,65.479,63.943,64.022,27468,0
20110602,64.771,64.771,64.101,64.613,4061,0
20110603,63.825,64.534,63.825,63.943,3358,0
20110606,64.534,64.692,63.943,63.943,7486,0
20110607,65.441,65.716,65.165,65.204,5086,0
20110608,65.244,65.598,64.889,65.085,8029,0
20110609,65.638,65.835,65.401,65.676,6419,0
20110610,64.889,64.928,64.337,64.377,4968,0
20110613,65.047,65.322,64.771,64.889,9180,0
20110614,65.953,66.07,65.638,65.795,5575,0
20110615,64.771,64.968,64.062,64.259,7726,0
20110616,64.259,64.653,63.707,64.18,9125,0
20110617,63.943,63.943,63.352,63.471,1892,0
20110620,60.871,60.871,60.083,60.752,29188,0
20110621,60.28,60.949,60.161,60.595,24644,0
20110622,59.924,60.004,59.413,59.413,12708,0
20110623,59.294,59.57,58.703,59.57,14031,0
20110624,60.909,61.106,60.161,60.28,12922,0
20110627,60.871,61.659,60.871,61.382,9727,0
20110628,61.973,62.525,61.934,62.407,5415,0
20110629,62.879,63.116,62.604,62.958,9037,0
20110630,63.51,64.062,63.471,63.904,4859,0
20110701,63.904,65.007,63.904,64.928,8965,0
20110705,65.165,65.204,64.889,65.085,12675,0
20110706,64.85,65.047,64.574,64.613,6241,0
20110707,65.913,66.504,65.913,66.15,5820,0
20110708,65.085,65.401,64.731,65.401,1873,0
20110711,64.731,64.731,63.668,63.786,10612,0
20110712,63.431,63.904,63.431,63.549,1499,0
20110713,64.298,64.416,63.746,64.022,33879,0
20110714,64.653,64.653,63.707,63.707,2208,0
20110715,64.377,64.731,64.219,64.377,13996,0
20110718,64.653,64.731,63.904,64.534,6147,0
20110719,65.676,65.676,65.007,65.441,8822,0
20110720,65.362,65.362,64.613,64.889,13648,0
20110721,65.047,65.322,64.731,65.282,7327,0
20110722,65.165,65.638,64.85,65.085,11095,0
20110725,65.559,65.873,65.204,65.282,4122,0
20110726,64.85,65.204,64.495,64.731,25869,0
20110727,65.047,65.047,63.707,63.786,6369,0
20110728,64.219,64.456,63.668,63.786,8166,0
20110729,63.431,63.865,63.195,63.707,2524,0
20110801,63.983,63.983,62.644,63.668,12668,0
20110802,62.564,62.564,61.303,61.303,14768,0
20110803,61.816,61.816,60.752,61.579,8770,0
20110804,60.674,60.674,58.585,58.585,20779,0
20110805,58.9,59.413,56.655,57.837,32672,0
20110808,56.458,56.892,53.621,54.015,32775,0
20110809,56.064,56.576,54.527,56.536,49049,0
20110810,56.064,56.655,55.079,55.118,11454,0
20110811,56.418,58.349,56.103,57.482,14568,0
20110812,56.812,57.206,56.339,56.892,4879,0
20110815,57.521,57.797,57.521,57.758,2251,0
20110816,55.04,55.157,54.094,54.566,20776,0
20110817,54.449,54.724,54.212,54.449,6672,0
20110818,52.36,52.36,51.021,51.612,12988,0
20110819,51.1,52.006,51.06,51.06,8058,0
20110822,52.714,52.912,52.045,52.282,11786,0
20110823,52.714,53.818,52.636,53.818,7068,0
20110824,52.794,53.267,52.439,52.991,5431,0
20110825,52.242,52.282,51.178,51.297,29762,0
20110826,50.351,51.139,49.681,50.981,10898,0
20110829,52.873,53.384,52.479,53.267,4705,0
20110830,53.188,53.542,53.07,53.227,4927,0
20110831,53.975,54.252,53.739,54.172,4108,0
20110901,53.858,54.33,53.581,53.621,2699,0
20110902,53.109,53.267,52.794,52.912,3395,0
20110906,53.818,54.646,53.581,54.369,13650,0
20110907,55.354,56.182,55.197,56.182,18140,0
20110908,55.315,55.945,55.079,55.197,8243,0
20110909,54.172,54.369,53.542,53.818,2863,0
20110912,52.517,52.714,52.085,52.714,4855,0
20110913,52.557,52.991,52.242,52.991,4402,0
20110914,52.636,53.345,52.203,52.873,10856,0
20110915,53.345,53.384,52.4,53.03,46972,0
20110916,53.345,53.464,52.676,53.188,15168,0
20110919,52.32,52.32,51.729,52.203,8378,0
20110920,52.794,53.109,52.32,52.439,13896,0
20110921,53.07,53.148,52.123,52.123,3029,0
20110922,49.288,49.445,48.263,48.381,6608,0
20110923,48.538,49.642,48.538,49.405,10596,0
20110926,48.381,48.854,47.829,48.735,10409,0
20110927,50.272,50.587,49.957,50.154,7750,0
20110928,49.445,49.484,48.5,48.697,22831,0
20110929,49.366,49.524,48.381,48.775,15715,0
20110930,48.657,48.657,46.765,46.765,8943,0
20111003,47.239,47.553,46.096,46.214,33566,0
20111004,45.899,46.568,45.426,46.53,13055,0
20111005,46.568,47.121,45.741,46.962,3047,0
20111006,47.121,48.066,46.924,47.947,16309,0
20111007,47.79,47.829,46.924,47.436,5291,0
20111010,48.341,48.854,48.341,48.775,10701,0
20111011,48.578,48.932,47.829,48.932,7225,0
20111012,49.642,50.39,49.642,50.036,12638,0
20111013,49.326,49.721,49.091,49.524,2600,0
20111014,49.918,50.233,49.799,50.233,13519,0
20111017,49.957,49.957,49.248,49.248,4344,0
20111018,48.46,49.918,48.46,49.799,28455,0
20111019,49.76,49.918,49.129,49.129,5944,0
20111020,48.538,48.538,47.909,48.341,3360,0
20111021,48.5,49.051,48.184,48.775,14157,0
20111024,48.223,49.248,48.223,49.248,20697,0
20111025,48.932,48.932,48.026,48.263,21764,0
20111026,49.051,49.878,48.5,49.091,25878,0
20111027,50.666,53.07,50.666,52.676,33441,0
20111028,51.572,52.242,51.257,52.203,26214,0
20111031,51.612,51.809,51.454,51.454,2201,0
20111101,50.666,50.706,49.839,50.075,10304,0
20111102,50.627,51.178,50.627,50.903,1282,0
20111103,51.257,51.691,50.745,51.494,5009,0
20111104,51.218,51.336,50.469,50.784,5609,0
20111107,50.745,51.572,50.745,51.572,2364,0
20111108,51.297,51.809,51.021,51.809,8934,0
20111109,49.366,49.642,48.144,48.144,12796,0
20111110,49.091,49.091,48.066,48.184,3071,0
20111111,48.775,49.248,48.697,48.894,3238,0
20111114,47.042,47.475,46.333,46.568,11680,0
20111115,45.544,45.78,45.387,45.741,12576,0
20111116,44.678,44.914,44.126,44.126,12204,0
20111117,43.771,43.771,42.668,42.668,14940,0
20111118,42.314,42.589,42.038,42.038,10168,0
20111121,41.013,41.013,40.068,40.344,5916,0
20111122,40.619,40.974,40.383,40.58,7899,0
20111123,40.068,40.068,39.556,39.714,7734,0
20111125,40.422,40.974,40.422,40.777,14803,0
20111128,42.195,42.511,41.88,42.274,13644,0
20111129,41.92,41.959,41.526,41.684,2382,0
20111130,41.723,42.826,41.723,42.786,7792,0
20111201,42.156,42.392,41.998,42.156,854,0
20111202,43.023,43.496,42.748,42.786,9413,0
20111205,43.22,43.456,42.905,43.062,7832,0
20111206,42.708,42.905,42.392,42.392,17369,0
20111207,42.432,42.826,42.156,42.708,14382,0
20111208,41.526,41.526,40.619,40.738,5106,0
20111209,40.777,41.487,40.777,41.447,4936,0
20111212,39.398,39.674,38.807,39.32,8444,0
20111213,39.004,39.398,38.453,38.532,3440,0
20111214,37.941,37.941,37.31,37.428,7285,0
20111215,37.547,38.059,37.507,37.665,41988,0
20111216,37.31,37.31,36.837,37.271,7355,0
20111219,36.483,36.837,35.852,36.128,17157,0
20111220,35.892,36.68,35.616,36.562,23332,0
20111221,35.931,36.404,35.892,36.128,13705,0
20111222,36.562,36.759,36.522,36.601,10408,0
20111223,36.168,36.483,36.128,36.404,9008,0
20111227,35.892,36.246,35.892,36.128,7078,0
20111228,35.616,35.616,34.828,35.064,13937,0
20111229,34.867,35.261,34.788,35.064,36705,0
20111230,34.71,34.985,34.356,34.394,23266,0
20120103,35.774,36.64,35.774,36.601,31104,0
20120104,36.01,36.562,35.971,36.404,7907,0
20120105,36.168,36.325,35.931,36.168,4707,0
20120106,36.404,36.404,36.168,36.246,5299,0
20120109,37.35,37.783,37.113,37.783,8879,0
20120110,39.162,39.95,39.162,39.95,13526,0
20120111,40.305,40.619,40.108,40.619,6356,0
20120112,40.383,40.856,40.383,40.856,2149,0
20120113,41.053,41.21,40.935,40.935,1670,0
20120117,42.629,42.786,42.117,42.432,9686,0
20120118,42.235,42.826,41.526,42.826,27700,0
20120119,43.536,43.732,43.496,43.653,11097,0
20120120,43.536,43.732,43.142,43.693,13690,0
20120123,43.417,44.165,43.417,44.126,4003,0
20120124,44.323,44.756,43.929,44.756,6312,0
20120125,45.19,46.096,44.835,46.057,7470,0
20120126,45.82,46.53,45.387,46.096,15574,0
20120127,46.174,46.293,46.017,46.174,19534,0
20120130,44.559,44.953,44.481,44.914,19465,0
20120131,46.057,46.293,45.741,46.136,8121,0
20120201,47.947,48.381,47.356,48.144,30696,0
20120202,48.184,48.735,48.144,48.578,21264,0
20120203,49.248,50.193,49.248,49.996,21623,0
20120206,49.878,50.154,49.524,50.036,13127,0
20120207,49.405,49.405,48.657,49.169,33804,0
20120208,50.312,50.43,49.996,50.154,16459,0
20120209,50.863,51.06,50.706,50.745,22950,0
20120210,50.39,50.39,49.839,50.036,12322,0
20120213,50.981,50.981,50.509,50.706,16001,0
20120214,51.06,51.415,50.863,51.218,13284,0
20120215,52.045,52.517,52.045,52.242,11444,0
20120216,53.07,53.7,52.754,53.384,40699,0
20120217,53.818,54.133,53.503,54.055,27966,0
20120221,55.433,55.433,54.763,55.354,60208,0
20120222,52.517,52.597,51.729,52.439,36647,0
20120223,51.966,52.085,51.336,52.045,18772,0
20120224,50.903,51.494,50.903,51.257,16718,0
20120227,48.814,48.972,48.303,48.932,27978,0
20120228,51.139,51.178,50.706,51.1,11971,0
20120229,52.123,52.123,51.297,51.454,16408,0
20120301,51.178,51.729,51.178,51.532,7520,0
20120302,50.43,51.021,50.233,51.021,23022,0
20120305,49.957,50.115,49.563,50.036,54317,0
20120306,48.106,48.106,47.356,47.593,50566,0
20120307,48.066,48.5,48.026,48.263,18215,0
20120308,49.248,49.642,49.051,49.642,19949,0
20120309,50.784,51.178,50.745,50.824,18835,0
20120312,51.178,51.178,50.43,50.666,18567,0
20120313,51.691,52.32,51.297,52.32,16691,0
20120314,52.045,52.045,51.06,51.178,24024,0
20120315,50.39,50.469,49.445,50.469,7544,0
20120316,49.484,49.602,48.932,49.366,17809,0
20120319,48.538,48.657,48.341,48.538,5537,0
20120320,48.263,48.46,48.106,48.341,8636,0
20120321,49.721,49.721,49.169,49.445,3665,0
20120322,47.515,47.712,47.121,47.239,30674,0
20120323,47.632,47.869,47.475,47.79,4752,0
20120326,46.765,46.962,46.49,46.884,9939,0
20120327,46.884,47.002,46.805,46.805,6006,0
20120328,46.293,46.293,45.663,45.82,11285,0
20120329,45.584,46.096,45.347,46.096,15892,0
20120330,47.553,47.829,47.278,47.79,22304,0
20120402,48.42,49.169,48.263,49.011,9314,0
20120403,49.248,49.288,48.814,48.854,4342,0
20120404,48.578,48.657,48.106,48.538,5199,0
20120405,48.42,48.697,48.381,48.538,1201,0
20120409,47.515,47.672,47.239,47.553,5421,0
20120410,47.593,47.593,46.568,46.687,6662,0
20120411,47.159,47.396,46.962,47.121,3961,0
20120412,47.947,48.46,47.947,48.46,3590,0
20120413,47.829,47.829,46.805,47.002,10269,0
20120416,47.712,47.987,47.356,47.515,3082,0
20120417,48.46,48.972,48.46,48.894,1449,0
20120418,48.184,48.223,47.947,48.144,12893,0
20120419,47.869,47.909,47.278,47.396,7023,0
20120420,47.239,47.672,47.159,47.159,3617,0
20120423,45.623,45.623,45.111,45.308,20627,0
20120424,44.875,45.269,44.875,45.269,10223,0
20120425,45.072,45.111,44.875,44.993,10431,0
20120426,44.481,45.032,44.481,45.032,10192,0
20120427,44.599,44.756,44.402,44.717,6239,0
20120430,44.835,45.19,44.835,44.993,9415,0
20120501,45.072,45.86,45.072,45.387,14150,0
20120502,44.599,44.599,44.441,44.481,1086,0
20120503,43.653,43.653,43.102,43.299,5613,0
20120504,42.117,42.117,41.684,41.684,9303,0
20120507,42.945,43.142,42.945,43.023,7541,0
20120508,41.762,41.762,41.053,41.25,15719,0
20120509,40.186,40.422,39.95,40.265,5966,0
20120510,40.699,40.816,40.502,40.619,3906,0
20120511,39.753,40.068,39.753,39.792,5951,0
20120514,38.492,38.964,38.176,38.453,12703,0
20120515,38.807,39.004,38.492,38.492,10502,0
20120516,38.295,38.413,37.901,37.901,12117,0
20120517,37.941,38.059,37.704,37.704,6382,0
20120518,38.059,38.216,37.665,37.783,8106,0
20120521,37.901,38.807,37.901,38.807,12284,0
20120522,37.783,38.098,37.547,37.547,7593,0
20120523,36.837,37.153,36.483,37.113,13351,0
20120524,37.625,37.822,37.35,37.468,9383,0
20120525,37.783,37.941,37.665,37.783,2223,0
20120529,38.453,38.689,38.176,38.492,9849,0
20120530,37.389,37.389,36.877,37.113,15947,0
20120531,37.153,37.31,36.719,37.31,11046,0
20120601,36.562,36.798,36.443,36.562,11770,0
20120604,36.995,37.074,36.719,36.877,4131,0
20120605,36.719,36.995,36.719,36.877,7646,0
20120606,37.941,38.453,37.704,38.295,20034,0
20120607,39.162,39.359,38.689,38.689,23107,0
20120608,38.335,38.492,38.256,38.453,29488,0
20120611,38.176,38.176,37.271,37.271,6006,0
20120612,38.176,38.492,38.098,38.335,35111,0
20120613,38.216,38.453,38.059,38.176,10156,0
20120614,37.704,37.744,37.428,37.665,17772,0
20120615,38.098,38.335,38.019,38.216,10259,0
20120618,37.586,37.625,37.31,37.468,33315,0
20120619,37.625,37.979,37.625,37.822,23181,0
20120620,37.979,38.019,37.744,37.783,5895,0
20120621,38.453,38.453,37.468,37.468,9812,0
20120622,37.862,38.019,37.744,37.979,6291,0
20120625,38.059,38.059,37.35,37.744,27379,0
20120626,37.941,38.176,37.783,37.941,7040,0
20120627,38.216,38.373,38.138,38.373,1570,0
20120628,38.373,38.373,37.862,38.176,2420,0
20120629,40.068,40.659,40.028,40.58,12222,0
20120702,40.935,41.013,40.619,40.777,4881,0
20120703,41.526,42.038,41.407,41.92,11501,0
20120705,41.92,42.038,41.684,41.723,5373,0
20120706,41.329,41.329,40.619,40.659,18303,0
20120709,40.028,40.383,40.028,40.383,6395,0
20120710,41.447,41.447,40.619,40.816,5133,0
20120711,41.053,41.25,40.856,40.856,976,0
20120712,39.989,40.422,39.989,40.422,700,0
20120713,40.816,40.935,40.738,40.816,4162,0
20120716,40.265,40.422,40.147,40.344,3630,0
20120717,39.674,39.989,39.517,39.792,13849,0
20120718,39.911,40.147,39.871,40.108,1460,0
20120719,40.186,40.186,40.028,40.028,1071,0
20120720,39.635,39.674,39.32,39.438,17839,0
20120723,38.098,38.295,37.783,38.138,2617,0
20120724,38.216,38.216,37.704,37.901,1863,0
20120725,37.783,37.822,37.547,37.822,2179,0
20120726,37.468,37.507,37.034,37.389,17662,0
20120727,36.522,37.428,36.522,37.231,19230,0
20120730,37.468,37.941,37.468,37.665,3964,0
20120731,37.428,37.507,37.389,37.428,514,0
20120801,38.176,38.176,37.822,38.138,5713,0
20120802,37.586,37.744,37.428,37.586,3984,0
20120803,38.138,38.65,38.138,38.492,6327,0
20120806,38.689,38.886,38.65,38.807,1827,0
20120807,39.201,39.517,39.201,39.359,5794,0
20120808,38.847,39.044,38.61,38.886,5538,0
20120809,38.57,38.57,38.256,38.295,2995,0
20120810,38.453,38.492,38.335,38.373,1728,0
20120813,38.65,38.847,38.413,38.65,4789,0
20120814,38.65,38.65,38.176,38.176,1356,0
20120815,38.216,38.413,38.216,38.413,2744,0
20120816,38.216,38.65,38.216,38.532,4984,0
20120817,38.295,38.295,38.098,38.138,1741,0
20120820,37.586,38.335,37.586,38.335,2389,0
20120821,38.492,38.689,38.335,38.492,3122,0
20120822,38.216,38.216,37.979,38.176,2086,0
20120823,37.941,38.098,37.822,37.862,1394,0
20120824,37.665,37.665,37.231,37.389,13288,0
20120827,36.759,36.759,36.443,36.443,2037,0
20120828,36.128,36.168,35.931,35.931,4922,0
20120829,35.774,35.774,35.498,35.538,1552,0
20120830,35.458,35.695,35.261,35.655,13199,0
20120831,35.576,35.813,35.458,35.735,2928,0
20120904,35.931,36.207,35.931,35.971,4910,0
20120905,35.892,36.01,35.813,36.01,2426,0
20120906,36.01,36.64,36.01,36.601,7678,0
20120907,36.837,37.113,36.837,37.113,8003,0
20120910,36.995,37.192,36.995,37.034,4644,0
20120911,37.35,37.783,37.153,37.665,15973,0
20120912,37.822,37.822,37.744,37.822,5136,0
20120913,37.586,38.453,37.389,38.335,16920,0
20120914,39.162,39.714,39.162,39.398,13624,0
20120917,39.871,40.186,39.398,40.028,25458,0
20120918,40.305,40.896,39.989,40.344,14672,0
20120919,40.108,40.422,40.108,40.422,870,0
20120920,39.989,40.225,39.714,40.225,4305,0
20120921,41.171,41.368,41.171,41.21,1902,0
20120924,41.329,41.841,41.25,41.604,19161,0
20120925,41.762,42.077,41.407,41.487,14379,0
20120926,41.487,41.762,41.171,41.368,27337,0
20120927,42.156,42.471,42.117,42.392,9597,0
20120928,42.432,42.945,42.392,42.945,68425,0
20121001,43.496,44.087,42.905,43.693,53264,0
20121002,43.693,43.929,43.574,43.85,14838,0
20121003,44.323,44.323,44.008,44.008,5895,0
20121004,44.52,45.269,44.52,45.032,18654,0
20121005,44.953,44.953,44.362,44.441,8953,0
20121008,43.732,43.929,43.339,43.85,2468,0
20121009,43.732,43.811,43.259,43.339,2685,0
20121010,42.589,42.708,41.959,42.038,9673,0
20121011,42.945,43.259,42.945,43.142,4167,0
20121012,43.142,43.142,42.629,42.668,1543,0
20121015,42.748,43.102,42.589,43.023,3581,0
20121016,42.668,42.748,42.432,42.629,8498,0
20121017,42.589,42.865,42.589,42.786,3350,0
20121018,42.708,42.786,42.432,42.708,4001,0
20121019,41.92,41.959,41.407,41.723,12628,0
20121022,42.392,42.786,42.156,42.786,263303,0
20121023,42.195,42.353,41.762,41.762,130286,0
20121024,42.353,42.511,41.998,42.156,71988,0
20121025,42.589,42.629,42.156,42.432,54290,0
20121026,41.92,42.038,41.604,41.762,55042,0
20121031,41.447,42.156,40.896,40.974,113847,0
20121101,41.684,42.156,41.604,42.077,38635,0
20121102,42.511,42.511,41.841,41.959,155888,0
20121105,41.604,41.841,41.29,41.684,53033,0
20121106,42.235,42.235,41.684,41.998,34538,0
20121107,42.077,42.156,41.487,41.841,39302,0
20121108,42.353,42.471,41.565,41.684,51044,0
20121109,41.29,41.447,41.053,41.171,34215,0
20121112,41.801,41.841,41.447,41.526,23849,0
20121113,41.565,41.762,41.368,41.407,23859,0
20121114,41.841,41.841,41.053,41.093,24093,0
20121115,41.407,41.684,41.407,41.487,47147,0
20121116,41.171,41.329,40.659,41.132,24189,0
20121119,41.329,41.487,41.093,41.368,117125,0
20121120,40.777,40.974,40.265,40.619,49143,0
20121121,41.093,41.093,40.659,40.974,16612,0
20121123,40.896,41.132,40.619,40.935,23751,0
20121126,41.407,41.526,41.053,41.487,30691,0
20121127,42.314,42.314,41.762,41.959,38627,0
20121128,41.88,41.959,41.407,41.92,24279,0
20121129,43.22,43.574,43.023,43.536,68349,0
20121130,44.362,44.52,43.85,44.205,85602,0
20121203,44.796,44.835,44.165,44.244,38454,0
20121204,44.244,44.362,44.087,44.087,18035,0
20121205,44.638,44.835,44.559,44.678,27656,0
20121206,45.269,45.269,44.993,45.229,70838,0
20121207,45.308,45.347,44.993,45.15,37749,0
20121210,45.466,45.466,45.15,45.387,38595,0
20121211,44.914,44.993,44.52,44.875,54019,0
20121212,45.032,45.032,44.559,44.835,61764,0
20121213,43.929,43.929,43.417,43.496,72475,0
20121214,43.771,43.89,43.536,43.732,41804,0
20121217,43.929,44.165,43.771,44.165,34168,0
20121218,44.323,44.441,44.126,44.441,24832,0
20121219,44.559,44.756,44.441,44.481,37243,0
20121220,44.244,44.638,44.126,44.638,28235,0
20121221,43.062,43.18,42.826,43.18,58316,0
20121224,43.824,43.824,43.233,43.312,43487,0
20121226,43.627,44.06,43.627,43.706,35458,0
20121227,43.39,43.39,42.878,43.233,37362,0
20121228,43.272,43.627,43.233,43.43,41512,0
20121231,43.785,43.863,43.43,43.824,46732,0
20130102,44.77,45.518,44.77,45.48,41295,0
20130103,45.361,45.755,45.361,45.518,152092,0
20130104,45.715,45.794,45.48,45.794,25864,0
20130107,45.597,45.597,45.321,45.518,33657,0
20130108,45.637,45.637,45.243,45.321,33567,0
20130109,45.518,45.715,45.518,45.518,32540,0
20130110,45.558,45.715,45.282,45.677,40627,0
20130111,45.006,45.006,44.573,44.612,39991,0
20130114,45.755,45.755,45.361,45.637,53413,0
20130115,45.913,45.913,45.4,45.518,55515,0
20130116,44.927,45.006,44.612,44.612,62083,0
20130117,45.203,45.518,45.203,45.48,37142,0
20130118,45.715,45.794,45.44,45.48,55833,0
20130122,45.321,45.361,45.085,45.243,60627,0
20130123,44.454,44.533,44.021,44.336,84826,0
20130124,42.484,42.484,41.972,42.169,131165,0
20130125,42.759,43.351,42.602,42.918,40475,0
20130128,43.115,43.312,42.956,42.956,21697,0
20130129,42.996,43.193,42.759,43.115,29939,0
20130130,43.193,43.351,42.918,42.996,36861,0
20130131,43.272,43.548,43.193,43.469,34936,0
20130201,43.785,44.1,43.548,44.1,28827,0
20130204,43.115,43.193,42.562,42.799,103624,0
20130205,43.154,43.272,42.878,42.956,95681,0
20130206,42.996,43.075,42.878,43.075,38669,0
20130207,42.642,42.642,41.775,42.129,44909,0
20130208,41.775,41.932,41.498,41.854,30058,0
20130211,41.735,41.735,41.381,41.735,37507,0
20130212,41.381,41.617,41.301,41.538,43143,0
20130213,41.065,41.144,40.631,40.79,47113,0
20130214,40.159,40.159,39.567,39.804,73869,0
20130215,39.646,39.923,39.489,39.489,36752,0
20130219,40.514,41.065,40.514,40.947,108788,0
20130220,40.868,41.104,40.396,40.514,45810,0
20130221,39.843,39.923,39.37,39.607,79851,0
20130222,39.726,39.962,39.607,39.883,20730,0
20130225,39.765,40.001,38.819,38.858,43191,0
20130226,38.425,38.425,38.031,38.306,45511,0
20130227,38.74,39.213,38.74,39.134,20146,0
20130228,37.203,37.203,36.612,36.927,95667,0
20130301,36.336,36.73,36.257,36.415,57524,0
20130304,35.863,35.863,35.272,35.587,71330,0
20130305,36.257,36.77,36.218,36.651,171718,0
20130306,37.637,37.637,37.164,37.479,57025,0
20130307,37.676,38.188,37.676,37.912,195646,0
20130308,38.07,38.819,38.07,38.74,65449,0
20130311,38.779,39.016,38.346,38.779,66194,0
20130312,38.425,38.701,38.268,38.268,56733,0
20130313,37.912,37.912,37.439,37.518,112966,0
20130314,37.834,38.031,37.676,37.991,45697,0
20130315,37.558,37.558,36.888,37.045,92827,0
20130318,36.651,36.927,36.494,36.651,54430,0
20130319,36.1,36.1,35.272,35.587,96311,0
20130320,34.523,35.075,34.523,34.839,141172,0
20130321,34.089,34.523,34.05,34.129,122759,0
20130322,33.932,34.089,33.656,33.695,114234,0
20130325,33.735,33.853,33.301,33.498,77729,0
20130326,33.459,33.656,33.341,33.419,47051,0
20130327,33.381,33.735,33.381,33.695,25565,0
20130328,34.089,34.642,33.972,34.602,43068,0
20130401,35.193,35.469,34.839,34.996,61942,0
20130402,35.824,35.903,35.587,35.784,61826,0
20130403,35.233,35.509,34.72,34.839,78435,0
20130404,34.483,34.602,34.169,34.483,160885,0
20130405,34.286,34.602,34.089,34.445,93620,0
20130408,34.366,34.68,34.326,34.68,25522,0
20130409,34.208,34.956,34.208,34.76,26688,0
20130410,34.917,35.312,34.878,35.272,62293,0
20130411,34.563,35.193,34.563,34.996,83678,0
20130412,34.76,34.878,34.483,34.602,30984,0
20130415,35.469,35.469,34.011,34.089,75108,0
20130416,35.509,35.627,35.114,35.35,37319,0
20130417,35.509,35.547,34.996,35.153,47472,0
20130418,35.547,35.587,35.193,35.312,46651,0
20130419,35.666,36.1,35.627,36.021,44632,0
20130422,36.375,36.375,36.1,36.257,24849,0
20130423,36.257,36.612,36.257,36.612,61255,0
20130424,36.612,36.927,36.612,36.73,35802,0
20130425,36.691,36.848,36.533,36.651,38145,0
20130426,35.942,36.415,35.863,36.218,86044,0
20130429,36.888,37.006,36.494,36.967,158354,0
20130430,37.045,37.439,36.888,37.439,48453,0
20130501,37.361,37.439,36.967,37.085,29163,0
20130502,37.282,37.439,37.203,37.4,16967,0
20130503,37.479,37.912,37.361,37.715,299804,0
20130506,37.558,38.385,37.558,38.228,102631,0
20130507,38.306,38.425,38.07,38.268,158201,0
20130508,38.346,38.819,38.346,38.74,73249,0
20130509,38.268,38.268,37.873,38.149,78705,0
20130510,37.755,37.912,37.479,37.637,41536,0
20130513,37.203,37.361,36.73,36.808,130632,0
20130514,36.73,37.006,36.612,36.808,66213,0
20130515,37.439,37.637,37.321,37.558,78384,0
20130516,37.715,37.755,37.439,37.479,48004,0
20130517,37.637,37.755,37.558,37.676,38218,0
20130520,37.4,37.479,37.164,37.242,58202,0
20130521,36.691,36.77,36.573,36.73,26622,0
20130522,36.257,36.454,35.39,35.627,131269,0
20130523,34.76,34.76,34.208,34.445,100556,0
20130524,34.602,34.72,34.483,34.602,54314,0
20130528,35.272,35.627,35.272,35.35,64552,0
20130529,34.956,34.996,34.68,34.956,26123,0
20130530,34.72,34.996,34.642,34.878,34443,0
20130531,34.089,34.089,33.616,33.616,82066,0
20130603,33.892,34.089,33.814,34.089,31615,0
20130604,34.089,34.405,34.011,34.089,55471,0
20130605,34.208,34.248,33.695,33.695,32525,0
20130606,33.972,34.248,33.892,34.208,42781,0
20130607,33.735,33.972,33.578,33.656,103489,0
20130610,32.75,32.828,32.04,32.08,193496,0
20130611,31.449,31.449,30.74,30.819,150501,0
20130612,31.134,31.449,30.622,30.7,72135,0
20130613,30.779,31.056,30.306,31.056,51793,0
20130614,31.291,31.41,30.937,31.094,40915,0
20130617,31.291,31.567,31.056,31.213,72822,0
20130618,30.819,31.134,30.819,30.976,66298,0
20130619,30.976,31.056,30.109,30.149,44844,0
20130620,29.282,29.399,28.335,28.454,195733,0
20130621,28.651,28.769,28.1,28.691,65433,0
20130624,27.468,27.744,26.799,27.508,150633,0
20130625,27.39,27.705,27.154,27.547,152638,0
20130626,27.114,27.193,26.917,27.193,76399,0
20130627,27.233,27.863,27.193,27.824,137996,0
20130628,28.218,28.335,27.863,27.863,47467,0
20130701,28.789,29.252,28.769,29.006,46165,0
20130702,28.799,29.045,28.395,28.532,58193,0
20130703,27.666,28.188,27.666,28.129,59451,0
20130705,28.119,28.119,27.508,27.873,65211,0
20130708,27.941,28.158,27.902,28.021,38537,0
20130709,28.415,28.592,28.395,28.415,104913,0
20130710,28.454,28.542,28.257,28.385,91436,0
20130711,28.651,29.173,28.651,29.173,43998,0
20130712,28.809,28.809,28.641,28.779,92853,0
20130715,28.917,29.272,28.917,29.075,33313,0
20130716,28.888,29.124,28.612,29.075,58264,0
20130717,28.779,28.799,28.631,28.711,67715,0
20130718,28.759,28.956,28.711,28.72,16087,0
20130719,28.701,28.749,28.542,28.582,12709,0
20130722,28.316,28.671,28.316,28.631,22328,0
20130723,28.572,28.809,28.514,28.542,62245,0
20130724,28.434,28.494,28.138,28.257,60896,0
20130725,28.129,28.277,27.961,28.1,81619,0
20130726,27.853,28.138,27.715,28.138,93138,0
20130729,27.44,27.508,27.301,27.301,60376,0
20130730,26.129,26.197,25.942,26.04,109712,0
20130731,25.962,25.962,25.479,25.686,57673,0
20130801,25.37,25.577,25.282,25.518,56961,0
20130802,24.966,25.173,24.917,24.946,75718,0
20130805,25.075,25.133,24.976,25.045,40804,0
20130806,24.641,24.641,24.286,24.395,164153,0
20130807,24.562,24.769,24.425,24.621,13764,0
20130808,25.173,25.596,25.105,25.38,50442,0
20130809,25.37,25.489,25.35,25.4,24523,0
20130812,25.636,25.813,25.498,25.577,68389,0
20130813,25.793,26.207,25.793,26.06,25183,0
20130814,26.119,26.179,25.873,25.932,84823,0
20130815,25.853,25.873,25.616,25.755,81144,0
20130816,24.946,25.025,24.651,24.701,180420,0
20130819,24.04,24.148,23.744,23.834,205306,0
20130820,24.109,24.296,23.882,24.237,240950,0
20130821,23.567,23.587,23.351,23.351,233596,0
20130822,23.607,23.794,23.567,23.715,137739,0
20130823,24.158,24.286,23.922,23.991,400352,0
20130826,24.148,24.286,23.951,23.991,186691,0
20130827,22.779,22.858,22.139,22.7,181138,0
20130828,21.961,22.867,21.922,22.464,375799,0
20130829,22.907,22.986,22.563,22.563,232664,0
20130830,22.996,23.064,22.563,22.808,148952,0
20130903,22.661,22.808,22.376,22.424,215356,0
20130904,23.045,23.38,22.779,23.351,164142,0
20130905,23.607,24.001,23.508,23.991,155352,0
20130906,24.237,24.395,23.961,24.257,131407,0
20130909,24.572,25.045,24.355,24.996,142858,0
20130910,25.025,25.163,24.749,24.838,219220,0
20130911,25.203,25.35,25.124,25.302,108005,0
20130912,25.163,25.193,24.898,24.908,42217,0
20130913,25.133,25.656,25.114,25.538,134431,0
20130916,25.439,25.508,25.095,25.272,97843,0
20130917,25.203,25.203,25.015,25.173,45244,0
20130918,24.908,26.286,24.729,26.286,110095,0
20130919,26.247,26.247,25.735,25.853,92762,0
20130920,25.302,25.419,24.759,24.799,163651,0
20130923,24.631,25.045,24.631,24.996,131960,0
20130924,25.015,25.075,24.572,24.956,117710,0
20130925,25.055,25.065,24.799,24.936,28290,0
20130926,25.35,25.4,25.085,25.38,103364,0
20130927,24.917,24.917,24.562,24.71,82371,0
20130930,24.395,24.779,24.385,24.769,47742,0
20131001,24.936,25.143,24.936,25.075,18625,0
20131002,25.075,25.311,24.996,25.311,19253,0
20131003,25.616,25.626,25.183,25.449,15153,0
20131004,25.596,25.962,25.596,25.962,74881,0
20131007,25.942,26.139,25.932,25.981,41390,0
20131008,25.813,25.813,25.38,25.38,44664,0
20131009,25.823,26.05,25.765,25.981,18600,0
20131010,26.533,27.084,26.533,27.006,109647,0
20131011,26.848,27.045,26.582,26.947,204116,0
20131014,26.897,27.43,26.789,27.341,123228,0
20131015,26.483,26.543,26.217,26.395,108471,0
20131016,26.414,26.651,26.395,26.651,27699,0
20131017,26.602,26.927,26.592,26.927,55721,0
20131018,27.144,27.144,26.877,26.937,43447,0
20131021,26.927,27.37,26.927,27.35,76996,0
20131022,27.824,28.178,27.646,27.883,229578,0
20131023,27.42,27.44,27.036,27.183,58297,0
20131024,27.163,27.291,27.094,27.144,77020,0
20131025,27.193,27.193,26.996,27.144,85258,0
20131028,26.917,26.947,26.661,26.819,27777,0
20131029,26.877,27.213,26.877,27.163,63363,0
20131030,27.243,27.271,26.986,27.016,33157,0
20131031,27.271,27.36,27.006,27.006,30805,0
20131101,27.567,27.764,27.39,27.498,147376,0
20131104,27.764,28.04,27.764,28.031,104238,0
20131105,28.228,28.375,27.971,27.981,85683,0
20131106,27.912,28.1,27.715,27.981,74823,0
20131107,27.646,27.824,26.907,26.907,158363,0
20131108,26.976,27.055,26.71,26.996,58143,0
20131111,26.848,26.947,26.68,26.848,51142,0
20131112,26.464,26.464,25.962,26.217,74888,0
20131113,26.553,26.631,26.366,26.602,62869,0
20131114,26.76,27.203,26.75,27.154,36625,0
20131115,27.36,27.37,27.203,27.261,48640,0
20131118,27.804,28.001,27.695,27.705,128687,0
20131119,27.902,27.902,27.685,27.735,57624,0
20131120,27.725,27.834,27.261,27.341,58430,0
20131121,27.036,27.094,26.927,27.045,45592,0
20131122,26.957,27.488,26.957,27.459,61454,0
20131125,27.735,27.735,27.291,27.331,64617,0
20131126,27.41,27.44,27.094,27.43,70413,0
20131127,27.488,27.587,27.43,27.557,26291,0
20131129,28.001,28.375,28.001,28.277,115582,0
20131202,28.612,28.651,28.05,28.168,173093,0
20131203,28.316,28.444,28.138,28.228,104779,0
20131204,28.415,29.025,28.405,28.878,47996,0
20131205,28.739,28.966,28.739,28.779,56685,0
20131206,29.222,29.785,29.006,29.695,119099,0
20131209,29.794,29.823,29.606,29.616,45582,0
20131210,29.489,29.489,29.301,29.469,68076,0
20131211,29.183,29.183,28.701,28.848,59478,0
20131212,28.464,28.464,28.09,28.375,65723,0
20131213,28.09,28.09,27.804,28.001,46971,0
20131216,28.267,28.691,28.267,28.552,65318,0
20131217,28.405,28.464,28.129,28.345,61049,0
20131218,28.592,29.38,28.316,28.956,48605,0
20131219,28.572,28.582,28.316,28.504,33876,0
20131220,29.222,29.646,29.154,29.479,39865,0
20131223,30.101,30.309,29.992,30.141,55696,0
20131224,30.319,30.656,30.319,30.616,21505,0
20131226,30.755,30.784,30.537,30.646,30206,0
20131227,30.705,30.834,30.567,30.834,68651,0
20131230,30.873,31.18,30.873,31.052,44252,0
20131231,31.012,31.398,30.883,31.378,56901,0
20140102,30.774,30.774,29.963,30.131,66056,0
20140103,30.873,30.972,30.735,30.962,25401,0
20140106,31.269,31.269,31.022,31.101,38743,0
20140107,31.319,31.348,31.151,31.16,37415,0
20140108,31.329,31.339,31.2,31.299,23125,0
20140109,31.101,31.101,30.844,30.992,103501,0
20140110,31.111,31.616,31.111,31.527,77185,0
20140113,31.388,31.487,31.002,31.141,54201,0
20140114,31.18,31.398,31.081,31.388,27624,0
20140115,31.418,31.438,31.25,31.309,37822,0
20140116,31.101,31.101,30.863,31.002,62061,0
20140117,30.101,30.448,30.091,30.18,50909,0
20140121,30.873,30.883,30.586,30.715,257729,0
20140122,31.091,31.279,30.824,31.16,274003,0
20140123,31.121,31.121,30.289,30.567,109409,0
20140124,29.893,30.062,29.052,29.329,292591,0
20140127,28.725,28.725,27.973,28.181,126516,0
20140128,28.686,28.894,28.597,28.735,60681,0
20140129,28.349,28.448,28.023,28.033,56225,0
20140130,28.3,28.508,28.122,28.369,55265,0
20140131,28.795,29.022,28.666,28.864,104241,0
20140203,28.844,28.844,28.211,28.211,130547,0
20140204,28.933,29.339,28.933,29.111,52534,0
20140205,29.151,29.27,28.943,29.092,41123,0
20140206,29.28,29.695,29.28,29.676,75376,0
20140207,29.735,30.2,29.705,29.973,82094,0
20140210,30.062,30.359,29.468,29.646,114828,0
20140211,29.557,30.299,29.557,30.21,70077,0
20140212,30.23,30.477,30.042,30.072,113702,0
20140213,29.072,29.834,29.072,29.745,41309,0
20140214,29.755,30.062,29.636,29.923,48536,0
20140218,29.992,30.081,29.804,29.884,49767,0
20140219,30.062,30.299,29.923,29.923,32332,0
20140220,30.24,30.596,30.151,30.596,30555,0
20140221,30.666,30.863,30.636,30.745,51668,0
20140224,30.764,31.032,30.745,30.903,106859,0
20140225,31.022,31.022,30.537,30.557,43898,0
20140226,30.883,31.23,30.735,30.814,47765,0
20140227,31.151,31.279,30.883,31.25,84671,0
20140228,31.329,31.388,30.824,30.923,43418,0
20140303,30.725,30.794,30.369,30.448,41081,0
20140304,31.24,31.655,31.2,31.309,121390,0
20140305,31.497,31.794,31.487,31.784,79945,0
20140306,32.259,32.853,32.249,32.734,143695,0
20140307,32.348,32.576,31.804,32.012,132549,0
20140310,32.447,32.536,32.21,32.358,118016,0
20140311,32.467,32.635,32.19,32.319,33804,0
20140312,32.101,32.526,32.081,32.517,81209,0
20140313,31.923,32.16,31.428,31.566,59323,0
20140314,31.576,32.012,31.576,31.735,40112,0
20140317,32.17,32.259,32.022,32.121,39858,0
20140318,32.467,32.813,32.467,32.813,66462,0
20140319,32.655,32.695,31.685,31.903,26887,0
20140320,31.972,32.566,31.952,32.408,19540,0
20140321,32.813,33.16,32.596,32.764,121284,0
20140324,33.11,33.279,32.922,33.239,213512,0
20140325,33.665,34.031,33.655,33.883,118787,0
20140326,34.1,34.199,33.833,33.853,163156,0
20140327,33.724,34.14,33.724,34.051,62851,0
20140328,34.516,35.169,34.516,34.892,259644,0
20140331,35.407,35.704,35.14,35.585,180430,0
20140401,35.823,36.09,35.734,35.991,95651,0
20140402,36.545,36.862,36.397,36.862,136829,0
20140403,36.06,36.318,35.734,36.05,129878,0
20140404,36.704,37.119,36.268,36.377,200391,0
20140407,36.476,36.704,36.347,36.565,125729,0
20140408,36.911,37.06,36.654,36.902,149397,0
20140409,37.436,37.971,37.288,37.901,229803,0
20140410,37.703,37.792,36.892,37.03,111124,0
20140411,37.179,37.387,36.991,37.367,62451,0
20140414,37.377,37.575,37.228,37.446,89543,0
20140415,37.149,37.159,36.357,36.575,330193,0
20140416,36.199,36.347,35.902,36.298,169987,0
20140417,36.793,37.258,36.793,37.04,231872,0
20140421,37.614,37.614,37.149,37.387,56802,0
20140422,37.347,37.347,37.04,37.06,68307,0
20140423,36.832,37.04,36.733,36.902,115198,0
20140424,37.1,37.129,36.723,37.1,170965,0
20140425,36.872,37.1,36.595,36.812,31557,0
20140428,36.862,37.268,36.842,37.189,46844,0
20140429,37.218,37.585,37.218,37.416,57556,0
20140430,36.832,36.832,36.298,36.644,235321,0
20140501,36.496,36.694,36.417,36.624,220056,0
20140502,36.892,36.941,36.575,36.941,230783,0
20140505,36.664,36.803,36.318,36.674,268056,0
20140506,36.941,37.129,36.713,36.862,346070,0
20140507,36.753,36.921,36.585,36.803,305115,0
20140508,36.822,37.09,36.545,36.595,127655,0
20140509,37.129,37.614,37.129,37.565,190707,0
20140512,38.604,38.901,38.258,38.525,438908,0
20140513,39.247,39.396,38.861,39.297,304455,0
20140514,39.861,39.97,39.455,39.465,197984,0
20140515,39.277,39.277,38.555,38.723,142305,0
20140516,40.584,41.257,40.257,41.158,323927,0
20140519,41.97,43.395,41.97,43.296,531517,0
20140520,44.395,44.751,44.256,44.593,514142,0
20140521,44.949,45.533,44.949,45.444,410509,0
20140522,46.899,47.493,46.899,47.146,529818,0
20140523,48.552,48.71,48.324,48.512,790929,0
20140527,46.553,46.553,44.662,44.919,872539,0
20140528,45.206,45.414,44.959,45.246,204118,0
20140529,45.187,45.81,45.137,45.771,188365,0
20140530,45.771,46.028,45.295,45.484,364862,0
20140602,46.988,47.374,46.622,47.127,370552,0
20140603,47.493,47.869,47.453,47.77,238380,0
20140604,48.542,49.017,48.364,48.928,379004,0
20140605,50.185,50.215,49.502,50.096,348482,0
20140606,51.423,51.927,51.027,51.848,908747,0
20140609,53.066,53.353,52.987,53.204,643521,0
20140610,52.739,52.799,52.066,52.412,555439,0
20140611,51.383,51.571,50.858,50.918,442668,0
20140612,51.165,51.472,50.492,50.591,197709,0
20140613,48.859,48.859,48.057,48.344,496526,0
20140616,48.186,48.295,47.76,47.859,350867,0
20140617,48.72,49.275,48.503,49.245,205829,0
20140618,48.473,49.096,48.027,49.037,260123,0
20140619,48.413,48.473,48.057,48.087,183802,0
20140620,47.958,48.117,47.364,47.641,277563,0
20140623,47.81,48.691,47.81,48.621,164105,0
20140624,49.512,50.067,49.364,49.591,264398,0
20140625,50.067,50.601,49.77,50.453,219901,0
20140626,50.126,50.255,49.671,50.175,103019,0
20140627,50.235,50.552,50.126,50.552,75453,0
20140630,51.225,51.274,50.769,51.126,130743,0
20140701,51.452,51.888,51.373,51.799,188600,0
20140702,52.294,52.294,51.868,52.106,125474,0
20140703,51.69,51.918,51.581,51.799,198423,0
20140707,51.739,51.769,51.462,51.611,145297,0
20140708,48.899,49.393,47.79,48.008,599018,0
20140709,47.562,47.79,47.285,47.453,220608,0
20140710,47.087,47.839,46.958,47.394,269926,0
20140711,46.077,46.077,45.246,45.474,875190,0
20140714,45.256,45.741,45.216,45.681,182587,0
20140715,46.394,47.028,46.394,46.899,521572,0
20140716,47.513,48.245,47.513,47.909,516006,0
20140717,48.483,48.671,47.117,47.206,233013,0
20140718,48.255,48.602,47.632,48.532,318536,0
20140721,48.76,49.136,48.413,48.988,203239,0
20140722,49.047,49.225,48.908,49.027,204955,0
20140723,48.869,48.928,48.305,48.394,207490,0
20140724,48.463,48.522,47.77,48.295,134928,0
20140725,47.067,47.424,46.523,46.721,175627,0
20140728,46.721,46.721,45.86,46.077,274926,0
20140729,46.374,46.553,45.84,45.879,120257,0
20140730,46.454,46.701,45.83,46.137,112260,0
20140731,45.879,45.998,45.286,45.404,109475,0
20140801,45.286,45.622,44.969,45.295,469100,0
20140804,46.147,46.543,45.652,46.394,111788,0
20140805,46.414,46.632,46.127,46.305,104975,0
20140806,45.79,45.978,45.533,45.632,287851,0
20140807,45.691,46.068,44.979,45.375,424032,0
20140808,44.543,44.711,43.979,44.662,332648,0
20140811,44.513,44.83,44.147,44.771,157118,0
20140812,44.612,44.949,44.464,44.593,190979,0
20140813,43.068,43.207,42.662,42.831,347902,0
20140814,43.444,43.87,43.415,43.741,200021,0
20140815,44.217,44.217,43.345,43.633,246566,0
20140818,44.771,45.454,44.622,45.414,118283,0
20140819,45.78,46.028,45.533,45.988,135210,0
20140820,45.949,46.523,45.949,46.275,144800,0
20140821,46.275,46.473,46.137,46.364,83452,0
20140822,45.86,46.315,45.85,46.008,46733,0
20140825,45.86,46.008,45.543,45.583,252317,0
20140826,45.533,45.82,45.484,45.573,83444,0
20140827,45.731,46.315,45.662,46.256,138156,0
20140828,45.929,46.048,45.691,45.889,84630,0
20140829,46.364,46.424,45.998,46.087,45987,0
20140902,46.76,47.265,46.632,46.869,165480,0
20140903,47.404,47.8,47.344,47.701,262256,0
20140904,47.79,47.938,47.285,47.542,110209,0
20140905,47.661,48.156,47.552,47.988,139493,0
20140908,48.018,48.453,48.018,48.057,73716,0
20140909,47.919,48.008,47.206,47.236,102907,0
20140910,47.958,48.473,47.76,48.305,67437,0
20140911,48.453,48.839,48.275,48.374,71196,0
20140912,48.582,48.701,48.018,48.067,29376,0
20140915,48.334,48.473,48.027,48.364,135876,0
20140916,46.424,46.998,45.889,46.76,281234,0
20140917,46.533,46.711,45.929,45.969,81782,0
20140918,47.711,48.305,47.711,48.275,112869,0
20140919,48.166,48.374,47.552,47.562,242876,0
20140922,47.79,47.948,47.186,47.265,165154,0
20140923,46.364,46.434,45.929,46.018,647097,0
20140924,45.266,45.731,44.959,45.533,155516,0
20140925,43.553,43.642,42.712,43.019,456846,0
20140926,43.266,43.88,43.266,43.603,119255,0
20140929,43.642,43.969,43.415,43.633,113170,0
20140930,43.534,43.702,43.058,43.692,127957,0
20141001,43.603,43.603,42.583,42.672,271892,0
20141002,43.336,43.543,42.158,42.742,394770,0
20141003,42.831,43.395,42.484,43.246,152374,0
20141006,43.444,43.89,42.841,43.88,127665,0
20141007,43.553,43.603,42.86,42.86,103523,0
20141008,43.049,44.177,42.702,44.048,69736,0
20141009,43.929,44.246,43.276,43.306,273667,0
20141010,42.999,43.118,42.316,42.385,231660,0
20141013,43.227,44.217,42.959,43.058,119876,0
20141014,43.336,43.553,43.009,43.177,105554,0
20141015,43.049,43.435,42.168,43.395,179606,0
20141016,41.079,42.207,40.584,41.95,228636,0
20141017,41.673,42.464,41.673,42.326,98915,0
20141020,42.554,43.256,42.524,43.058,143242,0
20141021,43.266,43.85,43.266,43.712,154205,0
20141022,43.9,44.048,43.593,43.662,175145,0
20141023,44.058,44.246,43.86,44.098,125405,0
20141024,44.256,44.662,44.048,44.662,73080,0
20141027,44.088,44.335,43.741,44.038,84746,0
20141028,44.306,44.88,44.058,44.87,65682,0
20141029,44.86,44.979,44.246,44.345,110586,0
20141030,44.612,45.434,44.593,45.216,117843,0
20141031,45.701,46.196,45.583,46.147,149338,0
20141103,46.84,47.008,46.503,46.939,161945,0
20141104,47.038,47.097,46.731,47.097,80405,0
20141105,47.097,47.097,46.543,47.008,76422,0
20141106,47.038,47.354,46.919,47.127,66572,0
20141107,47.245,47.305,46.553,46.8,71254,0
20141110,46.77,47.087,46.77,47.087,69301,0
20141111,47.315,47.701,47.275,47.622,79011,0
20141112,47.76,47.8,47.533,47.681,120205,0
20141113,47.523,47.562,47.028,47.206,58083,0
20141114,47.156,47.8,47.156,47.8,53355,0
20141117,47.859,48.027,47.81,47.919,68156,0
20141118,48.206,48.532,48.018,48.512,142182,0
20141119,47.671,47.79,47.335,47.612,58527,0
20141120,47.364,47.513,47.127,47.424,41900,0
20141121,47.79,47.899,47.443,47.8,65308,0
20141124,47.275,47.374,47.028,47.325,131369,0
20141125,46.028,46.325,45.533,45.612,669876,0
20141126,46.097,46.8,46.077,46.751,166416,0
20141128,46.632,46.909,46.612,46.741,31543,0
20141201,46.642,46.671,46.028,46.028,209006,0
20141202,47.018,47.325,46.869,47.315,107449,0
20141203,47.859,48.285,47.81,48.136,100273,0
20141204,48.354,48.493,48.136,48.186,131079,0
20141205,47.859,48.097,47.592,48.067,35115,0
20141208,47.513,47.661,47.146,47.335,98725,0
20141209,46.137,46.206,45.889,45.919,179271,0
20141210,46.483,46.622,45.909,46.077,62407,0
20141211,45.978,46.226,45.721,45.731,84540,0
20141212,45.295,45.404,44.296,44.296,170880,0
20141215,43.633,44.009,42.841,42.87,339633,0
20141216,41.207,41.851,40.633,40.98,336682,0
20141217,40.693,42.118,40.505,41.861,186538,0
20141218,42.959,43.83,42.959,43.761,82852,0
20141219,42.672,43.593,42.078,42.415,137641,0
20141222,43.33,43.66,43.33,43.54,101582,0
20141223,43.2,43.32,42.68,43.14,237185,0
20141224,43.31,43.86,43.24,43.78,84833,0
20141226,43.75,43.75,43.08,43.41,82895,0
20141229,43.97,44.06,43.5,44.06,182108,0
20141230,44.49,44.51,44.22,44.41,157992,0
20141231,44.84,45.22,44.69,44.69,52363,0
20150102,45.83,46.01,45.63,45.81,27148,0
20150105,45.91,46,45.45,45.52,147790,0
20150106,43.94,44.27,43.28,43.59,122512,0
20150107,44.38,44.73,44.2,44.73,75230,0
20150108,45.4,45.9,45.3,45.63,392871,0
20150109,45.38,45.45,44.79,45.04,116355,0
20150112,45.57,45.93,45.4,45.71,115502,0
20150113,46.06,46.45,45.34,45.67,103154,0
20150114,44.97,45.26,44.68,45.14,79904,0
20150115,46.71,47,46.42,46.78,158863,0
20150116,46.66,47.84,46.35,47.83,165639,0
