Date,Open,High,Low,Close,Volume,OpenInt
20110325,39.97,39.99,39.95,39.97,3540,0
20110328,40.02,40.02,39.92,39.93,99740,0
20110329,39.96,40.02,39.8,39.84,41456,0
20110330,39.94,39.94,39.84,39.85,67326,0
20110331,39.86,39.91,39.86,39.91,20275,0
20110401,39.86,39.9,39.79,39.9,58325,0
20110404,39.86,39.89,39.65,39.68,51062,0
20110405,39.76,39.76,39.62,39.63,60915,0
20110406,39.65,39.66,39.58,39.59,86860,0
20110407,39.61,39.62,39.54,39.54,40000,0
20110408,39.56,39.62,39.53,39.59,34968,0
20110411,39.57,39.57,39.53,39.55,2400,0
20110412,39.71,39.74,39.57,39.62,24125,0
20110413,39.64,39.64,39.57,39.57,2250,0
20110414,39.55,39.68,39.54,39.66,13259,0
20110415,39.63,39.65,39.57,39.62,28775,0
20110418,39.75,39.76,39.72,39.75,3325,0
20110419,39.72,39.72,39.66,39.66,1804,0
20110420,39.55,39.55,39.45,39.45,200,0
20110421,39.37,39.48,39.37,39.37,575,0
20110425,39.36,39.38,39.33,39.34,3086,0
20110426,39.35,39.35,39.32,39.32,6096,0
20110427,39.31,39.31,39.28,39.28,3618,0
20110428,39.27,39.27,39.24,39.24,1500,0
20110429,39.17,39.21,39.15,39.17,4175,0
20110502,39.14,39.15,39.08,39.11,2786,0
20110503,39.1,39.14,39.1,39.14,876,0
20110504,39.17,39.2,39.1,39.14,6219,0
20110505,39.2,39.24,39.19,39.23,20865,0
20110506,39.13,39.13,39.08,39.08,12706,0
20110509,39.08,39.11,39.04,39.04,10950,0
20110510,39.05,39.05,38.97,39,18900,0
20110511,38.99,39.06,38.98,39.04,16870,0
20110512,39.08,39.09,38.96,39,20405,0
20110513,39.04,39.1,39.01,39.1,2700,0
20110516,39.03,39.09,39.02,39.02,8900,0
20110517,39.09,39.13,39,39,13525,0
20110518,38.97,38.98,38.94,38.94,4025,0
20110519,38.96,38.96,38.92,38.96,9528,0
20110520,38.96,38.96,38.93,38.93,2450,0
20110523,39.08,39.12,39.07,39.07,6300,0
20110524,39.08,39.19,39.08,39.19,4800,0
20110525,39.2,39.2,39.16,39.16,6400,0
20110526,39.23,39.23,39.22,39.23,839,0
20110527,39.2,39.21,39.09,39.09,149500,0
20110531,38.91,39.05,38.91,38.98,7408,0
20110601,39.02,39.15,39.01,39.15,3609,0
20110602,39.21,39.21,39.18,39.19,3500,0
20110603,39.42,39.42,39.33,39.38,2750,0
20110606,39.39,39.52,39.32,39.51,17000,0
20110607,39.45,39.54,39.39,39.54,12154,0
20110608,39.53,39.72,39.51,39.72,19630,0
20110609,39.69,39.71,39.6,39.67,10880,0
20110610,39.7,39.99,39.66,39.94,27625,0
20110613,39.87,40.08,39.76,40.07,61679,0
20110614,41.92,41.92,39.75,39.8,13985,0
20110615,39.85,40,39.85,40,104973,0
20110616,39.99,40.78,39.89,40.67,188476,0
20110617,40.23,40.48,40.08,40.22,123614,0
20110620,40.21,40.21,39.9,39.9,18582,0
20110621,39.85,39.87,39.64,39.67,34243,0
20110622,39.76,39.92,39.62,39.92,46058,0
20110623,40,40.16,39.7,39.77,151148,0
20110624,39.67,39.99,39.67,39.95,86790,0
20110627,39.9,39.95,39.88,39.93,9138,0
20110628,39.78,39.82,39.77,39.8,11558,0
20110629,39.66,39.66,39.33,39.35,104443,0
20110630,39.31,39.31,38.95,39.02,211197,0
20110701,38.69,39.02,38.69,38.78,41487,0
20110705,38.75,38.98,38.75,38.84,28262,0
20110706,38.88,38.94,38.76,38.76,4900,0
20110707,38.7,38.73,38.6,38.6,77803,0
20110708,38.88,38.88,38.71,38.74,6708,0
20110711,38.9,39.11,38.9,39.08,158425,0
20110712,39.12,39.21,39.08,39.21,36410,0
20110713,39.02,39.07,38.89,38.92,48825,0
20110714,38.84,38.94,38.79,38.93,6060,0
20110715,38.89,38.95,38.89,38.93,26400,0
20110718,39.01,39.13,38.91,39.04,263297,0
20110719,39.04,39.04,38.8,38.82,161676,0
20110720,38.84,38.84,38.61,38.83,33320,0
20110721,38.67,38.69,38.55,38.56,132225,0
20110722,38.58,38.64,38.5,38.5,10958,0
20110725,38.55,38.71,38.54,38.68,33711,0
20110726,38.67,38.73,38.57,38.63,73976,0
20110727,38.73,38.9,38.62,38.9,76521,0
20110728,38.88,38.93,38.76,38.9,83175,0
20110729,38.96,39.1,38.84,38.84,12051,0
20110801,38.69,38.93,38.59,38.77,85454,0
20110802,38.81,39.2,38.79,39.19,21256,0
20110803,39.16,39.52,39.1,39.22,41326,0
20110804,39.42,40.39,39.37,40.39,73854,0
20110805,40.11,41.28,39.8,40.41,311568,0
20110808,42,42.42,41.37,42.11,258119,0
20110809,41.6,42.12,40.79,40.79,138881,0
20110810,41.05,41.66,40.15,41.4,86341,0
20110811,41.78,41.78,40.65,40.71,64580,0
20110812,40.66,40.91,40.52,40.88,20795,0
20110815,40.52,40.65,40.19,40.19,82676,0
20110816,40.41,40.53,40,40.46,32608,0
20110817,40.24,40.26,40.05,40.09,17399,0
20110818,40.5,41.78,40.5,40.6,116008,0
20110819,40.93,40.98,40.34,40.93,165534,0
20110822,40.6,40.85,40.4,40.85,56852,0
20110823,40.9,41.11,40.51,40.51,23485,0
20110824,40.58,40.89,40.52,40.69,136107,0
20110825,40.46,41.02,40.35,41.01,145516,0
20110826,41.1,41.28,40.54,40.56,20886,0
20110829,40.45,40.45,40.17,40.23,58368,0
20110830,40.31,40.31,40.01,40.11,7097,0
20110831,39.78,39.78,39.45,39.46,76386,0
20110901,39.52,39.67,39.52,39.65,16959,0
20110902,39.98,39.99,39.6,39.77,97649,0
20110906,40.34,40.36,40.16,40.21,138503,0
20110907,40.08,40.09,39.88,40.07,24540,0
20110908,40.05,40.05,39.89,39.94,45299,0
20110909,40.02,40.37,39.9,40.37,123626,0
20110912,41.05,41.05,40.48,40.54,56103,0
20110913,40.54,40.57,40.23,40.25,182261,0
20110914,40.2,40.35,39.93,39.94,48555,0
20110915,39.92,39.96,39.76,39.76,19500,0
20110916,39.7,39.89,39.7,39.76,20388,0
20110919,39.88,39.98,39.76,39.83,15810,0
20110920,39.75,39.88,39.67,39.8,128835,0
20110921,39.72,40.06,39.65,40.06,93673,0
20110922,40.57,40.72,40.44,40.67,178979,0
20110923,40.78,40.78,40.37,40.56,405140,0
20110926,40.56,40.63,40.23,40.42,219588,0
20110927,40.27,40.39,40.14,40.39,116815,0
20110928,40.37,40.83,40.34,40.81,45940,0
20110929,40.57,40.92,40.56,40.85,80243,0
20110930,41.23,41.62,41.12,41.62,260612,0
20111003,42.07,42.47,41.56,42.14,118030,0
20111004,42.98,43.75,42.28,42.28,420239,0
20111005,42.21,42.34,41.63,41.74,183033,0
20111006,41.6,41.76,41.12,41.18,349518,0
20111007,40.85,41.38,40.82,41.05,537644,0
20111010,40.87,40.87,40.15,40.15,44700,0
20111011,40.21,40.6,40.21,40.6,295143,0
20111012,40.59,40.59,39.6,39.65,322808,0
20111013,39.8,40.12,39.76,39.84,110175,0
20111014,39.66,39.78,39.5,39.61,195087,0
20111017,39.85,39.85,39.7,39.77,22950,0
20111018,39.83,40,39.46,39.55,19683,0
20111019,39.46,39.67,39.16,39.65,80523,0
20111020,39.51,39.53,39.37,39.38,19478,0
20111021,39.09,39.11,38.75,38.82,218361,0
20111024,38.73,38.73,37.67,37.83,119827,0
20111025,38.04,38.42,38,38.39,402939,0
20111026,38.19,38.45,38.15,38.27,69582,0
20111027,37.51,37.83,37.24,37.65,97407,0
20111028,37.61,37.92,37.61,37.81,12455,0
20111031,38.06,38.17,38.02,38.14,22216,0
20111101,38.78,38.95,38.5,38.66,41848,0
20111102,38.62,38.66,38.41,38.53,70490,0
20111103,38.15,38.35,38,38.02,47102,0
20111104,38.26,38.34,38.08,38.1,9150,0
20111107,38.15,38.37,38.15,38.18,23671,0
20111108,38.11,38.27,38.08,38.15,6548,0
20111109,38.52,38.94,38.45,38.94,94092,0
20111110,38.61,38.85,38.59,38.85,42293,0
20111111,38.66,39.12,38.32,38.37,102871,0
20111114,38.52,38.76,38.48,38.64,50109,0
20111115,38.71,38.87,38.68,38.71,5295,0
20111116,38.85,39.26,38.78,39.1,138613,0
20111117,39.07,39.52,39.01,39.42,174193,0
20111118,39.3,39.38,39.2,39.38,50079,0
20111121,39.49,39.82,39.34,39.64,43743,0
20111122,39.87,40.12,39.69,40.11,35880,0
20111123,40.42,40.85,40.15,40.76,345272,0
20111125,41.22,41.25,40.36,40.83,130200,0
20111128,40.09,40.14,39.49,39.93,278773,0
20111129,39.81,40.29,39.61,39.66,98831,0
20111130,39.04,39.19,38.91,38.91,41827,0
20111201,38.89,38.94,38.68,38.72,79593,0
20111202,38.6,38.62,38.44,38.48,214150,0
20111205,38.25,38.37,38.17,38.35,21292,0
20111206,38.42,38.42,38.07,38.14,71699,0
20111207,38.3,38.55,38.14,38.29,54641,0
20111208,38.3,38.45,38.27,38.45,27820,0
20111209,38.85,39,38.11,38.16,13819,0
20111212,38.29,38.37,38.28,38.32,17675,0
20111213,38.2,38.51,38.13,38.51,67411,0
20111214,38.53,38.64,38.46,38.5,35813,0
20111215,38.28,38.67,38.1,38.4,43810,0
20111216,38.31,38.35,38.21,38.25,14382,0
20111219,38.19,38.24,38.01,38.24,63415,0
20111220,38,38.04,37.7,37.79,155013,0
20111221,37.85,37.88,37.63,37.63,8974,0
20111222,37.66,37.66,37.42,37.47,12905,0
20111223,37.5,37.5,37.26,37.26,56409,0
20111227,37.26,37.35,37.14,37.14,13255,0
20111228,37.18,37.45,37.18,37.38,126236,0
20111229,37.35,37.35,37.09,37.12,5485,0
20111230,37.13,37.15,37,37.12,11121,0
20120103,37.27,37.27,36.86,36.99,80156,0
20120104,36.98,37.2,36.98,37.05,6067,0
20120105,37.07,37.26,37.03,37.18,9450,0
20120106,37.2,37.39,37.18,37.39,127405,0
20120109,37.28,37.28,37.18,37.2,142479,0
20120110,37.16,37.16,37.07,37.15,24579,0
20120111,37.16,37.19,37.1,37.14,12521,0
20120112,37.14,37.24,37.04,37.16,13227,0
20120113,37.24,37.41,37.19,37.2,8800,0
20120117,37.08,37.21,37.08,37.18,5926,0
20120118,37.17,37.18,37.03,37.05,7575,0
20120119,37,37.01,36.86,36.96,33033,0
20120120,36.81,36.97,36.78,36.91,6813,0
20120123,36.91,36.91,36.79,36.81,20240,0
20120124,36.89,36.89,36.74,36.74,13375,0
20120125,36.74,36.74,36.4,36.41,48759,0
20120126,36.3,36.39,36.09,36.33,98367,0
20120127,36.31,36.42,36.3,36.42,8550,0
20120130,36.56,36.61,36.47,36.48,17960,0
20120131,36.45,36.55,36.45,36.48,9897,0
20120201,36.37,36.52,36.27,36.35,11566,0
20120202,36.34,36.37,36.32,36.36,22685,0
20120203,36.18,36.31,36.17,36.28,11805,0
20120206,36.3,36.32,36.23,36.28,10000,0
20120207,36.26,36.28,36.14,36.16,45065,0
20120208,36.14,36.18,36.09,36.17,10087,0
20120209,36.13,36.24,36.09,36.09,22193,0
20120210,36.26,36.46,36.26,36.46,419472,0
20120213,36.29,36.38,36.24,36.27,19871,0
20120214,36.29,36.36,36.29,36.33,5723,0
20120215,36.25,36.45,36.2,36.45,38230,0
20120216,36.42,36.49,36.29,36.29,6625,0
20120217,36.16,36.32,36.16,36.29,7900,0
20120221,36.19,36.21,36.03,36.09,66570,0
20120222,36.03,36.08,35.99,36.01,14754,0
20120223,35.91,35.99,35.8,35.85,26489,0
20120224,35.85,35.85,35.71,35.79,12728,0
20120227,35.79,35.82,35.7,35.75,8508,0
20120228,35.67,35.7,35.51,35.67,10107,0
20120229,35.66,35.74,35.58,35.74,3650,0
20120301,35.61,35.61,35.53,35.57,39598,0
20120302,35.56,35.68,35.54,35.66,45472,0
20120305,35.63,35.89,35.57,35.89,25668,0
20120306,35.98,36.35,35.97,36.33,50300,0
20120307,36.21,36.31,36.2,36.24,27700,0
20120308,36.12,36.18,35.93,35.94,116586,0
20120309,35.89,35.95,35.83,35.85,172414,0
20120312,35.94,35.99,35.88,35.94,26417,0
20120313,35.94,35.94,35.69,35.7,8312,0
20120314,35.77,35.91,35.71,35.76,14670,0
20120315,35.57,35.89,35.57,35.81,10199,0
20120316,35.99,36.06,35.91,35.96,23710,0
20120319,35.92,36.01,35.83,35.88,6727,0
20120320,35.88,35.92,35.84,35.84,1702,0
20120321,35.9,35.99,35.9,35.98,10710,0
20120322,36.04,36.04,35.89,35.91,68199,0
20120323,35.99,36.01,35.89,35.99,6300,0
20120326,35.9,35.9,35.77,35.77,36603,0
20120327,35.76,35.77,35.63,35.63,13335,0
20120328,35.75,35.86,35.75,35.77,3250,0
20120329,35.88,35.92,35.8,35.8,4700,0
20120330,35.73,35.88,35.73,35.84,6208,0
20120402,35.51,35.84,33.65,35.81,23181,0
20120403,35.74,35.81,35.72,35.81,2380,0
20120404,35.92,35.98,35.9,35.9,6250,0
20120405,36.03,36.04,36.03,36.03,800,0
20120409,36.09,36.25,36.09,36.25,28494,0
20120410,36.17,36.47,36.17,36.47,42280,0
20120411,36.2,36.26,36.16,36.2,3075,0
20120412,36.16,36.16,35.84,35.87,4500,0
20120413,35.89,35.93,35.85,35.89,2300,0
20120416,35.83,35.99,35.83,35.93,60210,0
20120417,36.04,36.04,35.71,35.71,2197,0
20120418,35.72,35.78,35.7,35.76,4238,0
20120419,35.74,35.78,35.61,35.76,9420,0
20120420,35.74,35.8,35.71,35.8,9405,0
20120423,35.87,35.88,35.84,35.87,21000,0
20120424,35.82,35.82,35.78,35.78,2000,0
20120425,35.54,35.58,35.45,35.47,10464,0
20120426,35.46,35.46,35.4,35.4,6000,0
20120427,35.43,35.48,35.41,35.42,5010,0
20120430,35.4,35.48,35.36,35.37,7047,0
20120501,35.3,35.33,35.18,35.3,4190,0
20120502,35.11,35.28,35.11,35.18,17639,0
20120503,35.18,35.23,35.18,35.21,2515,0
20120504,35.26,35.34,35.26,35.29,126780,0
20120507,35.31,35.31,35.15,35.16,7806,0
20120508,35.25,35.36,35.24,35.24,4841,0
20120509,35.35,35.43,35.29,35.38,30055,0
20120510,35.34,35.4,35.34,35.4,2910,0
20120511,35.23,35.23,35.2,35.2,4100,0
20120514,35.4,35.64,35.2,35.6,254912,0
20120515,35.53,35.72,35.53,35.71,72532,0
20120516,35.7,36.09,35.61,36.09,16792,0
20120517,36.1,37.18,36.1,36.63,53943,0
20120518,36.4,36.64,36.28,36.62,94657,0
20120521,36.55,36.55,36.21,36.21,28268,0
20120522,36.12,36.23,35.95,36.2,68139,0
20120523,36.34,36.4,36.23,36.23,33302,0
20120524,36.18,36.2,36.18,36.18,2050,0
20120525,36.26,36.35,36.26,36.35,2500,0
20120529,35.63,36.08,33.07,35.89,26588,0
20120530,36.05,36.18,36.05,36.11,77259,0
20120531,36.23,36.44,36.05,36.38,130672,0
20120601,36.47,36.84,36.47,36.74,177016,0
20120604,36.76,36.76,36.62,36.72,54539,0
20120605,36.69,36.69,36.37,36.39,83257,0
20120606,36.28,36.28,36.07,36.07,198690,0
20120607,36.18,36.19,35.8,35.95,332142,0
20120608,36.02,36.02,35.71,35.8,59670,0
20120611,35.7,36.02,35.66,36.01,85589,0
20120612,35.7,35.96,35.7,35.76,40939,0
20120613,35.85,35.95,35.7,35.85,78775,0
20120614,35.84,35.87,35.56,35.61,21385,0
20120615,35.67,35.67,35.46,35.46,134493,0
20120618,35.58,35.61,35.49,35.49,29763,0
20120619,35.35,35.37,35.17,35.25,12197,0
20120620,35.22,35.25,35.1,35.13,74290,0
20120621,35.12,35.43,35.08,35.42,215981,0
20120622,35.31,35.31,35.14,35.18,74509,0
20120625,35.18,35.59,35.18,35.26,96510,0
20120626,35.24,35.34,35.23,35.31,96286,0
20120627,35.2,35.2,35.04,35.07,46512,0
20120628,35.15,35.16,35.02,35.09,55335,0
20120629,34.85,34.85,34.7,34.7,107822,0
20120702,34.51,34.88,32.94,34.81,13896,0
20120703,34.65,34.68,34.54,34.56,1758,0
20120705,34.61,34.71,34.47,34.48,1675,0
20120706,34.62,34.63,34.58,34.6,1963,0
20120709,34.58,34.62,34.56,34.58,5544,0
20120710,34.49,34.75,34.49,34.74,6420,0
20120711,34.64,34.73,34.55,34.55,2900,0
20120712,34.69,34.78,34.63,34.63,6675,0
20120713,34.58,34.6,34.52,34.55,28648,0
20120716,34.62,34.69,34.57,34.69,7400,0
20120717,34.61,34.63,34.53,34.53,500,0
20120718,34.51,34.51,34.35,34.35,11938,0
20120719,34.31,34.31,34.22,34.24,6180,0
20120720,34.41,34.42,34.39,34.4,500,0
20120723,34.61,34.7,34.46,34.46,10478,0
20120724,34.52,34.73,34.52,34.65,59278,0
20120725,34.74,34.74,34.68,34.72,7480,0
20120726,34.56,34.56,34.37,34.38,101258,0
20120727,34.31,34.31,34.17,34.2,4462,0
20120730,34.12,34.25,34.12,34.2,6655,0
20120731,34.18,34.22,34.15,34.22,7200,0
20120801,34.23,34.23,34.07,34.15,31726,0
20120802,34.2,34.37,34.18,34.37,42230,0
20120803,34.04,34.1,34.04,34.08,3040,0
20120806,34.05,34.06,33.98,34.05,17678,0
20120807,34.05,34.18,34.01,34.17,24723,0
20120808,34.07,34.15,34.07,34.13,8670,0
20120809,34.16,34.16,34.1,34.1,3712,0
20120810,34.12,34.18,34.12,34.17,1635,0
20120813,34.29,34.29,33.98,34.16,7639,0
20120814,34.09,34.1,33.99,34.05,52255,0
20120815,34.11,34.25,34.05,34.25,9400,0
20120816,34.29,34.29,34.15,34.15,1290,0
20120817,33.99,34.18,33.99,34.18,2738,0
20120820,34.15,34.15,34.04,34.09,4342,0
20120821,33.99,33.99,33.95,33.97,24140,0
20120822,34.12,34.12,33.93,34.01,6100,0
20120823,34.03,34.05,33.97,34.03,3657,0
20120824,33.89,34.02,33.84,33.84,4400,0
20120827,33.72,33.97,33.72,33.82,9064,0
20120828,33.81,34,33.81,34,24183,0
20120829,33.85,33.85,33.8,33.8,1547,0
20120830,33.81,33.91,33.8,33.91,921,0
20120831,33.79,33.85,33.73,33.85,2150,0
20120904,33.7,33.82,33.68,33.71,18300,0
20120905,33.73,33.73,33.69,33.73,4548,0
20120906,33.69,33.7,33.49,33.49,54985,0
20120907,33.46,33.53,33.44,33.46,1986,0
20120910,33.44,33.48,33.43,33.48,16014,0
20120911,33.52,33.52,33.33,33.37,7746,0
20120912,33.29,33.29,33.17,33.17,14080,0
20120913,33.24,33.24,32.97,32.97,8430,0
20120914,32.93,33,32.92,32.95,35394,0
20120917,32.99,32.99,32.93,32.93,5100,0
20120918,33.07,33.07,32.94,32.97,3200,0
20120919,32.94,33.01,32.94,33,3505,0
20120920,33.06,33.17,33.06,33.16,28500,0
20120921,33.21,33.22,33.15,33.18,34652,0
20120924,33.18,33.29,33.18,33.29,34476,0
20120925,33.3,33.55,33.21,33.55,59385,0
20120926,33.61,33.77,33.59,33.73,56032,0
20120927,33.58,33.58,33.39,33.4,17743,0
20120928,33.41,33.47,33.4,33.45,26980,0
20121001,33.4,33.48,33.34,33.48,3581,0
20121002,33.58,33.58,33.48,33.5,3717,0
20121003,33.48,33.48,33.29,33.43,2038,0
20121004,33.26,33.26,33.21,33.24,1393,0
20121005,33.11,33.31,33.11,33.24,1329,0
20121008,33.39,33.39,33.29,33.3,10554,0
20121009,33.32,33.38,33.28,33.38,6250,0
20121010,33.44,33.49,33.4,33.49,3600,0
20121011,33.32,33.35,33.27,33.28,14971,0
20121012,33.24,33.24,33.2,33.22,4650,0
20121015,33.06,33.08,33.06,33.08,2675,0
20121016,32.99,33.05,32.9,32.91,10793,0
20121017,32.87,32.88,32.81,32.86,29818,0
20121018,32.86,32.91,32.86,32.87,2946,0
20121019,32.89,33.06,32.89,33.02,5300,0
20121022,33.01,33.01,32.97,32.99,2650,0
20121023,33.14,33.21,33.09,33.09,6132,0
20121024,32.53,33.19,32.53,33.19,2260,0
20121025,33.19,33.19,33.08,33.11,6465,0
20121026,33.11,33.28,33.09,33.26,166056,0
20121031,33.31,33.31,33.12,33.2,115470,0
20121101,33.12,33.12,32.95,32.95,18232,0
20121102,32.87,33.06,32.87,33.02,3610,0
20121105,33.03,33.15,33.03,33.06,10320,0
20121106,33.02,33.05,33,33.03,3100,0
20121107,33.22,33.24,33.09,33.21,21286,0
20121108,33.21,33.36,33.18,33.35,16235,0
20121109,33.51,33.51,33.28,33.4,4813,0
20121112,33.67,33.67,33.36,33.38,23503,0
20121113,33.51,33.52,33.4,33.52,23771,0
20121114,33.25,33.67,33.25,33.65,433826,0
20121115,33.68,33.86,33.55,33.63,274436,0
20121116,33.63,33.66,33.51,33.51,67600,0
20121119,33.41,33.45,33.1,33.13,19954,0
20121120,33.14,33.18,33.07,33.07,124118,0
20121121,33.02,33.12,33.02,33.05,9686,0
20121123,33.01,33.08,32.95,32.97,8640,0
20121126,32.95,33.07,32.91,32.91,29271,0
20121127,32.97,32.97,32.86,32.88,10556,0
20121128,32.99,32.99,32.81,32.89,7535,0
20121129,32.82,32.82,32.71,32.73,382793,0
20121130,32.7,32.74,32.64,32.65,75015,0
20121203,32.62,32.64,32.57,32.57,15751,0
20121204,32.57,32.57,32.49,32.49,26768,0
20121205,32.49,32.54,32.45,32.5,31170,0
20121206,32.51,32.51,32.39,32.42,17750,0
20121207,32.43,32.5,32.31,32.48,24024,0
20121210,32.5,32.5,32.39,32.41,37385,0
20121211,32.39,32.41,32.27,32.39,12430,0
20121212,32.31,32.32,32.2,32.27,11800,0
20121213,32.28,32.4,32.22,32.38,18700,0
20121214,32.46,32.46,32.36,32.38,10300,0
20121217,32.35,32.51,32.26,32.26,12417,0
20121218,32.25,32.28,32.21,32.23,127971,0
20121219,32.24,32.26,32.21,32.25,14868,0
20121220,32.25,32.28,32.2,32.2,13204,0
20121221,32.32,32.37,32.28,32.28,45675,0
20121224,32.31,32.41,32.31,32.4,5075,0
20121226,32.3,32.37,32.3,32.36,47012,0
20121227,32.33,32.34,32.26,32.29,11759,0
20121228,32.26,32.35,32.21,32.31,17471,0
20121231,32.46,32.46,32.15,32.15,24600,0
20130102,32.09,32.14,31.84,31.86,22276,0
20130103,31.93,32.04,31.85,31.95,35075,0
20130104,31.94,32,31.92,31.92,24090,0
20130107,32.12,32.13,31.88,31.89,9075,0
20130108,31.92,32.03,31.89,31.91,9354,0
20130109,31.96,31.96,31.84,31.88,8500,0
20130110,32.03,32.03,31.77,31.82,40991,0
20130111,31.8,31.84,31.74,31.76,12392,0
20130114,31.79,31.81,31.78,31.78,5475,0
20130115,31.79,31.83,31.78,31.78,14936,0
20130116,31.82,31.83,31.78,31.83,31377,0
20130117,31.8,31.81,31.71,31.71,24956,0
20130118,31.7,31.86,31.68,31.68,15715,0
20130122,31.7,31.71,31.61,31.64,88768,0
20130123,31.61,31.68,31.59,31.65,81300,0
20130124,31.66,31.68,31.61,31.63,29364,0
20130125,31.63,31.63,31.56,31.58,32545,0
20130128,31.62,31.73,31.62,31.67,125052,0
20130129,31.69,31.74,31.67,31.71,21113,0
20130130,31.75,31.91,31.73,31.91,15018,0
20130131,32,32.03,31.9,32,40878,0
20130201,32.03,32.07,31.79,31.89,15702,0
20130204,32,32.05,31.92,32.02,80210,0
20130205,31.98,31.98,31.92,31.96,10723,0
20130206,31.98,32.02,31.96,32,355331,0
20130207,32.05,32.14,32.02,32.06,68630,0
20130208,32.08,32.09,31.99,32.03,28859,0
20130211,32.05,32.06,32.02,32.05,25567,0
20130212,32.02,32.07,31.9,31.94,104332,0
20130213,31.9,31.97,31.86,31.9,29926,0
20130214,31.93,31.93,31.8,31.87,175151,0
20130215,31.86,31.91,31.78,31.9,34173,0
20130219,31.87,31.87,31.81,31.81,6077,0
20130220,31.83,31.9,31.76,31.86,43913,0
20130221,31.87,31.91,31.82,31.83,36170,0
20130222,31.81,31.84,31.75,31.75,25221,0
20130225,31.75,31.83,31.67,31.83,17330,0
20130226,31.78,31.8,31.69,31.71,12596,0
20130227,31.77,31.77,31.58,31.61,198503,0
20130228,31.65,31.65,31.55,31.6,95470,0
20130301,31.6,31.6,31.46,31.52,16670,0
20130304,31.59,31.59,31.51,31.51,5150,0
20130305,31.44,31.46,31.35,31.42,60791,0
20130306,31.45,31.46,31.42,31.45,20405,0
20130307,31.43,31.44,31.4,31.42,8766,0
20130308,31.36,31.42,31.34,31.37,27382,0
20130311,31.36,31.42,31.36,31.41,4509,0
20130312,31.41,31.41,31.37,31.41,14298,0
20130313,31.43,31.43,31.35,31.35,7500,0
20130314,31.29,31.34,31.26,31.26,9007,0
20130315,31.26,31.32,31.26,31.26,5692,0
20130318,31.37,31.39,31.26,31.26,10405,0
20130319,31.25,31.32,31.21,31.3,9852,0
20130320,31.25,31.25,31.18,31.18,7178,0
20130321,31.23,31.29,31.19,31.29,2140,0
20130322,31.27,31.28,31.23,31.27,38459,0
20130325,31.29,31.33,31.25,31.33,8440,0
20130326,31.25,31.29,31.25,31.28,11495,0
20130327,31.28,31.31,31.27,31.3,17720,0
20130328,31.31,31.31,31.27,31.31,2470,0
20130401,31.24,31.26,31.21,31.21,2369,0
20130402,31.16,31.25,31.13,31.2,7080,0
20130403,31.19,31.26,31.19,31.26,6500,0
20130404,31.2,31.22,31.16,31.22,5770,0
20130405,31.22,31.3,31.19,31.19,121850,0
20130408,31.17,31.24,31.12,31.12,17675,0
20130409,31.11,31.11,31,31.01,55035,0
20130410,31,31.01,30.92,30.92,37903,0
20130411,30.92,30.95,30.9,30.91,16077,0
20130412,30.89,30.98,30.89,30.92,13700,0
20130415,30.86,31.11,30.86,31.1,20488,0
20130416,31.16,31.16,30.94,30.94,12390,0
20130417,31,31.03,30.94,30.95,6750,0
20130418,31.01,31.02,30.98,31.01,12032,0
20130419,30.91,31.03,30.91,31.03,35842,0
20130422,30.96,30.96,30.88,30.89,22121,0
20130423,30.85,30.86,30.8,30.82,20356,0
20130424,30.79,30.91,30.75,30.77,2424,0
20130425,30.7,30.81,30.64,30.65,10375,0
20130426,30.67,30.7,30.65,30.67,5129,0
20130429,30.64,30.64,30.61,30.61,5220,0
20130430,30.6,30.6,30.52,30.54,2185,0
20130501,30.48,30.55,30.47,30.55,37360,0
20130502,30.52,30.52,30.39,30.39,8115,0
20130503,30.4,30.4,30.24,30.33,51427,0
20130506,30.23,30.35,30.23,30.32,13395,0
20130507,30.24,30.38,30.24,30.32,5706,0
20130508,30.35,30.35,30.22,30.22,11910,0
20130509,30.29,30.32,30.23,30.27,8970,0
20130510,30.34,30.48,30.32,30.45,31910,0
20130513,30.5,30.62,30.49,30.57,79916,0
20130514,30.51,30.67,30.47,30.67,188749,0
20130515,30.58,30.62,30.51,30.62,83704,0
20130516,30.53,30.57,30.4,30.49,40185,0
20130517,30.45,30.51,30.42,30.46,6577,0
20130520,30.5,30.54,30.41,30.44,35604,0
20130521,30.42,30.45,30.36,30.4,23409,0
20130522,30.36,30.63,30.35,30.56,39337,0
20130523,30.65,30.77,30.6,30.64,87608,0
20130524,30.69,31.5,30.69,30.75,100657,0
20130528,30.84,31.16,30.65,30.8,21758,0
20130529,30.9,31.13,30.88,31,65748,0
20130530,31.05,31.05,30.83,30.87,14029,0
20130531,30.99,31.29,30.95,31.25,115595,0
20130603,31.41,31.87,31.4,31.71,411892,0
20130604,31.3,31.46,31.18,31.41,119153,0
20130605,31.3,31.7,31.3,31.57,253857,0
20130606,31.86,31.86,31.29,31.39,256704,0
20130607,31.49,31.49,31.1,31.44,50543,0
20130610,31.64,31.64,31.3,31.32,82513,0
20130611,31.75,31.75,31.45,31.68,93964,0
20130612,31.65,31.7,31.46,31.64,174281,0
20130613,31.64,31.64,31.12,31.12,124706,0
20130614,31.2,31.21,31.06,31.11,73818,0
20130617,31.16,31.27,30.4,31,131896,0
20130618,31.03,31.13,31.03,31.13,58141,0
20130619,31.3,31.48,31,31.48,72621,0
20130620,31.83,32.06,31.55,31.88,402810,0
20130621,31.88,32.03,31.7,31.98,74154,0
20130624,32.38,34,31.95,32.43,502084,0
20130625,32.13,32.2,31.9,32.05,209465,0
20130626,31.97,31.97,31.56,31.57,247047,0
20130627,31.51,31.53,31.2,31.35,585102,0
20130628,31.45,31.75,31.43,31.69,94784,0
20130701,31.64,31.64,31.45,31.49,56377,0
20130702,31.45,31.65,31.38,31.58,121853,0
20130703,31.65,31.65,31.48,31.51,27289,0
20130705,31.54,31.94,31.54,31.82,161195,0
20130708,31.85,31.85,31.3,31.3,181551,0
20130709,31.19,31.51,31.11,31.46,68049,0
20130710,31.71,31.71,31.24,31.33,38095,0
20130711,30.82,31.03,30.71,30.8,109870,0
20130712,30.67,31.03,30.67,30.78,91264,0
20130715,30.8,30.93,30.53,30.72,84465,0
20130716,30.51,30.87,30.51,30.79,96889,0
20130717,30.81,30.81,30.51,30.65,85621,0
20130718,30.48,30.54,30.36,30.4,63783,0
20130719,30.32,30.52,30.29,30.52,79151,0
20130722,30.42,30.47,30.29,30.29,46788,0
20130723,30.36,30.5,30.31,30.37,115879,0
20130724,30.39,30.8,30.39,30.69,40206,0
20130725,30.64,30.92,30.64,30.83,47991,0
20130726,30.85,30.89,30.74,30.78,33360,0
20130729,30.66,30.84,30.66,30.75,13837,0
20130730,30.75,30.87,30.72,30.78,57240,0
20130731,30.9,30.91,30.64,30.75,15908,0
20130801,30.75,30.92,30.63,30.86,21230,0
20130802,30.96,30.96,30.73,30.76,19012,0
20130805,30.75,30.93,30.75,30.87,14631,0
20130806,30.9,31.06,30.86,31.02,40564,0
20130807,31.06,31.09,30.98,31.02,28700,0
20130808,30.96,31.06,30.93,30.99,105855,0
20130809,30.96,31.05,30.92,30.95,3584,0
20130812,30.95,31.07,30.95,31.02,25627,0
20130813,31.1,31.12,30.93,31.02,7820,0
20130814,30.91,31.1,30.91,31.07,36497,0
20130815,31.08,31.25,31.08,31.16,27920,0
20130816,31.2,31.37,31.13,31.22,40230,0
20130819,31.47,31.57,31.31,31.56,28382,0
20130820,31.37,31.46,31.1,31.19,192261,0
20130821,31.26,31.37,31.07,31.25,107743,0
20130822,31.19,31.31,31.07,31.09,53210,0
20130823,31.22,31.22,30.98,31.07,203823,0
20130826,31.08,31.15,30.94,31.13,113282,0
20130827,31.1,31.27,31.09,31.27,101278,0
20130828,31.28,31.28,31.09,31.12,34108,0
20130829,31.24,31.24,30.91,31.08,138518,0
20130830,31.03,31.08,30.83,31.03,102485,0
20130903,30.87,31.18,30.79,31.14,18507,0
20130904,31.01,31.11,30.99,31.01,12696,0
20130905,30.94,31.2,30.94,31.19,58329,0
20130906,31.03,31.17,30.9,31.09,43616,0
20130909,30.96,30.99,30.87,30.98,30970,0
20130910,30.82,30.92,30.82,30.92,34862,0
20130911,30.86,30.95,30.82,30.83,6840,0
20130912,30.82,30.91,30.77,30.91,14354,0
20130913,30.82,30.93,30.78,30.93,7200,0
20130916,30.55,30.75,30.53,30.73,11781,0
20130917,30.61,30.66,30.59,30.6,55058,0
20130918,30.65,30.67,30.25,30.25,24882,0
20130919,29.93,30.45,29.85,30.34,210375,0
20130920,30.39,30.39,30.29,30.29,2125,0
20130923,30.31,30.4,30.31,30.33,3292,0
20130924,30.4,30.42,30.34,30.34,7372,0
20130925,30.36,30.52,30.36,30.41,3239,0
20130926,30.44,30.59,30.43,30.5,20789,0
20130927,30.5,30.63,30.48,30.53,4200,0
20130930,30.59,30.71,30.45,30.51,15780,0
20131001,30.53,30.68,30.45,30.45,4989,0
20131002,30.55,30.55,30.42,30.49,3531,0
20131003,30.48,30.52,30.42,30.43,1914,0
20131004,30.29,30.39,30.28,30.36,3560,0
20131007,30.18,30.47,30.18,30.41,17056,0
20131008,30.43,30.51,30.38,30.51,18319,0
20131009,30.4,30.45,30.36,30.45,3580,0
20131010,30.35,30.35,30.21,30.27,2100,0
20131011,30.31,30.39,30.2,30.29,21158,0
20131014,30.18,30.33,30.18,30.19,7418,0
20131015,30.26,30.33,30.21,30.33,4755,0
20131016,30.13,30.18,29.96,29.96,49813,0
20131017,30.04,30.04,29.83,29.84,31048,0
20131018,29.97,29.97,29.72,29.75,15079,0
20131021,29.57,29.89,29.51,29.82,9209,0
20131022,29.8,29.82,29.72,29.73,17753,0
20131023,29.87,29.88,29.74,29.84,34378,0
20131024,29.85,29.85,29.67,29.69,144739,0
20131025,29.69,29.82,29.67,29.77,12915,0
20131028,29.87,29.87,29.66,29.71,22405,0
20131029,29.82,29.82,29.66,29.74,65583,0
20131030,29.66,29.87,29.6,29.84,27401,0
20131031,29.55,29.88,29.55,29.79,14102,0
20131101,29.86,29.87,29.7,29.83,28358,0
20131104,29.83,29.91,29.77,29.84,14378,0
20131105,29.74,29.9,29.74,29.83,31116,0
20131106,29.66,29.83,29.66,29.78,23416,0
20131107,29.81,29.85,29.68,29.69,10002,0
20131108,29.8,29.9,29.75,29.78,10554,0
20131111,29.76,29.95,29.76,29.95,11565,0
20131112,29.98,30.06,29.77,29.98,39974,0
20131113,30.04,30.04,29.83,29.88,5500,0
20131114,29.87,29.88,29.68,29.73,26638,0
20131115,29.73,29.73,29.64,29.64,17254,0
20131118,29.45,29.77,29.21,29.77,26937,0
20131119,29.64,29.79,29.62,29.75,42381,0
20131120,29.77,29.83,29.61,29.81,95827,0
20131121,29.82,29.82,29.62,29.65,5315,0
20131122,29.64,29.7,29.6,29.67,153546,0
20131125,29.52,29.8,29.52,29.58,16569,0
20131126,29.69,29.69,29.51,29.53,27919,0
20131127,29.56,29.65,29.5,29.57,1453,0
20131129,29.55,29.62,29.5,29.54,2371,0
20131202,29.44,29.6,29.44,29.53,19475,0
20131203,29.56,29.62,29.5,29.6,43422,0
20131204,29.51,29.65,29.51,29.59,45170,0
20131205,29.59,29.72,29.59,29.66,9408,0
20131206,29.51,29.66,29.5,29.51,12123,0
20131209,29.54,29.54,29.41,29.42,1809,0
20131210,29.43,29.5,29.43,29.49,3330,0
20131211,29.51,29.69,29.47,29.69,27930,0
20131212,29.57,29.59,29.52,29.57,4900,0
20131213,29.56,29.6,29.52,29.55,11832,0
20131216,29.65,29.65,29.53,29.63,12079,0
20131217,29.55,29.64,29.52,29.56,5126,0
20131218,29.54,29.62,29.44,29.46,7470,0
20131219,29.65,29.65,29.45,29.56,4720,0
20131220,29.46,29.56,29.45,29.47,28261,0
20131223,29.38,29.55,29.25,29.45,11969,0
20131224,29.28,29.49,29.28,29.4,1091,0
20131226,28.84,29.53,28.58,29.53,62577,0
20131227,29.62,29.62,29.21,29.44,12450,0
20131230,29.51,29.51,29.06,29.21,69038,0
20131231,29.19,29.46,29.18,29.33,14189,0
20140102,29.37,29.43,29.32,29.32,9961,0
20140103,29.06,29.38,29.06,29.31,20418,0
20140106,29.18,29.34,29.18,29.31,6612,0
20140107,29.17,29.28,29.17,29.21,14164,0
20140108,29.15,29.3,29.15,29.28,9789,0
20140109,29.23,29.29,29.19,29.22,6368,0
20140110,29.2,29.2,29.12,29.19,6003,0
20140113,29.11,29.26,29.1,29.26,7637,0
20140114,29.2,29.2,29.06,29.16,9116,0
20140115,29.02,29.1,29.01,29.09,6066,0
20140116,29.07,29.09,28.99,29.07,32243,0
20140117,29.07,29.14,28.99,29.11,7071,0
20140121,29.09,29.1,28.95,29.05,6213,0
20140122,28.98,29.1,28.97,29.07,13833,0
20140123,29.09,29.1,29,29.03,6824,0
20140124,29.13,29.37,29.13,29.33,37693,0
20140127,29.37,29.37,29.24,29.31,80533,0
20140128,29.35,29.35,29.17,29.17,4121,0
20140129,29.15,29.34,29.15,29.32,17408,0
20140130,29.02,29.27,29.02,29.2,3262,0
20140131,29.09,29.36,29.09,29.36,46166,0
20140203,29.13,29.43,29.13,29.43,15836,0
20140204,29.31,29.36,29.24,29.26,6730,0
20140205,29.29,29.32,29.25,29.27,10047,0
20140206,29.24,29.27,29.08,29.22,12514,0
20140207,29.08,29.08,28.88,28.91,56131,0
20140210,29,29.06,29,29.01,1934,0
20140211,29,29.02,28.85,28.92,71323,0
20140212,28.91,28.95,28.88,28.92,1778,0
20140213,29.01,29.01,28.83,28.83,5385,0
20140214,28.86,28.86,28.83,28.84,2481,0
20140218,28.89,28.91,28.74,28.74,6488,0
20140219,28.85,28.85,28.67,28.77,28482,0
20140220,28.75,28.82,28.75,28.77,5862,0
20140221,28.75,28.76,28.69,28.72,1406,0
20140224,28.69,28.69,28.61,28.67,6678,0
20140225,28.63,28.69,28.59,28.61,18472,0
20140226,28.56,28.67,28.55,28.66,4658,0
20140227,28.59,28.61,28.51,28.53,7103,0
20140228,28.5,28.55,28.44,28.54,4736,0
20140303,28.49,28.55,28.45,28.47,158411,0
20140304,28.41,28.45,28.41,28.41,136695,0
20140305,28.42,28.47,28.4,28.47,39931,0
20140306,28.46,28.47,28.44,28.44,23866,0
20140307,28.48,28.58,28.47,28.57,4689,0
20140310,28.43,28.59,28.43,28.58,17577,0
20140311,28.5,28.62,28.42,28.58,12539,0
20140312,28.58,28.6,28.52,28.55,10497,0
20140313,28.45,28.75,28.24,28.62,19972,0
20140314,28.21,28.7,28.21,28.6,3072,0
20140317,28.49,28.57,28.49,28.55,2960,0
20140318,28.48,28.52,28.45,28.49,9603,0
20140319,28.55,28.68,28.47,28.68,12380,0
20140320,28.56,28.68,28.47,28.6,14819,0
20140321,28.46,28.62,28.43,28.5,5416,0
20140324,28.41,28.55,28.41,28.5,4360,0
20140325,28.52,28.52,28.43,28.51,8064,0
20140326,28.4,28.47,28.33,28.4,6600,0
20140327,28.32,28.5,28.32,28.48,4944,0
20140328,28.36,28.48,28.19,28.48,8214,0
20140331,28.39,28.41,28.33,28.39,14894,0
20140401,28.32,28.45,28.27,28.28,28053,0
20140402,28.28,28.4,28.27,28.35,2015,0
20140403,28.4,28.43,28.28,28.32,6669,0
20140404,28.39,28.39,28.25,28.3,4243,0
20140407,28.37,28.37,28.2,28.36,5402,0
20140408,28.43,28.43,28.36,28.38,28475,0
20140409,28.32,28.36,28.2,28.2,7961,0
20140410,28.32,28.33,28.2,28.23,3031,0
20140411,28.31,28.44,28.24,28.44,2416,0
20140414,28.54,28.54,28.3,28.3,3734,0
20140415,28.4,28.42,28.33,28.39,43824,0
20140416,28.57,28.57,28.3,28.3,38407,0
20140417,28.33,28.39,28.27,28.3,101784,0
20140421,28.43,28.43,28.21,28.32,42073,0
20140422,28.23,28.34,28.22,28.27,6055,0
20140423,28.26,28.32,28.24,28.27,4888,0
20140424,28.27,28.35,28.24,28.35,11874,0
20140425,28.36,28.37,28.23,28.32,32331,0
20140428,28.36,28.38,28.27,28.37,21920,0
20140429,28.31,28.32,28.2,28.21,11489,0
20140430,28.25,28.49,28.22,28.26,39872,0
20140501,28.35,28.35,28.22,28.25,9731,0
20140502,28.34,28.34,28.26,28.27,14466,0
20140505,28.27,28.28,28.23,28.28,21846,0
20140506,28.24,28.27,28.2,28.2,11870,0
20140507,28.2,28.26,28.11,28.18,12419,0
20140508,28.13,28.28,28.09,28.27,13628,0
20140509,28.1,28.15,28.08,28.08,18947,0
20140512,28.08,28.2,28.08,28.19,28890,0
20140513,28.16,28.2,28.06,28.14,33844,0
20140514,28.11,28.11,28.03,28.06,14443,0
20140515,28.09,28.14,28.08,28.12,6218,0
20140516,28.03,28.1,27.97,27.98,15744,0
20140519,28.03,28.04,28,28.03,5975,0
20140520,27.94,28.04,27.86,28,7793,0
20140521,28,28.08,27.99,28.07,8236,0
20140522,28.02,28.04,27.94,28.04,5671,0
20140523,27.95,28.01,27.95,27.95,4289,0
20140527,27.96,27.98,27.91,27.97,3430,0
20140528,27.87,28,27.87,28,35634,0
20140529,27.94,27.99,27.87,27.93,193454,0
20140530,27.96,27.96,27.85,27.89,44316,0
20140602,27.9,27.97,27.65,27.93,19292,0
20140603,27.92,27.99,27.92,27.96,5722,0
20140604,27.92,28,27.92,28,9638,0
20140605,27.88,27.94,27.83,27.93,10468,0
20140606,27.76,27.84,27.76,27.84,7389,0
20140609,27.83,27.83,27.73,27.81,5596,0
20140610,27.82,27.82,27.75,27.75,6700,0
20140611,27.8,27.82,27.75,27.78,10985,0
20140612,27.76,27.83,27.72,27.8,7619,0
20140613,27.77,27.83,27.6,27.69,31939,0
20140616,27.75,27.81,27.74,27.8,14829,0
20140617,27.82,27.82,27.75,27.78,2811,0
20140618,27.62,27.79,27.62,27.69,4578,0
20140619,27.75,27.83,27.66,27.69,8251,0
20140620,27.62,27.67,27.57,27.67,11925,0
20140623,27.65,27.65,27.58,27.65,42090,0
20140624,27.57,27.65,27.57,27.59,13516,0
20140625,27.64,27.7,27.57,27.63,4083,0
20140626,27.7,27.7,27.6,27.65,3049,0
20140627,27.63,27.75,27.63,27.67,1959,0
20140630,27.64,27.82,27.56,27.59,10995,0
20140701,27.74,27.81,27.55,27.67,10155,0
20140702,27.58,27.72,27.58,27.72,3200,0
20140703,27.69,27.69,27.51,27.64,5156,0
20140707,27.88,27.88,27.51,27.76,36614,0
20140708,27.81,27.87,27.7,27.77,91086,0
20140709,27.8,27.9,27.7,27.7,36225,0
20140710,27.78,28,27.78,27.9,31941,0
20140711,27.79,27.92,27.68,27.81,90817,0
20140714,27.7,27.76,27.68,27.75,12484,0
20140715,27.76,27.8,27.76,27.8,10582,0
20140716,27.78,27.9,27.77,27.86,21850,0
20140717,27.95,28.03,27.86,27.98,64786,0
20140718,28.15,28.22,27.93,27.98,17975,0
20140721,28.17,28.21,27.95,27.97,43093,0
20140722,28.1,28.13,27.89,27.95,110621,0
20140723,28.02,28.02,27.82,27.95,28227,0
20140724,28.02,28.02,27.81,27.89,22010,0
20140725,27.93,28.04,27.82,28,41712,0
20140728,28,28.08,27.92,27.96,460394,0
20140729,27.99,27.99,27.84,27.96,297293,0
20140730,28.09,28.09,27.9,28.04,172623,0
20140731,28.35,28.35,28.13,28.32,87006,0
20140801,29.78,30.33,28.25,28.36,137527,0
20140804,28.42,28.42,28.09,28.16,95017,0
20140805,28.26,28.29,28.09,28.22,123803,0
20140806,28.53,28.7,28.09,28.15,132491,0
20140807,28.1,28.12,28.01,28.09,38187,0
20140808,28.19,28.19,27.94,27.95,39455,0
20140811,27.99,27.99,27.8,27.85,69234,0
20140812,27.85,27.86,27.8,27.85,23356,0
20140813,27.8,27.83,27.71,27.78,60801,0
20140814,27.75,27.79,27.63,27.68,45515,0
20140815,27.58,27.71,27.57,27.69,39542,0
20140818,27.66,27.69,27.54,27.55,34044,0
20140819,27.6,27.61,27.53,27.6,22272,0
20140820,27.57,27.67,27.52,27.59,57114,0
20140821,27.61,27.61,27.48,27.56,33764,0
20140822,27.49,27.65,27.49,27.65,29916,0
20140825,27.59,27.64,27.47,27.57,24191,0
20140826,27.47,27.56,27.47,27.55,22087,0
20140827,27.57,27.58,27.52,27.58,36190,0
20140828,27.67,27.67,27.55,27.63,19610,0
20140829,27.65,27.65,27.56,27.6,12900,0
20140902,27.78,27.8,27.48,27.56,35962,0
20140903,27.47,27.6,27.47,27.6,16884,0
20140904,27.61,27.75,27.57,27.72,57761,0
20140905,27.72,27.72,27.61,27.67,24258,0
20140908,27.67,27.8,27.6,27.77,49582,0
20140909,27.79,27.85,27.78,27.85,61634,0
20140910,27.92,27.95,27.83,27.87,30296,0
20140911,27.77,27.94,27.74,27.88,34502,0
20140912,27.91,27.96,27.8,27.93,94746,0
20140915,28.06,28.06,27.87,27.95,39466,0
20140916,28,28.03,27.83,27.87,36670,0
20140917,27.98,27.98,27.74,27.78,28451,0
20140918,27.78,27.78,27.69,27.74,61235,0
20140919,27.76,27.76,27.62,27.69,75808,0
20140922,27.59,27.76,27.59,27.73,129067,0
20140923,27.85,27.92,27.72,27.92,112308,0
20140924,27.99,27.99,27.91,27.98,50554,0
20140925,28,28.3,28,28.11,187330,0
20140926,28.22,28.26,28.07,28.11,103819,0
20140929,28.19,28.29,28.16,28.2,67574,0
20140930,28.09,28.19,27.97,28,97937,0
20141001,27.95,28.07,27.92,27.99,97151,0
20141002,28.05,28.05,27.76,27.89,52086,0
20141003,27.81,27.97,27.7,27.78,40724,0
20141006,27.8,27.83,27.72,27.79,18656,0
20141007,27.82,27.96,27.82,27.95,37408,0
20141008,27.93,27.97,27.76,27.78,50733,0
20141009,27.8,28.1,27.71,28.04,93943,0
20141010,28.13,28.35,28.08,28.29,144558,0
20141013,28.42,28.42,28.08,28.41,56771,0
20141014,28.49,28.49,28.14,28.37,110435,0
20141015,28.4,28.63,28.16,28.23,252560,0
20141016,28.37,28.46,28.08,28.18,69860,0
20141017,27.77,28.02,27.64,27.75,145325,0
20141020,27.68,27.88,27.61,27.62,39886,0
20141021,27.56,27.88,27.4,27.46,205545,0
20141022,27.5,27.7,27.46,27.7,27465,0
20141023,27.38,27.62,27.25,27.62,53355,0
20141024,27.93,27.93,27.56,27.6,73654,0
20141027,27.72,27.72,27.59,27.71,16033,0
20141028,27.6,27.71,27.58,27.61,23612,0
20141029,27.55,27.76,27.55,27.69,16869,0
20141030,27.69,27.69,27.14,27.64,14374,0
20141031,27.5,27.61,27.49,27.59,43926,0
20141103,27.6,27.62,27.5,27.52,25571,0
20141104,27.59,27.71,27.55,27.71,24877,0
20141105,27.65,27.72,27.61,27.61,8581,0
20141106,27.66,27.66,27.56,27.57,54245,0
20141107,27.65,27.66,27.56,27.56,6943,0
20141110,27.56,27.6,27.53,27.57,2872,0
20141111,27.56,27.58,27.48,27.49,12501,0
20141112,27.5,27.6,27.44,27.57,52508,0
20141113,27.6,27.72,27.6,27.67,33315,0
20141114,27.62,27.85,27.62,27.75,23699,0
20141117,27.85,27.85,27.73,27.84,14436,0
20141118,27.85,27.94,27.8,27.94,1538491,0
20141119,27.96,28.05,27.89,27.93,1575390,0
20141120,28,28.05,27.84,27.88,10064,0
20141121,27.62,27.83,27.61,27.73,374328,0
20141124,27.71,27.76,27.64,27.75,162052,0
20141125,27.61,27.71,27.6,27.6,402166,0
20141126,27.65,27.65,27.55,27.57,189535,0
20141128,27.9,27.9,27.75,27.89,41079,0
20141201,28.01,28.19,27.93,28.18,194621,0
20141202,28.16,28.16,28,28.04,33479,0
20141203,28,28.08,27.91,27.98,65627,0
20141204,27.96,27.98,27.92,27.94,96560,0
20141205,27.97,28.1,27.97,28.01,39703,0
20141208,28.01,28.2,28.01,28.17,81426,0
20141209,28.35,28.36,28.18,28.18,95462,0
20141210,28.09,28.6,28.09,28.43,52396,0
20141211,28.45,28.75,28.43,28.62,102164,0
20141212,28.85,29.04,28.75,28.92,194001,0
20141215,29,29.24,28.84,29.04,223864,0
20141216,29.2,29.32,28.81,29.08,101327,0
20141217,29.08,29.19,28.35,28.55,142113,0
20141218,28.31,28.35,27.24,28.16,197446,0
20141219,27.8,28.14,27.8,27.88,48615,0
20141222,27.94,28.24,27.6,28.04,53556,0
20141223,28.24,28.24,27.89,27.91,31563,0
20141224,27.61,27.91,27.61,27.82,18999,0
20141226,27.79,27.92,27.73,27.92,14038,0
20141229,27.87,27.98,27.6,27.96,20611,0
20141230,27.9,28.04,27.9,27.93,11958,0
20141231,28,28.08,27.93,27.99,19620,0
20150102,27.96,28.13,27.93,27.98,29161,0
20150105,28.02,28.74,27.93,28.34,154755,0
20150106,28.51,28.51,28.21,28.42,73923,0
20150107,28.14,28.45,28.11,28.24,36386,0
20150108,28.01,28.1,27.92,27.95,85204,0
20150109,28,28.06,27.83,27.83,24553,0
20150112,27.96,28.02,27.85,27.94,38807,0
20150113,27.93,28.03,27.83,27.9,19859,0
20150114,27.98,28.08,27.94,28.03,30757,0
20150115,27.95,28.12,27.76,28.1,59938,0
20150116,28.14,28.14,27.96,27.96,26122,0
