Date,Open,High,Low,Close,Volume,OpenInt
20070227,266.68,268.12,266.68,267.6,350,0
20070228,277.56,279.8,275.8,276.68,1625,0
20070301,285.64,286.92,276.12,276.56,3675,0
20070302,283.48,283.48,281.92,281.96,825,0
20070305,289.64,289.64,283.84,289.64,6975,0
20070306,286.24,286.6,281.2,281.2,1275,0
20070307,281.84,282,281.84,281.92,350,0
20070308,280.64,280.64,279.76,279.76,50,0
20070309,276.56,279.96,276.56,279.04,2875,0
20070312,280.04,280.04,279.04,279.04,50,0
20070313,279.48,289.12,279.48,289.12,1350,0
20070314,288.24,296.28,287.52,287.52,6525,0
20070315,282.72,284.64,282.72,283.48,2775,0
20070316,284.48,284.88,284.48,284.88,50,0
20070319,283.12,283.12,280.4,280.4,325,0
20070320,276.08,276.8,276.08,276.48,100,0
20070321,275.64,275.64,264.96,266.16,800,0
20070323,265.28,265.28,265.28,265.28,25,0
20070326,265.16,268.44,265.16,265.28,2650,0
20070328,269.6,271.16,268.84,271.12,1550,0
20070330,267.44,273.16,267.44,270.68,1725,0
20070402,272.24,272.24,269.4,269.4,300,0
20070410,261.08,261.84,261.08,261.84,75,0
20070411,264.88,264.88,264.88,264.88,125,0
20070412,265.16,265.16,262.92,262.92,300,0
20070413,260.76,260.76,260.76,260.76,100,0
20070418,256.24,256.24,253.76,253.76,75,0
20070419,255.08,255.08,255.08,255.08,125,0
20070420,252.12,252.36,252.12,252.36,150,0
20070423,250.72,251.92,250.72,251.92,100,0
20070424,255.2,255.2,253.52,253.52,1375,0
20070426,248.52,248.52,248.52,248.52,25,0
20070501,254,254.16,253.28,254.16,1525,0
20070503,249.48,249.48,247.36,247.44,100,0
20070509,247.48,247.48,243.88,243.88,1450,0
20070510,248.8,249.76,247.88,249.76,75,0
20070511,248,248,246.04,246.04,300,0
20070515,242.84,242.84,242.84,242.84,375,0
20070516,243.2,243.2,243.2,243.2,100,0
20070517,242.08,242.08,241.68,241.68,375,0
20070518,240.56,240.8,240,240.08,650,0
20070521,238.64,239,236.88,237.4,4388,0
20070522,237.12,238.48,237.12,238.48,75,0
20070523,239.6,239.6,239.6,239.6,1250,0
20070524,244.88,244.88,244.88,244.88,25,0
20070525,241.52,244.24,241.52,242.56,775,0
20070530,244.04,244.04,238.36,238.36,225,0
20070531,237.92,238.16,237.92,238.16,50,0
20070607,245.8,252.6,245.8,252.6,875,0
20070608,253.04,253.96,248.08,248.08,1675,0
20070611,248.28,248.44,245.44,246.04,225,0
20070612,251.24,252,247,251.92,375,0
20070613,249.92,250.16,232.4,232.4,100,0
20070614,243,243.32,242.6,242.64,600,0
20070615,239.28,239.28,238.8,239,1125,0
20070618,240.52,240.52,240.52,240.52,375,0
20070619,240.52,240.6,240.52,240.6,125,0
20070620,240.48,240.48,237.76,237.76,75,0
20070622,247.92,253,247.92,253,225,0
20070625,253.08,254.76,248.84,254.08,850,0
20070626,247.36,249.16,247.36,247.36,200,0
20070627,253.68,255.48,247.72,247.76,325,0
20070628,245.8,246,244.96,244.96,1225,0
20070629,246.96,246.96,246.96,246.96,50,0
20070702,243.28,243.28,243.28,243.28,50,0
20070703,241.48,241.48,241.48,241.48,25,0
20070705,242.12,243.12,242.12,242.92,4800,0
20070706,241.32,241.32,239.96,239.96,775,0
20070709,240.28,241.68,240.28,241.68,175,0
20070710,242.84,243.88,242.44,243.88,1350,0
20070711,246.8,248.44,245.08,245.72,850,0
20070712,241.08,241.08,237.28,237.28,325,0
20070713,236.56,236.56,233.88,233.88,50,0
20070716,235.32,236,235.32,236,50,0
20070717,235.44,236.64,234.52,236.64,175,0
20070718,240.76,241.28,238.72,238.72,200,0
20070719,235.84,238.16,235.84,238.16,150,0
20070720,237.76,244.32,237.76,244.28,400,0
20070723,241.96,241.96,241.68,241.68,50,0
20070725,255.68,255.76,249.32,250.64,1300,0
20070726,259.2,268.44,256.36,263.36,2100,0
20070727,267.24,270,263.56,265.64,450,0
20070730,270.92,273.52,266.64,266.8,1025,0
20070731,262.92,274.16,261.08,274.16,925,0
20070801,272.04,279.48,269.4,269.4,575,0
20070802,268.84,269.92,267.2,267.4,1675,0
20070803,271.68,284.96,271.68,284.96,1950,0
20070806,282.56,289.04,270.76,271,3550,0
20070807,274.36,274.36,265.52,271,775,0
20070808,261.92,264.88,257.72,264.88,1250,0
20070809,266.96,269.12,266.36,269.12,2175,0
20070810,280.88,285.04,273.64,274.8,2425,0
20070813,270.92,274.24,270.92,274.24,1650,0
20070814,275.36,285.96,275.36,285.96,1825,0
20070815,287.36,293.6,285.24,293.6,750,0
20070816,297.8,307.56,285.6,287.36,7900,0
20070817,275.4,282.4,270.96,271.56,3425,0
20070820,270.44,278.32,270.04,272.72,850,0
20070821,275.2,275.2,269.76,272.36,575,0
20070822,268.72,270.32,266.2,266.88,4825,0
20070823,263.92,268.04,263.44,268.04,250,0
20070824,267.64,267.64,264.12,264.12,175,0
20070827,265.4,265.4,265.4,265.4,25,0
20070828,271.56,281.2,271.56,281.2,1800,0
20070829,277.2,279.24,273.92,273.92,850,0
20070830,272.4,272.72,268.76,272.72,250,0
20070831,265.48,269.68,263.84,265.36,825,0
20070904,263.88,263.88,263.88,263.88,1200,0
20070905,265.4,269.04,265.4,268.36,625,0
20070906,266.28,269.64,266.28,266.76,1450,0
20070907,273.32,282.4,270.92,274.64,3575,0
20070910,275.68,275.68,275.68,275.68,100,0
20070911,269.28,269.28,269.28,269.28,75,0
20070913,265.28,265.28,265.28,265.28,75,0
20070914,265.28,265.28,263.12,263.12,250,0
20070917,264.76,264.76,264.76,264.76,25,0
20070918,264.76,264.76,249.52,249.52,675,0
20070919,245.2,247.32,242.92,246.96,3700,0
20070921,247.16,248.36,247.16,248.36,375,0
20070924,249.56,249.56,249.56,249.56,25,0
20070926,248.32,248.32,248.32,248.32,50,0
20070928,247.04,247.04,247.04,247.04,25,0
20071001,246.6,246.6,241.48,241.96,1250,0
20071002,241.72,241.72,241.36,241.36,75,0
20071003,242.04,242.04,242.04,242.04,50,0
20071004,241.56,242.76,241.56,242.76,150,0
20071005,239.24,239.24,236.68,236.68,250,0
20071009,239.64,239.64,237.12,237.12,50,0
20071010,237.32,239.64,237.32,238.92,425,0
20071011,235.68,238.04,235.68,238.04,300,0
20071012,239.36,239.36,238.48,238.48,50,0
20071015,242.88,244.16,242.88,244.16,375,0
20071016,245.32,246.96,245.32,246.96,275,0
20071017,246.68,249.88,246.68,247.28,325,0
20071019,252.6,261.36,252.6,255.52,5400,0
20071022,265.48,265.48,260,260,4375,0
20071023,257.12,260.12,256.92,257.76,525,0
20071024,260.92,262,260.92,262,75,0
20071025,259.08,264.96,258.04,260,375,0
20071026,255.84,257.6,252.44,252.52,1000,0
20071029,251.28,251.28,251.04,251.04,550,0
20071030,253.64,254.48,253.6,253.6,1150,0
20071031,251,254.52,249.04,250.56,1375,0
20071101,257.44,265.68,257.44,265.68,3150,0
20071102,265.4,273.08,265.4,267.84,850,0
20071105,283.84,287.52,269.12,269.12,6525,0
20071106,268.28,272.4,265.28,265.28,1700,0
20071107,295.08,295.08,269.08,282.4,4388,0
20071108,261.72,286.88,261.72,277.4,7005,0
20071109,284.92,330.84,276.6,283.12,27050,0
20071112,284.52,288.36,279.24,288.36,1025,0
20071113,278.48,283.56,271.88,271.88,1825,0
20071114,255.52,275.72,255.52,275.72,7833,0
20071115,277.2,285.96,276.16,284.08,4050,0
20071116,284.08,287.44,280.04,283.96,700,0
20071119,277.28,295.36,277.28,295.28,3225,0
20071120,293.04,300.44,288.8,300.44,1450,0
20071121,298.4,302.44,294.04,301.96,1700,0
20071123,293.96,298.2,290.76,290.76,1344,0
20071126,294.16,306.64,291.16,306.64,1300,0
20071127,305.72,306.76,298.84,298.84,1450,0
20071128,289.88,292.48,280.08,281.08,1572,0
20071129,283.12,283.12,279.4,282.16,325,0
20071130,272.28,277.4,271.76,274.64,1125,0
20071203,276.64,276.64,276.56,276.56,250,0
20071204,281.92,281.92,280.36,281.28,450,0
20071205,276.76,276.76,267.44,276.48,1450,0
20071206,272.88,272.88,264.16,264.16,1850,0
20071207,263.52,265.08,261.04,264.84,2525,0
20071210,264.32,264.32,259.88,260.88,925,0
20071211,258.76,275.84,258.12,270.44,4784,0
20071212,264.68,278.96,264.68,272.72,2250,0
20071213,277.76,279.8,270.88,272.44,2975,0
20071214,276.72,280.28,274.44,280.28,325,0
20071217,285.12,288.16,282.2,288.16,1750,0
20071218,284.28,292.08,283.68,283.68,1175,0
20071219,281.6,286.68,281.6,284.56,275,0
20071220,283.56,288.16,283.56,284.92,150,0
20071221,278.84,278.84,276.32,277.4,175,0
20071224,272.8,272.8,270.36,270.76,1875,0
20071226,272.8,273.2,270.84,270.84,1000,0
20071227,274.12,276.04,274.12,276.04,400,0
20071228,273.88,277.36,273.88,277.36,1275,0
20071231,280.28,281.16,279.08,281.16,625,0
20080102,282.36,290.04,279.64,287.48,975,0
20080103,285.04,289.76,285.04,289.76,475,0
20080104,301.88,301.88,294.12,297.24,2050,0
20080107,297.24,303.2,297.24,298.72,1525,0
20080108,292.88,312.56,292.88,312.56,1375,0
20080109,313.88,318.4,305.24,305.8,4175,0
20080110,311.12,311.28,294.72,299.64,5525,0
20080111,303.56,304.68,300.68,303.84,525,0
20080114,303.84,303.84,302.28,302.56,600,0
20080115,308.64,315.24,307.56,313.88,1500,0
20080116,312.8,320.4,311.72,317.04,3025,0
20080117,317.48,339.52,317.48,338.8,4600,0
20080118,332.68,351.64,332,344.4,4900,0
20080122,351.04,366.96,343.48,346.52,7225,0
20080123,353.52,365,327.16,328.08,8175,0
20080124,323.32,328.72,320.8,320.8,1300,0
20080125,308.04,333.16,308.04,332.44,5900,0
20080128,336.56,336.56,318.28,318.4,3200,0
20080129,313.28,316.52,310.4,311.48,3300,0
20080130,311.48,317.04,299,317.04,1600,0
20080131,322.16,322.16,298.72,298.72,775,0
20080201,304.36,304.36,294.08,294.32,5475,0
20080204,298.48,300.72,297.24,300.52,1450,0
20080205,309.64,320.72,309.52,320.72,1600,0
20080206,324.64,324.64,314.4,323.84,975,0
20080207,328.52,328.52,319.24,320.04,1450,0
20080208,322.32,329.4,320.08,323.04,1550,0
20080211,327.88,333.84,313.36,326.24,575,0
20080212,320.96,322.48,312.76,320.2,2000,0
20080213,311.56,314.36,311.36,312.48,425,0
20080214,309.88,315.76,309.68,315.76,1475,0
20080215,321.48,322.72,319.84,319.84,550,0
20080219,309.36,316.8,308.12,316.8,275,0
20080220,324.2,324.2,313.52,313.52,3000,0
20080221,317.04,321.6,317.04,321.52,75,0
20080222,318.56,328.28,312.8,312.8,3925,0
20080225,318.4,318.88,304.72,304.72,1025,0
20080226,304.76,304.76,300.52,301.16,375,0
20080227,298.64,304.6,298.56,302.28,350,0
20080228,306.72,310.2,306.72,308.36,1325,0
20080229,316.8,328.76,316.8,326.84,725,0
20080303,330.92,332.68,325.72,329.48,1725,0
20080304,331.08,342.4,331.08,332.4,4706,0
20080305,335.76,335.76,321.4,329.44,12225,0
20080306,328.44,345.4,328.44,345.4,3492,0
20080307,348.72,356.92,340.16,348.48,4050,0
20080310,355,362.76,351.8,360.36,3950,0
20080311,354.96,354.96,332.16,332.52,3886,0
20080312,334.28,337.72,322.48,337.36,3175,0
20080313,341.72,356.84,334.12,334.52,1275,0
20080314,343.92,355.92,343.92,349.08,10025,0
20080317,357.4,368.96,351.36,352.8,3288,0
20080318,336.76,342.84,322.28,322.28,10582,0
20080319,311.28,340.28,311.28,340.28,850,0
20080320,332.04,333.36,320.04,321.68,1000,0
20080324,319.24,319.24,305.8,314.2,9550,0
20080325,305.56,317.76,305.56,312.24,800,0
20080326,316.68,320.16,316.68,320.16,2900,0
20080327,320.76,322.64,317.28,317.28,325,0
20080328,322.4,332.56,322.4,332.56,1500,0
20080331,337,337,324.28,324.36,1975,0
20080401,320.6,320.6,301.68,302.4,2200,0
20080402,302.6,304.56,297.16,302.68,804,0
20080403,304.84,304.84,302.6,302.6,50,0
20080404,300.2,303.76,300.2,303.76,75,0
20080407,298.6,299,296.92,299,2125,0
20080408,303,303.76,302.8,303.76,2775,0
20080409,303.52,306.92,303.52,306.92,125,0
20080410,306.88,310.48,298.8,306.12,225,0
20080411,311.72,320.2,311.72,320.2,1050,0
20080414,321.8,324.4,321.8,324.04,650,0
20080415,311.52,323.84,311.52,320.48,1488,0
20080416,313.4,313.4,306.68,306.68,475,0
20080417,317.76,318.92,302.72,302.72,619,0
20080418,294.04,296.6,292.92,296.6,625,0
20080421,299.68,299.68,297.32,297.32,250,0
20080422,300.24,303.2,300.24,301.2,305,0
20080423,302.96,303.28,300.52,303.28,200,0
20080424,296.76,298.16,295.72,298.16,238,0
20080425,294.4,298.6,290.68,291.2,2100,0
20080428,292,292,289.08,290.12,8322,0
20080430,293,295.52,287.36,295.52,3290,0
20080501,288,288,285.68,285.76,225,0
20080502,284.52,286.4,279.92,286.4,1064,0
20080505,285.32,287.52,285.32,287.52,100,0
20080506,291.16,291.16,281.76,281.76,450,0
20080507,282.24,285.96,282.24,285.96,1598,0
20080508,291.2,294.16,291.2,292.36,3682,0
20080509,297.48,297.48,294.72,295.6,525,0
20080512,293.76,294.6,291.76,291.84,250,0
20080513,284.12,290.04,284.12,290.04,156,0
20080514,285.84,287.48,284.56,287.48,610,0
20080515,286.96,287.28,285.4,285.4,150,0
20080516,283.16,283.16,281.96,282.2,200,0
20080519,276.4,282,276.4,280.56,600,0
20080520,283.92,286.48,283.92,286.48,995,0
20080521,283.96,295.8,283.96,295.8,3009,0
20080522,294.24,295.36,292.56,294.16,2913,0
20080523,298.04,303.64,298.04,303.64,3785,0
20080527,312.44,312.44,300.76,300.76,1615,0
20080528,295.72,303.64,295.72,302.96,857,0
20080529,295.36,296.92,292.76,295.52,719,0
20080530,296.64,297.88,295.32,295.32,416,0
20080602,298.2,304.28,298.2,304.28,81,0
20080603,301.48,308.52,301.48,306,300,0
20080604,305.96,311.36,305.96,309.72,9589,0
20080605,304.72,304.72,296.32,297.04,713,0
20080606,303.88,315.12,303.88,315.12,685,0
20080609,312.96,319.48,309.92,315.28,1573,0
20080610,322.52,330.64,313.96,318.92,1653,0
20080611,317.04,329.44,317.04,329.44,10946,0
20080612,332.32,341.4,319.84,327.16,8427,0
20080613,316.32,327.64,316.32,317.56,3877,0
20080616,324.92,324.92,307.28,317.68,2055,0
20080617,317.84,323,313.88,322.08,630,0
20080618,325.48,331,325.48,329.96,1803,0
20080619,337.24,337.24,328.08,328.72,3360,0
20080620,338.16,341.84,334.44,340.12,3712,0
20080623,343.72,345.6,337.68,342.76,5176,0
20080624,351.56,351.56,335.56,340.72,2440,0
20080625,340.56,340.56,330.84,337.4,1285,0
20080626,353.68,357,344.76,357,2480,0
20080627,364.36,364.92,352.04,359.32,2289,0
20080630,359.32,362.2,339.64,358.32,9792,0
20080701,356.24,370.16,350.08,357.48,6186,0
20080702,347.24,369.36,340.88,369.36,34204,0
20080703,369.8,373.96,364.36,368.36,8889,0
20080707,367.4,385.8,353.16,379.96,5906,0
20080708,380.6,389.36,361.64,361.96,11080,0
20080709,360,378.64,357.44,378.48,3185,0
20080710,381.84,386.28,369.28,377.4,15454,0
20080711,386.64,394.68,370.28,385.24,23722,0
20080714,370.84,399.6,355.6,398.2,15401,0
20080715,412.4,419.96,394.44,407.44,20985,0
20080716,410.28,410.28,383.64,385.6,19031,0
20080717,372.48,383.28,368.64,370.88,7326,0
20080718,363.6,372.68,310.12,366.68,4229,0
20080721,361.2,367.28,359.64,366.08,6257,0
20080722,375.08,375.08,350.28,350.28,2982,0
20080723,343.6,351.08,339.32,346.2,8823,0
20080724,347.24,366.84,347.24,366.08,935,0
20080725,368.04,368.8,361.32,365.64,1415,0
20080728,368.8,381.92,364.88,381.92,969,0
20080729,379.88,381.04,360.84,360.84,2025,0
20080730,352.32,357.52,348.4,348.84,2509,0
20080731,352.2,356.12,347.76,356.12,976,0
20080801,358.28,360.4,349.32,357.56,1743,0
20080804,357.56,365.52,357.56,364.28,1077,0
20080805,362.48,362.48,344.36,344.76,2997,0
20080806,344.68,347.92,343.16,343.16,700,0
20080807,349.96,357.84,346.88,357.84,5467,0
20080808,360.32,362.08,338.36,338.36,10772,0
20080811,333.08,340.36,328.08,331.68,1296,0
20080812,335.32,343.8,335.32,343.08,2195,0
20080813,347.6,351.56,343.52,347.08,2878,0
20080814,350.96,350.96,340.68,342.96,3805,0
20080815,337.44,341.36,337.44,338.24,2501,0
20080818,329.56,349.44,329.56,348.04,400,0
20080819,354.52,360.36,354.52,358.32,2025,0
20080820,357.68,362.32,352.92,353.04,1603,0
20080821,363.24,364.56,349.56,351.88,1035,0
20080822,345.36,347.08,343.08,343.72,1257,0
20080825,353.4,357.56,352.96,357.56,1248,0
20080826,358.68,358.68,354.36,354.8,1388,0
20080827,355.04,355.04,343.68,347.08,921,0
20080828,342.84,342.84,334.92,334.92,518,0
20080829,335,340.76,335,340.16,2275,0
20080902,328.72,342.08,323.48,340.48,703,0
20080903,339.56,343.04,337.6,337.6,2123,0
20080904,343.48,357,341,354.4,2313,0
20080905,361.6,369.72,352.56,352.92,6844,0
20080908,326.44,345.36,320.76,333.64,7040,0
20080909,336.12,357.88,332.56,357.76,4164,0
20080910,331.96,362.68,331.96,357.52,6460,0
20080911,369.16,370.48,349.4,349.4,2020,0
20080912,357.48,357.84,347.4,347.92,1176,0
20080915,371.96,384.2,357.64,384.2,3018,0
20080916,405.24,406.72,367.68,370.2,10021,0
20080917,385.08,407.16,379.08,401,2019,0
20080918,394.8,426.8,362,373.08,8110,0
20080919,350.2,350.2,319.52,331.8,6324,0
20080922,321.92,356.48,318.56,354.24,9525,0
20080923,360.64,367.68,349.6,355.08,2450,0
20080924,367.48,370,363.6,369.64,968,0
20080925,363.4,371.12,346.12,355.64,9140,0
20080926,368.64,369.64,348.92,348.92,5474,0
20080929,368.64,409.36,363.92,405.32,6527,0
20080930,404.24,405.48,366.96,366.96,3399,0
20081001,378.4,383.44,363.2,364.16,4915,0
20081002,374.52,391.84,361.12,390.84,1800,0
20081003,379.92,408.48,368.68,408.48,2753,0
20081006,430.8,473.44,420.24,432.32,11470,0
20081007,429.32,491.52,409.24,491.52,10470,0
20081008,530.96,574.28,471.84,488.36,4776,0
20081009,482.88,597.92,468.24,581.64,4191,0
20081010,660.28,689.2,578.76,605.12,15385,0
20081013,553.44,563.68,465.52,465.52,5591,0
20081014,423.12,486.6,390.28,458.96,5237,0
20081015,470,537.12,470,537.12,1151,0
20081016,527.44,594.92,497.96,503.96,4407,0
20081017,521.8,524.36,470.52,498.96,378,0
20081020,467.4,498.52,462.12,478.88,786,0
20081021,477.2,482.88,460.8,475.84,397,0
20081022,510.44,557.64,509.72,539.84,1709,0
20081023,530.92,592.96,513.72,535.96,15295,0
20081024,618.92,618.92,556.24,563.84,3378,0
20081027,594.32,594.32,549.68,565.48,2424,0
20081028,555.76,612.12,479.64,479.64,3048,0
20081029,497.64,497.64,449.72,477.08,4950,0
20081030,458.16,486.12,458.16,474.44,787,0
20081031,477.4,477.56,442.36,444.28,830,0
20081103,454.24,459.04,446.44,446.6,1558,0
20081104,431.72,431.72,412.84,412.84,1353,0
20081105,425,458.8,422.84,458.8,1920,0
20081106,461.88,512.76,461.88,512.76,2283,0
20081107,520.08,520.08,479,479,2639,0
20081110,434.88,498.6,429.4,493.72,2975,0
20081111,513.6,527.36,495.8,521.96,2813,0
20081112,533.44,563.72,533.44,563.72,2251,0
20081113,554.76,597.8,482.16,482.16,4323,0
20081114,523.88,525.28,477.92,515.6,6772,0
20081117,543.56,554.2,520.4,554.2,921,0
20081118,565.52,586.88,534.52,545.48,4834,0
20081119,577.24,618.52,573.2,618.52,6491,0
20081120,632.8,724.84,626.68,715.12,27191,0
20081121,674.52,741.84,621.12,623.48,11943,0
20081124,599.8,604.56,500.4,529.4,14977,0
20081125,502.12,527,492.04,509.16,10024,0
20081126,530.36,530.36,471.56,474.96,3678,0
20081128,467.84,467.84,458,458,2168,0
20081201,492.56,545.72,492.56,545.72,4345,0
20081202,532.68,537.92,493.96,493.96,3461,0
20081203,515.88,517.2,463.72,463.72,4541,0
20081204,455.88,497.64,455.88,487.44,3275,0
20081205,507.32,519.08,446.96,447.96,9652,0
20081208,427.2,427.2,405.48,413.64,3318,0
20081209,411.8,437.6,411.8,437.6,3548,0
20081210,427.4,432.88,423.92,425.56,1495,0
20081211,427.88,445.8,427.52,445.8,225,0
20081212,471.12,471.12,448.52,450.6,11794,0
20081215,449.72,461.56,449.72,458.4,3729,0
20081216,444.24,444.36,411.16,411.16,5388,0
20081217,417.2,417.2,399.8,403.36,1506,0
20081218,417.48,440.16,411.6,440.16,2374,0
20081219,424.6,432.24,415.64,432.24,825,0
20081222,439.68,461.4,439.68,447.92,5175,0
20081223,445.76,461.24,445.76,459.96,1575,0
20081224,457.72,457.72,457.72,457.72,43,0
20081226,450.6,450.6,447,447,906,0
20081229,451.8,453.08,448.64,448.64,624,0
20081230,440.96,442.52,426,427.6,3738,0
20081231,424.64,424.92,406,412.8,3160,0
20090102,402.44,402.44,388,388.4,1869,0
20090105,395.08,399.24,389.12,393.96,20181,0
20090106,385,392,382.88,390.8,748,0
20090107,402.4,417.76,402.4,412.6,4006,0
20090108,414,416.68,410.2,410.2,250,0
20090109,409.84,429.48,409.84,429.48,4108,0
20090112,433.64,456.4,433.64,450.16,2753,0
20090113,456.04,456.04,447.24,449.4,1341,0
20090114,456.08,483.96,442.08,478.88,3825,0
20090115,484.96,513.96,473.84,477.8,2715,0
20090116,466,503.92,466,480.48,864,0
20090120,503.28,540,499.36,538.16,4982,0
20090121,523.72,541.2,492,492,52654,0
20090122,509.6,525.84,494.28,505.68,736,0
20090123,506.52,515.76,502.72,502.72,129,0
20090126,477.12,494.6,476.88,494.6,1123,0
20090127,493.36,493.36,480.96,482.6,1000,0
20090128,464.92,466.48,448.88,458.56,3427,0
20090129,462.48,480.4,462.48,480.04,3573,0
20090130,484.8,508,484.8,504.16,2375,0
20090202,518.92,519.48,500,504.6,1365,0
20090203,508.24,508.24,493.4,496.76,2441,0
20090204,484,506.52,484,504.04,1188,0
20090205,519.84,526.16,490.36,493.36,1297,0
20090206,479.68,479.68,460.8,463.08,2609,0
20090209,464.64,465.48,454.48,460.48,1075,0
20090210,465.56,515.2,465.56,509.88,6372,0
20090211,502.84,506.08,494.76,499.44,1884,0
20090212,502,528.44,498.24,498.24,2520,0
20090213,501.32,514.36,499.32,510.16,2338,0
20090217,551.24,563.28,549.08,562.72,4233,0
20090218,556.76,578.48,556.76,568.84,4431,0
20090219,560.48,583.4,554.88,581.32,2315,0
20090220,611.72,632.68,597.4,602.96,7862,0
20090223,597.08,641.44,582.32,641.36,6431,0
20090224,632.36,637.56,578.32,582.36,4616,0
20090225,590.6,613.68,567.76,581.76,8721,0
20090226,571.64,606.88,564.36,605.68,3460,0
20090227,641.4,643.4,618,642.92,16704,0
20090302,672.72,712.08,667.64,706.8,24123,0
20090303,687.72,736.8,687.72,728.48,12114,0
20090304,707.64,719.92,674.68,700.8,6024,0
20090305,728.28,777.92,727.32,770.56,7658,0
20090306,745.68,805.6,726.04,764.44,16755,0
20090309,780.28,784.56,739.48,779.2,6390,0
20090310,726.76,726.76,665.52,669,12882,0
20090311,649.12,676.88,635.36,659.88,11010,0
20090312,659.56,670.32,593,599.68,7948,0
20090313,585.6,609,578.12,585.64,12103,0
20090316,571.96,589.08,549.36,588.24,39776,0
20090317,584.96,595.68,547.32,547.44,10778,0
20090318,552.56,565.44,507.32,512.44,20851,0
20090319,495.84,537,495.84,534.84,4387,0
20090320,540.52,562.68,535.12,559.96,2260,0
20090323,516.44,530.6,471.84,471.84,6645,0
20090324,482.64,495.6,474.56,495.6,4327,0
20090325,468.32,506.76,468,480.12,2589,0
20090326,464.36,477.84,459.6,461.24,14800,0
20090327,471.4,479.2,469.8,476.88,1672,0
20090330,508.28,521.2,508.28,517,6138,0
20090331,512.72,512.72,489.76,504.8,2548,0
20090401,504.8,504.8,483.96,484.72,1380,0
20090402,452.2,458.76,443.64,455.88,17274,0
20090403,452.68,460,444,444.84,1550,0
20090406,451.16,463.72,448.32,448.32,8931,0
20090407,468,472,461.4,471.48,19428,0
20090408,466.64,474.2,462.48,463.48,1861,0
20090409,436.2,438.08,416.32,416.32,7298,0
20090413,426.56,427.12,407.52,411.6,2075,0
20090414,420.44,433.36,413.8,433.24,11042,0
20090415,436.84,439.44,415.2,416.64,8949,0
20090416,411.08,423.64,400,406.8,4000,0
20090417,400.4,402.04,391.84,398.2,6805,0
20090420,413.16,439.52,413.16,438.96,11525,0
20090421,448.48,449.48,416.92,416.92,12281,0
20090422,424.36,426.2,405.48,423.72,15919,0
20090423,419.88,433,415.64,415.64,4841,0
20090424,405.2,411.28,396,401.52,12400,0
20090427,412.24,414.84,400.72,412.8,9006,0
20090428,421.56,422.36,405.12,412.2,8254,0
20090429,404.36,404.36,385.08,392.76,15003,0
20090430,381.76,396.4,381.6,395.24,3568,0
20090501,394.48,399.72,390.4,392.36,2843,0
20090504,383.16,385.76,358.2,358.2,12859,0
20090505,359.52,365.2,357.08,362.04,2023,0
20090506,349.64,355.6,340.64,344.2,3219,0
20090507,340.2,354.4,330.16,349.36,4433,0
20090508,339.96,341.92,325.6,326.04,2653,0
20090511,335.76,345.04,335.76,345.04,2593,0
20090512,339.32,357.08,339.32,348.28,6313,0
20090513,359.68,368.64,357.2,367.08,4094,0
20090514,364.8,366.84,356.8,360.56,2950,0
20090515,360.4,372.64,359.04,369.88,4400,0
20090518,361.64,361.64,343.4,343.4,4730,0
20090519,343.28,346.84,339.44,346.36,3135,0
20090520,337.88,352.96,333.96,352.76,4748,0
20090521,362.8,369.6,358.16,361.8,8467,0
20090522,360.68,365.4,356.04,363.72,18530,0
20090526,369,369,344.92,346.88,9071,0
20090527,344.88,361.52,344.04,361,10450,0
20090528,357,363.96,348.24,348.44,2023,0
20090529,346.08,351.96,335.4,335.4,1565,0
20090601,331.4,331.4,320.04,325.56,5944,0
20090602,325.88,326.8,321,322.84,3090,0
20090603,329,337.76,329,334.88,1025,0
20090604,329.96,334.32,324.68,324.68,950,0
20090605,318.36,330.08,317.88,327.16,3430,0
20090608,334.48,335.36,323.36,329,4044,0
20090609,325.12,330.2,324.08,326.76,2780,0
20090610,320.96,334.64,320.96,327.12,2050,0
20090611,325.68,325.68,314.64,323.76,3050,0
20090612,327,327,320.8,320.8,3229,0
20090615,328.12,339.76,328.12,336.8,3425,0
20090616,336.08,347.24,334.88,345.72,4665,0
20090617,346.92,355.32,345.32,350.48,5284,0
20090618,350.76,351.36,342,345.24,2289,0
20090619,338,346.16,337.72,343.24,2954,0
20090622,351.6,364.04,351.6,363.68,8654,0
20090623,361.8,366.44,358.88,362.16,6170,0
20090624,356.32,360,349.4,357.24,5055,0
20090625,359.88,359.88,341.52,342.4,6315,0
20090626,343.52,347.72,339.92,344.2,16178,0
20090629,340,341.96,334.32,335.36,4287,0
20090630,334.04,345.48,333.16,339.04,3375,0
20090701,336.12,338.44,330.92,337.92,3002,0
20090702,347.96,358.6,347.96,357.68,3052,0
20090706,364.04,370.56,359,359,4337,0
20090707,360.2,374.48,360.2,373.52,9620,0
20090708,371.56,389.56,369.24,378.48,16754,0
20090709,372.8,377.72,368.48,375.28,11113,0
20090710,380.12,384.36,375.2,378.56,14755,0
20090713,375.28,380.56,356.92,357.28,14443,0
20090714,354.84,359.32,351.64,352.04,14505,0
20090715,341.96,341.96,326.88,328.24,7047,0
20090716,331.4,333.84,319.92,323,8088,0
20090717,324.08,328,323.64,324.88,5481,0
20090720,320.72,323.52,315.92,318.08,7709,0
20090721,310.68,321.96,310.16,314.52,6258,0
20090722,320.4,320.4,310.52,313.8,2656,0
20090723,311.36,311.4,295.04,297.48,4876,0
20090724,299.52,301.24,293.08,293.08,3825,0
20090727,294.48,296.04,289.68,289.76,7992,0
20090728,293,298.2,289.56,292.12,7839,0
20090729,297.08,300.84,295.24,297.16,1261,0
20090730,288.96,288.96,282.2,288.68,9832,0
20090731,286.92,290.04,283,286.04,4575,0
20090803,278.52,281.04,274.36,275.68,4407,0
20090804,276.8,278.2,270.04,271.44,8133,0
20090805,270.28,276.36,267.88,269.88,7360,0
20090806,266.48,275.16,266,271.88,5350,0
20090807,265.68,268,259.96,263.68,2479,0
20090810,265.24,268.04,263.36,264.52,1159,0
20090811,270.64,274.24,270.52,273.56,1425,0
20090812,275,275.04,263.44,267.56,1163,0
20090813,265.2,267.48,262.8,262.88,1475,0
20090814,265,271.44,264.96,265.84,3175,0
20090817,277.84,281.92,277.84,281.92,2771,0
20090818,279.96,279.96,274.76,276.08,3462,0
20090819,281.16,281.16,269.76,271.24,450,0
20090820,271.04,271.56,265.52,265.52,1148,0
20090821,258.72,258.72,252.36,252.8,3638,0
20090824,249,254.36,247.36,252.8,1534,0
20090825,250.84,252.64,246.76,252.16,6008,0
20090826,253.96,255.24,251.52,251.6,4185,0
20090827,255.12,257.84,248.88,250,2375,0
20090828,247.2,253.44,246.92,250.4,1500,0
20090831,256.56,257.92,254.88,254.88,3522,0
20090901,257.72,269.6,252,269.4,5637,0
20090902,270.56,272.72,268.64,272.36,4412,0
20090903,268.52,272.8,266.2,267.04,2200,0
20090904,264.96,266.76,259.24,259.24,1600,0
20090908,253.68,255,253.04,254,1525,0
20090909,252.4,253.64,247.88,249.08,3050,0
20090910,248,251.48,242.36,242.36,5963,0
20090911,241.56,244.96,239.56,242.88,3325,0
20090914,247.4,247.4,238.16,238.16,1075,0
20090915,236.56,240.24,233.68,234.68,1800,0
20090916,232.68,233,226.56,227.12,1750,0
20090917,227.12,228.36,223.2,228.36,259,0
20090918,226.08,227.84,226.08,227.64,388,0
20090921,230.2,230.2,230.2,230.2,25,0
20090923,225.68,231.24,221.96,231.24,1000,0
20090924,229.16,238.72,229.16,237.68,1653,0
20090925,239.36,242.36,236.52,240.36,3500,0
20090929,229.48,231.64,228.44,231.08,1500,0
20090930,237.32,237.32,231.08,233.68,5500,0
20091001,238.44,247.36,238.44,247.36,4549,0
20091002,251.36,254.2,248.32,251.56,5938,0
20091005,242.72,243.12,240.12,240.76,1352,0
20091006,236,238,230.92,234.8,5456,0
20091007,235.76,235.76,232.68,232.84,6508,0
20091008,228.84,229.84,225.8,228.6,2259,0
20091012,223.2,224.16,222.56,224.16,894,0
20091013,225.56,226.48,225.56,226.48,175,0
20091014,219.04,219.04,215.76,215.8,825,0
20091015,217.08,217.08,214.8,214.8,2454,0
20091016,218.16,221.44,217.64,218.2,1100,0
20091019,216,216,213.44,214.44,963,0
20091021,214.12,222.52,213.96,222.28,3250,0
20091022,218.44,218.44,218.44,218.44,25,0
20091023,217.4,225.36,216.92,223.96,3919,0
20091026,223.8,232.2,223.64,231,5179,0
20091027,230.8,232.44,228.88,232.16,3173,0
20091028,235.8,242.84,235.8,242.52,3454,0
20091029,237.92,237.92,229.84,230.2,2188,0
20091030,233.76,245.48,233.08,244.48,2665,0
20091102,239.64,248.76,237.04,242.08,3103,0
20091103,246.12,246.52,239.28,240.08,2638,0
20091104,234.32,240.16,231.92,240,6399,0
20091105,235.88,237.44,230.76,230.76,6193,0
20091106,230.48,232.28,229.84,229.84,2050,0
20091109,221.76,221.76,218.72,218.72,1175,0
20091110,219.28,219.28,218.12,218.8,1125,0
20091111,215.2,217.6,213.04,216.04,3425,0
20091112,216.28,222.6,214.64,221.84,2338,0
20091113,220.96,222.04,219.52,219.52,200,0
20091116,212.48,212.48,212.48,212.48,250,0
20091117,213.08,213.08,213.08,213.08,29,0
20091118,212.36,214.08,211.96,212.04,4684,0
20091119,216,220.4,216,218.52,4625,0
20091120,220.16,222.08,219.92,220.24,775,0
20091123,211.64,215.32,210.76,214.28,777,0
20091124,213.88,217.72,213.88,214.4,2881,0
20091125,212.52,212.52,212.16,212.16,225,0
20091127,217.44,219.84,217.16,219.84,1350,0
20091130,217,217.4,217,217.4,725,0
20091202,212.76,214,210.36,211.64,2599,0
20091203,211.88,216.44,211.16,216.44,1325,0
20091204,209.92,216.6,209.92,213.44,2206,0
20091207,213.56,214,213.56,214,450,0
20091208,217.04,219.16,216.2,218.8,1325,0
20091209,218.88,220.36,217.16,217.68,2111,0
20091210,213.56,216.24,213.56,215.36,1488,0
20091211,213.24,213.96,212.08,212.2,668,0
20091214,209.36,209.6,209.36,209.4,3040,0
20091215,210.72,212.4,209.88,211.6,5390,0
20091216,209.88,210.72,208.32,210.28,518,0
20091217,214.04,214.04,214.04,214.04,188,0
20091218,212.88,216.04,212.76,212.76,1315,0
20091222,207.56,207.56,206.96,207.16,1400,0
20091223,206.32,207.56,205.04,206.24,3559,0
20091228,203.16,205.52,203.08,205.16,2683,0
20091229,204.92,204.92,204.04,204.84,750,0
20091230,205.52,205.52,205.52,205.52,25,0
20091231,205.04,208.48,205.04,208.48,525,0
20100104,203.12,203.64,201.04,201.08,1375,0
20100105,200.72,201.64,198.56,198.84,1641,0
20100106,198.48,199.32,196.44,197.08,15330,0
20100107,195.84,195.84,195.84,195.84,56,0
20100108,195.68,195.72,193.12,193.4,5100,0
20100111,191.92,194.12,191.84,192.28,1575,0
20100112,195.88,198.36,195.04,197.16,1813,0
20100113,197.72,198.32,193.36,193.36,1775,0
20100114,192.84,192.84,192.12,192.44,600,0
20100115,194.88,198.24,194.88,197.24,1475,0
20100119,193.8,193.84,192.4,192.4,700,0
20100120,195.6,198.36,195.08,195.88,3549,0
20100121,195.44,204.16,195.28,204.04,5026,0
20100122,206.24,213.44,204.8,213.2,3925,0
20100125,209.36,212,208.24,210.64,2813,0
20100126,214.16,214.16,208.84,213.48,3190,0
20100127,213.68,216.36,211.08,212,4615,0
20100128,209.84,217.88,209.84,215.36,3938,0
20100129,214.6,219.96,210.16,218.4,1997,0
20100201,215.28,215.28,212.4,212.4,2850,0
20100202,211.16,211.16,206.56,206.56,200,0
20100203,209.32,209.32,209.32,209.32,25,0
20100204,215.04,223.12,215.04,223.12,3113,0
20100205,223.68,232.88,223.52,223.52,3504,0
20100208,223.28,226.68,221.16,226.68,2247,0
20100209,222.68,225.56,218.88,221.56,2363,0
20100210,222.72,222.72,222.72,222.72,100,0
20100211,221.28,221.4,216.96,217.36,550,0
20100212,223.16,223.6,218.32,218.64,3200,0
20100216,212.32,212.32,208.92,209.2,1163,0
20100217,206.96,208.88,206.84,207.64,4205,0
20100218,207.96,207.96,204.44,205,10382,0
20100219,205.64,206.64,202.44,203.44,8140,0
20100222,203.28,203.28,203.28,203.28,50,0
20100223,205.08,209.96,205.08,208.96,425,0
20100224,207.2,207.2,207.2,207.2,25,0
20100225,211.28,211.28,206.92,206.96,1350,0
20100226,204.72,206.76,203.2,203.64,2575,0
20100301,202.24,202.32,200.52,200.52,250,0
20100302,197.32,197.32,197.32,197.32,25,0
20100303,198.12,199,196.2,198.96,2875,0
20100304,199.04,199.04,197.32,197.44,2364,0
20100305,193.76,193.76,193.24,193.24,175,0
20100308,190.64,190.64,190.64,190.64,69,0
20100309,189.96,189.96,189.96,189.96,75,0
20100311,186.56,186.56,186.56,186.56,25,0
20100312,186.2,186.2,186.2,186.2,75,0
20100315,187.4,189.68,187.4,188.96,500,0
20100316,184.4,184.44,184.4,184.4,100,0
20100317,181.52,181.52,180.08,180.08,50,0
20100318,182,182,181.32,181.32,200,0
20100319,180.12,184.08,180.12,183.6,850,0
20100322,184,184,181.28,181.36,625,0
20100323,181.24,181.24,181.24,181.24,25,0
20100324,179.4,179.56,179.04,179.2,1850,0
20100325,176.4,176.44,176.16,176.16,750,0
20100326,179.76,179.8,179.6,179.6,1350,0
20100330,177.24,177.24,177.24,177.24,25,0
20100331,179.16,179.16,179.16,179.16,75,0
20100401,176.24,176.24,175.4,175.88,896,0
20100405,171.96,171.96,171.96,171.96,125,0
20100406,173.04,173.04,171.56,171.56,550,0
20100407,170.88,172.8,170.76,172.8,875,0
20100408,171.44,171.48,171.44,171.48,375,0
20100409,170.52,170.56,168.96,168.96,250,0
20100412,168.24,168.4,167.6,168.4,1125,0
20100413,168.28,168.48,168,168.04,1550,0
20100414,164.8,164.8,163.16,163.16,330,0
20100415,163.68,163.8,163.36,163.8,750,0
20100416,165.56,171.28,165.32,169.48,3250,0
20100419,169.6,169.6,169.6,169.6,75,0
20100421,166.16,166.16,166.16,166.16,25,0
20100422,168,168,163.96,163.96,425,0
20100423,163.8,164.16,162.16,162.16,725,0
20100426,160.68,162.32,160.64,162.32,850,0
20100427,164.2,169.32,164.2,169.32,650,0
20100428,167.92,169.24,167.72,168.4,675,0
20100429,164.72,164.72,163.48,163.48,125,0
20100430,163.4,168.48,163.08,168.48,1275,0
20100503,166.4,166.4,163.2,163.2,425,0
20100504,169.68,172.36,169.68,172.04,475,0
20100505,175.36,177.28,173.08,175.52,1485,0
20100506,176.12,286.4,175.28,188.48,2000,0
20100507,188.64,196.08,185.64,193.2,1900,0
20100510,175.84,179.76,174.2,176.24,1025,0
20100511,179.52,179.52,171.52,175.76,1000,0
20100512,174.68,174.96,172.32,172.36,300,0
20100513,171.92,175.08,170.52,174.92,1225,0
20100514,180.32,184.32,180.32,184,450,0
20100517,183.28,189.68,182.32,182.32,1590,0
20100518,179.48,189.16,179.48,188.32,2755,0
20100519,190.36,195.32,187.4,189.24,1700,0
20100520,198.8,204.28,198.64,203.68,1650,0
20100521,208.04,208.44,198.52,198.52,1950,0
20100524,199.56,202.56,198.92,202.56,641,0
20100525,215.96,215.96,204.16,204.16,1315,0
20100526,201.36,203.44,197.16,203.44,3713,0
20100527,196.32,196.88,189.2,189.2,1025,0
20100528,191.6,195.28,191.28,194.16,1250,0
20100601,199,201.56,193.52,201.56,725,0
20100602,201.2,201.6,197.16,197.16,100,0
20100603,190.12,193.76,189.84,190.56,871,0
20100604,197.48,205.2,196.6,205.12,1526,0
20100607,205,210,202.64,210,500,0
20100608,210.16,212.76,207.16,207.16,1081,0
20100609,202.12,206.56,198.8,206.56,575,0
20100610,197.4,199.56,193.96,193.96,825,0
20100611,196.92,197,191.56,191.56,1991,0
20100614,188.16,192.72,188.12,192.48,2004,0
20100615,188.92,189.68,187.04,187.04,125,0
20100616,184.88,184.88,182.6,183.84,600,0
20100617,183.8,185.6,183.36,183.36,975,0
20100618,182.24,182.24,182.24,182.24,30,0
20100621,179,185.48,178.72,184.32,533,0
20100622,184.24,190.52,184.24,190.32,225,0
20100623,191.6,192.84,190,192.36,850,0
20100624,195.44,200.2,195.44,200.2,625,0
20100625,198.96,201.32,195.72,197.2,925,0
20100628,196.44,196.44,195.24,195.24,75,0
20100629,207.2,210.8,205.88,209.24,950,0
20100630,208.16,214.48,207.96,213.76,231,0
20100701,214.12,221.76,214.12,215.44,13701,0
20100702,216.2,220.24,215,216.92,7343,0
20100706,212.6,218,211,218,363,0
20100707,210.12,210.12,201.4,202.08,1719,0
20100708,199.68,201.76,198.28,198.28,23808,0
20100709,196.56,196.72,194.08,194.16,1079,0
20100712,194.64,196.36,194.48,194.48,338,0
20100713,189.68,189.68,187.84,187.84,4050,0
20100714,188.84,191.28,188.84,189.76,925,0
20100715,190.8,192.2,188.24,188.24,700,0
20100716,193.68,200.2,193.68,198.8,1850,0
20100719,198,198,197.04,197.56,463,0
20100720,202.08,202.16,193.32,193.96,2025,0
20100721,192.52,198.64,192.44,198.64,2694,0
20100722,191.32,191.32,188.56,188.92,2025,0
20100723,189.8,191.16,186.8,186.88,1300,0
20100726,186.16,186.24,181.48,181.48,2636,0
20100727,179.64,181.4,179.24,181.16,1775,0
20100728,182.08,182.96,181.88,182.96,463,0
20100729,181.36,186.48,181.36,185.32,400,0
20100730,189.44,189.44,184.8,185.2,750,0
20100802,180.04,180.04,176.76,176.76,2284,0
20100803,178.52,179.16,178.4,179.16,1575,0
20100804,177.48,178.24,177.12,177.12,750,0
20100805,177.48,177.88,177.48,177.88,150,0
20100806,179.92,181.92,179.92,181.92,450,0
20100809,176.72,176.72,176.72,176.72,125,0
20100810,179.76,181.08,177.64,177.64,325,0
20100811,186.4,189.32,186.4,189.32,300,0
20100812,194.56,194.56,189.6,189.88,1499,0
20100813,192.08,192.08,190.44,190.56,223,0
20100816,193.28,193.28,191.4,191.76,571,0
20100817,186.28,187.24,184.8,187.24,523,0
20100818,185.08,186.24,185.08,186.24,250,0
20100819,189.56,193.4,189.56,193.4,1066,0
20100820,194.44,196.96,194.44,195,407,0
20100824,200.36,203.04,199.48,201.36,2425,0
20100825,205.56,206.52,200.04,200.04,2075,0
20100826,199.92,202.64,199.76,202.64,680,0
20100827,203.28,203.28,196.36,196.36,1225,0
20100830,196.2,201.04,196.08,201.04,4206,0
20100831,202.08,202.16,199.92,200.56,1648,0
20100901,194.08,194.08,189.24,189.24,300,0
20100902,187.4,187.4,184.96,184.96,396,0
20100903,180.04,182.24,179.8,181.64,375,0
20100907,182,184.88,182,184.88,1603,0
20100908,184.08,184.08,181.36,181.36,900,0
20100909,178,180.12,177.52,179.56,768,0
20100910,177.84,177.84,177.84,177.84,100,0
20100913,174.44,174.76,173.2,173.48,4094,0
20100914,175.16,175.56,173.04,173.16,1303,0
20100915,175.72,176.64,173.32,173.32,2585,0
20100916,174.84,175.76,174,174,964,0
20100917,173.76,174.48,173.76,174.48,75,0
20100920,171.68,171.68,168.44,168.44,150,0
20100921,169.16,170.88,169.16,170.8,500,0
20100922,170.92,172.12,170.92,172.12,200,0
20100923,175.44,175.48,173.32,175.48,700,0
20100924,172.6,172.6,169.56,169.56,4880,0
20100927,169.8,169.8,169.8,169.8,150,0
20100928,169.28,169.32,169.16,169.2,525,0
20100929,170.4,171.36,169.2,170.36,782,0
20100930,168.24,170.68,166.08,170.68,450,0
20101001,168.8,169.72,168.2,168.8,1563,0
20101004,169.44,172,168.52,171.68,749,0
20101005,168.36,168.36,163.8,163.8,1415,0
20101006,164.12,165.16,164.12,165.16,175,0
20101007,164.96,164.96,164.96,164.96,100,0
20101008,164.48,164.48,163.2,163.4,550,0
20101011,162.52,162.52,162.52,162.52,30,0
20101012,164.2,164.6,163.32,163.68,475,0
20101013,159.24,159.24,158.16,158.2,926,0
20101014,160.76,162.92,160.76,162.32,1000,0
20101015,161.6,163.88,161.6,162.56,275,0
20101018,162.6,162.6,160.32,160.32,350,0
20101019,163.08,165.32,161.88,164.48,1475,0
20101020,160.2,160.6,160.2,160.6,125,0
20101021,158.72,162.36,158.32,160.68,800,0
20101022,161.04,161.04,160.44,160.44,400,0
20101025,158.08,159.28,158.08,158.64,350,0
20101026,159.88,159.88,159.84,159.84,475,0
20101027,162.76,162.76,160.68,160.68,175,0
20101028,160,160.48,159.84,159.96,1125,0
20101029,160.64,160.64,160.64,160.64,625,0
20101101,156.84,161.88,156.84,161.24,1080,0
20101102,158.36,158.36,157.96,158.2,922,0
20101103,158.92,160.04,157.84,157.92,1301,0
20101104,154.2,154.4,151.76,152,956,0
20101105,149.72,149.76,148.68,149.52,325,0
20101108,150.08,150.68,150.08,150.68,150,0
20101110,153.08,153.08,151.28,151.28,275,0
20101111,152.96,153.44,151.76,151.8,350,0
20101112,153.8,153.8,153.8,153.8,138,0
20101115,153.72,153.72,153.72,153.72,410,0
20101116,159.8,160.64,159.8,160.64,50,0
20101117,159.12,159.68,159.12,159.68,575,0
20101119,155.68,155.68,155.64,155.64,75,0
20101122,157.4,158.76,157.4,158.04,225,0
20101124,157.6,157.6,157.6,157.6,500,0
20101130,160.48,160.48,160.48,160.48,300,0
20101201,156.08,156.08,154.04,154.04,3700,0
20101202,150.8,150.8,150.8,150.8,550,0
20101203,150.64,150.64,150.64,150.64,25,0
20101206,149.04,149.04,149.04,149.04,50,0
20101209,147.08,147.08,146.88,146.88,100,0
20101210,145.16,145.16,143.6,143.64,900,0
20101213,142.76,142.76,142.76,142.76,75,0
20101214,142.76,143.76,142.76,143.76,625,0
20101215,144.16,144.2,144.12,144.12,197,0
20101216,144.72,144.72,143.08,143.08,655,0
20101217,142.56,142.56,142.56,142.56,50,0
20101220,142.84,142.96,142.84,142.88,175,0
20101221,140.44,140.44,139.56,139.6,750,0
20101222,137.68,137.68,137.68,137.68,161,0
20101223,137.84,138.68,137.84,138.16,612,0
20101227,138.4,139.28,138.4,138.64,531,0
20101230,137.6,137.6,137.6,137.6,68,0
20101231,138,138,137.12,137.6,1651,0
20110104,134.52,135.88,134.52,135.88,2445,0
20110106,133.88,133.88,133.88,133.88,204,0
20110107,134.36,134.36,134.36,134.36,25,0
20110111,133.96,134,133.96,134,410,0
20110112,131.64,131.72,131.12,131.24,8040,0
20110113,131.64,131.96,131.64,131.68,386,0
20110114,131.04,131.04,130.04,130.04,744,0
20110118,130.52,130.52,130,130,675,0
20110119,130.2,132.8,130.2,132.8,476,0
20110120,134.04,134.04,133.96,133.96,50,0
20110124,130.72,130.72,130.72,130.72,75,0
20110125,130.52,132.08,130.52,131.56,275,0
20110126,129.6,129.6,129.6,129.6,764,0
20110127,129.24,129.24,129,129,558,0
20110128,129.16,132.76,129.16,132.2,869,0
20110131,132.04,132.04,131.08,131.12,447,0
20110201,127.88,127.88,126.48,126.52,548,0
20110203,127.76,127.76,126.8,126.8,247,0
20110204,127.96,128.04,127.96,128.04,150,0
20110208,123.56,123.6,123.48,123.6,365,0
20110209,124.28,124.88,124.28,124.88,925,0
20110214,122.36,122.6,122.36,122.36,123,0
20110215,123.04,123.04,123.04,123.04,25,0
20110216,121.76,122,121.24,121.24,481,0
20110222,123.4,123.4,121.12,122.44,206,0
20110223,124.52,126.64,124.52,124.92,1169,0
20110224,126.76,126.76,126.76,126.76,125,0
20110225,124.56,124.56,123.92,123.92,200,0
20110228,121.48,122.68,121.36,122.68,1875,0
20110301,124.6,124.6,122.48,124.52,100,0
20110302,125.52,125.52,125.52,125.52,175,0
20110303,121.6,122.72,120.76,120.76,211,0
20110304,122.08,124.2,122.08,124.2,225,0
20110307,121.92,121.92,121.92,121.92,450,0
20110308,121.28,123.12,121.28,121.36,375,0
20110309,121.52,121.52,121.52,121.52,450,0
20110310,125.84,125.84,125.84,125.84,225,0
20110311,125.8,126.6,124.36,124.52,527,0
20110314,126.08,126.32,126,126.32,413,0
20110315,132.84,132.84,128.56,128.56,216,0
20110316,129.2,134,129.2,132,7719,0
20110318,126.24,126.24,126.24,126.24,25,0
20110321,124.16,124.16,124.16,124.16,225,0
20110322,124.68,124.68,124.68,124.68,125,0
20110323,125.4,125.44,125,125.04,961,0
20110324,122.96,123.64,122.72,122.72,505,0
20110329,121.08,121.12,121.08,121.12,473,0
20110330,120,120,118.88,118.88,188,0
20110331,119.52,119.52,118.88,119.28,341,0
20110408,118.84,118.84,118.84,118.84,550,0
20110414,121.76,121.76,121.76,121.76,580,0
20110418,124.4,124.4,123.48,124,1022,0
20110419,123,123,121.96,121.96,150,0
20110420,118.96,119.56,118.96,119.16,475,0
20110425,118.72,118.72,118.72,118.72,75,0
20110426,116.44,116.44,116.44,116.44,75,0
20110429,113.36,113.36,113.16,113.16,1160,0
20110502,112.36,113.24,111.64,113.24,3252,0
20110504,115.36,115.36,115.36,115.36,125,0
20110509,117.4,117.44,117.2,117.2,325,0
20110511,116.68,117.2,116.6,116.96,1550,0
20110512,117.56,117.56,115.68,115.68,118,0
20110516,118.44,118.44,118.24,118.24,75,0
20110523,120,120,119.52,119.56,1095,0
20110525,121.6,121.6,121.4,121.4,143,0
20110526,120.8,120.84,120.8,120.84,134,0
20110527,117.24,117.24,116.8,117.24,405,0
20110531,115.32,116.28,115.08,116.28,176,0
20110601,118.28,118.28,117.64,117.64,159,0
20110602,119.92,120.56,119.92,120.56,200,0
20110606,124.4,124.4,124.28,124.28,50,0
20110607,125.04,126,124.12,126,3868,0
20110608,126.04,126.28,126.04,126.28,50,0
20110609,125.04,125.04,125.04,125.04,480,0
20110610,126.44,127.52,126.44,127.48,3000,0
20110613,128.24,128.4,128.24,128.4,300,0
20110614,125.48,125.48,124.76,124.96,2725,0
20110615,126.36,128.64,126.36,128.64,1194,0
20110616,128,128.52,127.08,128.52,1358,0
20110617,126.12,126.96,126.12,126.96,637,0
20110620,127.32,127.32,127.32,127.32,25,0
20110621,123.08,123.08,123.08,123.08,823,0
20110623,127.8,128.32,127.4,128.32,355,0
20110627,126.36,126.36,126.32,126.32,463,0
20110628,123.96,123.96,123.68,123.68,182,0
20110629,121.36,121.44,120.92,120.92,313,0
20110630,119.72,119.72,119.32,119.32,149,0
20110705,116.28,116.28,116.08,116.08,163,0
20110713,118.64,121.04,118.64,121.04,2989,0
20110720,119.96,120,119.96,119.96,213,0
20110721,115.96,116.36,115.96,116,158,0
20110725,119.12,119.12,118,118.2,600,0
20110726,119.4,119.4,119.4,119.4,25,0
20110727,120.96,120.96,120.96,120.96,25,0
20110728,122.92,124.68,122.68,124.68,125,0
20110729,128,128.28,124.88,125.76,1050,0
20110801,122.96,128.28,122.96,127.4,775,0
20110802,131.44,132.64,131.36,132.36,425,0
20110803,137.96,137.96,133.44,133.72,5840,0
20110804,137.08,146.36,137.08,146.04,538,0
20110805,143.08,149.8,143.08,147.96,525,0
20110808,156.92,165.12,155.68,165.12,589,0
20110809,160.32,166.56,159.2,164.88,2110,0
20110810,157.36,164,157.36,164,570,0
20110811,160.72,161.96,145.52,148.16,850,0
20110812,146.84,147.8,144.2,147.8,5655,0
20110815,143.8,143.8,140,140,908,0
20110816,143.04,143.56,139.72,141.6,375,0
20110818,149.64,153.52,148,152.68,1665,0
20110819,156.56,158.8,152.04,158.8,415,0
20110822,153.24,160,152.92,160,430,0
20110823,156.76,156.88,155,155,125,0
20110826,147.04,147.04,146,146,100,0
20110830,136.28,137.12,136.28,136.28,100,0
20110831,132.2,136.64,132.2,136.64,525,0
20110912,154.36,154.36,149.96,153.12,350,0
20110914,144,144,144,144,50,0
20110915,136.72,136.8,136.72,136.72,125,0
20110921,142.64,146.12,142.64,146.12,175,0
20110922,157.56,160.28,155.72,160.08,1205,0
20110923,160.68,160.68,156,156.64,1214,0
20110926,151,153.6,151,153.6,275,0
20110927,140.44,145.72,140.08,144.68,1032,0
20110928,150.4,150.4,150.4,150.4,375,0
20111003,155.24,162.44,154.8,162.44,625,0
20111004,169.68,170.72,159.88,159.88,1887,0
20111005,155.64,155.64,153.4,153.4,213,0
20111006,149.6,149.84,144.92,145.68,1925,0
20111007,144,146.96,142.52,146.6,750,0
20111010,137.96,139.4,137.96,139.4,60,0
20111012,132.92,133.32,131.96,133.32,605,0
20111013,135.68,135.84,135.68,135.84,365,0
20111019,132.16,132.16,132.16,132.16,50,0
20111024,124.32,124.32,121.96,122.52,3102,0
20111025,123.48,125.28,123.48,125.28,520,0
20111027,116.36,116.36,112.64,112.64,344,0
20111028,115.4,115.56,114.4,114.4,822,0
20111031,118.76,118.76,118.76,118.76,25,0
20111101,126.84,126.84,126.8,126.8,100,0
20111102,123.48,123.48,123.48,123.48,53,0
20111107,121.6,121.6,120.84,121,100,0
20111108,119.36,119.44,118.08,118.08,950,0
20111109,120.76,120.88,120.52,120.52,200,0
20111111,117.64,117.64,117.48,117.48,362,0
20111114,118.6,120.28,118.56,119.92,700,0
20111118,125.88,126.68,125.88,126.52,6748,0
20111121,131.36,133,130.44,131.28,2550,0
20111122,133.96,133.96,131.56,132.4,3275,0
20111123,135.92,138.08,135.56,138.08,550,0
20111125,139.8,139.8,136.56,136.56,247,0
20111128,130.6,132.48,130.6,132.48,975,0
20111129,131,131,129.08,130.56,483,0
20111130,121.08,121.32,118.88,118.88,3088,0
20111201,119.44,119.72,118.88,118.88,475,0
20111205,115,116.52,114,115.84,4992,0
20111206,115.96,115.96,114.92,114.92,100,0
20111207,117.2,117.24,115.68,115.68,1375,0
20111208,116,119.56,116,119.56,50,0
20111209,115.8,115.92,115.8,115.92,170,0
20111212,119.6,121.52,119.6,120.32,3800,0
20111213,118.68,118.68,118.56,118.56,50,0
20111214,123.72,123.96,123.6,123.96,1856,0
20111215,121.08,121.08,120.92,120.92,125,0
20111220,119.84,119.84,117.52,117.52,1925,0
20111221,117.32,118.2,116.72,116.88,3475,0
20111223,111.6,111.6,111.6,111.6,25,0
20111227,111.08,111.08,111.08,111.08,38,0
20111230,111.48,112.52,111.28,112.52,563,0
20120105,110.84,111.2,108.68,108.68,2525,0
20120111,106.08,106.08,105.32,105.32,392,0
20120113,106.64,107,106.64,106.84,500,0
20120119,102.76,103.2,102.68,102.68,2514,0
20120124,102.76,102.76,102.68,102.68,72,0
20120125,104.04,104.12,101.24,101.24,6525,0
20120130,104.6,104.6,104.6,104.6,93,0
20120202,101.84,101.84,101.32,101.32,1000,0
20120206,98.64,98.64,98.64,98.64,180,0
20120221,95.04,95.04,95.04,95.04,100,0
20120227,95.36,95.36,95.36,95.36,1086,0
20120228,95.08,95.08,95.08,95.08,250,0
20120301,94.72,95.24,94.72,95.24,89,0
20120305,96.08,96.08,96.08,96.08,126,0
20120306,98.6,99.28,98.48,99.28,2354,0
20120426,91.08,91.32,91.08,91.08,100,0
20120501,90.24,90.24,90.24,90.24,75,0
20120507,95.64,95.64,94.36,94.36,395,0
20120508,95.36,95.36,95.36,95.36,25,0
20120511,96.96,96.96,96.96,96.96,125,0
20120514,98.28,98.28,98.2,98.2,1225,0
20120518,103.08,105.6,103.08,105.6,950,0
20120521,105.04,105.04,105,105,158,0
20120522,101.56,101.56,101.56,101.56,25,0
20120524,102.08,103,102.08,103,150,0
20120601,105.4,107.44,105.4,107.44,1106,0
20120604,107.88,108.28,107.88,108.28,1150,0
20120608,101.96,101.96,101.08,101.08,1069,0
20120611,100.88,100.88,100.88,100.88,50,0
20120621,97.04,97.44,97.04,97.44,50,0
20120626,99.12,99.12,99.12,99.12,25,0
20120628,98.32,98.32,98.04,98.28,1835,0
20120711,94.6,94.6,94.6,94.6,134,0
20120718,91.92,91.92,91.64,91.76,400,0
20120720,92.2,92.2,92.2,92.2,25,0
20120727,89,89,89,89,25,0
20120802,91.56,92.24,91.56,92.24,144,0
20120806,87.08,87.08,87.08,87.08,25,0
20120809,85.84,85.84,85.84,85.84,25,0
20120810,86,86,86,86,25,0
20120820,84.48,84.48,84.48,84.48,63,0
20120831,85.52,85.52,85.52,85.52,97,0
20120906,83.76,83.76,83.56,83.56,100,0
20120913,78.28,78.28,78.28,78.28,750,0
20120914,77,77.36,76.8,77.36,351,0
20120927,80.32,80.44,80.32,80.44,75,0
20121018,76,76,76,76,75,0
20121022,78.4,79.68,78.36,79.12,200,0
20121023,80.4,80.4,80.2,80.2,175,0
20121024,80.4,80.4,80.32,80.32,75,0
20121102,78.04,78.04,78.04,78.04,75,0
20121107,81.36,82.44,81.36,81.96,150,0
20121108,83.08,83.08,83.08,83.08,25,0
20121109,83.76,83.76,83.76,83.76,50,0
20121114,85.32,85.32,85.32,85.32,50,0
20121115,87.2,88.24,87.2,88.24,75,0
20121116,87.4,87.52,86.84,86.96,825,0
20121119,84,84,84,84,525,0
20121123,81.8,81.8,81.72,81.72,100,0
20121203,79.6,80.28,79.6,80.28,88,0
20121204,81.04,81.04,81.04,81.04,50,0
20121206,80.2,80.2,79.72,79.72,175,0
20121227,78.76,78.76,78.76,78.76,25,0
20121231,78.96,79.04,78.4,78.4,175,0
20130102,73.64,73.64,73.6,73.6,97,0
20130117,70.28,70.28,70.28,70.28,250,0
20130122,69.12,69.12,69.12,69.12,25,0
20130124,67.88,67.88,67.72,67.72,75,0
20130125,67.2,67.2,67.2,67.2,110,0
20130201,66,66,65.88,65.88,150,0
20130206,65.84,65.84,65.8,65.8,125,0
20130207,65.92,65.92,65.84,65.84,200,0
20130214,64.76,64.76,64.76,64.76,100,0
20130215,64.28,64.6,64.28,64.6,225,0
20130225,66.84,66.84,66.84,66.84,25,0
20130305,63.2,63.2,62.92,63.2,175,0
20130306,62,62.72,62,62.72,119,0
20130307,62.16,62.2,62.16,62.2,125,0
20130308,61.76,61.88,61.76,61.88,50,0
20130311,61.56,61.56,61.56,61.56,44,0
20130313,61.64,61.64,61.24,61.32,350,0
20130314,60.64,60.64,60.64,60.64,250,0
20130320,60.68,60.68,60.68,60.68,25,0
20130402,60.12,60.12,60.12,60.12,75,0
20130409,60,60.24,59.84,59.84,125,0
20130412,58.64,58.64,58.4,58.4,175,0
20130417,61,61,61,61,100,0
20130418,62.08,62.44,61.92,62.16,539,0
20130422,61.68,61.68,61.68,61.68,50,0
20130423,59.24,59.44,59.24,59.44,164,0
20130426,58.76,58.76,58.76,58.76,50,0
20130429,57.76,57.76,57.76,57.76,50,0
20130501,58.36,58.64,58.28,58.56,163,0
20130502,58.68,58.68,58.24,58.24,575,0
20130510,55.68,55.68,55.68,55.68,188,0
20130522,51.72,51.96,51.72,51.96,221,0
20130605,55.28,56.16,55.28,56.16,75,0
20130607,54,54,54,54,25,0
20130610,54.02,54.02,54.02,54.02,175,0
20130614,54.66,54.66,54.66,54.66,145,0
20130617,53.66,53.66,53.66,53.66,175,0
20130620,56.96,56.96,56.96,56.96,500,0
20130621,56.54,56.54,56.54,56.54,400,0
20130624,58.85,58.85,58.56,58.85,500,0
20130722,49.05,49.05,49.03,49.03,500,0
20130723,49,49,49,49,100,0
20130808,49.22,49.22,49.22,49.22,100,0
20130826,51.31,51.34,51.27,51.32,1800,0
20130828,53.13,53.16,53.08,53.08,1500,0
20130905,51.9,52,51.9,52,300,0
20130906,51.61,51.61,51.61,51.61,100,0
20130909,51.5,51.58,51.5,51.58,200,0
20130910,50.44,50.5,50.34,50.34,1000,0
20130923,49.55,49.55,49.55,49.55,125,0
20131002,50.46,50.46,50.46,50.46,500,0
20131007,50.33,50.55,50.33,50.55,200,0
20131015,48.81,48.81,48.81,48.81,100,0
20131021,46.62,46.62,46.62,46.62,200,0
20131022,46.25,46.25,46.25,46.25,300,0
20131023,46.55,46.55,46.55,46.55,500,0
20131028,46.13,46.14,46.01,46.14,1600,0
20131107,45.33,45.83,45.31,45.83,1924,0
20131127,43,43,43,43,100,0
20131210,43.5,43.59,43.5,43.51,600,0
20131211,44.6,44.6,44.6,44.6,100,0
20131216,44.17,44.17,44.17,44.17,408,0
20131220,43.16,43.16,42.72,42.82,941,0
20131223,42.34,42.34,42.3,42.3,508,0
20140109,41.75,41.75,41.65,41.65,400,0
20140129,44.15,44.18,44.15,44.18,500,0
20140210,43.68,43.68,43.68,43.68,202,0
20140224,40.83,40.85,40.67,40.73,25210,0
20140326,40,40,40,40,100,0
20140328,39.05,39.16,39.01,39.16,1625,0
20140414,40.16,40.16,39.83,39.83,3500,0
20140417,38.38,38.4,38.28,38.34,1200,0
20140421,38.36,38.36,38.27,38.27,2000,0
20140425,38.38,38.38,38.35,38.37,520,0
20140428,38.3,38.62,38.3,38.62,600,0
20140430,38,38,37.81,37.81,375,0
20140515,38.09,38.09,38.09,38.09,100,0
20140520,38.4,38.4,38.4,38.4,500,0
20140602,36.36,36.36,36.36,36.36,200,0
20140804,35.32,35.32,35.32,35.32,384,0
20140808,36.23,36.23,36.23,36.23,2500,0
20140904,32.9,32.9,32.81,32.81,1400,0
20140908,33.14,33.14,33.14,33.14,0,0
20140924,33.54,33.57,33.54,33.55,700,0
20141002,35.42,35.42,35.11,35.11,1940,0
20141003,34.72,34.72,34.52,34.52,200,0
20141006,34.61,34.61,34.61,34.61,482,0
20141007,35,35,35,35,200,0
20141008,35.7,35.7,35.7,35.7,100,0
20141013,37.3,37.3,37.3,37.3,600,0
20141014,36.97,37.02,36.97,36.97,500,0
20141015,39.18,39.35,39.18,39.35,606,0
20141016,39.04,39.04,37.7,38.06,2260,0
20141021,36.08,36.08,36.08,36.08,250,0
20141029,33.6,33.93,33.6,33.93,200,0
20141031,33.01,33.01,33.01,33.01,412,0
20141105,32.37,32.38,32.31,32.31,300,0
20141107,32,32,32,32,130,0
20141113,32.16,32.16,32.16,32.16,160,0
20141124,30.93,30.93,30.93,30.93,1080,0
20141201,31.53,31.58,31.49,31.58,1320,0
20141203,30.7,30.7,30.7,30.7,130,0
20141205,30.78,30.78,30.78,30.78,300,0
20141226,29.62,29.62,29.62,29.62,200,0
20141231,30.5,30.5,30.5,30.5,100,0
20150102,30.99,30.99,30.99,30.99,2180,0
20150106,32.35,32.41,32.23,32.31,2380,0
20150107,31.4,31.4,31.4,31.4,545,0
20150108,30.62,30.62,30.36,30.36,403,0
