Date,Open,High,Low,Close,Volume,OpenInt
20090702,19.241,19.241,19.241,19.241,200,0
20090706,18.697,18.807,18.697,18.807,427,0
20090707,18.697,18.697,18.432,18.432,1102,0
20090708,18.023,18.228,17.798,18.228,2604,0
20090709,18.422,18.422,18.318,18.318,3505,0
20090710,18.078,18.098,18.078,18.098,901,0
20090713,18.747,19.006,18.742,19.006,3105,0
20090714,19.086,19.316,19.086,19.316,2003,0
20090715,19.995,20.334,19.995,20.334,2063,0
20090716,20.329,20.859,20.329,20.849,2203,0
20090717,20.759,20.799,20.759,20.799,401,0
20090723,21.623,22.686,21.623,22.466,2115,0
20090727,22.676,22.691,22.676,22.691,1691,0
20090729,22.331,22.331,22.331,22.331,889,0
20090730,23.055,23.545,22.921,23.545,9622,0
20090731,23.255,23.3,23.255,23.3,1160,0
20090803,23.395,23.395,23.395,23.395,701,0
20090805,23.54,23.585,23.54,23.585,901,0
20090807,24.029,24.029,24.024,24.024,1074,0
20090810,24.044,24.044,24.044,24.044,200,0
20090812,24.084,24.084,24.079,24.079,9036,0
20090814,23.63,23.759,22.756,23.739,5909,0
20090817,22.831,22.831,22.741,22.741,937,0
20090818,23.005,23.255,23.005,23.255,623,0
20090819,22.711,22.711,22.711,22.711,216,0
20090820,24.054,24.054,24.054,24.054,286,0
20090821,24.593,24.873,24.593,24.848,5508,0
20090824,25.347,25.482,25.027,25.027,1803,0
20090826,24.918,24.953,24.918,24.953,401,0
20090827,24.768,24.768,24.768,24.768,401,0
20090828,25.392,25.392,25.112,25.112,2404,0
20090831,24.438,24.698,24.438,24.698,3105,0
20090901,24.992,24.992,23.625,23.625,1018,0
20090903,23.535,23.535,23.535,23.535,801,0
20090908,24.883,24.883,24.883,24.883,1002,0
20090909,25.247,25.247,25.247,25.247,200,0
20090914,26.211,26.211,26.211,26.211,1602,0
20090915,26.395,26.6,26.395,26.6,401,0
20090916,27.314,27.314,27.314,27.314,3005,0
20090924,26.994,26.994,26.311,26.311,601,0
20090929,26.82,26.855,26.82,26.855,8012,0
20091002,25.247,25.247,25.072,25.072,1074,0
20091014,28.113,28.243,28.113,28.243,3015,0
20091015,28.243,28.313,27.374,28.313,2404,0
20091016,28.028,28.278,28.028,28.278,601,0
20091021,27.728,27.728,27.723,27.723,5008,0
20091023,27.863,27.863,27.449,27.449,801,0
20091026,27.758,27.758,27.758,27.758,2003,0
20091028,26.505,26.505,26.111,26.111,601,0
20091029,26.57,26.57,26.57,26.57,2003,0
20091030,26.425,26.425,26.291,26.291,1903,0
20091104,26.186,26.186,26.186,26.186,4006,0
20091110,27.908,28.168,27.818,28.108,11006,0
20091111,28.452,28.517,28.078,28.078,5108,0
20091116,28.897,28.942,28.897,28.942,401,0
20091117,28.892,28.892,28.852,28.852,3005,0
20091119,27.833,27.833,27.833,27.833,200,0
20091120,27.763,27.873,27.763,27.873,45252,0
20091123,28.592,28.907,28.592,28.717,2404,0
20091124,28.372,28.527,28.372,28.527,3806,0
20091125,28.852,28.852,28.852,28.852,1402,0
20091127,27.139,28.178,27.139,28.178,5008,0
20091130,27.888,27.893,27.693,27.693,1202,0
20091202,28.877,28.897,28.877,28.897,2003,0
20091203,29.176,29.176,28.412,28.412,4807,0
20091204,28.402,28.402,28.402,28.402,1602,0
20091207,28.802,28.802,28.802,28.802,200,0
20091208,28.357,28.357,28.357,28.357,401,0
20091209,28.123,28.123,28.123,28.123,200,0
20091211,28.827,28.827,28.752,28.752,2003,0
20091214,29.226,29.226,29.226,29.226,401,0
20091215,29.141,29.256,29.141,29.151,5608,0
20091216,29.406,29.406,29.206,29.206,23035,0
20091217,28.777,28.777,28.777,28.777,2003,0
20091218,28.512,28.512,28.512,28.512,2003,0
20091222,29.695,29.7,29.695,29.7,2003,0
20091223,29.985,29.985,29.985,29.985,4807,0
20091230,30.135,30.135,30.075,30.11,2726,0
20091231,30.23,30.25,30.23,30.25,1002,0
20100104,30.075,30.524,30.075,30.524,1803,0
20100105,30.504,30.584,30.504,30.584,5408,0
20100106,30.769,30.879,30.769,30.879,3005,0
20100107,30.939,30.939,30.939,30.939,200,0
20100111,31.158,31.203,31.158,31.193,7011,0
20100113,30.934,31.213,30.934,31.213,1202,0
20100115,31.123,31.123,30.734,30.754,4006,0
20100119,31.028,31.458,31.028,31.458,5388,0
20100120,30.874,30.874,30.364,30.554,8012,0
20100122,29.546,29.611,29.231,29.331,11818,0
20100125,28.957,28.957,28.597,28.597,1602,0
20100126,28.752,28.752,28.732,28.732,601,0
20100127,28.273,28.273,28.273,28.273,1002,0
20100128,28.023,28.028,27.963,28.008,2275,0
20100129,28.128,28.367,27.998,28.053,5008,0
20100201,27.943,27.943,27.943,27.943,601,0
20100202,28.268,28.337,28.213,28.218,1602,0
20100203,28.602,28.637,28.582,28.582,1012,0
20100204,28.213,28.213,27.264,27.264,1132,0
20100205,25.971,26.94,25.971,26.94,4226,0
20100208,26.92,26.92,26.92,26.92,801,0
20100209,27.054,27.124,26.815,27.124,6568,0
20100211,27.064,27.064,27.064,27.064,2003,0
20100212,27.114,27.114,27.054,27.064,24236,0
20100216,28.238,28.238,28.238,28.238,1450,0
20100223,29.266,29.266,28.842,28.842,7379,0
20100225,28.897,28.897,28.897,28.897,10015,0
20100226,29.211,29.211,29.211,29.211,601,0
20100301,29.825,29.825,29.825,29.825,202,0
20100302,30.12,30.579,30.12,30.215,5184,0
20100305,30.719,30.929,30.719,30.929,401,0
20100308,31.248,31.248,31.248,31.248,601,0
20100309,31.273,31.273,31.273,31.273,2908,0
20100311,31.648,31.817,31.643,31.817,1334,0
20100316,32.187,32.187,32.187,32.187,677,0
20100319,32.152,32.152,32.152,32.152,300,0
20100322,31.997,31.997,31.997,31.997,2003,0
20100323,32.956,32.956,32.686,32.951,3201,0
20100324,32.916,32.916,32.916,32.916,12619,0
20100330,33.175,33.175,32.926,32.941,4811,0
20100331,33.13,33.13,32.961,32.961,6009,0
20100401,33.13,33.205,33.13,33.205,6209,0
20100405,33.53,33.53,33.53,33.53,2003,0
20100406,34.079,34.079,34.079,34.079,2003,0
20100407,34.064,34.139,33.949,34.139,3345,0
20100412,34.573,34.573,34.573,34.573,6209,0
20100413,34.508,34.593,34.508,34.593,8012,0
20100414,34.958,35.317,34.958,35.317,3299,0
20100415,35.332,35.701,35.332,35.532,8663,0
20100416,34.533,34.533,34.493,34.493,2203,0
20100419,34.348,34.348,34.348,34.348,200,0
20100422,34.363,35.192,34.363,35.192,8312,0
20100423,35.836,35.926,35.836,35.926,5008,0
20100427,35.537,35.537,35.537,35.537,6009,0
20100428,34.463,34.463,34.314,34.314,1202,0
20100429,35.047,35.047,35.047,35.047,1202,0
20100430,34.843,34.843,34.284,34.284,1002,0
20100503,34.643,34.643,34.643,34.643,801,0
20100504,33.914,33.914,33.375,33.405,2003,0
20100505,32.576,33.13,32.576,32.826,781,0
20100506,32.686,32.696,27.773,30.909,11111,0
20100507,30.529,30.579,29.561,29.596,5008,0
20100510,32.087,32.302,31.742,32.302,12018,0
20100511,32.616,32.616,32.616,32.616,601,0
20100512,32.596,32.861,32.596,32.861,1943,0
20100517,30.819,30.974,30.26,30.944,7702,0
20100518,31.752,31.752,31.752,31.752,401,0
20100519,30.025,30.025,29.596,29.655,4807,0
20100520,28.562,28.562,28.298,28.298,1803,0
20100521,27.269,28.587,27.269,28.442,7515,0
20100524,28.243,28.243,28.243,28.243,801,0
20100525,26.306,26.325,26.306,26.325,5408,0
20100526,28.278,28.607,27.619,27.619,10285,0
20100527,28.562,29.081,28.562,29.081,6710,0
20100528,29.356,29.381,28.662,28.742,4306,0
20100601,28.732,28.732,28.732,28.732,1002,0
20100603,29.306,29.391,29.306,29.391,1202,0
20100604,28.318,28.347,28.318,28.347,1803,0
20100609,27.154,27.154,26.96,26.96,1202,0
20100610,27.624,28.263,27.599,28.263,10231,0
20100611,28.263,28.263,28.263,28.263,216,0
20100615,29.456,29.456,29.456,29.456,1602,0
20100616,29.655,29.955,29.601,29.89,3605,0
20100617,29.546,29.546,29.436,29.436,5008,0
20100618,29.925,29.925,29.925,29.925,200,0
20100621,29.975,29.975,29.925,29.925,3205,0
20100623,28.427,28.512,28.048,28.068,8569,0
20100624,27.873,27.873,27.873,27.873,200,0
20100628,27.788,27.788,27.474,27.609,1602,0
20100629,26.335,26.335,25.896,26.016,7081,0
20100630,26.071,26.071,25.162,25.162,1985,0
20100701,25.082,25.127,25.082,25.127,2003,0
20100707,26.111,26.111,26.111,26.111,200,0
20100712,27.449,27.454,27.434,27.434,1402,0
20100714,28.397,28.397,28.397,28.397,401,0
20100715,28.452,28.452,28.422,28.422,4807,0
20100723,28.213,28.213,28.213,28.213,2003,0
20100726,29.081,29.396,29.081,29.396,2203,0
20100727,29.481,29.481,29.426,29.426,2003,0
20100728,29.271,29.271,29.271,29.271,3005,0
20100730,28.263,28.807,26.735,28.807,3605,0
20100802,29.556,29.556,29.556,29.556,1202,0
20100803,29.655,29.655,29.655,29.655,200,0
20100804,29.875,29.875,29.875,29.875,401,0
20100806,29.506,29.506,29.496,29.501,2003,0
20100809,30.015,30.02,30.015,30.02,1520,0
20100810,29.755,29.83,29.755,29.83,1602,0
20100811,28.592,28.592,28.318,28.318,2804,0
20100816,27.069,27.424,26.915,27.424,2203,0
20100818,28.043,28.043,27.918,27.918,2804,0
20100824,25.986,26.46,25.981,26.46,1002,0
20100825,25.537,25.751,25.517,25.751,4807,0
20100826,25.791,25.791,25.791,25.791,601,0
20100831,25.891,26.016,25.891,26.016,4967,0
20100901,26.68,26.765,26.68,26.765,7411,0
20100903,28.717,28.807,28.552,28.752,6370,0
20100907,28.258,28.258,28.258,28.258,1002,0
20100913,29.66,29.66,29.606,29.606,1202,0
20100915,29.875,29.88,29.875,29.88,401,0
20100917,30.115,30.125,30.115,30.115,801,0
20100921,30.934,30.949,30.934,30.949,881,0
20100922,30.444,30.444,30.444,30.444,322,0
20101005,31.488,31.488,31.488,31.488,601,0
20101008,32.481,32.481,32.471,32.471,1002,0
20101014,32.471,32.471,32.471,32.471,2203,0
20101020,33.24,33.24,33.18,33.18,1152,0
20101026,33.12,33.12,33.12,33.12,100671,0
20101028,33.12,33.12,33.12,33.12,100150,0
20101104,33.12,33.12,33.12,33.12,401,0
20101105,35.617,35.617,35.617,35.617,401,0
20101108,35.681,35.681,35.681,35.681,200,0
20101109,35.971,35.971,35.971,35.971,401,0
20101111,35.252,35.252,35.237,35.237,1492,0
20101115,34.843,34.843,34.808,34.808,3205,0
20101116,33.16,33.26,33.155,33.245,801,0
20101119,34.139,34.204,34.139,34.204,2203,0
20101124,34.204,34.204,34.204,34.204,200,0
20101126,34.114,34.114,34.114,34.114,200,0
20101129,33.714,34.179,33.35,34.144,22634,0
20101130,33.465,33.465,33.465,33.465,1002,0
20101201,35.087,35.087,35.087,35.087,401,0
20101202,35.567,35.567,35.567,35.567,3605,0
20101203,35.811,36.311,35.726,36.311,5008,0
20101206,36.091,36.276,36.091,36.276,3806,0
20101207,36.965,36.965,36.355,36.355,30165,0
20101208,36.345,36.345,36.276,36.276,4206,0
20101209,36.88,36.89,36.395,36.66,12985,0
20101210,36.945,36.945,36.905,36.905,1122,0
20101213,37.369,37.469,37.369,37.469,5008,0
20101214,37.029,37.029,37.029,37.029,256,0
20101215,36.875,36.885,36.875,36.885,2714,0
20101217,37.409,37.409,37.409,37.409,200,0
20101220,37.708,37.748,37.494,37.748,5008,0
20101223,38.422,38.422,38.278,38.288,8012,0
20110103,39.276,39.281,39.276,39.281,807,0
20110105,38.991,38.991,38.991,38.991,401,0
20110114,40.155,40.155,40.155,40.155,200,0
20110118,40.594,40.594,40.464,40.464,401,0
20110120,39.476,39.486,39.226,39.226,801,0
20110121,39.97,39.97,39.97,39.97,200,0
20110124,40.14,40.14,40.01,40.01,401,0
20110125,39.895,39.895,39.566,39.77,801,0
20110126,40.699,40.699,40.609,40.664,6508,0
20110128,40.909,40.909,39.69,39.69,601,0
20110131,39.566,39.566,39.506,39.506,2203,0
20110202,40.993,41.228,40.993,41.228,1402,0
20110204,41.323,41.443,41.043,41.433,1602,0
20110207,42.257,42.282,42.087,42.087,801,0
20110208,42.102,42.456,42.102,42.456,6680,0
20110209,42.147,42.267,42.147,42.267,601,0
20110215,42.801,42.801,42.686,42.686,1002,0
20110218,43.555,43.615,43.555,43.615,2404,0
20110222,43.37,43.37,41.817,41.817,839,0
20110223,41.997,41.997,41.832,41.832,2574,0
20110228,42.811,42.946,42.461,42.821,2440,0
20110301,42.776,42.776,41.992,41.992,1462,0
20110302,41.503,41.503,41.503,41.503,236,0
20110303,42.641,42.641,42.641,42.641,200,0
20110304,42.581,42.581,42.062,42.062,2776,0
20110308,42.511,42.536,42.511,42.536,827,0
20110309,41.942,41.942,41.942,41.942,2404,0
20110311,40.02,41.088,40.02,41.088,1282,0
20110314,40.374,40.374,40.374,40.374,200,0
20110315,39.441,39.66,39.361,39.66,1502,0
20110316,38.053,38.717,38.053,38.717,1602,0
20110318,41.153,41.153,39.91,39.91,1803,0
20110323,40.649,40.779,40.649,40.779,601,0
20110325,42.052,42.052,42.052,42.052,1202,0
20110328,42.177,42.356,42.072,42.092,9434,0
20110329,41.712,42.351,41.707,42.351,7011,0
20110406,43.774,43.784,43.774,43.784,1402,0
20110407,43.45,43.784,43.43,43.43,2914,0
20110408,43.784,43.784,42.871,42.871,10015,0
20110411,43.45,43.45,42.631,42.831,3065,0
20110412,42.247,42.312,41.997,42.277,3205,0
20110413,42.491,42.491,42.391,42.391,641,0
20110414,41.652,42.067,41.647,42.067,4407,0
20110418,41.298,41.338,41.103,41.103,2764,0
20110419,41.857,41.862,41.657,41.657,1202,0
20110420,43.06,43.325,43.06,43.325,1713,0
20110421,43.485,43.58,43.4,43.45,1002,0
20110426,43.944,44.368,43.944,44.368,401,0
20110427,44.658,44.658,43.505,44.503,2640,0
20110502,46.086,46.086,45.282,45.282,1432,0
20110503,44.548,44.573,44.548,44.573,581,0
20110504,44.089,44.363,44.089,44.244,1366,0
20110505,43.844,43.844,43.295,43.48,3005,0
20110506,43.794,43.794,43.48,43.48,631,0
20110509,44.393,44.393,44.224,44.224,831,0
20110516,43.25,43.25,43.25,43.25,1002,0
20110524,42.351,42.351,42.351,42.351,220,0
20110525,40.245,42.621,35.502,42.621,10612,0
20110527,43.485,43.485,43.485,43.485,973,0
20110602,42.067,42.067,41.927,41.972,1755,0
20110603,41.368,41.782,41.368,41.782,1478,0
20110606,41.013,41.308,40.319,40.324,1096,0
20110607,40.694,40.824,40.694,40.694,601,0
20110608,40.12,40.12,40.025,40.025,601,0
20110610,39.451,39.451,39.146,39.146,9014,0
20110613,39.616,39.616,39.361,39.361,601,0
20110614,40.105,40.549,38.477,40.454,2303,0
20110615,39.675,39.675,39.186,39.186,2027,0
20110616,39.181,39.246,38.852,38.852,1402,0
20110617,39.69,39.69,39.436,39.436,401,0
20110621,40.964,40.983,40.964,40.983,801,0
20110622,40.609,40.614,40.609,40.614,9949,0
20110623,39.066,39.066,39.066,39.066,200,0
20110624,40.005,40.005,39.955,39.955,11485,0
20110627,39.96,39.96,39.66,39.96,401,0
20110628,41.168,41.168,41.168,41.168,401,0
20110629,41.647,41.647,41.647,41.647,200,0
20110630,42.646,42.676,42.646,42.676,461,0
20110701,43.44,43.879,43.44,43.879,861,0
20110705,43.864,43.864,43.864,43.864,300,0
20110707,44.823,45.167,44.803,45.167,2444,0
20110711,42.646,42.646,42.646,42.646,461,0
20110712,42.846,42.846,42.701,42.701,2045,0
20110715,42.461,42.461,42.192,42.192,1803,0
20110718,41.807,41.807,41.807,41.807,1002,0
20110721,44.119,44.119,44.034,44.039,7990,0
20110725,43.779,43.779,43.779,43.779,200,0
20110726,43.385,43.385,43.385,43.385,200,0
20110727,42.441,42.441,42.441,42.441,1324,0
20110728,41.667,41.667,41.667,41.667,200,0
20110729,41.008,41.138,40.564,40.564,1202,0
20110801,44.992,51.493,39.501,39.715,7103,0
20110802,38.857,38.857,38.692,38.692,1002,0
20110804,36.565,36.59,35.577,35.577,3055,0
20110805,35.072,35.681,32.586,33.934,3205,0
20110808,32.806,33.23,29.86,31.178,4813,0
20110809,30.944,32.451,29.905,32.451,11213,0
20110810,30.654,31.942,29.71,29.71,5008,0
20110811,30.819,31.972,30.454,31.972,3665,0
20110812,33.125,33.13,33.125,33.13,2003,0
20110815,33.809,34.089,33.749,33.794,7105,0
20110816,33.709,33.769,33.605,33.605,1642,0
20110817,34.069,34.069,34.069,34.069,300,0
20110818,32.027,32.027,30.205,30.205,2103,0
20110819,29.685,29.685,29.685,29.685,601,0
20110822,30.185,30.185,29.85,29.865,1202,0
20110824,31.962,32.356,31.852,32.356,1062,0
20110826,31.727,32.157,30.599,32.092,2604,0
20110829,33.615,33.625,33.6,33.6,601,0
20110830,35.112,35.112,35.112,35.112,601,0
20110831,35.512,35.512,35.512,35.512,601,0
20110902,32.841,32.866,32.391,32.391,1602,0
20110906,30.429,31.503,30.429,31.503,1382,0
20110907,32.821,33.61,32.821,33.61,2494,0
20110908,33.325,33.585,33.325,33.585,1402,0
20110909,31.393,31.393,31.173,31.328,6009,0
20110912,30.329,30.564,30.329,30.564,401,0
20110914,32.636,32.651,32.636,32.651,2604,0
20110915,33.859,34.189,33.45,34.189,2804,0
20110916,34.328,34.328,34.144,34.144,1402,0
20110919,33.57,33.57,33.245,33.245,2163,0
20110920,34.628,34.628,34.628,34.628,401,0
20110921,33.844,33.844,33.844,33.844,318,0
20110922,30.005,30.215,29.321,29.321,2984,0
20110926,31.208,31.208,31.208,31.208,1202,0
20110928,32.042,32.042,32.042,32.042,318,0
20110929,31.802,31.802,31.523,31.523,1002,0
20110930,29.945,29.945,29.646,29.646,4407,0
20111003,27.943,28.058,27.943,27.943,1602,0
20111004,27.204,27.778,27.094,27.094,8012,0
20111005,29.066,29.895,29.056,29.895,4206,0
20111006,30.025,31.078,30.025,30.894,4611,0
20111007,31.438,31.438,31.138,31.138,3205,0
20111010,32.102,32.102,32.102,32.102,401,0
20111011,32.501,33,32.501,33,6181,0
20111013,33,33,33,33,4006,0
20111014,34.403,34.403,34.294,34.294,1652,0
20111017,34.513,34.513,33.37,33.37,11387,0
20111018,34.598,34.598,34.598,34.598,601,0
20111019,34.314,34.314,34.299,34.299,2404,0
20111020,33.105,33.105,33.105,33.105,4006,0
20111021,35.027,35.027,34.863,34.963,801,0
20111025,35.482,35.482,35.482,35.482,401,0
20111028,38.083,38.268,38.083,38.268,5769,0
20111101,34.833,35.122,34.249,35.097,6810,0
20111102,35.332,35.497,35.047,35.047,601,0
20111103,35.926,35.926,35.926,35.926,200,0
20111109,35.447,35.447,35.447,35.447,2003,0
20111110,35.387,35.447,35.147,35.362,4801,0
20111111,36.805,36.805,36.805,36.805,6009,0
20111115,36.041,36.046,35.771,35.796,3405,0
20111117,33.889,35.022,33.889,33.889,2604,0
20111118,34.368,34.368,34.368,34.368,525,0
20111121,33.24,33.24,32.551,32.551,1014,0
20111201,35.487,35.487,35.487,35.487,601,0
20111205,36.795,36.895,36.495,36.495,10215,0
20111209,36.086,36.36,36.056,36.36,3605,0
20111213,35.227,35.227,35.227,35.227,777,0
20111216,34.099,34.099,34.074,34.074,2404,0
20111219,33.774,33.774,33.255,33.255,1202,0
20111221,35.417,35.417,34.973,35.392,4006,0
20111222,35.916,36.096,35.916,36.096,401,0
20111227,36.9,36.945,36.9,36.945,3605,0
20111228,35.971,35.971,35.971,35.971,300,0
20111229,35.961,35.961,35.956,35.961,1002,0
20111230,36.445,36.445,36.445,36.445,601,0
20120104,36.93,37.324,36.93,37.274,3215,0
20120106,37.713,37.713,37.713,37.713,591,0
20120110,38.432,38.432,38.432,38.432,200,0
20120113,38.068,38.068,38.068,38.068,451,0
20120118,38.422,38.697,38.422,38.657,7549,0
20120119,39.92,39.92,39.92,39.92,200,0
20120120,39.626,39.626,39.626,39.626,401,0
20120124,39.945,39.945,39.945,39.945,1202,0
20120126,40.524,40.549,40.16,40.16,1903,0
20120131,37.604,40.444,37.604,40.065,3315,0
20120203,42.202,42.202,42.012,42.202,1602,0
20120206,41.997,42.127,41.882,42.127,2404,0
20120214,41.912,42.511,41.912,41.912,1863,0
20120217,43.24,43.335,43.24,43.29,3365,0
20120221,43.21,43.46,43.21,43.46,2103,0
20120223,43.285,43.285,42.791,42.791,3205,0
20120224,43.425,43.425,43.425,43.425,401,0
20120227,46.076,46.076,43.015,43.5,4006,0
20120306,41.962,41.962,41.608,41.608,3359,0
20120314,45.427,45.427,45.182,45.182,3205,0
20120315,45.247,45.582,45.222,45.582,709,0
20120319,46.42,46.42,46.42,46.42,401,0
20120321,45.701,45.701,45.701,45.701,250,0
20120326,46.131,46.5,46.091,46.5,1254,0
20120329,45.222,45.332,45.107,45.107,5408,0
20120330,46.101,46.101,45.916,45.916,1452,0
20120402,46.141,46.76,46.141,46.625,4887,0
20120404,45.532,45.567,45.112,45.112,1402,0
20120409,44.408,44.408,44.254,44.254,2804,0
20120410,44.104,44.104,44.104,44.104,549,0
20120412,43.435,44.433,43.435,44.408,3189,0
20120417,44.638,44.638,44.638,44.638,1002,0
20120418,44.393,44.393,44.264,44.264,401,0
20120427,45.632,45.632,45.632,45.632,801,0
20120501,45.587,46.111,45.587,45.587,2003,0
20120503,45.362,45.362,45.362,45.362,1002,0
20120507,42.951,43.01,42.791,43.01,1402,0
20120508,42.057,42.926,42.057,42.926,2404,0
20120514,41.787,41.792,41.328,41.328,4068,0
20120515,41.003,41.003,40.964,40.964,3405,0
20120601,38.158,38.158,37.639,37.639,1803,0
20120607,40.869,40.869,40.26,40.339,3465,0
20120611,41.098,41.098,39.725,40.784,4467,0
20120615,40.834,41.313,40.829,41.198,1803,0
20120620,41.937,41.937,41.937,41.937,240,0
20120622,40.584,40.584,40.584,40.584,218,0
20120625,39.586,39.586,39.586,39.586,2922,0
20120628,40.07,40.09,40.07,40.09,401,0
20120705,43.32,43.415,43.275,43.415,3123,0
20120709,41.952,41.952,41.952,41.952,661,0
20120713,42.272,42.287,42.272,42.287,1803,0
20120727,43.2,43.794,43.16,43.794,6468,0
20120730,43.779,43.779,43.555,43.635,4665,0
20120731,43.585,43.63,43.585,43.63,761,0
20120802,42.361,42.361,42.227,42.227,5809,0
20120807,44.888,44.888,44.888,44.888,240,0
20120814,45.052,45.052,45.052,45.052,200,0
20120910,47.479,47.479,47.479,47.479,200,0
20120911,47.549,47.604,47.549,47.604,4006,0
20120914,50.17,50.225,49.8,49.8,4607,0
20120917,49.421,49.421,49.126,49.126,401,0
20120919,49.376,49.376,49.376,49.376,200,0
20120925,47.813,47.813,47.813,47.813,401,0
20120926,47.339,47.489,47.339,47.489,401,0
20120927,48.268,48.268,48.268,48.268,200,0
20121005,49.621,49.621,49.621,49.621,200,0
20121008,48.457,48.457,48.457,48.457,200,0
20121012,47.389,47.389,46.895,46.895,2416,0
20121015,47.094,47.094,47.084,47.084,401,0
20121016,48.342,48.352,48.342,48.352,2003,0
20121019,48.228,48.228,47.139,47.139,813,0
20121024,45.686,45.686,45.686,45.686,240,0
20121026,45.931,45.931,45.711,45.806,1522,0
20121105,46.201,46.201,46.201,46.201,601,0
20121107,45.132,45.132,45.122,45.122,8012,0
20121112,44.019,45.122,44.019,45.122,401,0
20121113,44.249,44.249,44.249,44.249,451,0
20121114,43.884,43.884,42.326,42.326,401,0
20121115,42.436,42.436,39.076,39.076,461,0
20121116,40.25,40.25,40.25,40.25,401,0
20121121,44.973,44.973,44.478,44.613,5260,0
20121127,45.906,45.906,45.382,45.382,6209,0
20121129,46.48,46.53,46.45,46.45,7011,0
20121130,46.48,46.48,46.48,46.48,2121,0
20121203,46.505,46.505,46.505,46.505,200,0
20121204,46.181,46.181,46.026,46.096,10456,0
20121206,46.48,46.48,46.221,46.48,401,0
20121207,46.6,46.6,46.6,46.6,5008,0
20121213,46.705,46.705,46.705,46.705,200,0
20121217,47.184,47.184,47.184,47.184,200,0
20121224,47.589,47.589,47.589,47.589,200,0
20121226,47.434,47.434,47.434,47.434,2003,0
20130103,49.985,49.985,49.985,49.985,1402,0
20130107,49.925,49.925,49.925,49.925,200,0
20130108,49.855,49.855,49.451,49.451,801,0
20130109,50.09,50.09,50.09,50.09,200,0
20130115,50.524,50.524,50.524,50.524,401,0
20130116,50.909,50.909,50.909,50.909,1002,0
20130117,51.193,51.193,51.193,51.193,200,0
20130131,53.02,53.02,53.02,53.02,200,0
20130213,54.728,54.728,54.483,54.483,601,0
20130221,53.165,53.165,53.165,53.165,200,0
20130227,54.289,54.308,54.289,54.308,401,0
20130307,56.226,56.365,56.226,56.365,1402,0
20130308,56.37,56.555,56.335,56.555,801,0
20130320,57.274,57.274,57.274,57.274,401,0
20130326,57.534,57.534,57.534,57.534,601,0
20130402,58.392,58.392,58.053,58.053,401,0
20130403,57.693,57.693,56.585,56.755,1002,0
20130405,56.31,56.31,56.31,56.31,497,0
20130408,56.6,56.6,56.6,56.6,300,0
20130411,59.631,59.86,59.631,59.86,1168,0
20130419,56.091,56.705,55.891,56.705,601,0
20130422,57.074,57.074,57.024,57.074,401,0
20130429,59.74,59.74,59.64,59.64,481,0
20130430,59.231,59.875,59.231,59.875,401,0
20130502,59.945,59.945,59.945,59.945,200,0
20130503,61.423,61.423,61.418,61.418,401,0
20130515,64.688,64.688,64.688,64.688,200,0
20130516,64.693,64.693,64.693,64.693,200,0
20130522,64.793,65.122,64.124,64.124,1312,0
20130523,64.279,64.279,64.279,64.279,236,0
20130528,66.011,66.011,65.861,65.861,11918,0
20130529,63.26,64.353,63.26,64.004,5008,0
20130530,64.039,64.483,63.899,64.204,14526,0
20130606,60.804,60.964,60.399,60.964,3193,0
20130607,62.706,63.13,62.706,63.13,1402,0
20130610,64.084,64.084,63.395,63.525,641,0
20130611,62.796,62.796,62.796,62.796,1002,0
20130612,62.896,62.896,62.896,62.896,100,0
20130613,62.306,62.306,62.237,62.237,5008,0
20130618,63.984,63.984,63.984,63.984,100,0
20130620,61.498,61.618,61.498,61.618,220,0
20130621,58.832,59.85,58.822,59.85,443,0
20130624,58.682,58.682,57.683,57.683,951,0
20130627,61.358,61.767,61.328,61.338,1298,0
20130702,62.406,62.406,62.406,62.406,120,0
20130709,64.493,64.613,64.204,64.613,1502,0
20130711,66.011,66.011,66.011,66.011,200,0
20130712,66.49,66.9,66.49,66.9,901,0
20130715,66.55,66.81,66.55,66.81,501,0
20130716,66.55,66.55,66.55,66.55,324,0
20130717,67.209,67.219,66.94,66.94,2303,0
20130719,66.73,66.73,66.73,66.73,1102,0
20130726,67.748,67.748,67.748,67.748,250,0
20130731,67.788,68.158,67.788,68.158,250,0
20130801,68.767,69.246,68.767,69.246,561,0
20130802,69.356,69.576,69.356,69.576,200,0
20130805,69.446,69.446,69.446,69.446,108,0
20130808,68.078,68.078,68.078,68.078,300,0
20130812,68.058,68.058,68.058,68.058,345,0
20130813,68.507,68.507,68.507,68.507,1202,0
20130814,68.198,68.228,68.198,68.228,1202,0
20130816,65.861,65.861,65.851,65.851,310,0
20130821,64.583,65.072,64.583,64.583,521,0
20130822,65.002,65.771,65.002,65.701,2669,0
20130823,66.081,66.081,66.081,66.081,100,0
20130826,66.231,66.55,66.061,66.061,1452,0
20130827,63.664,63.674,63.664,63.674,280,0
20130830,64.533,64.533,64.084,64.084,300,0
20130904,65.252,65.252,65.252,65.252,290,0
20130916,69.576,69.576,69.056,69.056,851,0
20130917,69.486,69.486,69.486,69.486,200,0
20130918,69.546,71.523,69.546,71.333,2454,0
20130920,70.674,70.674,70.145,70.145,901,0
20130923,69.885,69.885,69.885,69.885,200,0
20130925,69.296,69.296,69.296,69.296,100,0
20131003,68.497,68.497,68.437,68.437,1002,0
20131004,68.937,68.937,68.887,68.887,601,0
20131007,68.687,68.687,68.687,68.687,100,0
20131009,66.031,66.031,66.031,66.031,300,0
20131010,68.128,68.128,68.058,68.108,501,0
20131011,70.135,70.135,70.135,70.135,100,0
20131015,70.724,70.724,70.724,70.724,100,0
20131017,71.463,71.463,71.463,71.463,150,0
20131018,73.38,73.38,73.38,73.38,200,0
20131022,73.849,74.718,73.849,74.368,801,0
20131024,73.789,74.408,73.789,74.408,747,0
20131025,74.428,74.428,74.428,74.428,100,0
20131029,75.277,75.557,75.277,75.557,871,0
20131030,75.846,75.846,75.846,75.846,100,0
20131101,73.899,73.949,73.809,73.949,2323,0
20131106,75.317,75.317,75.317,75.317,401,0
20131107,75.047,75.047,75.047,75.047,200,0
20131111,74.488,74.488,74.488,74.488,1539,0
20131112,75.307,75.307,74.898,74.918,2040,0
20131113,74.468,74.918,74.468,74.918,1202,0
20131120,76.076,76.076,76.076,76.076,501,0
20131125,76.825,78.213,76.825,78.103,701,0
20131129,78.682,78.682,78.682,78.682,217,0
20131202,78.482,78.482,78.482,78.482,100,0
20131217,76.585,76.585,76.565,76.575,541,0
20131218,78.143,78.143,78.143,78.143,431,0
20131219,78.562,78.562,78.562,78.562,160,0
20131220,79.81,79.81,79.81,79.81,141,0
20131227,81.837,81.837,81.837,81.837,200,0
20140102,78.872,78.872,78.872,78.872,120,0
20140103,81.628,81.628,81.418,81.418,532,0
20140109,81.538,81.538,81.538,81.538,255,0
20140110,81.478,81.518,81.478,81.518,300,0
20140113,82.117,82.117,82.117,82.117,257,0
20140115,82.356,82.356,82.356,82.356,217,0
20140129,76.355,76.355,76.355,76.355,200,0
20140130,78.462,78.462,78.093,78.093,200,0
20140203,76.465,76.525,75.756,75.806,1827,0
20140204,73.989,74.408,73.969,74.408,1224,0
20140205,73.969,73.969,73.969,73.969,2,0
20140210,77.753,77.753,77.753,77.753,238,0
20140211,78.892,78.892,78.892,78.892,300,0
20140214,80.849,82.117,80.849,82.117,2994,0
20140219,82.097,82.097,82.037,82.037,432,0
20140220,81.657,82.386,81.448,82.386,3487,0
20140224,83.634,83.634,83.634,83.634,381,0
20140225,83.425,83.425,83.215,83.215,200,0
20140226,83.125,83.125,83.125,83.125,125,0
20140228,85.092,85.092,83.535,83.535,1211,0
20140303,83.535,83.535,82.696,83.285,1592,0
20140304,82.876,86.181,82.866,86.061,2598,0
20140317,83.954,84.583,83.954,84.583,361,0
20140319,85.791,85.791,85.422,85.422,422,0
20140324,84.623,84.703,84.623,84.703,701,0
20140331,84.733,84.733,84.733,84.733,401,0
20140401,86.141,86.141,85.711,85.711,805,0
20140402,86.82,86.82,86.82,86.82,200,0
20140403,86.35,86.36,86.35,86.35,901,0
20140407,82.466,82.466,82.406,82.406,306,0
20140408,82.746,82.746,82.746,82.746,115,0
20140410,84.493,84.493,81.308,81.308,2169,0
20140414,80.879,80.879,80.309,80.309,801,0
20140415,80.549,80.549,80.549,80.549,259,0
20140421,83.964,84.393,83.964,84.323,767,0
20140422,85.282,85.282,85.172,85.172,1547,0
20140423,84.972,85.362,84.903,84.903,601,0
20140424,85.342,85.342,85.212,85.212,200,0
20140509,83.724,83.724,83.724,83.724,137,0
20140512,85.352,85.502,85.352,85.502,340,0
20140514,85.901,85.921,85.901,85.911,401,0
20140515,83.874,83.874,83.874,83.874,200,0
20140527,87.419,87.439,87.419,87.439,315,0
20140529,87.828,88.248,87.828,88.248,716,0
20140602,88.837,88.837,88.837,88.837,290,0
20140603,88.317,88.317,88.317,88.317,120,0
20140605,90.554,90.554,90.554,90.554,156,0
20140609,91.632,91.682,91.632,91.682,2193,0
20140610,91.203,91.323,91.203,91.323,200,0
20140611,91.133,91.343,91.133,91.133,351,0
20140620,92.721,92.721,92.721,92.721,110,0
20140624,93.53,93.55,93.53,93.55,254,0
20140625,92.461,92.461,92.461,92.461,441,0
20140702,92.461,92.461,92.461,92.461,100,0
20140707,94.718,94.718,93.959,94.079,2144,0
20140714,93.57,94.099,93.57,94.099,351,0
20140721,92.761,92.761,92.761,92.761,428,0
20140722,94.438,94.438,94.438,94.438,215,0
20140724,94.478,94.478,94.478,94.478,4016,0
20140728,93.54,93.54,93.54,93.54,300,0
20140730,93.689,93.689,93.28,93.28,351,0
20140731,90.344,90.344,90.344,90.344,200,0
20140804,89.476,89.476,89.476,89.476,1045,0
20140807,88.367,88.367,88.367,88.367,113,0
20140808,89.016,89.016,89.016,89.016,200,0
20140811,90.374,90.374,90.374,90.374,522,0
20140813,90.105,90.125,90.105,90.105,309,0
20140818,92.861,93.27,92.861,93.27,279,0
20140819,94.398,94.588,94.398,94.588,270,0
20140820,94.378,94.997,94.378,94.967,1046,0
20140821,95.417,95.417,95.417,95.417,228,0
20140902,96.515,96.515,96.475,96.475,1071,0
20140904,97.494,97.554,97.194,97.194,2785,0
20140905,96.605,96.925,96.565,96.875,18296,0
20140908,96.974,97.024,96.675,96.675,944,0
20140909,96.006,96.006,96.006,96.006,125,0
20140910,96.276,96.276,96.276,96.276,264,0
20140911,96.166,96.335,96.166,96.335,594,0
20140912,95.277,95.277,94.878,94.878,339,0
20140915,94.648,95.117,94.648,94.808,2579,0
20140916,96.026,96.335,96.026,96.226,4677,0
20140917,97.104,97.104,97.044,97.044,1471,0
20140919,97.144,97.144,97.124,97.124,201,0
20140924,94.798,94.798,94.798,94.798,564,0
20140926,92.631,92.631,92.631,92.631,100,0
20140930,92.811,94.189,92.731,93.32,5405,0
20141001,91.732,91.732,90.764,90.764,341,0
20141002,90.654,90.664,90.225,90.664,371,0
20141003,91.952,92.681,91.603,92.361,4524,0
20141006,92.361,92.541,92.361,92.541,250,0
20141007,90.015,90.015,89.955,89.965,2303,0
20141008,89.925,91.732,88.957,91.732,601,0
20141014,85.212,86.161,84.473,86.051,4815,0
20141015,83.005,84.523,80.15,83.125,6059,0
20141016,81.038,85.542,81.038,83.804,1103,0
20141017,85.472,85.472,85.412,85.412,661,0
20141020,86.42,88.048,85.592,88.048,2468,0
20141021,88.158,91.243,88.158,91.243,911,0
20141022,90.265,91.842,89.745,91.143,1362,0
20141023,90.265,92.98,89.885,92.891,10440,0
20141024,91.543,93.25,91.543,92.232,1135,0
20141027,91.692,91.692,90.924,91.413,868,0
20141028,93.6,94.858,93.29,94.858,6224,0
20141029,94.828,95.047,93.4,94.648,2464,0
20141030,94.448,97.374,94.039,96.475,2534,0
20141031,96.935,97.743,96.935,97.554,1627,0
20141103,98.203,98.582,97.564,97.823,951,0
20141104,99.451,99.451,96.415,97.384,2573,0
20141105,97.564,99.171,97.564,98.952,2458,0
20141106,98.592,98.592,98.592,98.592,270,0
20141107,99.181,99.311,98.153,98.153,1778,0
20141110,98.173,100.04,98.173,100.04,451,0
20141112,99.6,101.62,99.6,101.62,501,0
20141113,101.62,101.62,101.6,101.6,763,0
20141117,99.291,100.3,99.291,100.21,1519,0
20141119,99.6,99.6,99.6,99.6,134,0
20141126,104.68,104.68,102.74,102.74,218,0
20141128,101.68,102.21,101.68,102.21,330,0
20141201,100.14,100.67,100.14,100.43,1087,0
20141203,101.85,101.85,101.85,101.85,290,0
20141210,100.43,100.43,100.35,100.35,235,0
20141212,96.515,96.515,96.515,96.515,511,0
20141215,94.798,95.257,94.019,94.588,39993,0
20141216,96.405,96.405,94.209,96.405,200,0
20141218,100.12,100.44,100.12,100.44,257,0
20141222,103.41,103.41,103.41,103.41,481,0
20141223,103.29,103.29,103.29,103.29,636,0
20141226,105,105,104.72,104.72,265,0
20141229,104.69,105.24,103.99,105.24,389,0
20141230,104.49,104.8,104.49,104.8,366,0
20150105,99.65,99.65,99.65,99.65,469,0
20150106,97.1,97.1,95.48,96.21,1046,0
20150107,97.47,97.76,96.78,97.76,781,0
20150108,100.18,101.39,100.18,100.96,1229,0
